6.039
9.584
13.038
16.483
19.782
23.131
24.782
26.730
28.618
30.366
32.055
33.696
35.271
36.552
37.740
38.917
40.012
41.005
41.936
42.861
43.792
44.689
45.545
46.351
47.133
47.890
48.629
49.411
50.190
50.944
51.651
52.338
53.009
53.676
54.372
55.050
55.690
56.384
57.093
57.771
58.429
59.113
59.788
60.455
61.157
61.827
62.495
63.179
63.846
64.508
65.187
65.881
66.565
67.221
67.880
68.567
69.217
69.883
70.548
71.238
71.936
72.617
73.285
73.957
74.631
75.312
75.978
76.636
77.318
78.001
78.664
79.318
79.981
80.666
81.348
82.029
82.727
83.426
84.069
84.715
85.373
86.057
86.734
87.414
88.087
88.756
89.430
90.106
90.776
91.461
92.158
92.832
93.498
94.182
94.875
95.556
96.231
96.892
97.560
98.231
98.895
99.563
100.225
100.904
101.579
102.280
102.968
103.662
104.350
105.026
105.687
106.329
107.002
107.670
108.352
109.037
109.728
110.400
111.085
111.769
112.450
113.123
113.776
114.403
115.031
115.647
116.282
116.835
117.384
117.926
118.458
118.979
119.493
120.005
120.517
121.030
121.548
122.073
122.605
123.137
123.665
124.189
124.711
125.233
125.756
126.277
126.797
127.314
127.828
128.341
128.853
129.370
129.892
130.419
130.947
131.473
131.994
132.510
133.022
133.529
134.035
134.544
135.059
135.577
136.098
136.618
137.138
137.658
138.179
138.699
139.216
139.730
140.243
140.758
141.275
141.795
142.317
142.840
143.359
143.872
144.380
144.888
145.401
145.922
146.444
146.962
147.477
147.991
148.507
149.024
149.542
150.056
150.564
151.070
151.578
152.089
152.603
153.119
153.638
154.159
154.679
155.197
155.711
156.224
156.735
157.248
157.762
158.278
158.796
159.314
159.829
160.339
160.845
161.348
161.849
162.348
162.846
163.345
163.847
164.350
164.853
165.356
165.864
166.380
166.903
167.429
167.951
168.468
168.981
169.492
170.003
170.516
171.029
171.542
172.058
172.578
173.098
173.615
174.126
174.630
175.126
175.618
176.111
176.610
177.117
177.630
178.143
178.655
179.166
179.678
180.192
180.703
181.207
181.704
182.200
182.698
183.197
183.696
184.196
184.702
185.217
185.740
186.269
186.796
187.314
187.825
188.330
188.832
189.334
189.840
190.350
190.861
191.370
191.876
192.381
192.886
193.391
193.897
194.403
194.911
195.257
195.596
195.952
196.313
196.656
196.972
197.270
197.559
197.825
198.096
198.378
198.674
198.980
199.290
199.601
199.911
200.221
200.532
200.843
201.153
201.461
201.769
202.077
202.388
202.703
203.019
203.333
203.647
203.960
204.271
204.581
204.891
205.203
205.517
205.830
206.142
206.453
206.764
207.077
207.387
207.694
208.001
208.311
208.621
208.931
209.239
209.548
209.861
210.177
210.492
210.804
211.116
211.429
211.743
212.057
212.370
212.680
212.987
213.294
213.603
213.912
214.221
214.532
214.843
215.157
215.471
215.782
216.094
216.406
216.719
217.030
217.339
217.647
217.955
218.265
218.577
218.892
219.203
219.511
219.819
220.129
220.444
220.761
221.078
221.392
221.704
222.017
222.329
222.638
222.944
223.249
223.554
223.858
224.163
224.469
224.777
225.084
225.390
225.695
226.000
226.306
226.612
226.919
227.227
227.537
227.848
228.162
228.476
228.790
229.101
229.409
229.718
230.027
230.337
230.645
230.953
231.262
231.571
231.879
232.189
232.498
232.807
233.113
233.419
233.724
234.030
234.337
234.647
234.960
235.273
235.585
235.899
236.212
236.524
236.835
237.147
237.461
237.775
238.085
238.392
238.696
239.000
239.307
239.618
239.931
240.244
240.556
240.869
241.184
241.503
241.829
242.166
242.510
242.860
243.272
243.655
244.066
244.493
244.922
245.409
245.928
246.466
247.071
247.897
248.841
249.758
250.625
251.525
252.415
253.329
254.179
255.078
255.966
256.871
257.770
258.679
259.603
260.521
261.413
262.262
263.164
264.059
264.959
265.876
266.801
267.720
268.618
269.527
270.523
271.439
272.353
273.295
274.181
275.084
276.005
276.916
277.818
278.785
279.697
280.485
281.183
281.831
282.442
283.029
283.607
284.158
284.688
285.196
285.680
286.150
286.604
287.043
287.464
287.861
288.257
288.642
289.021
289.392
289.757
290.113
290.455
290.786
291.104
291.416
291.731
292.039
292.340
292.646
292.956
293.265
293.563
293.845
294.120
294.390
294.657
294.922
295.188
295.456
295.725
295.992
296.258
296.524
296.800
297.075
297.340
297.598
297.857
298.121
298.385
298.650
298.913
299.173
299.436
299.698
299.963
300.229
300.491
300.751
301.008
301.270
301.535
301.799
302.062
302.328
302.598
302.867
303.131
303.393
303.655
303.919
304.181
304.443
304.701
304.956
305.211
305.469
305.735
306.007
306.273
306.534
306.793
307.054
307.315
307.583
307.851
308.113
308.370
308.625
308.883
309.144
309.410
309.674
309.936
310.196
310.457
310.721
310.985
311.248
311.504
311.762
312.023
312.286
312.551
312.815
313.083
313.348
313.608
313.864
314.117
314.365
314.615
314.873
315.137
315.398
315.657
315.913
316.166
316.420
316.675
316.930
317.188
317.446
317.709
317.971
318.228
318.487
318.747
319.005
319.258
319.511
319.763
320.019
320.273
320.536
320.803
321.067
321.326
321.580
321.829
322.079
322.336
322.598
322.859
323.116
323.369
323.626
323.881
324.140
324.400
324.658
324.913
325.167
325.418
325.670
325.924
326.186
326.447
326.707
326.963
327.216
327.470
327.724
327.979
328.236
328.495
328.756
329.012
329.269
329.526
329.785
330.044
330.301
330.554
330.808
331.061
331.317
331.575
331.836
332.099
332.356
332.612
332.871
333.130
333.390
333.647
333.899
334.150
334.400
334.651
334.908
335.172
335.434
335.691
335.947
336.203
336.460
336.716
336.971
337.228
337.490
337.748
338.006
338.262
338.516
338.772
339.028
339.285
339.545
339.806
340.059
340.310
340.569
340.832
341.089
341.341
341.595
341.856
342.121
342.384
342.644
342.903
343.161
343.420
343.679
343.939
344.196
344.454
344.713
344.974
345.237
345.502
345.764
346.020
346.275
346.532
346.789
347.041
347.296
347.555
347.813
348.072
348.332
348.592
348.850
349.108
349.365
349.623
349.880
350.136
350.392
350.654
350.919
351.182
351.445
351.710
351.971
352.224
352.475
352.729
352.984
353.242
353.501
353.758
354.008
354.258
354.511
354.764
355.016
355.269
355.524
355.783
356.038
356.290
356.547
356.809
357.070
357.325
357.575
357.824
358.080
358.339
358.591
358.839
359.092
359.345
359.598
359.853
360.109
360.365
360.619
360.877
361.133
361.392
361.649
361.900
362.147
362.402
362.661
362.923
363.188
363.440
363.674
363.904
364.142
364.382
364.628
364.878
365.128
365.377
365.625
365.869
366.115
366.362
366.609
366.855
367.099
367.344
367.591
367.838
368.087
368.333
368.576
368.816
369.056
369.300
369.546
369.798
370.054
370.309
370.556
370.792
371.031
371.276
371.519
371.766
372.028
372.317
372.662
373.052
373.570
374.300
375.016
375.822
377.424
