10.808
11.312
11.815
12.319
12.822
13.326
13.829
14.333
14.836
15.340
15.843
16.347
16.851
17.354
17.858
18.361
18.865
19.368
23.555
24.057
24.559
25.061
25.564
26.066
26.568
27.071
27.573
28.075
28.578
29.080
29.582
30.085
30.587
31.089
31.591
32.094
32.596
33.098
33.601
34.103
34.605
35.108
35.610
36.112
36.614
37.117
37.619
38.121
38.624
39.063
39.181
39.299
39.417
39.535
39.653
39.771
40.064
40.564
41.065
41.565
42.065
42.566
43.056
43.546
44.036
44.527
45.017
45.507
45.997
46.488
46.978
47.468
47.958
48.448
48.939
49.429
49.919
50.409
50.900
51.390
51.880
52.370
52.860
53.351
53.841
54.335
54.830
55.324
55.819
56.313
56.807
57.302
57.796
58.291
58.785
59.280
59.774
60.268
60.763
61.257
61.752
62.246
62.741
63.235
63.729
64.224
64.718
65.171
65.593
65.962
66.306
66.650
66.993
67.337
67.680
68.024
68.367
68.710
69.054
69.397
69.741
70.084
70.428
70.771
71.115
71.458
71.802
72.145
72.488
72.832
73.175
73.519
73.862
74.206
74.549
74.893
75.236
75.581
75.925
76.270
76.614
76.959
77.303
77.647
77.992
78.336
78.681
79.025
79.370
79.714
80.059
80.403
80.748
81.092
81.437
81.781
82.126
82.470
82.815
83.159
83.504
83.848
84.193
84.537
84.882
85.226
85.571
85.915
86.417
86.759
87.100
87.441
87.782
88.123
88.465
88.806
89.147
89.488
89.829
90.171
90.512
90.853
91.194
91.535
91.876
92.218
92.559
92.900
93.241
93.582
93.924
94.265
94.606
94.947
95.288
95.630
95.971
96.312
96.653
96.994
97.335
97.677
98.017
98.345
98.603
98.941
99.262
99.578
99.878
100.203
100.539
100.893
101.227
101.582
101.913
102.252
102.579
102.906
103.209
103.512
103.814
104.117
104.420
104.722
105.030
105.339
105.647
105.955
106.263
106.571
106.880
107.188
107.455
107.722
107.990
108.257
108.328
108.399
108.470
108.541
108.611
108.682
108.992
109.302
109.613
109.923
110.233
110.543
110.853
111.163
111.473
111.783
112.093
112.403
112.713
113.023
113.333
113.644
113.954
114.264
114.574
114.884
115.194
115.504
115.814
116.124
116.434
116.744
117.054
117.365
117.675
117.985
118.295
118.605
118.915
119.225
119.535
119.845
120.155
120.465
120.775
121.085
121.396
121.706
122.016
122.316
122.557
122.780
122.994
123.206
123.419
123.631
123.844
124.056
124.269
124.481
124.694
124.906
125.119
125.331
125.544
125.756
125.969
126.181
126.394
126.606
126.819
127.031
127.244
127.456
127.669
127.881
128.094
128.306
128.518
128.731
128.943
129.156
129.368
129.581
129.793
130.006
130.218
130.431
130.643
130.856
131.068
131.281
131.493
131.706
131.918
132.131
132.343
132.556
132.768
132.981
133.193
133.406
133.618
133.831
134.043
134.256
134.468
134.681
134.893
135.106
135.318
135.531
135.743
135.956
136.168
136.381
136.593
136.806
137.018
137.231
137.443
137.656
137.868
138.081
138.293
138.506
138.718
138.930
139.143
139.355
139.568
139.780
139.993
140.205
140.418
140.630
140.843
141.055
141.268
141.480
141.693
141.905
142.118
142.330
142.543
142.755
142.968
143.180
143.393
143.605
143.818
144.030
144.243
144.455
144.668
144.880
145.093
145.305
145.518
145.730
145.943
146.155
146.368
146.580
146.793
147.005
147.218
147.430
147.643
147.855
148.068
148.280
148.493
148.705
148.918
149.130
149.343
149.555
149.767
149.980
150.192
150.405
150.617
150.830
151.042
151.255
151.467
151.680
151.892
152.105
152.317
152.530
152.742
152.955
153.167
153.380
153.592
153.805
154.017
154.230
154.442
154.655
154.867
155.080
155.292
155.505
155.717
155.930
156.142
156.355
156.567
156.780
156.992
157.205
157.417
157.630
157.842
158.055
158.267
158.480
158.692
158.905
159.117
159.330
159.542
159.755
159.967
160.179
160.392
160.604
160.817
161.029
161.242
161.454
161.667
161.879
162.092
162.304
162.517
162.729
162.942
163.154
163.367
163.579
163.792
164.004
164.217
164.429
164.642
164.854
165.067
165.279
165.492
165.704
165.917
166.129
166.342
166.554
166.767
166.979
167.192
167.404
167.617
167.829
168.042
168.254
168.467
168.679
168.892
169.104
169.317
169.529
169.742
169.954
170.167
170.379
170.592
170.804
171.016
171.229
171.441
171.654
171.866
172.079
172.291
172.504
172.716
172.929
173.141
173.354
173.566
173.779
173.991
174.204
174.416
174.629
174.841
175.054
175.266
175.479
175.691
175.904
176.116
176.329
176.541
176.754
176.966
177.179
177.391
177.604
177.816
178.029
178.241
178.454
178.666
178.879
179.091
179.304
179.516
179.729
179.941
180.154
180.366
180.579
180.791
181.004
181.216
181.428
181.641
181.853
182.066
182.138
182.210
182.282
182.354
182.427
182.499
182.571
191.219
191.330
191.440
191.550
191.661
191.771
191.881
191.992
192.102
