1.412
2.465
3.518
4.571
5.624
6.677
7.730
8.783
9.836
10.889
11.941
12.994
14.047
15.100
16.153
17.206
18.259
19.312
20.365
21.417
22.470
23.523
24.576
25.629
26.682
27.735
28.788
29.841
30.894
31.946
32.999
34.015
35.030
35.557
36.084
36.611
37.138
37.665
38.192
38.719
39.246
39.773
40.300
40.827
41.354
41.880
42.407
42.934
43.461
43.988
44.515
45.042
45.569
46.096
46.623
47.150
47.677
48.204
48.731
49.258
49.785
50.312
50.839
51.366
51.893
52.243
52.592
52.942
53.291
53.641
53.990
54.340
54.689
55.039
55.388
55.738
56.087
56.437
56.786
57.136
57.486
57.835
58.185
58.534
58.884
59.233
59.583
59.932
60.282
60.631
60.981
61.330
61.680
62.029
62.379
62.729
63.078
63.428
63.777
64.127
64.476
64.826
65.175
65.525
65.874
66.224
66.573
66.923
67.273
67.622
67.972
68.321
68.671
69.020
69.370
69.719
70.069
70.418
70.768
71.117
71.467
71.816
72.166
72.516
72.865
73.215
73.564
73.914
74.391
75.459
76.486
77.513
78.539
79.566
80.593
84.972
89.351
93.731
98.110
102.490
106.869
111.249
115.628
120.007
120.358
120.708
121.059
121.410
121.760
122.111
122.461
122.812
123.162
123.513
123.863
124.214
124.564
124.915
125.265
125.616
125.966
126.317
126.667
127.018
127.369
127.719
128.070
128.420
128.771
129.121
129.472
129.822
130.173
130.523
130.874
131.224
131.575
131.925
132.276
132.626
132.977
133.328
133.678
134.029
134.379
134.730
135.080
135.431
135.781
136.132
136.482
136.833
137.183
137.534
137.884
138.235
138.585
138.936
139.287
139.637
139.988
140.338
140.689
141.039
141.390
141.740
142.091
143.825
144.034
144.243
144.452
144.662
144.871
145.080
145.289
145.499
145.708
145.917
146.126
146.336
146.545
146.754
146.963
147.173
147.382
147.591
147.800
148.010
148.219
148.428
148.637
148.847
149.056
149.265
149.474
149.684
149.893
150.102
150.311
150.521
150.730
150.939
151.148
151.358
151.567
151.776
151.986
152.195
152.404
152.613
152.823
153.032
153.241
153.450
153.660
153.869
154.078
154.287
154.497
154.706
154.915
155.124
155.334
155.543
155.752
155.961
156.171
156.380
156.589
156.798
157.008
157.217
157.426
157.635
159.656
159.865
160.074
160.283
160.492
160.701
160.910
161.119
161.328
161.537
161.746
161.955
162.164
162.373
162.582
162.791
163.000
163.209
163.418
163.627
163.836
164.045
164.254
164.463
164.672
164.881
165.090
165.299
165.508
165.717
165.925
166.134
166.343
166.552
166.761
166.970
167.179
167.388
167.597
167.806
168.015
168.224
168.433
168.642
168.851
169.060
169.269
169.478
169.687
169.896
170.105
170.314
170.523
170.732
170.941
171.150
171.359
171.568
171.777
171.986
172.194
172.403
172.612
172.821
173.030
173.239
173.448
173.657
173.866
174.075
174.284
174.493
174.702
