0.918
1.856
2.793
3.731
4.668
5.606
6.544
7.481
8.419
9.356
10.294
11.231
12.169
13.107
14.044
14.982
15.919
16.857
17.795
18.732
19.670
20.607
21.545
22.482
23.420
24.358
25.295
26.233
27.170
28.108
29.046
29.983
30.921
31.858
32.796
33.733
34.671
35.609
36.546
37.484
38.421
39.359
40.296
41.234
42.172
43.109
44.047
44.984
45.922
46.860
47.797
48.735
49.672
50.610
51.547
52.485
53.423
54.360
55.298
56.235
57.173
58.111
59.048
59.517
59.986
60.455
60.923
61.392
61.861
62.330
62.798
63.267
63.736
64.205
64.674
65.142
65.611
66.080
66.549
67.018
67.486
67.955
68.424
68.893
69.362
69.830
70.299
70.768
71.237
71.705
72.174
72.643
73.112
73.581
74.049
74.518
74.987
75.456
75.925
76.393
76.862
77.331
77.800
78.269
78.737
79.206
79.675
80.144
80.613
81.081
81.550
82.019
82.488
82.956
83.425
83.894
84.363
84.832
85.300
85.769
86.238
86.707
87.176
87.644
88.113
88.582
89.051
89.520
89.988
90.457
90.926
91.395
91.864
92.332
92.801
93.270
93.739
94.207
94.676
95.145
95.614
96.083
96.551
97.020
97.489
97.958
98.427
98.895
99.364
99.833
100.302
100.771
101.239
101.708
102.177
102.646
103.114
103.583
104.052
104.521
104.990
105.458
105.927
106.396
106.865
107.334
107.802
108.271
108.740
109.209
109.678
110.146
110.615
111.084
111.553
112.022
112.490
112.959
113.428
113.897
114.365
114.834
115.303
115.772
116.241
116.709
117.178
117.647
118.116
118.585
119.053
119.288
119.522
119.991
120.225
120.460
120.929
121.163
121.397
121.866
122.101
122.335
122.804
123.038
123.273
123.741
123.976
124.210
124.679
124.913
125.148
125.616
125.851
126.085
126.554
126.788
127.023
127.492
127.726
127.960
128.429
128.664
128.898
129.367
129.601
129.836
130.304
130.539
130.773
131.242
131.476
131.711
132.180
132.414
132.648
133.117
133.352
133.586
134.055
134.289
134.523
134.992
135.227
135.461
135.930
136.164
136.399
136.867
137.102
137.336
137.805
138.039
138.274
138.743
138.977
139.211
139.680
139.915
140.149
140.618
140.852
141.087
141.555
141.790
142.024
142.493
142.727
142.962
143.431
143.665
143.899
144.368
144.602
144.837
145.306
145.540
145.774
146.243
146.478
146.712
147.181
147.415
147.650
148.118
148.353
148.587
149.056
149.525
149.759
149.994
150.228
150.462
150.931
151.400
151.634
151.869
152.103
152.338
152.806
153.275
153.510
153.744
153.978
154.213
154.682
155.150
155.385
155.619
155.853
156.088
156.557
157.025
157.260
157.494
157.729
157.963
158.432
158.901
159.135
159.369
159.604
159.838
160.307
160.776
161.010
161.245
161.479
161.713
162.182
162.651
162.885
163.120
163.354
163.589
164.057
164.526
164.761
164.995
165.229
165.464
165.932
166.401
166.636
166.870
167.104
167.339
167.808
168.276
168.511
168.745
168.980
169.214
169.683
170.152
170.386
170.620
170.855
171.089
171.558
172.027
172.261
172.496
172.730
172.964
173.433
173.902
174.136
174.371
174.605
174.840
175.308
175.777
176.011
176.246
176.480
176.715
177.183
177.652
177.887
178.121
178.355
178.590
179.059
179.293
179.527
179.762
179.996
180.231
180.465
180.934
181.168
181.403
181.637
181.871
182.106
182.340
182.809
183.043
183.278
183.512
183.747
183.981
184.215
184.684
184.919
185.153
185.387
185.622
185.856
186.090
186.559
186.794
187.028
187.262
187.497
187.731
187.966
188.434
188.669
188.903
189.138
189.372
189.606
189.841
190.310
190.544
190.778
191.013
191.247
191.482
191.716
192.185
192.419
192.654
192.888
193.122
193.357
193.591
194.060
194.294
194.529
194.763
194.998
195.232
195.466
195.935
196.170
196.404
196.638
196.873
197.107
197.341
197.810
198.045
198.279
198.513
198.748
198.982
199.217
199.685
199.920
200.154
200.389
200.623
200.857
201.092
201.561
201.795
202.029
202.264
202.498
202.733
202.967
203.436
203.670
203.905
204.139
204.373
204.608
204.842
205.311
205.545
205.780
206.014
206.249
206.483
206.717
207.186
207.420
207.655
207.889
208.124
208.358
208.592
209.061
209.296
209.530
209.764
209.999
210.233
210.468
210.702
210.936
211.171
211.405
211.640
211.874
212.108
212.343
212.577
212.812
213.046
213.280
213.515
213.749
213.984
214.218
214.452
214.687
214.921
215.156
215.390
215.624
215.859
216.093
216.328
216.562
216.796
217.031
217.265
217.499
217.734
217.968
218.203
218.437
218.671
218.906
219.140
219.375
219.609
219.843
220.078
220.312
220.547
220.781
221.015
221.250
221.484
221.719
221.953
222.187
222.422
222.656
222.891
223.125
223.359
223.594
223.828
224.063
224.297
224.531
224.766
225.000
225.235
225.469
225.703
225.938
226.172
226.407
226.641
226.875
227.110
227.344
227.579
227.813
228.047
228.282
228.516
228.750
228.985
229.219
229.454
229.688
229.922
230.157
230.391
230.626
230.860
231.094
231.329
231.563
231.798
232.032
232.266
232.501
232.735
232.970
233.204
233.438
233.673
233.907
234.142
234.376
234.610
234.845
235.079
235.314
235.548
235.782
236.017
236.251
236.486
236.720
236.954
237.189
237.423
237.658
237.892
238.126
238.361
238.595
238.829
239.064
240.939
242.814
244.689
246.565
248.440
250.315
252.190
254.065
255.003
255.940
256.878
257.816
258.753
259.691
260.628
261.566
262.503
263.441
264.379
265.316
266.254
267.191
268.129
269.067
269.535
270.004
270.473
270.942
271.410
271.879
272.348
272.817
273.286
273.754
274.223
274.692
275.161
275.630
276.098
276.567
277.036
277.505
277.974
278.442
278.911
279.380
279.849
280.317
280.786
281.255
281.724
282.193
282.661
283.130
283.599
284.068
284.537
285.005
285.474
285.943
286.412
286.881
287.349
287.818
288.287
288.756
289.225
289.693
290.162
290.631
291.100
291.568
292.037
292.506
292.975
293.444
293.912
294.381
294.850
295.319
295.788
296.256
296.725
297.194
297.663
298.132
298.600
299.069
299.538
299.772
300.007
300.476
300.710
300.944
301.413
301.647
301.882
302.351
302.585
302.819
303.288
303.523
303.757
304.226
304.460
304.695
305.163
305.398
305.632
306.101
306.335
306.570
307.039
307.273
307.507
307.976
308.211
308.445
308.914
309.148
309.383
309.851
310.086
310.320
310.789
311.023
311.258
311.726
311.961
312.195
312.664
312.898
313.133
313.602
313.836
314.070
314.539
314.774
315.008
315.477
315.711
315.946
316.414
316.649
316.883
317.352
317.586
317.821
318.290
318.524
318.758
319.227
319.462
319.696
320.165
320.399
320.634
321.102
321.337
321.571
322.040
322.274
322.509
322.977
323.212
323.446
323.915
324.149
324.384
324.853
325.087
325.321
325.790
326.025
326.259
326.728
326.962
327.197
327.665
327.900
328.134
328.603
328.837
329.072
329.541
329.775
330.009
330.478
330.713
330.947
331.416
331.650
331.884
332.353
332.588
332.822
333.291
333.525
333.760
334.228
334.463
334.697
335.166
335.400
335.635
336.104
336.338
336.572
337.041
337.276
337.510
337.979
338.213
338.448
338.916
339.151
339.385
339.854
340.088
340.323
340.792
341.026
341.260
341.729
341.964
342.198
342.667
342.901
343.135
343.604
343.839
344.073
344.542
344.776
345.011
345.479
345.714
345.948
346.417
346.651
346.886
347.355
347.589
347.823
348.292
348.527
348.761
349.230
349.464
349.699
350.167
350.402
350.636
351.105
351.339
351.574
352.043
352.277
352.511
352.980
353.214
353.449
353.918
354.152
354.386
354.855
355.090
355.324
355.793
356.027
356.262
356.730
356.965
357.199
357.668
357.902
358.137
358.606
358.840
359.074
359.309
359.543
359.778
360.012
360.246
360.481
360.715
360.950
361.184
361.418
361.653
361.887
362.122
362.356
362.590
362.825
363.059
363.293
363.528
363.762
363.997
364.231
364.465
364.700
364.934
365.169
365.403
365.637
365.872
366.106
366.341
366.575
366.809
367.044
367.278
367.513
367.747
367.981
368.216
368.450
368.685
368.919
369.153
369.388
369.622
369.857
370.091
370.325
370.560
370.794
371.029
371.263
371.497
371.732
371.966
372.201
372.435
372.669
372.904
373.138
373.373
373.607
373.841
374.076
374.310
374.544
374.779
375.013
375.248
375.482
375.716
375.951
376.185
376.420
376.654
376.888
377.123
377.357
377.592
377.826
378.060
378.295
378.529
378.764
378.998
379.232
379.467
379.701
379.936
380.170
380.404
380.639
380.873
381.108
381.342
381.576
381.811
382.045
382.280
382.514
382.748
382.983
383.217
383.452
383.686
383.920
384.155
384.389
384.623
384.858
385.092
385.327
385.561
385.795
386.030
386.264
386.499
386.733
386.967
387.202
387.436
387.671
387.905
388.139
388.374
388.608
388.843
389.077
389.311
389.546
389.780
390.015
390.249
390.483
390.718
390.952
391.187
391.421
391.655
391.890
392.124
392.359
392.593
392.827
393.062
393.296
393.531
393.765
393.999
394.234
394.468
394.702
394.937
395.171
395.406
395.640
395.874
396.109
396.343
396.578
396.812
397.046
397.281
397.515
397.750
397.984
398.218
398.453
398.687
398.922
399.156
399.390
399.625
399.859
400.094
400.328
400.562
400.797
401.031
401.266
401.500
401.734
401.969
402.203
402.438
402.672
402.906
403.141
403.375
403.610
403.844
404.078
404.313
404.547
404.781
405.016
405.250
405.485
405.719
405.953
406.188
406.422
406.657
406.891
407.125
407.360
407.594
407.829
408.063
408.297
408.532
408.766
409.001
409.235
409.469
409.704
409.938
410.173
410.407
410.641
410.876
411.110
411.345
411.579
411.813
412.048
412.282
412.517
412.751
412.985
413.220
413.454
413.689
413.923
414.157
414.392
414.626
414.861
415.095
415.329
415.564
415.798
416.032
416.267
416.501
416.736
416.970
417.204
417.439
417.673
417.908
418.142
418.376
418.611
418.845
419.080
419.314
419.548
420.017
420.252
420.486
420.955
421.189
421.424
421.892
422.127
422.361
422.830
423.064
423.299
423.768
424.002
424.236
424.705
424.940
425.174
425.643
425.877
426.111
426.580
426.815
427.049
427.518
427.752
427.987
428.455
428.690
428.924
429.393
429.627
429.862
430.331
430.565
430.799
431.268
431.503
431.737
432.206
432.440
432.675
433.143
433.378
433.612
434.081
434.315
434.550
435.019
435.253
435.487
435.956
436.190
436.425
436.894
437.128
437.362
437.831
438.066
438.300
438.769
439.003
439.238
439.706
439.941
440.175
440.644
440.878
441.113
441.582
441.816
442.050
442.519
442.754
442.988
443.457
443.691
443.926
444.394
444.629
444.863
445.332
445.566
445.801
446.270
446.504
446.738
447.207
447.441
447.676
448.145
448.379
448.613
449.082
450.489
450.957
452.364
452.833
454.239
454.708
456.114
456.583
457.989
458.458
459.864
460.333
461.740
462.208
463.615
464.084
465.490
465.959
467.365
467.834
469.240
469.709
471.115
471.584
472.991
473.459
474.866
475.335
476.741
477.210
478.616
479.085
479.554
479.788
480.022
480.257
480.491
480.960
481.429
481.663
481.898
482.132
482.366
482.835
483.304
483.538
483.773
484.007
484.242
484.710
485.179
485.414
485.648
485.882
486.117
486.586
487.054
487.289
487.523
487.758
487.992
488.461
488.929
489.164
489.398
489.633
489.867
490.336
490.805
491.039
491.273
491.508
491.742
492.211
492.680
492.914
493.149
493.383
493.617
494.086
494.555
494.789
495.024
495.258
495.493
495.961
496.430
496.665
496.899
497.133
497.368
497.837
498.305
498.540
498.774
499.008
499.243
499.712
500.180
500.415
500.649
500.884
501.118
501.587
502.056
502.290
502.524
502.759
502.993
503.462
503.931
504.165
504.400
504.634
504.868
505.337
505.806
506.040
506.275
506.509
506.744
507.212
507.681
507.916
508.150
508.384
508.619
509.087
509.556
509.791
510.025
510.259
510.494
510.963
511.431
511.666
511.900
512.135
512.369
512.838
513.307
513.541
513.775
514.010
514.244
514.713
515.182
515.416
515.651
515.885
516.119
516.588
517.057
517.291
517.526
517.760
517.995
518.463
518.932
519.167
519.401
519.635
519.870
520.338
520.807
521.042
521.276
521.510
521.745
522.214
522.682
522.917
523.151
523.386
523.620
524.089
524.558
524.792
525.026
525.261
525.495
525.964
526.433
526.667
526.902
527.136
527.370
527.839
528.308
528.542
528.777
529.011
529.246
529.714
530.183
530.417
530.652
530.886
531.121
531.589
532.058
532.293
532.527
532.761
532.996
533.465
533.933
534.168
534.402
534.637
534.871
535.340
536.277
537.215
538.153
539.090
539.559
540.028
540.496
540.965
541.434
541.903
542.372
542.840
543.309
543.778
544.247
544.716
545.184
545.653
546.122
546.591
547.060
547.528
547.997
548.466
548.935
549.404
549.872
550.341
550.810
551.279
551.747
552.216
552.685
553.154
553.623
554.091
554.560
555.029
555.498
555.967
556.435
556.904
557.373
557.842
558.311
558.779
559.248
559.717
560.186
560.655
561.123
561.592
562.061
562.530
562.998
563.467
563.936
564.405
564.874
565.342
565.811
566.280
566.749
567.218
567.686
568.155
