0.288
0.749
1.211
1.672
2.134
2.595
3.057
3.980
4.441
4.903
5.364
5.826
6.287
6.749
7.672
8.134
8.595
9.057
9.518
9.980
10.441
11.364
11.826
12.287
12.749
13.210
13.672
14.133
15.056
15.518
15.979
16.441
16.902
17.364
17.825
18.748
19.210
19.671
20.133
20.594
21.056
21.517
22.440
22.902
23.363
23.825
24.286
24.748
25.209
26.132
26.594
27.055
27.517
27.978
28.440
28.901
29.363
29.824
29.978
30.286
30.440
30.747
30.901
31.209
31.363
31.670
32.132
32.593
33.055
33.516
33.670
33.978
34.132
34.439
34.593
34.901
35.055
35.362
35.824
36.285
36.747
37.208
37.362
37.670
37.824
38.131
38.285
38.593
38.747
39.054
39.516
39.977
40.439
40.900
41.054
41.362
41.516
41.823
41.977
42.285
42.439
42.746
43.208
43.669
44.131
44.593
44.746
45.054
45.208
45.516
45.669
45.977
46.131
46.439
46.900
47.362
47.823
48.285
48.438
48.746
48.900
49.208
49.361
49.669
49.823
50.131
50.592
51.054
51.515
51.977
52.130
52.438
52.592
52.900
53.053
53.361
53.515
53.823
54.284
54.746
55.207
55.669
55.822
56.130
56.284
56.592
56.746
57.053
57.207
57.515
57.976
58.438
58.899
59.361
59.515
59.822
59.976
60.284
60.438
60.745
60.899
61.207
61.668
62.130
62.591
63.053
63.207
63.514
63.668
63.976
64.130
64.437
64.591
64.899
65.360
65.822
66.283
66.745
66.899
67.206
67.360
67.668
67.822
68.129
68.283
68.591
69.052
69.514
69.975
70.437
70.591
70.898
71.052
71.360
71.514
71.821
71.975
72.283
72.744
73.206
73.667
74.129
74.283
74.590
74.744
75.052
75.206
75.513
75.667
75.975
76.436
76.898
77.359
77.821
77.975
78.282
78.436
78.744
78.898
79.205
79.359
79.667
80.129
80.590
81.052
81.513
81.667
81.975
82.128
82.436
82.590
82.898
83.051
83.359
83.821
84.282
84.744
85.205
85.359
85.667
85.820
86.128
86.282
86.590
86.743
87.051
87.513
87.974
88.436
88.897
89.359
89.820
90.282
90.743
91.205
91.666
92.128
92.589
93.051
93.512
93.974
94.435
94.897
95.358
95.820
96.281
96.743
97.204
97.666
98.127
98.589
99.050
99.512
99.973
100.435
100.896
101.358
101.819
102.281
102.742
103.204
103.665
104.127
104.588
105.050
105.511
105.973
106.434
106.896
107.357
107.819
108.280
108.742
109.203
109.665
110.126
110.588
111.049
111.511
111.972
112.434
112.895
113.357
113.818
114.280
114.741
115.203
115.664
116.126
116.588
117.049
117.511
117.972
118.434
118.895
119.357
119.818
120.280
120.741
121.203
121.664
122.126
122.587
123.049
123.510
123.972
124.433
124.895
125.356
125.818
126.279
126.741
127.202
127.664
128.125
128.587
129.048
129.510
129.971
130.433
130.894
131.356
131.817
132.279
132.740
133.202
133.663
134.125
134.586
135.048
135.279
135.509
135.740
135.971
136.202
136.432
136.663
136.894
137.125
137.355
137.586
137.817
138.048
138.278
138.509
138.740
138.971
139.201
139.432
139.663
139.894
140.124
140.355
140.586
140.817
141.047
141.278
141.509
141.740
141.970
142.201
142.432
142.663
142.893
143.124
143.355
143.586
143.816
144.047
144.278
144.509
144.739
144.970
145.201
145.432
145.662
145.893
146.124
146.355
146.585
146.816
147.047
147.278
147.508
147.739
147.970
148.431
148.893
149.354
149.816
149.970
150.277
150.431
150.739
150.893
151.200
151.354
151.662
152.124
152.585
153.047
153.508
153.662
153.970
154.123
154.431
154.585
154.893
155.046
155.354
155.816
156.277
156.739
157.200
157.354
157.662
157.815
158.123
158.277
158.585
158.738
159.046
159.508
159.969
160.431
160.892
161.046
161.354
161.507
161.815
161.969
162.277
162.430
162.738
163.200
163.661
164.123
164.584
164.738
165.046
165.200
165.507
165.661
165.969
166.123
166.430
166.892
167.353
167.815
168.276
168.430
168.738
168.892
169.199
169.353
169.661
169.815
170.122
170.584
171.045
171.507
171.968
172.122
172.430
172.584
172.891
173.045
173.353
173.507
173.814
174.276
174.737
175.199
175.660
175.814
176.122
176.276
176.583
176.737
177.045
177.199
177.506
178.429
179.352
179.814
180.275
180.737
181.198
181.660
182.121
182.583
182.814
183.044
183.506
183.967
184.429
184.890
185.352
185.813
186.275
186.429
186.583
186.736
187.198
187.659
188.121
188.583
189.044
189.506
189.967
190.121
190.275
190.429
190.890
191.352
191.813
192.275
192.736
193.198
193.659
194.121
194.274
194.582
194.736
195.044
195.197
195.505
195.659
195.967
196.428
196.890
197.351
197.813
197.966
198.274
198.428
198.736
198.889
199.197
199.351
199.659
200.120
200.582
201.043
201.505
201.659
201.966
202.120
202.428
202.582
202.889
203.043
203.351
203.812
204.274
204.735
205.197
205.351
205.658
205.812
206.120
206.274
206.581
206.735
207.043
207.504
207.966
208.427
208.889
209.043
209.350
209.504
209.812
209.966
210.273
210.427
210.735
211.196
211.658
212.119
212.581
212.735
213.042
213.196
213.504
213.658
213.965
214.119
214.427
214.888
215.350
215.811
216.273
216.427
216.734
216.888
217.196
217.350
217.657
217.811
218.119
218.580
219.042
219.503
219.965
220.119
220.426
220.580
220.888
221.042
221.349
221.503
221.811
222.272
222.734
223.195
223.657
224.118
224.580
225.042
225.503
225.965
226.426
226.888
227.349
227.811
228.272
228.734
229.195
230.118
231.041
232.887
234.733
235.195
235.656
236.118
236.579
237.502
238.425
240.271
240.733
241.194
241.656
242.117
243.040
243.963
244.886
245.809
246.732
247.655
248.578
249.501
250.424
251.347
252.270
253.193
255.039
256.885
257.116
257.347
257.578
257.808
258.039
258.270
258.501
258.731
258.962
259.193
259.424
259.654
259.885
260.116
260.347
260.578
260.808
261.039
261.270
261.501
261.731
261.962
262.193
262.424
262.654
262.885
263.116
263.347
263.577
263.808
264.039
264.270
264.500
264.731
264.962
265.193
265.423
265.654
265.885
266.116
266.346
266.577
266.808
267.039
267.269
267.500
267.731
267.962
268.192
268.423
268.654
268.885
269.115
269.346
269.577
269.808
270.038
270.269
270.500
270.731
270.961
271.192
271.423
271.654
271.884
272.115
272.346
272.577
272.807
273.038
273.269
273.500
273.730
273.961
274.192
274.423
274.653
274.884
275.115
275.346
275.576
275.807
276.038
276.269
276.499
276.730
276.961
277.192
277.422
277.653
277.884
278.115
278.346
278.576
278.807
279.038
279.269
279.499
279.730
279.961
280.192
280.422
280.653
280.884
281.115
281.345
281.576
281.807
282.038
282.268
282.499
282.730
282.961
283.191
283.422
283.653
283.884
284.114
284.345
284.576
285.037
285.499
286.422
286.576
286.883
287.037
287.345
287.499
287.806
287.960
288.268
288.729
289.191
289.652
290.114
290.268
290.575
290.729
291.037
291.191
291.498
291.652
291.960
292.421
292.883
293.344
293.806
293.960
294.267
294.421
294.729
294.883
295.190
295.344
295.652
296.113
296.575
297.037
297.498
297.652
297.960
298.113
298.421
298.575
298.883
299.036
299.344
299.806
300.267
300.729
301.190
301.344
301.652
301.805
302.113
302.267
302.575
302.728
303.036
303.498
303.959
304.421
304.882
305.036
305.344
305.497
305.805
305.959
306.267
306.420
306.728
307.190
307.651
308.113
308.574
308.728
309.036
309.190
309.497
309.651
309.959
310.113
310.420
310.882
311.343
311.805
312.266
312.420
312.728
312.882
313.189
313.343
313.651
313.805
314.112
314.574
315.035
315.497
315.958
316.420
316.881
317.343
317.804
318.266
318.727
319.650
320.112
320.573
321.035
321.496
321.958
322.419
323.342
323.804
324.265
324.727
325.188
325.650
326.111
327.034
327.496
327.957
328.419
328.880
329.342
329.803
330.726
331.188
331.649
332.111
332.573
333.034
333.496
334.419
334.880
335.342
335.803
336.265
336.726
337.188
338.111
338.572
339.034
339.495
339.957
340.418
340.880
341.803
342.264
342.726
343.187
343.649
344.110
344.572
