0.069
0.538
0.772
1.007
1.476
1.710
1.944
2.413
2.648
2.882
3.116
3.351
3.820
4.288
4.523
4.757
5.226
5.460
5.695
6.164
6.398
6.632
6.867
7.101
7.570
8.039
8.273
8.508
8.977
9.211
9.445
9.914
10.149
10.383
10.617
10.852
11.321
11.789
12.024
12.258
12.727
12.961
13.196
13.665
13.899
14.133
14.368
14.602
15.071
15.540
15.774
16.009
16.477
16.712
16.946
17.415
17.649
17.884
18.118
18.353
18.822
19.290
19.525
19.759
20.228
20.462
20.697
21.166
21.400
21.634
21.869
22.103
22.572
23.041
23.275
23.510
23.978
24.213
24.447
24.916
25.150
25.385
25.619
25.854
26.322
26.791
27.026
27.260
27.729
27.963
28.198
28.666
28.901
29.135
29.370
29.604
30.073
30.542
30.776
31.011
31.479
31.714
31.948
32.417
32.651
32.886
33.355
33.589
33.823
34.292
34.527
34.761
35.230
35.464
35.699
36.167
36.402
36.636
37.105
37.339
37.574
37.808
38.043
38.277
38.511
38.746
38.980
39.215
39.449
39.683
39.918
40.152
40.387
40.621
40.856
41.090
41.324
41.559
41.793
42.028
42.262
42.496
42.731
42.965
43.200
45.075
45.544
45.778
46.012
46.481
46.716
46.950
47.184
47.419
47.653
47.888
48.122
48.356
48.825
49.294
49.528
49.763
50.232
50.466
50.700
50.935
51.169
51.404
51.638
51.873
52.107
52.576
53.045
53.279
53.513
53.982
54.217
54.451
54.685
54.920
55.154
55.389
55.623
55.857
56.326
56.795
57.029
57.264
57.733
57.967
58.201
58.670
59.139
59.608
60.077
60.545
60.780
61.014
61.483
61.717
61.952
62.186
62.421
62.655
62.890
63.124
63.358
63.827
64.296
64.530
64.765
65.234
65.468
65.702
65.937
66.171
66.406
66.640
66.874
67.109
67.578
68.046
68.281
68.515
68.984
69.218
69.453
69.687
69.922
70.156
70.390
70.625
70.859
71.328
71.797
72.031
72.266
72.734
72.969
73.203
73.672
74.141
74.610
75.079
75.782
76.016
76.719
76.954
77.657
77.891
78.126
78.360
78.595
78.829
79.532
79.767
80.470
80.704
81.173
81.407
81.642
81.876
82.111
82.579
83.283
83.517
84.220
84.455
85.158
85.392
85.627
85.861
86.096
86.330
87.033
87.268
87.971
88.205
88.674
88.908
89.143
89.377
89.612
90.080
90.784
91.018
91.721
91.956
92.659
92.893
93.128
93.362
93.596
93.831
94.534
94.768
95.472
95.706
96.175
96.409
96.644
96.878
97.113
97.581
98.285
98.519
99.222
99.457
100.160
100.394
100.629
100.863
101.097
101.332
102.035
102.269
102.973
103.207
103.910
104.145
104.379
104.613
104.848
105.082
105.785
106.020
106.723
106.958
107.661
107.895
108.130
108.364
108.598
108.833
109.536
109.770
110.474
110.708
111.177
111.411
111.646
111.880
112.114
112.583
113.286
113.521
114.224
114.458
115.162
115.396
115.630
115.865
116.099
116.334
117.037
117.271
117.975
118.209
118.912
119.147
119.381
119.615
119.850
120.084
120.553
120.787
121.022
121.256
121.491
121.959
122.428
122.663
122.897
123.131
123.366
123.835
124.303
124.538
124.772
125.007
125.241
125.710
126.179
126.413
126.647
126.882
127.116
127.585
127.819
128.054
128.288
128.523
128.757
128.992
129.226
129.460
129.695
129.929
130.164
130.398
130.632
130.867
131.101
131.336
131.492
131.648
131.804
131.961
132.117
132.273
132.429
132.586
132.742
132.898
133.055
133.211
135.086
135.555
135.789
136.024
136.492
136.727
136.961
137.196
137.430
137.664
137.899
138.133
138.368
138.836
139.305
139.540
139.774
140.243
140.477
140.712
140.946
141.181
141.415
141.649
141.884
142.118
142.587
143.056
143.290
143.525
143.993
144.228
144.462
144.697
144.931
145.165
145.400
145.634
145.869
146.337
146.806
147.041
147.275
147.744
147.978
148.213
148.681
149.150
149.619
150.088
150.557
150.791
151.026
151.494
151.729
151.963
152.198
152.432
152.666
152.901
153.135
153.370
153.838
154.307
154.542
154.776
155.245
155.479
155.714
155.948
156.182
156.417
156.651
156.886
157.120
157.589
158.058
158.292
158.526
158.995
159.230
159.464
159.698
159.933
160.167
160.402
160.636
160.870
161.339
161.808
162.043
162.277
162.746
162.980
163.215
163.683
164.152
164.621
165.090
165.559
165.793
166.027
166.496
166.731
166.965
167.434
167.668
167.903
168.371
168.606
168.840
169.309
169.543
169.778
170.247
170.481
170.715
171.184
171.419
171.653
172.122
172.356
172.591
172.825
173.060
173.294
173.528
173.763
173.997
174.232
174.466
174.700
174.935
175.169
175.404
175.638
175.872
176.107
176.341
176.497
176.654
176.810
176.966
177.123
177.279
177.435
177.591
177.748
177.904
178.060
178.216
178.685
179.154
179.623
