7.411
7.911
8.411
8.911
9.411
9.911
10.411
10.911
11.411
11.911
12.411
12.911
13.411
13.911
14.411
14.911
15.411
15.911
16.411
16.911
17.411
17.911
18.411
18.911
19.412
19.912
20.412
20.912
21.412
21.912
22.412
22.912
23.412
23.912
24.412
24.912
25.412
25.912
26.412
26.912
27.412
27.912
28.412
28.912
29.412
29.912
30.412
30.912
31.412
31.912
32.412
32.912
33.412
33.912
34.412
34.912
35.412
35.912
36.412
36.912
37.412
37.912
38.413
38.663
38.913
39.413
39.913
40.413
40.913
41.413
41.913
42.413
42.913
43.413
43.913
44.413
44.913
45.413
45.913
46.413
46.913
47.413
47.913
48.413
48.913
49.413
49.913
50.413
50.913
51.413
51.913
52.413
52.913
53.413
53.913
54.413
54.913
55.413
55.913
56.413
56.913
57.414
57.914
58.414
58.914
59.414
59.914
60.414
60.914
61.414
61.914
62.414
62.914
63.914
64.914
65.914
66.914
67.914
68.914
69.914
70.914
71.164
71.414
71.914
72.414
72.914
73.164
73.414
73.914
74.414
74.914
75.164
75.414
75.914
76.415
76.915
77.165
77.415
77.915
78.415
78.915
79.165
79.415
79.915
80.415
80.915
81.165
81.415
81.915
82.415
82.915
83.165
83.415
83.915
84.415
84.915
85.165
85.415
85.915
86.415
86.915
87.165
87.415
87.915
88.165
88.415
88.915
89.165
89.415
89.915
90.165
90.415
90.915
91.165
91.415
91.915
92.165
92.415
92.915
93.165
93.415
93.915
94.165
94.415
94.915
95.165
95.416
95.916
96.166
96.416
96.916
97.166
97.416
97.916
98.166
98.416
98.916
99.166
99.416
99.916
100.166
100.416
100.916
101.166
101.416
101.916
102.166
102.416
102.916
103.416
103.916
104.416
104.916
105.416
105.916
106.416
106.666
106.916
107.416
107.916
108.416
108.916
109.416
109.916
110.416
110.916
111.416
111.916
112.416
112.916
113.416
113.916
114.417
114.667
114.917
115.417
115.917
116.417
116.917
117.417
117.917
118.417
118.917
119.167
119.417
119.667
119.917
120.917
121.917
122.917
123.167
123.417
123.667
123.917
124.917
125.917
126.917
127.167
127.417
127.667
127.917
128.917
129.917
130.917
131.167
131.417
131.667
131.917
132.917
133.918
134.918
135.418
135.918
136.418
136.918
137.418
137.918
138.418
138.918
139.418
139.918
140.418
140.918
141.418
141.918
142.418
142.918
143.418
143.918
144.418
144.918
145.418
145.918
146.418
146.918
147.418
147.918
148.418
148.918
149.418
149.918
150.418
150.918
151.418
151.668
151.918
152.168
152.419
152.919
153.419
153.669
153.919
154.169
154.419
154.919
155.419
155.669
155.919
156.169
156.419
156.919
157.419
157.669
157.919
158.169
158.419
158.919
159.419
159.669
159.919
160.169
160.419
160.919
161.419
161.669
161.919
162.169
162.419
162.919
163.419
163.669
163.919
164.169
164.419
164.919
165.419
165.669
165.919
166.169
166.419
166.919
167.169
167.419
167.919
168.419
168.919
169.169
169.419
169.919
170.419
170.919
171.169
171.420
171.920
172.420
172.920
173.170
173.420
173.920
174.420
174.920
175.170
175.420
175.920
176.420
176.920
177.170
177.420
177.920
178.420
178.920
179.170
179.420
179.920
180.420
180.920
181.170
181.420
181.920
182.420
182.920
183.170
183.420
183.920
184.170
184.420
184.920
185.170
185.420
185.920
186.170
186.420
186.920
187.170
187.420
187.920
188.170
188.420
188.920
189.170
189.420
189.920
190.170
190.421
190.921
191.171
191.421
191.921
192.171
192.421
192.921
193.171
193.421
193.921
194.171
194.421
194.921
195.171
195.421
195.921
196.171
196.421
196.921
197.171
197.421
197.921
198.171
198.421
198.921
199.171
199.421
199.671
199.921
200.171
200.421
200.921
201.171
201.421
201.671
201.921
202.171
202.421
202.921
203.171
203.421
203.671
203.921
204.171
204.421
204.921
205.171
205.421
205.671
205.921
206.171
206.421
206.921
207.171
207.421
207.671
207.921
208.171
208.421
208.921
209.171
209.422
209.672
209.922
210.172
210.422
210.922
211.172
211.422
211.672
211.922
212.172
212.422
212.922
213.172
213.422
213.672
213.922
214.172
214.422
214.922
215.172
215.422
215.672
215.922
216.172
216.422
216.922
217.172
217.422
217.672
217.922
218.172
218.422
218.922
219.172
219.422
219.672
219.922
220.172
220.422
220.922
221.172
221.422
221.672
221.922
222.172
222.422
222.922
223.172
223.422
223.672
223.922
224.172
224.422
224.922
225.172
225.422
225.672
225.922
226.172
226.422
226.922
227.172
227.422
227.672
227.922
228.172
228.422
228.923
229.173
229.423
229.673
229.923
230.173
230.423
230.923
231.173
231.423
231.673
231.923
232.173
232.423
232.923
233.173
233.423
233.673
233.923
234.173
234.423
234.923
235.173
235.423
235.673
235.923
236.173
236.423
236.923
237.173
237.423
237.673
237.923
238.173
238.423
238.923
239.173
239.423
239.673
239.923
240.173
240.423
240.923
241.173
241.423
241.673
241.923
242.173
242.423
242.923
243.173
243.423
243.673
243.923
244.173
244.423
244.923
245.173
245.423
245.673
245.923
246.173
246.423
246.923
247.173
247.423
247.674
247.924
248.174
248.424
248.924
249.174
249.424
249.674
249.924
250.174
250.424
250.924
251.174
251.424
251.674
251.924
252.174
252.424
252.924
253.174
253.424
253.674
253.924
254.174
254.424
254.924
255.174
255.424
255.674
255.924
256.174
256.424
256.924
257.174
257.424
257.674
257.924
258.174
258.424
258.924
259.174
259.424
259.674
259.924
260.174
260.424
260.924
261.174
261.424
261.674
261.924
262.174
262.424
262.924
263.424
263.924
264.424
264.924
265.424
265.924
266.424
266.925
267.425
267.925
268.425
268.925
269.425
269.925
270.425
270.925
271.425
271.925
272.425
272.925
273.425
273.925
274.425
274.925
275.425
275.925
276.425
276.925
277.425
277.925
278.425
278.925
279.425
279.925
280.425
280.675
280.925
281.425
281.925
282.425
282.675
282.925
283.425
283.925
284.425
284.675
284.925
285.425
285.926
286.426
286.676
286.926
287.426
287.926
288.426
288.676
288.926
289.426
289.926
290.426
290.676
290.926
291.426
291.926
292.426
292.676
292.926
293.426
293.926
294.426
294.676
294.926
295.426
295.676
295.926
296.176
296.426
296.926
297.426
297.676
297.926
298.176
298.426
298.926
299.426
299.676
299.926
300.176
300.426
300.926
301.426
301.676
301.926
302.176
302.426
302.926
303.426
303.676
303.926
304.176
304.426
304.927
305.427
305.677
305.927
306.177
306.427
306.927
307.427
307.677
307.927
308.177
308.427
308.927
309.427
309.677
309.927
310.177
310.427
310.927
311.427
311.677
311.927
312.177
312.427
312.927
313.427
313.677
313.927
314.177
314.427
314.927
315.427
315.677
315.927
316.177
316.427
316.927
317.427
317.677
317.927
318.177
318.427
318.927
319.427
319.677
319.927
320.177
320.427
320.927
321.427
321.677
321.927
322.177
322.427
322.927
323.427
323.678
323.928
324.178
324.428
324.928
325.428
325.678
325.928
326.178
326.428
326.928
327.428
327.928
328.428
328.928
329.428
329.928
330.428
330.928
331.428
331.928
332.428
332.928
333.428
333.928
334.428
334.928
335.428
335.928
336.428
336.928
337.428
337.928
338.428
338.928
339.428
339.928
340.428
340.928
341.428
341.928
342.428
342.929
343.429
343.929
344.429
344.929
345.429
345.929
346.429
346.929
347.429
347.929
348.429
348.929
349.429
349.929
350.429
350.929
351.429
351.929
352.429
352.929
353.429
353.929
354.429
354.929
355.429
355.929
356.429
356.929
357.429
357.929
358.429
358.929
359.179
359.429
359.929
360.179
360.429
360.929
361.179
361.429
361.930
362.180
362.430
362.930
363.180
363.430
363.930
364.180
364.430
364.930
365.180
365.430
365.930
366.180
366.430
366.930
367.180
367.430
367.930
368.180
368.430
368.930
369.180
369.430
369.930
370.180
370.430
370.930
371.180
371.430
371.930
372.180
372.430
372.930
373.180
373.430
373.930
374.180
374.430
374.930
375.180
375.430
375.930
376.180
376.430
376.930
377.180
377.430
377.930
378.180
378.430
378.930
379.180
379.430
379.930
380.180
380.430
380.931
381.181
381.431
381.931
382.181
382.431
382.931
383.181
383.431
383.931
384.181
384.431
384.931
385.181
385.431
385.931
386.181
386.431
386.931
387.181
387.431
387.931
388.181
388.431
388.931
389.181
389.431
389.931
390.181
390.431
