12.192
12.617
13.043
13.468
13.894
14.320
14.745
15.171
15.597
16.022
16.448
16.873
17.299
17.725
18.150
18.576
19.001
19.427
19.853
20.278
20.704
21.129
21.555
21.981
22.406
22.832
23.258
23.683
24.109
25.811
26.662
27.088
27.726
27.939
28.365
29.216
30.067
30.493
31.131
31.344
31.770
32.621
33.472
33.898
34.536
34.749
35.175
36.026
36.877
37.303
37.941
38.154
38.580
39.431
40.282
40.708
41.346
41.559
41.984
42.836
43.687
44.112
44.751
44.964
45.389
46.241
47.092
47.517
48.156
48.369
48.794
49.645
50.497
50.922
51.561
51.773
52.199
53.050
53.902
54.753
55.604
56.455
57.306
58.158
59.009
59.860
60.711
61.563
62.414
63.265
64.116
64.967
65.819
66.670
67.096
67.521
67.947
68.372
68.798
69.224
69.649
70.075
70.500
70.926
71.352
71.777
72.203
72.628
73.054
73.480
73.905
74.331
74.757
75.182
75.608
76.033
76.459
76.885
77.310
77.736
78.161
78.587
79.013
80.289
81.141
81.566
82.205
82.418
82.843
83.694
84.546
84.971
85.610
85.822
86.248
87.099
87.950
88.376
89.014
89.227
89.653
90.504
91.355
91.781
92.419
92.632
93.058
93.909
95.186
95.611
96.037
96.463
96.888
97.314
97.740
98.165
98.591
99.016
99.442
99.868
100.293
100.719
101.144
101.570
101.996
102.421
102.847
103.272
103.698
104.124
105.826
107.103
107.529
108.380
108.805
109.444
109.657
110.082
110.933
111.785
112.210
112.849
113.062
113.487
114.338
115.190
115.615
116.254
116.466
116.892
117.743
118.594
119.020
119.659
119.871
120.297
121.148
121.999
122.851
123.702
124.553
125.404
126.256
127.107
127.958
128.809
129.660
130.512
131.363
132.214
133.065
133.917
134.768
135.193
135.619
136.045
136.470
136.896
137.321
137.747
138.173
138.598
139.024
139.449
139.875
140.301
140.726
141.152
141.578
142.003
142.429
142.854
143.280
143.706
144.131
144.557
144.982
145.408
145.834
146.259
146.685
147.110
148.387
149.239
149.664
150.303
150.515
150.941
151.792
152.643
153.069
153.707
153.920
154.346
155.197
156.048
156.474
157.112
157.325
157.751
158.602
159.453
159.879
160.517
160.730
161.156
162.007
162.858
163.709
164.561
165.412
166.263
167.114
167.965
168.817
169.668
170.519
171.370
172.222
173.073
173.924
174.775
175.626
175.839
176.052
176.265
176.478
176.690
176.903
177.329
178.180
179.031
179.244
179.457
179.670
179.883
180.095
180.308
180.734
181.585
182.436
182.649
182.862
183.075
183.287
183.500
183.713
184.139
184.990
185.841
186.054
186.267
186.480
186.692
186.905
187.118
187.544
188.395
189.246
189.672
190.097
190.523
190.948
191.374
191.800
192.225
192.651
193.077
193.502
193.928
194.353
194.779
195.205
195.630
196.056
196.481
196.907
197.333
197.758
198.184
198.609
199.035
199.461
199.886
200.312
200.738
201.163
201.589
202.866
203.717
204.142
204.781
204.994
205.419
206.270
207.122
207.547
208.186
208.399
208.824
209.675
210.527
210.952
211.591
211.803
212.229
213.080
213.931
214.357
214.995
215.208
215.634
216.485
217.336
217.762
218.400
218.613
219.039
219.890
220.741
221.167
221.805
222.018
222.444
223.295
224.146
224.572
225.210
225.423
225.849
226.700
227.551
227.977
228.615
228.828
229.253
230.105
