0.702
1.103
1.303
1.703
2.303
2.503
2.703
2.903
3.303
3.903
4.103
4.303
4.503
4.903
7.103
7.503
7.703
8.103
8.703
8.903
9.102
9.302
9.701
10.300
10.500
10.700
10.899
11.299
13.495
13.894
14.094
14.493
15.092
15.292
15.491
15.691
16.090
16.689
16.889
17.088
17.288
17.687
19.884
20.283
20.483
20.882
21.481
21.680
21.880
22.080
22.479
23.078
23.278
23.477
23.677
24.076
26.272
26.472
26.672
26.871
27.271
27.870
28.069
28.269
28.469
28.868
29.467
29.666
29.866
30.066
30.465
31.064
31.264
31.463
31.663
32.062
32.661
32.861
33.060
33.260
33.659
34.258
34.458
34.658
34.857
35.257
35.856
43.157
43.558
43.958
44.358
44.758
45.158
45.558
45.958
46.358
46.759
47.159
47.559
47.959
48.359
48.759
49.159
49.560
49.960
50.360
50.760
51.160
51.560
51.960
52.361
52.761
53.161
53.561
53.961
54.361
54.761
55.162
55.562
55.962
56.362
56.762
57.162
57.562
57.963
58.363
58.763
59.163
59.563
59.963
60.363
60.763
61.164
61.364
61.564
61.964
62.164
62.364
62.764
62.964
63.164
63.564
63.765
63.965
64.365
64.565
64.765
65.165
65.365
65.565
65.965
66.165
66.365
66.766
66.966
67.166
67.566
67.766
67.966
68.366
68.766
69.567
69.767
69.967
70.167
70.367
70.767
70.967
71.167
71.567
71.967
72.768
72.968
73.168
73.368
73.568
73.968
74.168
74.368
74.768
75.168
75.969
76.169
76.369
76.569
76.769
77.169
77.369
77.569
77.969
78.370
79.170
79.370
79.570
79.770
79.970
80.370
80.570
80.770
81.171
81.571
81.971
82.371
82.571
82.771
82.971
83.171
83.571
83.771
83.972
84.372
84.772
85.172
85.572
85.772
85.972
86.172
86.372
86.772
86.973
87.173
87.373
87.573
87.773
87.973
88.173
88.373
88.573
88.773
88.973
89.173
89.373
89.573
89.774
89.974
90.074
90.174
90.274
90.374
90.474
90.574
90.674
90.774
90.874
90.974
91.074
91.174
91.274
91.374
91.474
91.574
93.175
93.375
93.575
93.975
94.375
94.775
95.175
95.375
95.576
95.776
95.976
96.376
96.576
96.776
97.176
97.576
97.976
98.376
98.577
98.777
98.977
99.177
99.577
99.777
99.977
100.377
100.777
101.177
101.578
101.778
101.978
102.178
102.378
102.778
102.978
103.178
103.578
103.978
105.979
106.579
107.180
107.580
107.980
108.180
108.380
108.780
109.180
109.780
110.381
110.781
111.181
111.381
111.581
111.981
112.381
112.982
113.582
113.982
114.382
114.582
114.782
115.182
115.582
116.183
116.783
117.183
117.583
117.783
117.983
118.383
118.784
120.384
121.985
122.785
123.585
123.985
124.385
124.786
125.186
125.586
125.986
126.386
126.786
127.186
127.587
127.987
128.387
128.787
129.187
129.587
129.987
130.388
130.788
131.188
131.588
131.988
132.388
132.788
133.589
133.789
133.989
134.189
134.389
135.189
135.589
135.989
136.790
136.990
137.190
137.390
137.590
138.390
138.790
139.191
139.991
140.191
140.391
140.591
140.791
141.591
141.992
142.392
143.192
143.392
143.592
143.792
143.992
144.392
144.592
144.793
145.193
145.593
146.393
146.593
146.793
146.993
147.193
147.594
147.794
147.994
148.394
148.794
149.594
149.794
149.994
150.194
150.394
150.795
150.995
151.195
151.595
151.995
152.795
152.995
153.195
153.396
153.596
153.996
154.196
154.396
154.796
155.196
155.996
156.196
156.397
156.597
156.797
157.197
157.397
157.597
157.997
158.397
158.797
159.198
159.398
159.598
159.798
159.998
160.398
160.598
160.798
161.198
161.598
161.998
162.399
162.599
162.799
162.999
163.199
163.599
163.799
163.999
164.199
164.399
164.599
164.799
165.000
165.200
165.400
165.600
165.800
166.000
166.200
166.400
166.600
166.800
166.900
167.000
167.100
167.200
167.300
167.400
167.500
167.600
167.700
167.800
167.901
168.001
168.101
168.201
168.301
168.401
170.001
170.201
170.401
170.802
171.202
171.602
172.002
172.202
172.402
172.602
172.802
173.202
173.402
173.603
174.003
174.403
174.803
175.203
175.403
175.603
175.803
176.003
176.403
176.604
176.804
177.204
177.604
178.004
178.404
178.604
178.804
179.004
179.204
179.605
179.805
180.005
180.405
180.805
182.806
183.406
184.006
184.406
184.806
185.006
185.207
185.607
186.007
186.607
187.207
187.607
188.007
188.208
188.408
188.808
189.208
189.808
190.408
190.808
191.209
191.409
191.609
192.009
192.409
193.009
193.609
194.010
194.410
194.610
194.810
195.210
195.610
196.010
196.410
196.811
197.211
197.611
198.011
198.411
198.811
199.211
199.611
200.012
200.412
200.812
201.212
201.612
202.012
202.412
202.813
203.213
203.613
204.013
204.413
204.813
205.213
205.614
206.014
206.414
206.814
207.214
207.614
208.014
214.688
215.088
215.488
215.889
216.289
216.689
217.089
217.490
217.890
218.290
218.691
219.091
219.491
219.891
220.292
220.492
220.792
221.092
221.493
221.893
222.293
222.693
223.094
223.494
223.894
224.295
224.695
225.095
225.495
225.896
226.029
226.563
226.696
227.363
227.497
227.897
228.297
228.698
229.098
229.498
229.899
230.299
230.699
231.099
231.500
231.900
232.300
232.701
233.101
233.368
233.501
233.701
233.901
234.302
234.702
235.102
235.503
235.903
236.303
236.703
237.104
237.771
237.904
238.171
238.305
238.705
238.838
239.372
239.505
239.906
