0.719
1.071
1.188
1.657
2.125
2.594
3.063
3.532
4.469
4.821
4.938
5.406
5.875
6.344
6.813
7.281
8.219
8.570
8.688
9.156
9.625
10.094
10.562
11.031
11.969
12.320
12.437
12.906
13.375
13.843
14.312
14.781
15.718
16.070
16.187
16.421
16.656
16.890
17.124
17.359
17.593
17.828
18.062
18.296
18.531
19.468
19.820
19.937
20.171
20.405
20.640
20.874
21.109
21.343
21.577
21.812
22.046
22.280
23.218
23.569
23.687
23.921
24.155
24.390
24.624
24.858
25.093
25.327
25.561
25.796
26.030
26.968
27.319
27.436
27.671
27.905
28.139
28.374
28.608
28.842
29.077
29.311
29.545
29.780
30.717
30.952
31.655
31.889
33.061
33.295
33.530
33.998
34.467
34.701
35.404
35.639
36.811
37.045
37.279
37.748
38.217
38.686
39.154
39.623
40.092
40.560
41.029
41.498
41.967
42.201
42.435
42.670
42.904
43.138
43.373
43.490
43.607
43.724
43.841
44.076
44.310
44.545
44.779
45.248
45.716
46.068
46.185
46.419
46.654
46.888
47.122
47.357
47.591
47.826
48.060
48.294
48.529
49.466
49.818
49.935
50.169
50.403
50.638
50.872
51.107
51.341
51.575
51.810
52.044
52.278
53.216
53.567
53.685
53.919
54.153
54.388
54.622
54.856
55.091
55.325
55.559
55.794
56.028
56.966
57.317
57.434
57.669
57.903
58.137
58.372
58.606
58.840
59.075
59.309
59.544
59.778
60.715
60.950
61.184
61.418
61.653
61.887
62.121
62.356
62.590
62.825
63.059
63.293
63.528
63.762
63.996
64.231
64.465
64.699
64.934
65.168
65.402
65.637
65.871
66.106
66.340
66.574
66.809
67.043
67.277
67.512
67.746
67.980
68.215
68.449
68.684
68.918
69.152
69.387
69.621
69.855
70.090
70.324
70.558
70.793
71.027
71.261
71.496
71.730
71.965
72.199
72.433
72.668
72.902
73.136
73.371
73.605
73.839
74.074
74.308
74.543
74.777
75.011
75.246
75.480
75.714
75.949
76.183
76.417
76.652
76.886
77.120
77.355
77.589
77.824
78.058
78.292
78.527
78.761
78.995
79.230
79.464
79.698
79.933
80.167
80.401
80.636
80.870
81.105
81.339
81.573
81.808
82.042
82.276
82.511
82.745
82.979
83.214
83.683
84.151
84.620
85.089
85.557
86.026
86.495
86.964
87.198
87.432
87.667
87.901
88.135
88.370
88.604
88.838
88.956
89.073
89.190
89.307
89.424
89.542
89.659
89.776
89.893
90.010
90.127
90.245
91.300
91.651
91.768
92.237
92.705
93.173
93.642
94.110
95.047
95.399
95.516
95.984
96.453
96.921
97.390
97.858
98.795
99.146
99.263
99.498
99.732
99.966
100.200
100.435
100.669
100.903
101.137
101.372
101.606
102.543
102.894
103.011
103.245
103.480
103.714
103.948
104.182
104.417
104.651
104.885
105.119
105.354
106.290
106.642
106.759
106.993
107.227
107.462
107.696
107.930
108.164
108.399
108.633
108.867
109.101
110.038
110.390
110.507
110.741
110.975
111.209
111.444
111.678
111.912
112.146
112.381
112.615
112.849
113.786
114.020
114.723
114.957
116.128
116.362
116.597
117.065
117.534
117.768
118.471
118.705
119.876
120.110
120.344
120.813
121.281
121.750
122.218
122.687
123.155
123.624
124.092
124.561
125.029
125.263
125.498
125.732
125.966
126.200
126.434
126.552
126.669
126.786
126.903
127.137
127.371
127.606
127.840
128.308
128.777
129.128
129.245
129.479
129.714
129.948
130.182
130.416
130.651
130.885
131.119
131.353
131.588
132.524
132.876
132.993
133.227
133.461
133.696
133.930
134.164
134.398
134.633
134.867
135.101
135.335
136.272
136.624
136.741
136.975
137.209
137.443
137.678
137.912
138.146
138.380
138.615
138.849
139.083
140.020
140.371
140.488
140.723
140.957
141.191
141.425
141.660
141.894
142.128
142.362
142.596
142.831
143.768
144.119
144.236
144.470
144.705
144.939
145.173
145.407
145.641
145.876
146.110
146.344
146.578
147.515
147.867
147.984
148.218
148.452
148.686
148.921
149.155
149.389
149.623
149.858
150.092
150.326
151.263
151.614
151.732
151.966
152.200
152.434
152.668
152.903
153.137
153.371
153.605
153.840
154.074
155.011
155.362
155.479
155.713
155.948
156.182
156.416
156.650
156.885
157.119
157.353
157.587
157.822
158.758
