35.608
35.756
35.904
36.052
36.200
36.422
37.827
37.975
38.123
38.271
38.419
38.641
38.789
40.047
40.195
40.343
40.491
40.639
41.008
42.266
42.414
42.562
42.710
42.858
43.080
43.228
44.486
44.633
44.781
44.929
45.077
45.447
46.113
46.705
46.853
47.001
47.149
47.297
47.519
47.667
48.333
48.924
49.072
49.220
49.368
49.516
49.886
50.552
51.144
51.292
51.440
51.588
51.736
51.958
52.106
52.771
53.784
54.084
54.383
54.683
61.350
61.495
61.640
61.785
61.931
62.076
62.221
62.366
62.511
62.656
62.801
62.946
63.091
63.236
63.381
63.526
63.672
64.421
65.017
65.612
66.207
66.802
67.398
67.993
68.588
69.183
69.779
70.374
70.969
71.564
72.160
72.755
73.195
73.342
73.489
73.783
73.929
74.076
74.370
74.517
74.663
74.810
74.957
75.104
75.251
75.544
75.691
75.838
76.132
76.279
76.425
76.719
76.866
77.013
77.160
77.306
77.453
77.600
77.894
78.040
78.187
78.481
78.628
78.775
79.068
79.215
79.362
79.509
79.656
79.802
79.949
80.243
80.390
80.537
80.830
80.977
81.124
81.417
81.564
81.711
81.858
82.005
82.152
82.298
82.633
83.227
83.821
84.415
85.009
85.602
86.196
86.790
87.384
87.978
88.572
89.166
89.760
90.354
90.948
91.542
92.136
92.285
92.433
92.731
92.880
93.029
93.326
93.475
93.624
93.922
94.070
94.219
94.517
94.666
94.814
95.112
95.261
95.410
95.707
95.856
96.005
96.303
96.451
96.600
96.898
97.047
97.195
97.493
97.642
97.791
98.088
98.237
98.386
98.684
98.832
98.981
99.279
99.428
99.577
99.874
100.023
100.172
100.469
100.618
100.767
101.065
101.214
101.362
101.660
101.809
101.958
102.255
102.404
102.553
102.851
102.999
103.148
103.446
103.595
103.743
104.041
104.190
104.339
104.636
104.785
104.934
105.232
105.380
105.529
105.827
105.976
106.124
106.422
106.571
106.720
107.017
107.166
107.315
107.613
107.761
107.910
108.208
108.357
108.506
108.803
108.952
109.101
109.398
109.547
109.696
109.994
110.142
110.291
110.589
110.738
110.887
111.184
111.333
111.482
111.779
111.928
112.077
112.375
112.524
112.672
112.821
112.970
113.119
113.268
113.565
113.714
113.863
114.161
114.309
114.458
114.756
114.905
115.053
115.202
115.351
115.500
115.649
115.946
116.095
116.244
116.542
116.690
116.839
117.137
117.286
117.434
117.583
117.732
117.881
118.030
118.327
118.476
118.625
118.923
119.071
119.220
119.518
119.668
119.818
119.968
120.117
120.267
120.417
121.058
121.355
121.652
121.949
122.246
122.543
122.840
123.137
123.434
123.731
124.028
124.325
124.622
124.919
125.216
125.513
125.810
126.107
126.404
126.701
126.998
127.296
127.593
127.890
128.187
128.484
128.781
129.078
129.375
129.672
129.969
130.266
130.563
130.860
131.157
131.454
131.751
132.048
132.345
132.642
132.939
133.236
133.533
133.830
134.127
134.424
134.721
135.018
135.315
135.612
135.909
136.207
136.504
136.801
137.098
137.395
137.542
137.690
137.838
137.985
138.133
138.281
138.428
138.576
138.724
138.872
139.019
139.167
139.315
139.462
139.610
139.758
139.905
140.053
140.201
140.348
140.496
140.644
140.791
140.939
141.087
141.235
141.831
142.425
143.019
143.613
144.207
144.800
145.394
145.988
146.582
147.176
147.770
148.364
148.958
149.255
149.403
149.551
149.848
149.996
150.144
150.441
150.589
150.737
151.034
151.182
151.330
151.627
151.775
151.924
152.220
152.368
152.517
152.813
152.961
153.110
153.406
153.555
153.703
153.999
154.148
154.296
154.592
154.741
154.889
155.186
155.334
155.482
155.779
155.927
156.075
156.372
156.520
156.668
156.965
157.113
157.261
157.558
157.706
157.854
158.151
158.299
158.448
158.744
158.892
159.041
159.337
159.485
159.634
159.930
160.079
160.227
160.523
160.672
160.820
161.116
161.265
161.413
161.710
161.858
162.006
162.303
162.451
162.599
162.896
163.044
163.192
163.489
163.637
163.785
164.082
164.230
164.378
164.675
164.823
164.972
165.268
165.416
165.565
165.861
166.009
166.158
166.454
166.603
166.751
167.047
167.196
167.344
167.640
167.789
167.937
168.234
168.382
168.530
168.827
168.975
169.123
169.420
169.568
169.716
169.865
170.013
170.161
170.309
170.606
170.754
170.902
171.199
171.347
171.496
171.792
171.940
172.089
172.237
172.385
172.533
172.682
172.978
173.127
173.275
173.571
173.720
173.868
174.165
174.313
174.461
174.609
174.758
174.906
175.054
175.351
175.499
175.647
175.944
176.092
176.240
176.537
176.685
176.833
176.982
177.130
177.278
177.427
178.095
178.392
178.689
178.986
179.283
179.580
179.877
180.174
180.471
180.768
181.065
181.362
181.659
181.957
182.254
182.551
182.848
183.145
183.442
183.739
184.036
184.333
184.630
184.927
185.224
185.521
185.818
186.115
186.412
186.709
187.006
187.303
187.600
187.897
188.194
188.492
188.789
189.086
189.383
189.680
189.977
190.274
190.571
190.868
191.165
191.462
191.759
192.056
192.353
192.650
192.947
193.244
193.541
193.838
194.135
194.432
194.581
194.729
194.877
195.025
195.173
195.321
195.469
195.617
195.765
195.913
196.061
196.209
196.357
196.505
196.653
196.801
196.949
197.097
197.245
197.393
197.541
197.689
197.837
197.985
198.133
198.499
199.095
199.691
200.287
200.883
201.479
202.075
202.671
203.267
203.863
204.459
205.056
205.652
206.248
206.844
207.142
207.439
207.737
208.035
208.333
208.631
208.928
209.226
209.524
209.822
210.119
210.417
210.715
211.013
211.311
211.608
211.906
212.204
212.502
212.800
213.097
213.395
213.693
213.991
214.289
214.586
214.884
215.182
215.480
215.778
216.075
216.373
216.671
216.969
217.266
217.564
217.862
218.160
218.458
218.755
219.053
219.351
219.649
219.947
220.244
220.542
220.840
221.138
221.436
221.733
222.031
222.329
222.627
222.925
223.222
223.520
223.818
224.116
224.413
224.711
225.009
225.307
225.455
225.604
225.900
226.049
226.197
226.494
226.642
226.791
226.939
227.087
227.236
227.384
227.681
227.829
227.978
228.275
228.423
228.571
228.868
229.016
229.165
229.313
229.462
229.610
229.758
230.055
230.203
230.352
230.649
230.797
230.945
231.242
231.391
231.539
231.687
231.836
231.984
232.132
232.429
232.578
232.726
233.023
233.171
233.320
233.616
233.765
233.913
234.061
234.210
234.358
234.507
234.883
235.180
235.478
235.775
236.072
236.369
236.667
236.964
237.261
237.558
237.856
238.153
238.450
238.747
239.045
239.342
239.639
239.936
240.234
240.531
240.828
241.125
241.423
241.720
242.017
242.314
242.612
242.909
243.206
243.504
243.801
244.098
244.327
244.477
244.628
244.778
244.929
245.079
245.230
245.380
245.531
245.681
245.832
245.982
246.133
246.283
246.434
246.584
246.735
246.885
247.036
247.186
247.337
247.487
247.638
247.788
247.939
248.089
248.239
248.390
248.540
248.691
248.841
248.992
249.142
249.293
249.443
249.594
249.744
249.895
250.045
250.196
250.346
250.497
250.647
250.798
250.948
251.099
251.249
251.400
251.550
251.701
251.851
252.002
252.152
252.303
252.453
252.604
252.754
252.905
253.055
253.206
253.356
253.507
253.657
253.808
253.958
254.109
254.259
254.410
254.560
254.711
254.911
255.527
255.684
255.841
255.999
256.156
256.785
257.415
258.044
258.201
258.359
258.516
258.674
259.303
259.933
260.563
260.720
260.878
261.035
261.192
261.822
262.452
263.081
263.239
263.396
263.554
263.711
264.341
264.970
265.600
265.757
265.915
266.072
266.230
266.859
267.489
268.119
268.276
268.433
268.591
268.748
269.378
270.008
270.637
270.795
270.952
271.109
271.267
271.897
272.526
273.156
273.313
273.471
273.628
273.786
274.415
275.045
275.675
275.832
275.989
276.147
276.304
276.934
277.564
278.193
278.351
278.508
278.665
278.823
279.453
280.082
280.712
280.869
281.027
281.184
281.341
281.971
282.601
283.230
283.388
283.545
283.703
283.860
284.490
285.119
285.749
285.907
286.064
286.221
286.379
287.008
287.638
288.268
288.425
288.583
288.740
288.897
289.527
290.157
290.786
290.944
291.101
291.259
291.416
292.046
292.675
293.305
293.462
293.620
293.777
293.935
294.564
295.194
295.824
296.420
297.017
297.613
298.210
298.807
299.403
300.000
300.596
301.193
301.790
302.386
302.537
302.687
302.988
303.138
303.289
303.590
303.740
303.891
304.192
304.342
304.492
304.793
304.944
305.094
305.395
305.546
305.696
305.997
306.147
306.298
306.599
306.749
306.899
307.200
307.351
307.501
307.802
307.953
308.103
308.404
308.554
308.705
309.006
309.156
309.307
309.607
309.758
309.908
310.209
310.360
310.510
310.811
310.961
311.112
311.413
311.563
311.714
312.014
312.165
312.315
312.616
312.767
312.917
313.218
313.368
313.519
313.820
313.970
314.121
314.422
314.572
314.722
315.023
315.174
315.324
315.625
315.775
315.926
316.227
316.377
316.528
316.829
316.979
317.129
317.430
317.581
317.731
318.032
318.183
318.333
318.634
318.784
318.935
319.236
319.386
319.537
319.837
319.988
320.138
320.439
320.590
320.740
321.041
321.191
321.342
321.643
321.793
321.944
322.244
322.395
322.545
322.846
322.997
323.147
323.298
323.448
323.598
323.749
324.050
324.200
324.351
324.652
324.802
324.952
325.253
325.404
325.554
325.705
325.855
326.005
326.156
326.457
326.607
326.758
327.059
327.209
327.359
327.660
327.811
327.961
328.112
328.262
328.413
328.563
328.864
329.014
329.165
329.466
329.616
329.766
330.067
330.218
330.368
330.519
330.669
330.820
330.970
331.572
331.869
332.167
332.464
332.761
333.059
333.356
333.654
333.951
334.248
334.546
334.843
335.141
335.438
335.735
336.033
336.330
336.628
336.925
337.222
337.520
337.817
338.115
338.412
338.710
339.007
339.304
339.602
339.899
340.197
340.494
340.791
341.089
341.386
341.684
341.981
342.278
342.576
342.873
343.171
343.468
343.765
344.063
344.360
344.658
344.955
345.252
345.550
345.847
346.145
346.442
346.739
347.037
347.334
347.632
347.929
348.081
348.233
348.386
348.538
348.690
348.842
348.994
349.147
349.299
349.451
349.603
349.755
349.907
350.060
350.212
350.364
350.516
350.668
350.820
350.973
351.125
351.277
351.429
351.581
351.986
352.576
353.166
353.756
354.345
354.935
355.525
356.115
356.705
357.295
357.884
358.474
359.064
359.654
360.154
360.452
360.750
361.047
361.345
361.642
361.940
362.238
362.535
362.833
363.131
363.428
363.726
364.024
364.321
364.619
364.917
365.214
365.512
365.809
366.107
366.405
366.702
367.000
367.298
367.595
367.893
368.191
368.488
368.786
369.083
369.381
369.679
369.976
370.274
370.572
370.869
371.167
371.465
371.762
372.060
372.357
372.655
372.953
373.250
373.548
373.846
374.143
374.441
374.739
375.036
375.334
375.631
375.929
376.227
376.524
376.822
377.120
377.417
377.715
378.013
378.310
378.608
378.905
379.203
379.693
380.002
380.311
380.466
382.168
382.477
382.787
382.941
384.643
384.952
385.262
385.416
387.118
387.428
387.737
387.892
389.593
389.903
390.212
390.367
392.069
392.378
392.687
392.842
394.544
394.853
395.163
395.317
397.019
397.328
397.638
397.792
399.174
399.327
399.479
399.631
399.784
400.012
401.460
401.612
401.765
401.917
402.069
402.298
402.450
403.745
403.898
404.050
404.203
404.355
404.583
406.031
406.183
406.336
406.488
406.641
406.869
407.021
408.317
408.469
408.621
408.774
408.926
409.307
409.993
410.602
410.755
410.907
411.059
411.212
411.440
411.593
412.278
412.888
413.040
413.193
413.345
413.497
413.878
414.564
415.174
415.338
415.503
415.668
415.832
416.080
416.244
416.986
419.695
419.844
419.994
420.143
420.293
420.442
420.592
420.742
420.891
421.041
421.190
421.340
421.489
421.639
421.788
421.938
422.087
422.237
422.387
422.536
422.686
422.835
422.985
423.134
423.284
423.433
423.583
423.733
423.882
424.032
424.181
424.331
424.480
424.630
424.779
424.929
425.078
425.228
425.378
425.527
425.677
425.826
425.976
426.125
426.275
426.424
426.574
426.724
426.873
427.023
427.172
427.322
427.471
427.621
427.770
427.920
428.069
428.219
428.369
428.518
428.668
428.817
428.967
429.116
429.266
429.415
429.565
429.714
429.864
430.014
430.163
430.313
430.462
430.612
430.761
430.911
431.060
431.210
431.360
431.509
431.659
431.808
431.958
432.107
432.257
432.406
432.556
432.705
432.855
433.005
433.154
433.304
433.453
433.603
433.752
433.902
434.051
434.201
434.351
434.500
434.650
434.799
434.949
435.098
