0.234
0.702
1.171
1.640
2.109
2.577
3.046
3.515
3.984
4.452
4.921
5.390
5.859
6.327
6.796
7.265
7.733
8.202
8.671
9.140
9.608
10.077
10.546
11.015
11.483
11.952
12.421
12.890
13.358
13.827
14.296
14.765
15.233
15.702
16.171
16.640
17.108
17.577
18.046
18.514
18.983
19.452
19.921
20.389
20.858
21.327
21.796
22.264
22.733
23.202
23.671
24.139
24.608
25.077
25.546
26.014
26.483
26.952
27.420
27.889
28.358
28.827
29.295
29.764
30.233
30.702
31.170
31.639
32.108
32.577
33.045
33.280
33.514
33.748
33.983
34.452
34.920
35.389
35.858
36.326
36.795
37.030
37.264
37.498
37.733
38.201
38.670
39.139
39.608
40.076
40.545
40.779
41.014
41.248
41.483
41.951
42.420
42.889
43.358
43.826
44.295
44.764
45.233
45.701
46.170
46.639
47.107
47.576
48.045
48.279
48.514
48.748
48.982
49.451
49.920
50.389
50.857
51.326
51.795
52.029
52.264
52.498
52.732
53.201
53.670
54.139
54.607
55.076
55.545
55.779
56.013
56.248
56.482
56.951
57.420
57.888
58.357
58.826
59.295
59.529
59.763
59.998
60.232
60.466
60.701
60.935
61.170
62.107
62.576
63.045
63.982
64.216
64.451
64.685
64.919
65.857
66.326
66.794
67.732
67.966
68.201
68.435
68.669
69.607
70.076
70.544
71.482
71.716
71.951
72.185
72.419
73.357
73.825
74.294
75.232
75.700
76.169
76.638
77.107
77.575
78.044
78.279
78.513
78.747
78.982
79.450
79.919
80.388
80.857
81.325
81.794
82.028
82.263
82.497
82.732
83.200
83.669
84.138
84.606
85.075
85.544
85.778
86.013
86.247
86.481
86.950
87.419
87.888
88.356
88.825
89.294
89.528
89.763
89.997
90.231
90.466
90.700
90.934
91.169
91.403
91.638
91.872
92.106
92.575
93.044
93.981
94.216
94.450
94.684
94.919
95.856
96.325
96.794
97.731
97.965
98.200
98.434
98.669
99.606
100.075
100.544
101.481
101.715
101.950
102.184
102.418
103.356
103.825
104.293
105.231
105.465
105.700
105.934
106.168
107.106
107.575
108.043
108.512
108.981
109.918
110.856
111.793
112.731
113.199
113.668
114.137
114.606
115.074
115.543
116.012
116.481
116.949
117.418
117.887
118.356
118.824
119.293
119.762
120.231
120.699
121.168
121.637
122.105
122.574
123.043
123.512
123.980
124.449
124.918
125.387
125.855
126.324
126.793
127.262
127.730
128.199
128.668
129.137
129.605
130.074
130.543
131.011
131.480
131.949
132.418
132.886
133.355
133.824
134.293
134.761
135.230
135.699
136.168
136.636
137.105
137.574
138.043
138.511
138.980
139.449
139.917
140.386
140.855
141.089
141.324
141.558
141.792
142.730
143.199
143.667
144.605
144.839
145.074
145.308
145.542
146.480
146.949
147.417
148.355
148.589
148.824
149.058
149.292
150.230
150.698
151.167
152.105
152.339
152.573
152.808
153.042
153.980
154.448
154.917
155.855
156.323
156.792
157.261
157.730
158.198
158.667
158.901
159.136
159.370
159.604
160.073
160.542
161.011
161.479
161.948
162.417
162.651
162.886
163.120
163.354
163.823
164.292
164.761
165.229
165.698
166.167
166.401
166.636
166.870
167.104
167.573
168.042
168.510
168.979
169.448
169.917
170.151
170.385
170.620
170.854
171.089
171.323
171.557
171.792
172.729
173.198
173.667
174.604
174.838
175.073
175.307
175.542
176.479
176.948
177.417
178.354
178.588
178.823
179.057
179.291
180.229
180.698
181.166
182.104
182.338
182.573
182.807
183.041
183.979
184.448
184.916
185.385
185.854
186.323
186.791
187.260
187.729
188.197
188.666
188.901
189.135
189.369
189.604
190.072
190.541
191.010
191.479
191.947
192.416
192.650
192.885
193.119
193.354
193.822
194.291
194.760
195.229
195.697
196.166
196.400
196.635
196.869
197.103
197.572
198.041
198.510
198.978
199.447
199.916
200.150
200.385
200.619
200.853
201.088
201.322
201.556
201.791
202.025
202.260
202.494
202.728
203.197
203.666
204.135
204.603
204.838
205.072
205.306
205.541
206.478
206.947
207.416
207.650
207.884
208.119
208.353
208.588
208.822
209.056
209.291
210.228
210.697
211.166
211.400
211.634
211.869
212.103
212.337
212.572
212.806
213.041
213.978
214.447
214.916
215.150
215.384
215.619
215.853
216.087
216.322
216.556
216.790
217.728
218.197
218.665
219.134
219.603
220.072
220.540
221.009
221.478
222.415
223.353
225.228
227.103
227.571
228.040
228.509
228.978
229.915
230.853
232.728
234.602
235.071
235.540
236.009
236.477
237.415
238.352
240.227
242.102
242.571
243.040
243.509
243.977
244.915
245.852
247.727
249.602
251.477
251.711
251.946
252.180
252.415
253.352
253.821
254.289
254.524
254.758
254.993
255.227
255.461
255.696
255.930
256.164
257.102
257.571
258.039
258.274
258.508
258.742
258.977
259.211
259.446
259.680
259.914
260.852
261.321
261.789
262.024
262.258
262.492
262.727
262.961
263.195
263.430
263.664
264.602
265.070
265.539
265.774
266.008
266.242
266.477
266.711
266.945
267.180
267.414
268.352
268.820
269.289
269.523
269.758
269.992
270.227
270.461
270.695
270.930
271.164
272.101
272.570
273.039
273.273
273.508
273.742
273.976
274.445
274.914
275.383
275.851
276.320
276.789
277.258
277.726
278.195
278.664
279.133
279.601
280.070
280.539
281.008
281.476
281.945
282.414
282.882
283.351
283.820
284.289
284.757
285.226
285.695
286.164
286.632
287.101
287.570
288.039
288.507
288.976
289.445
289.914
290.382
290.851
291.320
291.788
292.257
292.726
293.195
293.663
294.132
294.601
295.070
295.538
296.007
296.476
296.945
297.413
297.882
298.351
298.820
299.288
299.757
300.226
300.694
301.163
301.632
302.101
302.569
303.038
303.507
303.976
304.444
304.913
305.382
305.851
306.319
306.788
307.257
307.726
308.194
308.663
309.132
309.601
310.069
310.538
311.007
311.475
311.944
312.413
312.882
313.350
313.819
314.288
314.757
315.225
315.694
316.163
316.632
317.100
317.569
318.038
318.507
318.975
319.444
319.913
320.381
320.850
321.319
321.788
322.256
322.725
323.194
323.663
324.131
324.600
325.069
325.538
326.006
326.475
326.944
327.413
327.881
328.350
328.819
329.287
329.756
330.225
330.694
331.162
331.631
332.100
332.569
333.039
333.509
333.978
334.447
334.916
335.384
335.852
336.319
336.785
337.252
337.717
338.183
338.648
339.112
339.576
340.039
340.502
340.965
341.427
341.889
342.350
342.810
343.271
343.730
344.190
344.649
345.107
345.565
346.022
346.479
346.936
347.392
347.848
348.303
348.758
349.212
349.666
350.119
350.572
351.024
351.476
351.928
352.379
352.829
353.279
353.729
354.178
354.627
355.075
355.523
355.970
356.417
356.863
357.309
357.755
358.200
358.645
359.089
359.532
359.975
360.418
360.860
361.302
361.744
362.184
362.625
363.065
363.504
363.943
364.382
364.820
365.258
365.695
366.132
366.568
367.004
367.439
367.874
368.308
368.742
369.176
369.609
370.042
370.474
370.905
371.337
371.767
372.198
372.627
373.057
373.486
373.914
374.342
374.770
375.197
375.623
376.049
376.475
376.900
377.325
377.749
378.173
378.597
379.019
379.442
379.864
380.285
380.707
381.127
381.547
381.967
382.386
382.805
383.223
383.641
384.058
384.475
384.892
385.308
385.723
386.138
386.553
386.967
387.381
387.794
388.207
388.619
389.031
389.443
389.853
390.264
390.674
391.083
391.493
391.901
392.309
392.717
393.124
393.531
393.937
394.343
394.749
395.154
395.558
395.962
396.366
396.769
397.171
397.574
397.975
398.377
398.777
399.178
399.578
399.977
400.376
400.774
401.172
401.570
401.967
402.364
402.760
403.156
403.551
403.946
404.340
404.734
405.127
405.520
405.913
406.305
406.696
407.088
407.478
407.868
408.258
408.647
409.036
409.425
409.812
410.200
410.587
410.973
411.359
411.745
412.130
412.515
412.899
413.283
413.666
414.049
414.431
414.813
415.195
415.576
415.956
416.336
416.716
417.095
417.474
417.852
418.229
418.607
418.984
419.360
419.736
420.111
420.486
420.861
421.235
421.609
421.982
422.354
422.727
423.098
423.470
423.840
424.211
424.581
424.950
425.319
425.688
426.056
426.423
426.791
427.157
427.524
427.889
428.255
428.619
428.984
429.348
429.711
430.074
430.437
430.799
431.161
431.522
431.882
432.243
432.602
432.962
433.321
433.679
434.037
434.394
434.751
435.108
435.464
435.820
436.175
436.530
436.884
437.238
437.591
437.944
438.296
438.648
439.000
439.351
439.701
440.051
440.401
440.750
441.099
441.447
441.795
442.142
442.489
442.836
443.182
443.527
443.872
444.217
444.561
444.904
445.248
445.590
445.933
446.274
446.616
446.957
447.297
447.637
447.977
448.316
448.654
448.992
449.330
449.667
450.004
450.340
450.676
451.011
451.346
451.681
452.015
452.348
452.681
453.014
453.346
453.678
454.009
454.340
454.670
455.000
455.329
455.658
455.987
456.315
456.642
456.969
457.296
457.622
457.948
458.273
458.598
458.922
459.246
459.569
459.892
460.214
460.536
460.858
461.179
461.500
461.820
462.140
462.459
462.778
463.096
463.414
463.731
464.048
464.364
464.680
464.996
465.311
465.626
465.940
466.254
466.567
466.880
467.192
467.504
467.815
468.126
468.437
468.747
469.056
469.365
469.674
469.982
470.290
470.597
470.904
471.210
471.516
471.821
472.126
472.431
472.735
473.038
473.342
473.644
473.946
474.248
474.549
474.850
475.150
475.450
475.750
476.049
476.347
476.645
476.943
477.240
477.537
477.833
478.129
478.424
478.719
479.013
479.307
479.600
479.893
480.186
480.478
480.769
481.060
481.351
481.641
481.931
482.220
482.509
482.798
483.085
483.373
483.660
483.946
484.232
484.518
484.803
485.088
485.372
485.656
485.939
486.222
486.504
486.786
487.068
487.349
487.629
487.909
488.189
488.468
488.747
489.025
489.303
489.580
489.857
490.133
490.409
490.684
490.959
491.234
491.508
491.782
492.055
492.328
492.600
492.872
493.143
493.414
493.684
493.954
494.223
494.492
494.761
495.029
495.297
495.564
495.831
496.097
496.363
496.628
496.893
497.157
497.421
497.685
497.948
498.210
498.472
498.734
498.995
499.256
499.516
499.776
500.035
500.294
500.552
500.810
501.068
501.325
501.581
501.838
502.093
502.348
502.603
502.857
503.111
503.364
503.617
503.870
504.122
504.373
504.624
504.875
505.125
505.375
505.624
505.872
506.121
506.369
506.616
506.863
507.109
507.355
507.601
507.846
508.090
508.334
508.578
508.821
509.064
509.306
509.548
509.789
510.030
510.271
510.511
510.750
510.989
511.228
511.466
511.704
511.941
512.178
512.414
512.650
512.885
513.120
513.355
513.589
513.822
514.055
514.288
514.520
514.752
514.983
515.213
515.444
515.674
515.903
516.132
516.360
516.588
516.816
517.043
517.270
517.496
517.721
517.947
518.171
518.396
518.620
518.843
519.066
519.288
519.510
519.732
519.953
520.174
520.394
520.613
520.833
521.051
521.270
521.488
521.705
521.922
522.138
522.354
522.570
522.785
523.000
523.214
523.428
523.641
523.854
524.066
524.278
524.489
524.700
524.911
525.121
525.330
525.539
525.748
525.956
526.164
526.371
526.578
526.784
526.990
527.196
527.400
527.605
527.809
528.013
528.216
528.418
528.621
528.822
529.024
529.224
529.425
529.625
529.824
530.023
530.221
530.419
530.617
530.814
531.011
531.207
531.403
531.598
531.793
531.987
532.181
532.375
532.568
532.760
532.952
533.144
533.335
533.525
533.716
533.905
534.095
534.284
534.472
534.660
534.847
535.034
535.221
535.407
535.592
535.778
535.962
536.146
536.330
536.514
536.696
536.879
537.061
537.242
537.423
537.604
537.784
537.963
538.142
538.321
538.499
538.677
538.854
539.031
539.208
539.384
539.559
539.734
539.909
540.083
540.256
540.429
540.602
540.774
540.946
541.117
541.288
541.459
541.629
541.798
541.967
542.136
542.304
542.471
542.639
542.805
542.971
543.137
543.303
543.467
543.632
543.796
543.959
544.122
544.285
544.447
544.609
544.770
544.931
545.091
