90.090
90.757
91.425
92.092
92.759
93.427
94.094
94.761
95.429
96.096
96.763
97.431
98.098
98.765
99.433
100.100
100.767
101.101
101.435
101.735
102.069
102.402
102.736
103.070
103.403
103.737
104.071
104.404
104.738
105.072
105.405
105.739
106.073
106.406
106.740
107.074
107.407
107.741
108.075
108.408
108.742
109.076
109.409
109.743
110.077
110.410
110.744
111.078
111.411
111.745
112.079
112.412
112.746
113.080
113.413
113.747
114.081
114.414
114.748
115.082
115.415
115.749
116.083
116.416
116.750
117.084
117.417
117.751
118.085
118.452
118.752
119.086
119.419
119.753
120.087
120.420
120.754
121.088
121.421
121.755
122.089
122.756
123.423
124.091
124.458
124.758
125.425
126.093
126.760
127.427
128.095
128.762
129.429
129.763
130.097
130.764
131.431
132.099
132.766
133.433
134.101
134.768
135.102
135.435
136.103
136.770
137.437
138.105
138.772
139.439
140.107
140.440
140.774
141.441
142.109
142.776
143.410
143.744
144.077
144.444
144.778
145.078
145.412
145.746
146.079
146.413
146.747
147.080
147.414
147.747
148.081
148.415
148.748
149.082
149.416
149.749
150.083
150.417
150.751
151.084
151.418
151.752
152.085
152.419
152.753
153.086
153.420
153.754
155.422
156.089
156.757
157.090
157.424
158.091
158.759
159.426
159.760
160.093
160.761
161.428
162.095
162.429
162.763
163.430
164.097
164.765
165.098
165.432
166.099
166.767
167.434
167.768
168.101
168.735
169.402
170.070
170.403
170.771
171.404
172.072
172.739
173.106
173.406
174.074
174.741
176.743
177.110
177.444
178.111
178.445
178.778
179.446
179.779
180.113
180.780
181.114
181.448
182.115
182.449
182.782
183.450
183.783
184.117
184.784
185.118
185.452
186.119
186.453
186.786
187.420
187.754
188.088
188.755
189.089
189.422
190.090
190.423
190.757
191.424
191.758
192.092
192.759
193.093
193.426
194.094
194.427
194.761
195.428
195.762
196.096
196.763
197.097
197.430
198.098
198.765
199.432
200.100
200.433
200.767
201.434
202.102
202.769
203.436
204.104
204.771
205.438
205.772
206.106
206.773
207.407
208.074
208.775
209.442
210.110
210.777
211.111
211.411
212.078
212.746
213.413
214.080
214.748
215.415
216.082
216.416
216.750
217.417
218.084
218.752
219.419
219.753
220.086
220.420
220.754
221.087
221.421
221.617
221.788
221.959
222.129
222.422
222.756
223.089
223.423
223.757
224.090
224.424
224.758
225.091
225.425
225.759
226.092
226.426
226.760
226.945
227.116
227.292
227.462
227.761
228.094
228.428
228.762
229.095
229.429
229.763
230.096
230.430
230.764
231.097
231.431
231.765
232.098
232.299
232.432
232.632
232.766
233.099
233.433
233.767
234.100
234.434
234.768
235.101
235.435
235.769
236.102
236.436
236.770
237.103
237.437
237.637
237.771
237.960
238.130
238.438
238.772
239.105
239.439
239.773
240.106
240.440
240.774
241.107
241.441
241.775
242.108
242.442
242.776
242.951
243.122
243.280
243.451
243.777
244.110
244.444
244.778
245.111
245.445
245.779
246.112
246.446
246.780
247.113
247.414
247.747
248.081
248.415
248.782
248.915
249.082
249.249
249.449
249.583
249.749
249.916
250.083
250.250
250.450
250.584
250.750
250.917
251.084
251.251
252.786
253.119
253.453
253.787
254.087
254.421
254.754
255.088
255.422
255.755
256.089
256.423
256.756
257.090
257.424
257.757
258.091
258.425
258.758
259.092
259.426
259.759
260.093
260.427
260.760
261.094
261.428
261.761
262.095
262.429
262.762
263.096
263.430
263.763
264.097
264.431
264.764
265.098
265.432
265.765
266.099
266.433
266.766
267.100
267.434
267.767
268.101
268.435
268.768
269.102
269.436
269.769
270.103
270.437
270.770
271.104
274.107
274.441
274.774
275.108
275.442
275.775
276.109
276.443
276.776
277.110
277.444
277.777
278.078
278.411
278.745
279.079
279.412
279.746
280.080
280.413
280.747
281.081
281.414
281.748
282.082
282.415
282.749
283.083
283.416
283.750
284.084
284.417
284.751
285.085
285.418
285.752
286.086
286.419
286.753
287.087
287.420
287.754
288.088
288.421
288.755
289.089
289.422
289.756
290.090
290.423
290.757
291.091
291.424
291.758
292.092
292.425
292.759
293.093
293.426
293.760
294.094
294.427
294.761
295.095
295.428
295.595
295.761
295.928
296.095
296.261
296.428
296.594
296.761
296.927
297.094
297.260
297.427
297.594
297.760
297.927
298.093
298.260
298.426
298.593
298.759
298.926
299.093
299.259
299.426
299.592
299.759
299.925
300.092
300.258
300.425
300.591
300.758
300.925
301.091
301.258
301.424
301.591
301.757
301.924
302.090
302.257
302.424
302.590
302.757
302.923
303.090
303.256
303.423
303.589
303.756
303.923
304.089
304.256
304.422
304.589
304.755
304.922
305.088
305.255
305.422
305.588
305.755
305.921
306.088
306.254
306.421
306.587
306.754
306.920
307.087
307.254
307.420
307.587
307.753
307.920
308.086
308.253
308.419
308.586
308.753
308.919
309.086
309.252
309.419
309.585
309.752
309.918
310.085
310.252
310.418
310.585
310.751
310.918
311.084
311.251
311.417
311.584
311.751
311.917
312.084
312.250
312.417
312.583
312.750
312.916
313.083
313.249
313.416
313.583
313.749
313.916
314.082
314.249
314.415
314.582
314.748
314.915
315.082
315.248
315.415
316.082
316.783
317.450
318.118
318.785
319.452
320.120
320.787
321.454
322.122
322.756
323.423
324.090
324.758
325.425
326.092
326.760
327.427
328.094
328.762
329.429
330.096
330.764
331.431
332.098
332.766
333.433
334.100
334.768
335.435
336.102
336.770
337.437
338.104
398.732
399.299
399.866
400.433
401.001
401.568
402.168
402.736
403.303
403.870
404.437
405.005
405.572
406.139
406.740
407.307
407.874
408.441
409.009
409.576
410.143
410.710
411.311
411.878
412.445
413.013
413.580
414.147
414.714
415.281
415.882
416.449
417.017
417.584
418.151
418.718
419.285
419.853
420.453
421.021
421.588
422.155
422.722
423.289
423.857
424.424
425.025
425.592
426.159
426.459
426.726
427.027
427.293
427.594
427.861
428.161
428.428
428.728
428.995
429.295
429.596
429.863
430.163
430.430
430.730
430.997
431.297
431.598
431.898
432.165
432.432
432.732
432.999
435.301
435.869
436.436
437.003
437.570
438.171
438.738
439.305
439.873
440.440
441.007
441.574
442.142
442.742
443.309
443.877
444.444
445.011
445.578
446.146
446.713
447.313
447.881
448.448
449.015
449.582
450.150
450.717
453.586
454.154
454.721
455.021
455.288
455.889
456.456
457.023
457.290
457.590
458.158
458.725
459.292
459.592
459.859
460.460
461.027
461.594
461.861
462.162
462.729
463.296
463.863
464.164
464.431
465.031
465.598
466.166
466.433
466.733
467.300
467.867
468.435
468.735
469.002
471.871
473.006
474.174
475.308
476.443
477.577
478.745
479.879
481.014
482.148
483.316
484.451
485.585
486.719
487.887
489.022
490.156
490.723
491.291
491.858
492.459
493.026
493.593
494.160
494.727
495.295
495.862
496.429
497.030
497.597
498.164
498.731
499.299
499.866
500.433
501.000
501.601
502.168
502.735
503.303
503.870
504.437
505.004
505.572
506.172
506.739
507.307
507.874
508.441
509.008
509.576
510.176
510.743
511.311
511.878
512.479
513.012
513.580
514.147
514.714
515.315
515.849
517.617
518.751
519.886
521.020
522.155
523.323
524.457
525.592
526.726
527.894
529.028
530.163
531.297
532.432
533.600
534.734
535.869
536.469
537.003
537.570
538.171
538.738
539.305
539.873
540.440
541.007
541.608
542.142
542.742
543.309
543.877
544.444
545.011
545.311
545.578
545.879
546.146
546.446
546.746
547.013
547.313
547.614
547.881
548.148
548.448
548.715
549.015
549.282
549.582
549.883
550.150
550.450
550.750
551.017
551.284
551.584
551.885
554.154
554.454
554.721
555.288
555.588
555.889
556.456
556.723
557.023
557.590
557.857
558.158
558.758
559.025
559.292
559.859
560.160
560.460
561.027
561.294
561.594
562.162
562.428
562.729
563.296
563.596
563.897
564.430
564.731
565.031
565.598
565.899
566.166
566.733
567.000
567.300
567.867
568.168
568.434
569.002
569.302
569.602
570.170
570.737
571.304
571.871
572.472
572.739
573.006
573.306
573.573
573.873
574.174
574.440
574.741
575.041
575.308
575.608
575.875
576.176
576.442
576.743
577.010
577.310
577.610
577.877
578.178
578.444
578.745
579.012
579.312
579.612
579.879
580.146
580.446
580.747
581.014
581.314
581.614
581.881
582.148
582.448
582.749
583.016
583.316
583.616
583.883
584.150
584.450
584.751
585.018
585.318
585.585
585.885
586.152
586.452
586.719
587.020
587.287
587.587
587.887
588.154
588.454
588.721
589.022
589.289
589.589
589.856
590.156
590.456
590.723
591.291
591.858
592.425
593.026
593.593
594.160
594.727
595.295
595.862
596.429
596.996
597.597
598.164
598.731
599.299
599.866
600.433
601.000
601.601
602.168
602.735
603.303
603.870
604.437
605.004
605.572
606.139
606.739
607.307
607.874
608.441
609.008
659.392
659.859
660.293
660.760
661.227
661.694
662.161
662.629
663.096
663.529
663.997
664.464
664.931
665.398
665.832
666.332
666.799
667.233
667.700
668.167
668.601
669.068
669.569
670.003
670.470
670.937
671.404
671.838
672.305
672.772
673.239
673.706
674.140
674.607
675.074
675.308
675.541
676.009
676.476
676.909
677.143
677.377
677.844
678.311
678.778
679.012
679.245
679.679
680.146
680.613
680.847
681.080
681.547
682.015
682.448
682.682
682.915
683.383
683.850
684.317
684.550
684.784
685.218
685.685
686.152
686.386
686.619
687.086
687.553
687.987
688.221
688.454
688.921
689.389
689.856
690.089
690.290
690.757
691.224
691.691
691.924
692.158
692.625
693.059
693.526
693.760
693.993
694.460
694.927
695.395
695.628
695.828
696.296
696.763
697.230
697.463
697.697
698.164
698.598
699.065
699.299
699.532
699.999
700.466
700.933
701.167
701.367
701.834
702.302
702.769
703.002
703.236
711.077
711.306
711.535
711.763
711.992
712.221
712.450
712.679
713.379
713.610
713.841
714.072
714.303
714.534
714.765
714.996
715.227
715.458
715.689
715.920
716.151
716.382
717.083
717.314
717.545
717.776
718.007
718.238
718.469
718.700
718.931
719.162
719.393
719.624
719.855
720.086
720.753
720.987
721.220
721.454
721.688
721.921
722.155
722.388
722.622
722.855
723.056
723.289
723.523
723.756
723.990
724.223
724.457
724.691
724.924
725.158
725.825
726.059
726.292
726.526
726.759
726.993
727.226
727.460
728.161
728.394
728.594
728.828
729.062
729.295
729.529
729.762
729.996
730.229
730.463
730.697
730.930
731.164
731.831
732.065
732.298
732.532
732.765
732.999
733.232
733.466
733.700
733.933
734.133
734.367
734.634
734.834
735.535
735.768
736.002
736.235
736.469
736.703
736.903
737.136
737.370
737.603
737.837
738.071
738.304
738.538
738.738
739.005
739.238
739.472
739.706
739.906
740.139
740.373
740.606
741.541
742.442
743.376
744.310
745.211
746.145
747.080
747.980
748.915
749.849
750.750
751.684
752.618
753.519
754.454
755.388
756.289
757.223
758.157
759.058
759.992
760.927
761.828
762.762
763.696
764.597
765.531
766.466
767.366
768.301
769.235
769.669
769.902
770.136
770.603
771.070
771.537
772.004
772.472
772.939
773.406
773.840
774.307
774.774
775.208
775.675
776.142
776.609
777.076
777.543
777.977
778.444
778.911
779.379
779.846
780.313
780.747
781.214
781.681
782.148
782.615
783.049
783.516
783.983
784.450
784.917
785.385
785.852
786.285
786.753
787.220
787.687
788.154
788.621
789.055
789.522
789.989
790.456
790.923
791.357
791.824
792.291
792.759
793.226
793.693
794.160
794.594
795.061
795.528
795.995
796.462
796.896
797.363
797.830
798.297
798.765
799.232
799.465
799.699
799.932
800.166
800.400
800.600
800.833
801.067
801.300
801.534
801.768
802.001
802.235
802.468
802.935
803.369
803.603
803.836
804.070
804.303
804.537
804.771
805.004
805.238
805.471
805.705
805.938
806.139
806.606
807.106
807.306
807.540
807.774
808.007
808.241
808.474
808.708
808.908
809.142
809.375
809.609
809.842
810.309
810.777
811.010
811.244
811.477
811.677
811.911
812.178
812.378
812.645
812.845
813.079
813.312
813.546
814.013
814.447
814.680
814.914
815.148
815.381
815.615
815.848
816.082
816.315
816.549
816.783
816.983
817.216
817.683
818.151
818.384
818.618
818.851
819.085
819.318
819.552
819.752
819.986
820.219
820.453
820.686
820.920
821.387
821.854
822.088
822.321
822.522
822.755
822.989
823.222
823.456
823.689
823.923
824.157
824.390
824.624
825.091
825.525
825.758
825.992
826.225
826.459
826.692
826.926
827.160
827.393
827.627
827.860
828.060
828.294
828.761
829.228
829.462
829.695
829.929
830.163
830.396
830.630
830.863
831.063
831.330
831.531
831.798
831.998
832.465
832.932
833.166
833.399
833.599
833.833
834.066
834.300
834.534
834.767
835.001
835.234
835.468
835.701
836.135
836.602
836.836
837.069
837.303
837.537
837.770
838.004
838.237
838.471
838.704
838.905
839.138
839.372
839.872
840.306
840.540
840.773
841.007
841.240
841.474
841.674
841.941
842.141
842.375
842.608
842.842
843.075
843.509
844.010
844.477
844.944
845.411
845.845
846.312
846.779
847.213
847.680
848.147
848.614
849.081
849.549
850.016
850.483
850.950
851.384
851.851
852.318
852.752
853.219
853.686
854.153
854.620
855.087
855.521
855.988
856.456
856.923
857.390
857.857
858.291
858.758
859.225
859.692
860.159
860.626
861.093
861.527
861.994
862.461
862.929
863.396
863.830
864.297
864.764
865.231
865.698
866.132
866.632
867.099
867.533
868.000
868.467
868.901
869.368
869.836
870.303
870.770
871.237
871.704
872.171
872.638
873.072
873.306
873.539
874.006
874.232
874.457
874.682
874.907
875.374
875.842
876.075
876.309
876.542
876.776
877.210
877.677
877.910
878.144
878.377
878.611
879.078
879.545
879.770
879.996
880.221
880.446
880.913
881.380
881.614
881.848
882.081
882.315
882.748
883.249
883.474
883.699
883.925
884.150
884.617
885.084
885.309
885.535
885.760
885.985
886.452
886.919
887.153
887.386
887.620
887.854
888.321
888.788
889.013
889.238
889.463
889.689
890.156
890.623
890.848
891.073
891.299
891.524
891.991
892.458
892.692
892.925
893.159
893.392
893.860
894.327
894.552
894.777
895.002
895.228
895.695
896.162
896.387
896.612
896.838
897.063
897.530
897.997
898.231
898.464
898.698
898.931
899.398
899.866
900.091
900.316
900.541
900.766
901.234
901.667
901.901
902.134
902.368
902.602
903.069
903.302
903.536
903.769
904.003
904.237
904.470
904.937
905.165
905.393
905.621
905.849
906.077
906.305
906.772
907.000
907.228
907.456
907.684
907.912
908.140
908.608
908.841
909.075
909.308
909.542
909.775
910.009
910.476
910.704
910.932
911.160
911.388
911.616
911.844
912.311
912.539
912.767
912.995
913.223
913.451
913.679
914.146
914.380
914.614
914.847
915.081
915.314
915.548
915.982
916.215
916.449
916.682
916.916
917.149
917.383
917.850
918.078
918.306
918.534
918.762
918.990
919.218
919.685
919.913
920.141
920.369
920.597
920.825
921.053
921.521
921.754
921.988
922.221
922.455
922.688
922.922
923.389
923.617
923.845
924.073
924.301
924.529
924.757
925.224
925.452
925.680
925.908
926.136
926.364
926.592
927.059
927.293
927.526
927.760
927.994
928.227
928.461
928.928
929.156
929.384
929.612
929.840
930.068
930.296
932.164
932.395
932.626
932.857
933.088
933.318
933.549
933.780
934.011
934.242
934.472
934.703
934.934
935.165
935.395
935.626
935.857
936.088
936.319
936.549
936.780
937.011
937.242
937.473
937.703
937.934
938.165
938.396
938.626
938.857
939.088
939.319
939.550
939.780
940.011
940.242
940.473
940.704
940.934
941.165
941.396
941.627
941.857
942.088
942.319
942.550
942.781
943.011
943.242
943.473
943.704
943.935
944.165
944.396
944.627
944.858
945.088
945.319
945.550
945.781
946.012
946.242
946.473
946.704
946.935
947.166
947.396
947.627
947.858
948.089
948.319
948.550
948.781
949.012
949.243
949.473
949.704
949.935
950.166
950.397
950.627
950.858
951.089
951.320
951.550
951.781
952.012
952.243
952.474
952.704
952.935
953.166
953.397
953.628
953.858
954.089
954.320
954.551
954.782
955.012
955.243
955.474
955.705
955.935
956.166
956.397
956.628
956.859
957.089
957.320
957.551
957.782
958.013
958.243
958.474
958.705
958.936
959.166
959.397
959.628
959.859
962.161
962.628
963.062
963.529
963.996
964.463
964.931
965.398
965.865
966.332
966.766
967.233
967.700
968.134
968.601
969.068
969.535
970.002
970.469
970.903
971.370
971.837
972.305
972.772
973.239
973.673
974.140
974.607
975.074
975.541
976.008
976.475
976.943
977.173
977.403
977.634
977.864
978.095
978.325
978.556
978.786
979.016
979.247
979.477
979.708
979.938
980.169
980.399
980.630
980.860
981.090
981.321
981.551
981.782
982.012
982.243
982.473
982.703
982.934
983.164
983.395
983.625
983.856
984.086
984.317
984.547
984.777
985.008
985.238
985.469
985.699
985.930
986.160
986.391
986.621
986.851
987.082
987.312
987.543
987.773
988.004
988.234
988.464
988.695
988.925
989.156
989.386
989.617
989.847
990.078
990.308
990.538
990.769
990.999
991.230
991.460
991.691
992.158
992.625
993.092
993.526
993.993
994.460
994.927
995.394
995.861
996.295
996.762
997.229
997.697
998.164
998.631
999.065
999.532
999.999
1000.466
1000.933
1001.400
1001.834
1002.301
1002.768
1003.235
1003.703
1004.170
1004.604
1005.071
1005.538
1006.005
1006.472
1006.939
1007.373
1007.840
1008.307
1008.774
1009.208
1009.709
1010.142
1010.610
1011.077
1011.544
1012.011
1012.445
1012.912
1013.379
1013.846
1014.313
1014.780
1015.214
1015.715
1016.148
1016.616
1017.083
1017.550
1017.984
1018.451
1018.918
1019.385
1019.819
1020.319
1020.753
1021.220
1070.102
1071.037
1071.971
1072.905
1073.839
1074.774
1075.708
1076.642
1077.610
1078.544
1079.445
1080.413
1081.347
1082.281
1083.215
1084.150
1085.084
1085.818
1086.485
1086.986
1087.319
1087.687
1088.020
1088.387
1088.854
1089.555
1090.256
1090.723
1091.090
1091.424
1091.791
1092.124
1092.591
1093.292
1094.026
1094.493
1094.827
1095.161
1095.528
1095.895
1096.362
1097.063
1097.763
1098.230
1098.564
1098.931
1099.298
1099.632
1100.099
1100.433
1100.800
1101.167
1101.500
1101.967
1102.334
1102.668
1103.035
1103.369
1103.836
1104.203
1104.570
1104.904
1105.237
1105.705
1106.072
1106.439
1106.772
1107.139
1107.606
1107.940
1108.307
1108.641
1109.008
1109.475
1109.842
1110.176
1110.509
1110.876
1111.343
1111.711
1112.044
1112.411
1112.745
1113.245
1113.579
1113.913
1114.280
1114.647
1115.114
1115.581
1116.048
1116.515
1116.982
1117.450
1117.917
1118.384
1118.851
1119.318
1119.785
1120.252
1120.720
1121.187
1121.654
1122.121
1122.588
1123.055
1123.522
1123.989
1124.457
1124.924
1125.391
1125.858
1126.358
1126.593
1126.828
1127.063
1127.298
1127.533
1127.768
1128.003
1128.238
1128.473
1128.708
1128.943
1129.178
1129.413
1129.648
1129.883
1130.118
1130.353
1130.588
1130.823
1131.058
1131.293
1131.528
1131.762
1131.997
1132.431
1132.898
1133.365
1133.833
1134.300
1134.767
1135.234
1135.701
1136.168
1136.635
1137.103
1137.570
1138.037
1138.504
1139.004
1139.472
1139.939
1140.406
1140.873
1141.340
1141.807
1142.274
1142.742
1143.209
1143.676
1144.143
1144.610
1145.077
1145.578
1146.045
1146.512
1146.979
1147.446
1147.913
1148.380
1148.848
1149.081
1149.315
1149.782
1150.276
1150.716
1150.950
1151.217
1151.650
1152.118
1152.585
1152.818
1153.085
1153.519
1153.986
1154.453
1154.720
1154.954
1155.387
1155.855
1156.322
1156.589
1156.789
1157.289
1157.757
1158.224
1158.457
1158.691
1159.158
1159.625
1160.092
1160.326
1160.559
1161.026
1161.494
1161.961
1162.461
1162.928
1163.395
1163.863
1164.330
1164.797
1165.264
1165.731
1166.198
1166.665
1167.133
1167.600
1168.067
1168.534
1169.001
1169.468
1169.702
1169.935
1170.402
1170.636
1170.870
1171.337
1171.604
1171.804
1172.271
1172.538
1172.738
1173.205
1173.472
1173.672
1174.140
1174.406
1174.607
1175.074
1175.341
1175.574
1176.041
1176.275
1176.509
1176.976
1177.209
1177.443
1177.910
1178.144
1178.377
1178.844
1179.078
1179.311
1179.778
1180.012
1180.246
1180.713
1180.946
1181.180
1181.647
1181.881
1182.114
1182.581
1183.048
1183.516
1183.983
1184.450
1184.950
1185.151
1185.417
1185.885
1186.118
1186.352
1186.819
1187.052
1187.286
1187.753
1187.987
1188.220
1188.687
1188.921
1189.155
1189.622
1189.855
1190.089
1190.589
1190.789
1191.023
1191.490
1191.724
1191.957
1192.424
1192.658
1192.892
1193.392
1193.626
1193.826
1194.293
1194.560
1194.760
1195.227
1195.494
1195.728
1196.195
1196.428
1196.662
1197.129
1197.363
1197.596
1198.063
1198.531
1198.998
1199.465
1199.932
1200.432
1200.900
1201.367
1201.834
1202.301
1202.768
1203.235
1203.702
1204.170
1204.637
1205.104
1205.571
1205.805
1206.038
1206.272
1206.505
1206.972
1207.439
1207.673
1207.907
1208.140
1208.374
1208.841
1209.308
1209.542
1209.775
1210.009
1210.242
1210.709
1211.177
1211.410
1211.644
1211.877
1212.111
1212.578
1213.045
1213.312
1213.512
1213.779
1213.979
1214.446
1214.914
1215.181
1215.414
1215.648
1215.881
1216.348
1216.816
1217.049
1217.283
1217.516
1217.750
1218.217
1218.684
1218.918
1219.151
1219.385
1219.618
1220.085
1220.553
1220.786
1221.053
1221.287
1221.487
1221.954
1222.454
1222.655
1222.922
1223.122
1223.389
1223.856
1224.323
1224.523
1224.790
1225.024
1225.257
1225.724
1226.192
1226.425
1226.659
1226.892
1227.126
1227.593
1228.060
1228.294
1228.561
1228.761
1228.994
1229.461
1229.962
1230.162
1230.429
1230.629
1230.863
1231.330
1231.797
1232.064
1232.264
1232.498
1232.731
1233.232
1233.666
1233.933
1234.166
1234.400
1234.633
1235.100
1235.801
1236.502
1236.969
1237.303
1237.670
1238.037
1238.370
1238.838
1239.538
1240.239
1240.706
1241.073
1241.440
1241.774
1242.141
1242.575
1243.275
1244.009
1244.476
1244.810
1245.177
1245.511
1245.878
1246.345
1247.046
1247.746
1248.214
1248.547
1248.914
1249.281
1249.615
1250.082
1250.549
1251.016
1251.483
1251.951
1252.418
1252.885
1253.352
1253.853
1254.320
1254.787
1255.254
1255.721
1256.188
1256.655
1257.122
1257.590
1258.057
1258.524
1258.991
1259.458
1259.925
1260.392
1260.893
1261.360
1261.594
1261.827
1262.061
1262.294
1262.528
1262.761
1262.995
1263.229
1263.462
1263.696
1263.929
1264.163
1264.396
1264.630
1264.863
1265.097
1265.331
1265.564
1265.798
1266.031
1266.265
1266.498
1266.732
1266.966
1267.433
1267.900
1268.167
1268.367
1268.834
1269.301
1269.768
1270.035
1270.236
1270.703
1271.170
1271.637
1271.904
1272.137
1272.605
1273.072
1273.539
1273.772
1274.006
1274.473
1274.940
1275.407
1275.641
1275.874
1276.342
1276.809
1277.276
1277.543
1277.743
1278.210
1278.677
1279.144
1279.411
1279.612
1280.112
1280.579
1281.046
1281.280
1281.513
1281.981
1282.448
1282.881
1283.148
1283.382
1283.849
1284.083
1284.316
1284.783
1285.017
1285.251
1285.718
1285.951
1286.185
1286.652
1286.885
1287.119
1287.586
1287.853
1288.053
1288.520
1288.787
1288.988
1289.455
1289.722
1289.922
1290.422
1290.656
1290.856
1291.323
1291.590
1291.790
1292.258
1292.524
1292.758
1293.225
1293.459
1293.692
1294.159
1294.393
1294.627
1295.094
1295.327
1295.561
1296.028
1296.262
1296.495
1296.962
1297.429
1297.896
1298.364
1298.831
1299.331
1299.798
1300.266
1300.733
1301.200
1301.667
1302.134
1302.601
1303.068
1303.535
1304.003
1304.470
1304.704
1304.938
1305.172
1305.406
1305.641
1305.875
1306.109
1306.343
1306.577
1306.811
1307.046
1307.280
1307.514
1307.748
1307.982
1308.216
1308.450
1308.685
1308.919
1309.153
1309.387
1309.621
1309.855
1310.090
1310.324
1310.558
1310.792
1311.026
1311.260
1311.495
1311.729
1311.963
1312.197
1312.431
1312.665
1312.900
1313.134
1313.368
1313.602
1313.836
1314.070
1314.305
1314.539
1314.773
1315.007
1315.241
1315.475
1315.710
1315.944
1316.178
1316.412
1316.646
1316.880
1317.115
1317.349
1317.583
1318.050
1318.550
1319.018
1319.485
1319.952
1320.186
1320.420
1320.654
1320.889
1321.123
1321.357
1321.591
1321.825
1322.060
1322.294
1322.528
1322.762
1322.996
1323.230
1323.465
1323.699
1323.933
1324.167
1324.401
1324.636
1324.870
1325.104
1325.338
1325.572
1325.806
1326.041
1326.275
1326.509
1326.743
1326.977
1327.212
1327.446
1327.680
1327.914
1328.148
1328.383
1328.617
1328.851
1329.085
1329.319
1329.553
1329.788
1330.022
1330.256
1330.490
1330.724
1330.959
1331.193
1331.427
1331.661
1331.895
1332.129
1332.364
1332.598
1333.065
1333.532
1333.999
1334.466
1372.004
1372.404
1372.871
1373.272
1373.706
1374.139
1374.540
1375.007
1375.407
1375.841
1376.275
1376.709
1377.142
1377.543
1378.010
1378.410
1378.844
1379.278
1379.712
1380.145
1380.546
1381.013
1381.413
1381.847
1382.281
1382.715
1383.148
1383.549
1383.983
1384.416
1384.850
1385.284
1385.684
1386.085
1386.485
1386.885
1387.286
1387.686
1388.087
1388.487
1388.687
1388.887
1389.288
1389.688
1390.089
1390.489
1390.889
1391.290
1391.690
1391.890
1392.091
1392.491
1392.891
1393.292
1393.692
1394.093
1394.493
1394.893
1395.094
1395.294
1395.694
1396.095
1396.495
1396.895
1397.296
1397.696
1398.097
1398.297
1398.497
1398.897
1399.264
1399.631
1399.999
1400.366
1400.766
1401.133
1401.300
1401.500
1401.867
1402.234
1402.634
1403.002
1403.369
1403.769
1404.136
1404.303
1404.503
1404.903
1405.237
1405.637
1406.005
1406.372
1406.772
1407.139
1407.306
1407.506
1407.873
1408.240
1408.640
1409.008
1409.375
1409.775
1410.109
1410.309
1410.509
1410.843
1411.210
1411.577
1411.910
1412.277
1412.644
1412.978
1413.145
1413.312
1413.679
1414.046
1414.380
1414.747
1415.114
1415.447
1415.781
1415.981
1416.148
1416.515
1416.849
1417.216
1417.583
1417.916
1418.250
1418.617
1418.784
1418.984
1419.318
1419.685
1420.019
1420.386
1420.719
1421.086
1421.453
1421.620
1421.820
1422.121
1422.488
1422.788
1423.122
1423.455
1423.789
1424.123
1424.289
1424.456
1424.790
1425.124
1425.457
1425.791
1426.125
1426.458
1426.792
1426.959
1427.126
1427.459
1427.793
1428.127
1428.460
1428.794
1429.128
1429.428
1429.595
1429.762
1430.095
1430.429
1430.796
1431.130
1431.463
1431.797
1432.131
1432.297
1432.464
1432.798
1433.098
1433.399
1433.732
1434.066
1434.366
1434.666
1434.833
1435.000
1435.300
1435.601
1435.934
1436.268
1436.568
1436.869
1437.202
1437.369
1437.536
1437.836
1438.137
1438.470
1438.771
1439.104
1439.405
1439.705
1439.872
1440.039
1440.339
1440.672
1440.973
1441.306
1441.607
1441.940
1442.241
1442.408
1442.574
1442.875
1443.175
1443.475
1443.776
1444.076
1444.376
1444.676
1444.827
1444.977
1445.277
1445.577
1445.878
1446.178
1446.478
1446.779
1447.079
1447.229
1447.379
1447.679
1447.980
1448.280
1448.580
1448.881
1449.181
1449.481
1449.631
1449.782
1450.082
1450.382
1450.682
1450.983
1451.283
1451.550
1451.884
1452.017
1452.151
1452.484
1452.751
1453.052
1453.318
1453.619
1453.886
1454.186
1454.353
1454.486
1454.753
1455.054
1455.320
1455.621
1455.888
1456.188
1456.455
1456.622
1456.755
1457.022
1457.322
1457.623
1457.890
1458.190
1458.457
1458.757
1458.891
1459.024
1459.324
1459.625
1459.892
1460.192
1460.459
1460.759
1461.026
1461.193
1461.326
1461.627
1461.894
1462.161
1462.428
1462.694
1462.961
1463.262
1463.395
1463.529
1463.796
1464.063
1464.363
1464.630
1464.897
1465.164
1465.431
1465.564
1465.697
1465.964
1466.231
1466.532
1466.799
1467.066
1467.332
1467.599
1467.766
1467.900
1468.167
1468.434
1468.700
1468.967
1469.234
1469.535
1469.802
1469.935
1470.102
1470.335
1470.602
1470.869
1471.103
1471.370
1471.637
1471.904
1472.037
1472.171
1472.438
1472.671
1472.938
1473.205
1473.472
1473.739
1473.972
1474.106
1474.239
1474.506
1474.773
1475.040
1475.274
1475.507
1475.774
1476.010
1476.142
1476.275
1476.508
1476.775
1477.009
1477.276
1477.509
1477.776
1478.043
1478.160
1478.277
1478.510
1478.777
1478.977
1479.244
1479.478
1479.711
1479.978
1480.079
1480.179
1480.446
1480.679
1480.913
1481.180
1481.380
1481.613
1481.880
1481.997
1482.113
1482.347
1482.581
1482.815
1483.048
1483.282
1483.515
1483.749
1483.849
1483.949
1484.183
1484.450
1484.650
1484.883
1485.117
1485.350
1485.584
1485.684
1485.784
1486.051
1486.251
1486.485
1486.718
1486.919
1487.152
1487.383
1487.482
1487.581
1487.820
1488.053
1488.253
1488.487
1488.720
1488.921
1489.153
1489.256
1489.359
1489.588
1489.822
1490.055
1490.255
1490.456
1490.656
1490.889
1491.001
1491.113
1491.323
1491.523
1491.757
1491.957
1492.191
1492.391
1492.591
1492.724
1492.825
1493.025
1493.258
1493.459
1493.659
1493.826
1494.059
1494.312
1494.393
1494.474
1494.693
1494.893
1495.094
1495.327
1495.527
1495.727
1495.928
1496.028
1496.128
1496.328
1496.528
1496.728
1496.929
1497.129
1497.329
1497.563
1497.657
1497.752
1497.930
1498.130
1498.330
1498.530
1498.730
1498.931
1499.153
1499.269
1499.385
1499.500
1499.616
1499.732
1499.848
1499.964
1500.080
1500.196
1500.311
1500.427
1500.543
1500.659
1500.775
1500.891
1501.007
1501.122
1501.238
1501.354
1501.470
1501.586
1501.702
1501.818
1501.933
1502.049
1502.165
1502.281
1502.397
1502.513
1502.629
1502.744
1502.860
1502.976
1503.092
1503.208
1503.324
1503.440
1503.555
1503.671
1503.787
1503.903
1504.019
1504.135
1504.251
1504.366
1504.482
1504.598
1504.714
1504.830
1504.946
1505.062
1505.177
1505.293
1505.409
1505.525
1505.641
1538.137
1538.604
1539.071
1539.538
1540.005
1540.472
1540.939
1541.406
1541.874
1542.374
1542.841
1543.308
1543.775
1544.243
1544.710
1545.177
1545.644
1546.111
1546.578
1547.045
1547.513
1547.980
1548.447
1548.914
1549.381
1549.848
1550.315
1550.782
1551.250
1551.750
1552.217
1552.684
1553.152
1553.385
1553.619
1554.086
1554.319
1554.553
1555.020
1555.254
1555.487
1555.954
1556.188
1556.421
1556.889
1557.122
1557.356
1557.823
1558.056
1558.290
1558.757
1558.991
1559.224
1559.691
1559.925
1560.159
1560.626
1560.859
1561.093
1561.593
1561.827
1562.060
1562.528
1562.761
1562.995
1563.462
1563.695
1563.929
1564.396
1564.630
1564.863
1565.330
1565.564
1565.797
1566.265
1566.498
1566.732
1567.199
1567.432
1567.666
1568.133
1568.634
1569.067
1569.535
1570.035
1570.502
1570.969
1571.436
1571.904
1572.371
1572.838
1573.305
1573.772
1574.239
1574.706
1575.173
1575.641
1576.108
1576.575
1577.042
1577.509
1577.976
1578.443
1578.911
1579.378
1579.845
1580.312
1580.812
1581.280
1581.747
1582.214
1582.681
1583.148
1583.382
1583.615
1584.082
1584.316
1584.550
1585.017
1585.250
1585.484
1585.951
1586.218
1586.418
1586.885
1587.152
1587.352
1587.819
1588.086
1588.287
1588.754
1589.021
1589.221
1589.721
1589.955
1590.188
1590.656
1590.889
1591.123
1591.590
1591.823
1592.057
1592.524
1592.758
1592.991
1593.458
1593.692
1593.926
1594.359
1594.626
1594.860
1595.327
1595.561
1595.794
1596.261
1596.495
1596.728
1597.229
1597.429
1597.663
1598.130
1598.363
1598.597
1598.830
1599.064
1599.298
1599.531
1599.798
1600.032
1600.265
1600.499
1600.732
1600.966
1601.199
1601.433
1601.667
1601.900
1602.134
1602.367
1602.601
1602.834
1603.068
1603.302
1603.535
1603.769
1604.002
1604.236
1604.469
1604.703
1604.937
1605.170
1605.404
1605.637
1605.904
1606.104
1606.338
1606.572
1606.805
1607.039
1607.272
1607.506
1607.739
1607.973
1608.240
1608.473
1608.707
1608.907
1609.141
1609.374
1609.641
1609.875
1610.108
1610.342
1610.576
1610.809
1611.043
1611.276
1611.510
1611.743
1612.010
1613.145
1613.378
1613.612
1614.079
1614.313
1614.546
1615.013
1615.247
1615.514
1615.948
1616.181
1616.415
1616.882
1617.115
1617.349
1617.816
1618.083
1618.283
1618.750
1618.984
1619.217
1619.718
1619.952
1620.185
1620.652
1620.886
1621.119
1621.587
1621.820
1622.054
1622.521
1622.754
1622.988
1623.455
1623.689
1623.922
1624.389
1624.623
1624.856
1625.357
1625.557
1625.824
1626.258
1626.491
1626.725
1627.192
1627.426
1627.693
1629.094
1629.561
1630.028
1630.495
1630.963
1631.430
1631.897
1632.364
1632.831
1633.298
1633.765
1634.232
1634.700
1635.167
1635.634
1636.101
1636.602
1637.035
1637.502
1638.003
1638.470
1638.937
1639.404
1639.871
1640.339
1640.806
1641.273
1641.740
1643.141
1643.375
1643.609
1643.842
1644.076
1644.309
1644.543
1645.010
1645.243
1645.510
1645.711
1645.978
1646.211
1646.411
1646.878
1647.112
1647.379
1647.579
1647.846
1648.080
1648.313
1648.780
1649.014
1649.247
1649.481
1649.715
1649.948
1650.182
1650.649
1650.882
1651.116
1651.350
1651.583
1651.817
1652.050
1652.517
1652.751
1652.985
1653.218
1653.452
1653.685
1653.952
1654.419
1654.620
1654.886
1655.087
1655.320
1655.587
1655.787
1656.254
1656.488
1656.722
1656.989
1657.189
1657.422
1657.656
1660.058
1660.258
1660.459
1660.726
1660.959
1661.193
1661.426
1661.893
1662.127
1662.361
1662.594
1662.828
1663.061
1663.295
1663.762
1663.996
1664.229
1664.463
1664.696
1664.930
1665.163
1665.631
1665.864
1666.098
1666.331
1666.598
1666.798
1667.065
1667.532
1667.733
1668.000
1668.200
1668.467
1668.667
1668.934
1669.401
1669.635
1669.868
1670.102
1670.335
1670.569
1670.802
1671.269
1671.503
1671.737
1671.970
1672.204
1672.437
1672.671
1673.138
1673.605
1673.839
1674.072
1674.339
1674.539
1675.007
1675.474
1675.741
1675.941
1676.208
1676.408
1676.875
1677.376
1677.609
1677.843
1678.076
1678.310
1678.777
1679.244
1679.478
1679.711
1679.945
1680.178
1680.646
1681.113
1681.346
1681.580
1681.813
1682.047
1682.514
1683.015
1683.215
1683.482
1683.682
1683.949
1684.416
1684.883
1685.083
1685.350
1685.550
1685.817
1686.284
1686.752
1686.952
1687.219
1687.452
1687.686
1688.153
1688.620
1688.854
1689.087
1689.321
1689.554
1690.022
1690.489
1690.722
1690.956
1691.189
1691.423
1691.890
1692.357
1692.591
1692.824
1693.058
1693.291
1693.759
1694.226
1694.459
1694.693
1694.926
1695.160
1695.627
1696.094
1696.328
1696.561
1696.828
1697.062
1697.529
1697.996
1698.230
1698.463
1698.697
1698.930
1699.398
1699.865
1700.098
1700.332
1700.565
1700.799
1701.266
1701.733
1701.967
1702.200
1702.467
1702.701
1703.168
1703.602
1704.069
1704.536
1705.037
1705.504
1705.971
1706.438
1706.905
1707.372
1707.839
1708.307
1708.774
1709.241
1709.708
1710.175
1710.642
1711.109
1711.576
1712.044
1712.511
1712.978
1713.478
1713.945
1714.413
1714.880
1715.347
1715.814
1716.281
1716.748
1717.215
1717.716
1718.150
1718.383
1718.617
1719.084
1719.551
1720.018
1720.252
1720.485
1720.952
1721.420
1721.887
1722.120
1722.354
1722.854
1723.322
1723.789
1723.989
1724.256
1724.690
1725.190
1725.657
1725.891
1726.124
1726.591
1727.059
1727.526
1727.759
1727.993
1728.460
1728.927
1729.394
1729.628
1729.861
1730.329
1730.796
1731.263
1731.496
1731.730
1732.197
1732.664
1733.131
1733.365
1733.598
1733.832
1734.066
1734.299
1734.533
1735.000
1735.233
1735.467
1735.734
1735.967
1736.201
1736.435
1736.902
1737.135
1737.369
1737.602
1737.836
1738.070
1738.303
1738.770
1739.004
1739.237
1739.471
1739.705
1739.938
1740.172
1740.639
1740.872
1741.106
1741.340
1741.573
1741.807
1742.040
1742.507
1742.741
1742.974
1743.208
1743.442
1743.675
1743.909
1744.376
1744.609
1744.843
1745.077
1745.344
1745.577
1745.811
1746.278
1746.511
1746.745
1746.978
1747.212
1747.446
1747.646
1749.081
1749.314
1749.548
1749.781
1750.015
1750.248
1750.482
1750.982
1751.216
1751.450
1751.683
1751.917
1752.150
1752.384
1752.851
1753.085
1753.318
1753.552
1753.785
1754.019
1754.252
1754.720
1754.953
1755.187
1755.420
1755.654
1755.887
1756.121
1756.588
1756.822
1757.055
1757.289
1757.522
1757.756
1757.989
1758.457
1758.690
1758.924
1759.157
1759.391
1759.624
1759.858
1760.325
1760.592
1760.792
1761.059
1761.259
1761.526
1761.727
1763.128
1763.363
1763.597
1763.832
1764.066
1764.301
1764.536
1764.770
1765.005
1765.240
1765.474
1765.709
1765.943
1766.178
1766.413
1766.647
1766.882
1767.117
1767.351
1767.586
1767.820
1768.055
1768.290
1768.524
1768.759
1768.994
1769.228
1769.463
1769.697
1769.932
1770.167
1770.401
1770.636
1770.871
1771.105
1771.340
1771.574
1771.809
1772.044
1772.278
1772.513
1772.748
1772.982
1773.217
1773.451
1773.686
1773.921
1774.155
1774.390
1774.625
1774.859
1775.094
1775.328
1775.563
1775.798
1776.032
1776.267
1776.502
1776.736
1776.971
1777.205
1777.440
1777.675
1777.909
1780.011
1780.246
1780.480
1780.714
1780.948
1781.182
1781.416
1781.651
1781.885
1782.119
1782.353
1782.587
1782.821
1783.056
1783.290
1783.524
1783.758
1783.992
1784.226
1784.461
1784.695
1784.929
1785.163
1785.397
1785.631
1785.866
1786.100
1786.334
1786.568
1786.802
1787.036
1787.271
1787.505
1787.739
1787.973
1788.207
1788.441
1788.675
1788.910
1789.144
1789.378
1789.612
1789.846
1790.080
1790.315
1790.549
1790.783
1791.017
1791.251
1791.485
1791.720
1791.954
1792.188
1792.422
1792.656
1792.890
1793.125
1793.625
1794.092
1794.559
1795.026
1795.494
1795.961
1796.428
1796.895
1797.362
1797.829
1798.296
1798.764
1799.231
1799.698
1800.165
1800.632
1801.099
1801.566
1802.033
1802.501
1802.968
1803.468
1803.935
1804.403
1804.870
1805.337
1805.804
1806.271
1806.738
1807.205
1807.672
1808.140
1808.374
1808.609
1808.843
1809.078
1809.313
1809.547
1809.782
1810.016
1810.251
1810.486
1810.720
1810.955
1811.189
1811.424
1811.659
1811.893
1812.128
1812.363
1812.597
1812.832
1813.066
1813.301
1813.536
1813.770
1814.005
1814.239
1814.474
1814.709
1814.943
1815.178
1815.412
1815.647
1815.882
1816.116
1816.351
1816.586
1816.820
1817.055
1817.289
1817.524
1817.759
1817.993
1818.228
1818.462
1818.697
1818.932
1819.166
1819.401
1819.635
1819.870
1820.105
1820.339
1820.574
1820.808
1821.043
1821.278
1821.512
1821.747
1821.982
1822.216
1822.451
1822.685
1822.920
1823.155
1852.951
1853.418
1853.885
1854.352
1854.820
1855.287
1855.754
1856.221
1856.688
1857.155
1857.622
1858.123
1858.590
1859.057
1859.524
1859.991
1860.459
1860.926
1861.359
1861.827
1862.327
1862.794
1863.261
1863.728
1864.162
1864.663
1865.130
1865.597
1866.064
1866.531
1866.998
1867.466
1867.966
1868.400
1868.867
1869.334
1869.801
1870.302
1870.769
1871.203
1871.703
1872.170
1872.637
1873.104
1873.572
1874.039
1874.506
1874.940
1875.440
1875.674
1875.909
1876.143
1876.378
1876.612
1876.846
1877.081
1877.315
1877.549
1877.784
1878.018
1878.252
1878.487
1878.721
1878.955
1879.190
1879.424
1879.658
1879.893
1880.127
1880.361
1880.596
1880.830
1881.064
1881.299
1881.533
1881.768
1882.002
1882.236
1882.471
1882.705
1882.939
1883.174
1883.408
1883.642
1883.877
1884.111
1884.345
1884.580
1884.814
1885.048
1885.283
1885.517
1885.751
1885.986
1886.220
1886.455
1886.689
1886.923
1887.158
1887.392
1887.626
1887.861
1888.095
1888.329
1888.564
1888.798
1889.032
1889.267
1889.501
1889.735
1889.970
1890.204
1890.438
1890.673
1890.907
1891.141
1891.376
1891.610
1891.845
1892.079
1892.313
1892.548
1892.782
1893.016
1893.251
1893.485
1893.719
1893.954
1894.188
1894.422
1894.657
1894.891
1895.125
1895.360
1895.594
1895.828
1896.063
1896.297
1896.532
1896.766
1897.000
1897.235
1897.469
1897.703
1897.938
1898.172
1898.406
1898.641
1898.875
1899.109
1899.344
1899.578
1899.812
1900.047
1900.281
1900.515
1900.750
1900.984
1901.218
1901.453
1901.687
1901.922
1902.156
1902.390
1902.625
1902.859
1903.093
1903.328
1903.562
1903.796
1904.031
1904.265
1904.499
1904.734
1904.968
1905.202
1905.437
1905.904
1906.371
1906.838
1907.305
1907.772
1908.240
1908.707
1909.174
1909.641
1910.108
1910.575
1911.076
1911.543
1912.010
1912.477
1912.944
1913.411
1913.879
1914.346
1914.813
1915.280
1915.747
1916.248
1916.681
1917.148
1917.649
1918.083
1918.550
1919.050
1919.484
1919.985
1920.452
1920.919
1921.386
1921.853
1922.320
1922.787
1923.255
1923.722
1924.189
1924.656
1925.123
1925.590
1926.057
1926.525
1927.025
1927.459
1927.926
1928.393
1928.894
1929.361
1929.828
1930.295
1930.762
1931.229
1931.696
1932.163
1932.631
1933.098
1933.565
1934.032
1934.499
1934.966
1937.335
1937.802
1938.270
1938.503
1938.737
1938.970
1939.204
1939.437
1939.671
1939.905
1940.138
1940.372
1940.605
1941.072
1941.540
1942.007
1942.240
1942.474
1942.707
1942.941
1943.174
1943.408
1943.642
1943.875
1944.109
1944.342
1944.809
1945.310
1945.777
1946.011
1946.244
1946.478
1946.711
1946.945
1947.178
1947.412
1947.646
1947.879
1948.113
1948.580
1949.047
1949.514
1949.748
1949.981
1950.215
1950.448
1950.682
1950.916
1951.149
1951.383
1951.616
1951.850
1952.317
1952.751
1953.251
1953.485
1953.718
1953.952
1954.185
1954.419
1954.653
1954.886
1955.120
1955.353
1955.587
1956.054
1956.521
1956.988
1957.222
1957.455
1957.689
1957.923
1958.156
1958.390
1958.623
1958.857
1959.090
1959.324
1959.791
1960.292
1960.759
1960.996
1961.233
1961.469
1961.706
1961.943
1962.180
1962.417
1962.654
1962.891
1963.128
1963.562
1964.029
1964.496
1964.729
1964.963
1965.196
1965.430
1965.664
1965.897
1966.131
1966.364
1966.598
1966.831
1967.299
1967.766
1968.266
1968.733
1969.200
1969.668
1970.135
1970.602
1971.069
1971.536
1972.003
1972.470
1972.938
1973.405
1973.872
1974.339
1974.806
1975.273
1975.740
1976.207
1976.675
1977.142
1977.609
1978.076
1978.577
1979.044
1979.511
1979.978
1980.445
1980.912
1981.379
1981.846
1982.314
1982.781
1983.248
1983.715
1984.215
1984.649
1985.150
1985.617
1986.051
1986.518
1987.018
1987.452
1987.953
1988.420
1988.887
1989.354
1989.821
1990.288
1990.755
1991.222
1991.690
1992.157
1992.624
1993.091
1993.558
1994.025
1994.492
1994.960
1995.427
1995.894
1996.361
1996.828
1997.295
1997.530
1997.764
1997.999
1998.234
1998.468
1998.703
1998.937
1999.172
1999.407
1999.641
1999.876
2000.111
2000.345
2000.580
2000.814
2001.049
2001.284
2001.518
2001.753
2001.987
2002.222
2002.457
2002.691
2002.926
2003.160
2003.395
2003.630
2003.864
2004.099
2004.333
2004.568
2004.803
2005.037
2005.272
2005.507
2005.741
2005.976
2006.210
2006.445
2006.680
2006.914
2007.149
2007.383
2007.618
2007.853
2008.087
2008.322
2008.556
2008.791
2009.026
2009.260
2009.495
2009.729
2009.964
2010.199
2010.433
2010.668
2010.903
2011.137
2011.372
2011.606
2011.841
2012.076
2012.310
2012.545
2012.779
2013.014
2013.249
2013.483
2013.718
2013.952
2014.187
2014.422
2014.656
2014.891
2015.126
2015.360
2015.595
2015.829
2016.064
2016.299
2016.533
2016.768
2017.002
2017.237
2017.472
2017.706
2017.941
2018.175
2018.410
2018.645
2018.879
2019.114
2019.348
2019.583
2019.818
2020.052
2020.287
2020.522
2020.756
2020.991
2021.225
2021.460
2021.695
2021.929
2022.164
2022.398
2022.633
2022.868
2023.102
2023.337
2023.571
2023.806
2024.041
2024.275
2024.510
2024.744
2024.979
2025.214
2025.448
2025.683
2025.918
2026.152
2026.387
2026.621
2026.856
2027.091
2027.325
2027.792
2028.259
2028.727
2029.194
2029.661
2030.128
2030.595
2031.062
2031.529
2031.997
2032.464
2032.964
2033.431
2033.898
2034.332
2034.799
2035.300
2035.734
2036.201
2036.701
2037.168
2037.636
2038.103
2038.570
2039.037
2039.504
2039.971
2040.438
2040.905
2041.373
2041.840
2042.340
2042.774
2043.241
2043.708
2044.209
2044.676
2045.143
2045.610
2046.077
2046.544
2047.012
2047.479
2047.946
2048.413
2048.880
2049.347
2049.814
2050.281
2050.749
2051.216
2051.683
2052.150
2052.617
2053.084
2053.551
2054.019
2054.486
2054.953
2055.420
2055.920
2056.388
2056.855
2059.190
2059.658
2060.125
2060.358
2060.592
2060.825
2061.059
2061.292
2061.526
2061.760
2061.993
2062.227
2062.460
2062.927
2063.395
2063.862
2064.095
2064.329
2064.562
2064.796
2065.030
2065.263
2065.497
2065.730
2065.964
2066.197
2066.665
2067.165
2067.632
2067.866
2068.099
2068.333
2068.566
2068.800
2069.034
2069.267
2069.501
2069.734
2069.968
2070.435
2070.902
2071.369
2071.603
2071.836
2072.070
2072.303
2072.537
2072.771
2073.004
2073.238
2073.471
2073.705
2074.205
2074.673
2075.140
2075.373
2075.607
2075.840
2076.074
2076.307
2076.541
2076.775
2077.008
2077.242
2077.475
2077.942
2078.410
2078.877
2079.114
2079.351
2079.587
2079.824
2080.061
2080.298
2080.535
2080.772
2081.009
2081.246
2081.680
2082.147
2082.647
2082.881
2083.114
2083.348
2083.581
2083.815
2084.049
2084.282
2084.516
2084.749
2084.983
2085.450
2085.917
2086.384
2086.618
2086.851
2087.085
2087.318
2087.552
2087.786
2088.019
2088.253
2088.486
2088.720
2089.187
2089.654
2090.121
2090.355
2090.588
2090.822
2091.056
2091.289
2091.523
2091.756
2091.990
2092.223
2092.457
2092.924
2093.391
2093.858
2094.095
2094.332
2094.569
2094.806
2095.043
2095.280
2095.517
2095.754
2095.990
2096.227
2096.695
2097.162
2097.629
2097.866
2098.103
2098.339
2098.576
2098.813
2099.050
2099.287
2099.524
2099.761
2099.998
2100.465
2100.932
2101.399
2101.629
2101.860
2102.090
2102.320
2102.550
2102.781
2103.011
2103.241
2103.471
2103.701
2104.202
2104.436
2104.671
2104.905
2105.139
2105.373
2105.608
2105.842
2106.076
2106.310
2106.545
2106.779
2107.013
2107.248
2107.482
2107.716
2107.950
2108.185
2108.419
2108.653
2108.888
2109.122
2109.356
2109.590
2109.825
2110.059
2110.293
2110.527
2110.762
2110.996
2111.230
2111.465
2111.699
2111.933
2112.167
2112.402
2112.636
2112.870
2113.105
2113.339
2113.573
2113.807
2114.042
2114.276
2114.510
2114.744
2114.979
2115.213
2115.447
2115.682
2115.916
2116.150
2116.384
2116.619
2116.853
2117.087
2117.321
2117.556
2117.790
2118.024
2118.259
2118.493
2118.727
2118.961
2119.196
2119.430
2119.664
2119.899
2120.133
2120.367
2120.601
2120.836
2121.070
2121.304
2121.538
2121.773
2122.007
2122.241
2122.476
2122.710
2122.944
2123.178
2123.413
2123.647
2123.881
2124.116
2124.350
2124.584
2124.818
2125.053
2125.287
2125.521
2125.755
2125.990
2126.224
2143.742
2144.142
2144.542
2144.943
2145.343
2145.744
2146.144
2146.544
2146.945
2147.345
2147.746
2148.146
2148.546
2148.947
2149.347
2149.748
2150.115
2150.348
2150.548
2150.949
2151.149
2151.349
2151.716
2151.916
2152.150
2152.550
2152.751
2152.951
2153.351
2153.551
2153.752
2154.152
2154.352
2154.552
2154.953
2155.153
2155.353
2155.754
2155.954
2156.154
2156.554
2156.755
2156.955
2157.355
2157.555
2157.756
2158.156
2158.356
2158.556
2158.957
2159.157
2159.357
2159.758
2159.958
2160.158
2160.558
2160.759
2160.959
2161.359
2161.559
2161.726
2162.927
2163.161
2163.361
2163.762
2163.962
2164.129
2164.562
2164.763
2164.963
2165.330
2165.530
2165.730
2166.131
2166.331
2166.531
2166.931
2167.132
2167.332
2167.732
2167.932
2168.133
2168.533
2168.733
2168.933
2169.334
2170.168
2170.969
2171.770
2172.570
2173.371
2174.172
2174.973
2175.774
2176.574
2177.342
2178.143
2178.943
2179.744
2180.545
2181.346
2182.147
2182.547
2182.947
2183.348
2183.748
2184.149
2184.549
2184.949
2185.350
2185.750
2186.151
2186.551
2186.951
2187.352
2187.752
2188.153
2188.553
2188.753
2188.953
2189.354
2189.554
2189.754
2190.155
2190.355
2190.555
2190.955
2191.156
2191.356
2191.756
2191.956
2192.157
2192.557
2192.757
2192.957
2193.358
2193.558
2193.758
2194.159
2194.359
2194.559
2194.959
2195.160
2195.360
2195.760
2195.927
2196.127
2196.561
2196.761
2196.961
2197.328
2197.529
2197.729
2198.163
2198.363
2198.530
2198.963
2199.130
2199.330
2199.764
2199.964
2200.165
2200.565
2200.732
2200.932
2201.332
2201.733
2202.133
2202.534
2202.934
2203.334
2203.735
2204.135
2204.569
2204.769
2204.969
2205.169
2205.369
2205.569
2205.769
2205.970
2206.170
2206.370
2206.570
2206.770
2206.970
2207.170
2207.370
2207.570
2207.770
2207.970
2208.170
2208.370
2208.571
2208.771
2208.971
2209.171
2209.371
2209.571
2209.771
2209.971
2210.171
2210.371
2210.571
2210.771
2210.972
2211.172
2211.372
2211.572
2211.772
2211.972
2212.172
2212.372
2212.572
2212.772
2212.972
2213.172
2213.373
2213.573
2213.773
2213.973
2214.173
2214.373
2214.573
2214.773
2214.973
2215.173
2215.373
2215.573
2215.773
2215.974
2216.174
2216.374
2216.574
2216.774
2216.974
2217.174
2217.374
2217.574
2217.774
2217.974
2218.174
2218.375
2218.575
2218.775
2218.975
2219.175
2219.375
2219.575
2219.775
2219.975
2220.175
2220.375
2220.575
2220.776
2220.976
2221.176
2221.376
2221.576
2221.776
2221.976
2222.176
2222.376
2222.576
2222.776
2222.976
2223.176
2223.377
2223.577
2223.777
2223.977
2224.177
2224.377
2224.577
2224.777
2224.977
2225.177
2225.377
2225.577
2225.778
2225.978
2226.178
2226.378
2226.578
2226.778
2226.978
2227.178
2227.378
2227.578
2227.778
2227.978
2228.179
2228.379
2228.579
2228.779
2228.979
2229.179
2229.379
2229.579
2229.779
2229.979
2232.163
2232.564
2232.997
2233.398
2233.798
2234.199
2234.632
2235.033
2235.433
2235.833
2236.234
2236.634
2237.035
2237.435
2237.835
2238.269
2238.670
2239.070
2239.470
2239.904
2240.305
2240.705
2241.105
2241.506
2241.906
2242.307
2242.707
2243.107
2244.742
2244.943
2245.176
2245.543
2245.743
2245.944
2246.344
2246.578
2246.778
2247.178
2247.378
2247.579
2247.979
2248.179
2248.379
2248.813
2249.013
2249.214
2249.614
2249.814
2250.014
2250.415
2250.648
2250.849
2251.216
2251.449
2251.649
2252.050
2252.250
2252.450
2252.851
2253.051
2253.251
2253.651
2253.852
2254.052
2254.485
2254.686
2254.886
2255.286
2255.486
2255.720
2256.120
2256.321
2256.521
2256.921
2257.121
2257.322
2257.722
2258.122
2258.523
2258.923
2259.324
2259.757
2260.158
2260.558
2260.959
2261.359
2261.759
2262.160
2262.594
2262.994
2263.394
2263.795
2264.195
2264.596
2265.029
2265.430
2265.830
2266.231
2266.631
2267.065
2267.465
2267.866
2268.266
2268.666
2269.100
2269.500
2269.868
2270.301
2270.668
2270.902
2271.102
2271.502
2271.703
2271.936
2272.337
2272.537
2272.737
2273.137
2273.338
2273.538
2273.938
2274.138
2274.339
2274.739
2274.939
2275.139
2275.540
2275.773
2275.974
2276.374
2276.574
2276.774
2277.208
2277.375
2277.575
2277.976
2278.176
2278.409
2278.810
2279.010
2279.210
2279.611
2279.811
2280.011
2280.411
2280.612
2280.812
2281.246
2281.446
2281.646
2282.046
2282.247
2282.447
2282.881
2283.081
2283.281
2283.681
2284.082
2284.482
2284.883
2285.283
2285.683
2286.084
2286.517
2286.918
2287.318
2287.719
2288.119
2288.553
2288.953
2289.354
2289.754
2290.154
2290.357
2290.560
2290.763
2290.966
2291.168
2291.371
2291.574
2291.777
2291.980
2292.183
2292.385
2292.588
2292.791
2292.994
2293.197
2293.399
2293.602
2293.805
2294.008
2294.211
2294.413
2294.616
2294.819
2295.022
2295.225
2295.427
2295.630
2295.833
2296.036
2296.239
2296.441
2296.644
2296.847
2297.050
2297.253
2297.455
2297.658
2297.861
2298.064
2298.267
2298.470
2298.672
2298.875
2299.078
2299.281
2299.484
2299.686
2299.889
2300.092
2300.295
2300.498
2300.700
2300.903
2301.106
2301.309
2301.512
2301.714
2301.917
2302.120
2302.323
2302.526
2302.728
2302.931
2303.134
2303.337
2303.540
2303.742
2303.945
2304.148
2304.351
2304.554
2304.757
2304.959
2305.162
2305.365
2305.568
2305.771
2305.973
2306.176
2306.379
2306.582
2306.785
2306.987
2307.190
2307.393
2307.596
2307.799
2308.001
2308.204
2308.407
2308.610
2308.813
2309.015
2309.218
2309.421
2309.624
2309.827
2310.029
2310.232
2310.435
2310.638
2310.841
2311.044
2311.246
2311.449
2311.652
2311.855
2312.058
2312.260
2312.463
2312.666
2312.869
2313.072
2313.274
2313.477
2313.680
2313.883
2314.086
2314.288
2314.491
2314.694
2314.897
2315.100
2315.302
2315.505
2315.708
2315.911
2316.114
2316.316
2316.519
2316.722
2316.925
2317.128
2317.331
2317.533
2317.736
2317.939
2318.142
2318.345
2318.547
2318.750
2318.953
2319.156
2319.359
2319.561
2319.764
2319.967
2320.170
2320.373
2320.575
2320.778
2320.981
2321.184
2321.387
2321.589
2321.792
2321.995
2322.198
2322.401
2322.604
2322.806
2323.009
2323.212
2323.415
2323.618
2323.820
2324.023
2324.226
2324.429
2324.632
2324.834
2325.037
2325.240
2325.443
2325.646
2325.848
2326.051
2326.254
2326.457
2326.660
2326.862
2327.065
2327.268
2327.471
2327.674
2327.876
2328.079
2328.282
2328.485
2328.688
2328.891
2329.093
2329.296
2329.499
2329.702
2329.905
2330.107
2330.310
2330.513
2330.716
2330.919
2331.121
2331.324
2331.527
2331.730
2331.933
2332.135
2332.338
2332.541
2332.744
2332.947
2333.149
2333.352
2333.555
2333.758
2333.961
2334.163
2334.366
2334.569
2334.772
2334.975
2335.178
2335.380
2335.583
2335.786
2335.989
2336.192
2336.394
2336.597
2336.800
2337.003
2337.206
2337.408
2337.611
2337.814
2338.017
2338.220
2338.422
2338.625
2338.828
2339.031
2339.234
2339.436
2339.639
2339.842
2340.045
2340.248
2340.450
2340.653
2340.856
2341.059
2341.262
2341.465
2341.667
2341.870
2342.073
2394.625
2395.093
2395.560
2396.027
2396.494
2396.961
2397.428
2397.895
2398.363
2398.830
2399.297
2399.764
2400.231
2400.698
2401.165
2401.632
2402.100
2402.567
2403.034
2403.501
2404.002
2404.469
2404.936
2405.403
2405.870
2406.337
2406.804
2407.271
2407.739
2408.206
2408.673
2409.140
2409.607
2410.074
2410.541
2411.008
2411.476
2411.943
2412.410
2412.877
2413.378
2413.845
2414.312
2414.779
2415.246
2415.713
2416.180
2416.647
2417.115
2417.582
2418.049
2418.516
2418.983
2419.450
2419.917
2420.385
2420.852
2421.319
2421.786
2422.253
2422.720
2423.221
2423.688
2424.155
2424.622
2424.857
2425.091
2425.325
2425.560
2425.794
2426.029
2426.263
2426.498
2426.732
2426.967
2427.201
2427.435
2427.670
2427.904
2428.139
2428.373
2428.608
2428.842
2429.077
2429.311
2429.545
2429.780
2430.014
2430.249
2430.483
2430.718
2430.952
2431.187
2431.421
2431.655
2431.890
2432.124
2432.359
2432.593
2432.828
2433.062
2433.297
2433.531
2433.965
2434.204
2434.443
2434.682
2434.921
2435.160
2435.400
2435.867
2436.100
2436.334
2436.567
2436.801
2437.034
2437.268
2437.735
2437.969
2438.202
2438.436
2438.669
2438.903
2439.137
2439.604
2439.837
2440.071
2440.304
2440.538
2441.038
2441.506
2441.706
2441.973
2442.173
2442.440
2442.907
2443.374
2443.574
2443.841
2444.075
2444.308
2444.776
2445.243
2445.476
2445.710
2445.943
2446.177
2446.644
2447.111
2447.345
2447.578
2447.812
2448.046
2448.513
2448.980
2449.213
2449.447
2449.680
2449.914
2450.381
2450.848
2451.115
2451.315
2451.582
2451.783
2452.250
2452.717
2452.984
2453.184
2453.451
2453.684
2454.152
2454.619
2454.853
2455.087
2455.322
2455.556
2455.790
2456.025
2456.259
2456.494
2456.728
2456.962
2457.197
2457.431
2457.665
2457.900
2458.134
2458.368
2458.603
2458.837
2459.071
2459.306
2459.540
2459.774
2460.009
2460.243
2460.477
2460.712
2460.946
2461.180
2461.415
2461.649
2461.884
2462.118
2462.352
2462.587
2462.821
2463.055
2463.290
2463.524
2463.758
2463.993
2464.227
2464.461
2464.696
2464.930
2465.164
2465.399
2465.633
2465.867
2466.102
2466.336
2466.571
2466.805
2467.039
2467.274
2467.508
2467.742
2467.977
2468.211
2468.445
2468.680
2468.914
2469.148
2469.383
2469.617
2469.851
2470.086
2470.320
2470.554
2470.789
2471.023
2471.257
2471.492
2471.726
2471.961
2472.195
2472.429
2472.664
2472.898
2473.132
2473.367
2473.601
2473.835
2474.070
2474.304
2474.538
2474.773
2475.007
2475.241
2475.476
2475.710
2475.944
2476.179
2476.413
2476.648
2476.882
2477.116
2477.351
2477.585
2477.819
2478.054
2478.288
2478.522
2478.757
2478.991
2479.225
2479.460
2479.694
2479.928
2480.163
2480.397
2480.631
2480.866
2481.100
2481.334
2481.569
2481.803
2482.038
2482.272
2482.506
2482.741
2482.975
2483.209
2483.444
2483.678
2483.912
2484.147
2484.381
2484.615
2485.550
2486.484
2487.418
2488.352
2489.287
2490.221
2491.189
2492.123
2493.057
2493.991
2494.926
2495.860
2496.794
2497.728
2498.663
2499.597
2500.098
2500.565
2501.032
2501.499
2501.966
2502.433
2502.900
2503.367
2503.835
2504.302
2504.769
2505.236
2505.703
2506.170
2506.637
2507.104
2507.605
2508.072
2508.539
2509.006
2509.474
2509.941
2510.408
2510.875
2511.342
2511.809
2512.276
2512.743
2513.211
2513.678
2514.145
2514.612
2515.079
2515.546
2516.013
2516.481
2516.948
2517.415
2517.882
2518.382
2518.850
2519.317
2519.784
2520.251
2520.718
2521.185
2521.652
2522.120
2522.587
2523.054
2523.521
2523.988
2524.455
2524.922
2525.389
2525.857
2526.324
2526.791
2527.258
2527.725
2528.192
2528.659
2529.126
2529.627
2529.861
2530.096
2530.330
2530.565
2530.799
2531.034
2531.268
2531.503
2531.737
2531.971
2532.206
2532.440
2532.675
2532.909
2533.144
2533.378
2533.613
2533.847
2534.081
2534.316
2534.550
2534.785
2535.019
2535.254
2535.488
2535.723
2535.957
2536.191
2536.426
2536.660
2536.895
2537.129
2537.364
2537.598
2537.833
2538.067
2538.301
2538.536
2539.003
2539.237
2539.470
2539.704
2539.937
2540.138
2540.404
2540.872
2541.105
2541.339
2541.572
2541.806
2542.039
2542.273
2542.740
2542.974
2543.207
2543.441
2543.674
2543.908
2544.142
2544.609
2544.843
2545.077
2545.312
2545.546
2545.780
2546.015
2546.249
2546.483
2546.718
2546.952
2547.186
2547.421
2547.655
2547.890
2548.124
2548.358
2548.593
2548.827
2549.061
2549.296
2549.530
2549.764
2549.999
2550.233
2550.467
2550.702
2550.936
2551.170
2551.405
2551.639
2551.873
2552.108
2552.342
2552.576
2552.811
2553.045
2553.280
2553.514
2553.748
2553.983
2554.217
2554.451
2554.686
2554.920
2555.154
2555.389
2555.623
2555.857
2556.092
2556.326
2556.560
2556.795
2557.029
2557.263
2557.498
2557.732
2557.967
2558.201
2558.435
2558.670
2558.904
2559.138
2559.373
2559.607
2559.841
2560.076
2560.310
2560.544
2560.779
2561.013
2561.247
2561.482
2561.716
2561.950
2562.185
2562.419
2562.653
2562.888
2563.122
2563.357
2563.591
2563.825
2564.060
2564.294
2564.528
2564.763
2564.997
2565.231
2565.466
2565.700
2565.934
2566.169
2566.403
2566.637
2566.872
2567.106
2567.340
2567.575
2567.809
2568.043
2568.278
2568.512
2568.747
2568.981
2569.215
2569.450
2569.684
2569.918
2570.153
2570.387
2570.621
2570.856
2571.090
2571.324
2571.559
2571.793
2572.027
2572.262
2572.496
2572.730
2572.965
2573.199
2573.434
2573.668
2573.902
2574.137
2574.371
2574.605
2575.106
2575.573
2576.040
2576.507
2576.974
2577.441
2577.909
2578.376
2578.843
2579.310
2579.777
2580.244
2580.711
2581.179
2581.646
2582.113
2582.580
2583.047
2583.514
2583.981
2584.448
2584.916
2585.383
2585.850
2586.317
2586.784
2587.285
2587.752
2588.219
2588.686
2589.153
2589.620
2590.087
2590.555
2591.022
2591.489
2591.956
2592.423
2592.924
2593.391
2593.858
2594.325
2594.792
2595.259
2595.726
2596.194
2596.661
2597.128
2597.595
2598.062
2598.529
2598.996
2599.463
2599.931
2600.398
2600.865
2601.332
2601.799
2602.266
2602.733
2603.201
2603.668
2604.135
2604.602
2604.836
2605.071
2605.306
2605.540
2605.775
2606.009
2606.244
2606.478
2606.713
2606.947
2607.182
2607.416
2607.651
2607.886
2608.120
2608.355
2608.589
2608.824
2609.058
2609.293
2609.527
2609.762
2609.997
2610.231
2610.466
2610.700
2610.935
2611.169
2611.404
2611.638
2611.873
2612.107
2612.342
2612.577
2612.811
2613.046
2613.280
2613.515
2613.749
2613.984
2614.218
2614.453
2614.687
2614.922
2615.157
2615.391
2615.626
2615.860
2616.095
2616.329
2616.564
2616.798
2617.033
2617.267
2617.502
2617.737
2617.971
2618.206
2618.440
2618.675
2618.909
2619.144
2619.378
2619.613
2619.848
2620.082
2620.317
2620.551
2620.786
2621.020
2621.255
2621.489
2621.724
2621.958
2622.193
2622.428
2622.662
2622.897
2623.131
2623.366
2623.600
2623.835
2624.069
2624.304
2624.538
2624.773
2625.008
2625.242
2625.477
2625.711
2625.946
2626.180
2626.415
2626.649
2626.884
2627.119
2627.353
2627.588
2627.822
2628.057
2628.291
2628.526
2628.993
2629.227
2629.460
2629.694
2629.927
2630.161
2630.394
2630.861
2631.095
2631.329
2631.562
2631.796
2632.029
2632.263
2632.730
2632.964
2633.197
2633.431
2633.664
2633.898
2634.165
2634.632
2634.866
2635.101
2635.335
2635.569
2635.804
2636.038
2636.272
2636.507
2636.741
2636.975
2637.210
2637.444
2637.679
2637.913
2638.147
2638.382
2638.616
2638.850
2639.085
2639.319
2639.553
2639.788
2640.022
2640.256
2640.491
2640.725
2640.959
2641.194
2641.428
2641.663
2641.897
2642.131
2642.366
2642.600
2642.834
2643.069
2643.303
2643.537
2643.772
2644.006
2644.240
2644.475
2644.709
2644.944
2645.178
2645.412
2645.647
2645.881
2646.115
2646.350
2646.584
2646.818
2647.053
2647.287
2647.521
2647.756
2647.990
2648.224
2648.459
2648.693
2648.928
2649.162
2649.396
2649.631
2649.865
2650.099
2650.334
2650.568
2650.802
2651.037
2651.271
2651.505
2651.740
2651.974
2652.209
2652.443
2652.677
2652.912
2653.146
2653.380
2653.615
2653.849
2654.083
2654.318
2654.552
2654.786
2655.021
2655.255
2655.489
2655.724
2655.958
2656.193
2656.427
2656.661
2656.896
2657.130
2657.364
2657.599
2657.833
2658.067
2658.302
2658.536
2658.770
2659.005
2659.239
2659.474
2659.708
2659.942
2660.177
2660.411
2660.645
2660.880
2661.114
2661.348
2661.583
2661.817
2662.051
2662.286
2662.520
2662.754
2662.989
2663.223
2663.458
2663.692
2663.926
2664.161
2664.395
2664.629
2664.864
2665.098
2665.332
2665.567
2665.801
2666.035
2666.270
2666.504
2666.739
2666.973
2667.207
2667.442
2667.676
2667.910
2668.145
2668.379
2668.613
2668.848
2669.082
2669.316
2669.551
2669.785
2670.019
2670.254
2670.488
2670.723
2670.957
2671.191
2671.426
2671.660
2671.894
2672.129
2672.363
2672.597
2672.832
2673.066
2673.300
2673.535
2673.769
2674.004
2674.238
2674.472
2674.707
2674.941
2675.175
2675.410
2675.644
2675.878
2676.113
2676.347
2676.581
2676.816
2677.050
2677.284
2677.519
2677.753
2677.988
2678.222
2678.456
2678.691
2678.925
2679.159
2679.394
2679.628
2679.862
2680.097
2680.331
2680.565
2680.800
2681.034
2681.269
2681.503
2681.737
2681.972
2682.206
2682.440
2682.675
2682.909
2683.143
2683.378
2683.612
2683.846
2684.081
2684.315
2684.549
2684.784
2685.018
2685.253
2685.487
2685.721
2685.956
2686.190
2686.424
2686.659
2686.893
2687.127
2687.362
2687.596
2687.830
2688.065
2688.299
2688.534
2688.768
2689.002
2689.237
2689.471
2689.705
2689.940
2690.174
2690.408
2690.643
2690.877
2691.111
2691.346
2691.580
2691.814
2692.049
2692.283
2692.518
2692.752
2692.986
2693.221
2693.455
2693.689
2693.924
2694.158
