30.557
30.997
31.464
31.931
32.399
32.866
33.333
33.800
34.267
34.734
35.201
35.668
36.136
36.603
37.070
37.537
38.038
38.471
38.972
39.439
39.906
40.373
40.840
41.307
41.775
42.242
42.709
43.176
43.643
44.110
44.577
45.045
45.512
45.979
46.446
46.913
47.380
47.881
48.348
48.815
49.282
49.749
50.216
50.683
51.151
51.618
52.085
52.552
53.019
53.486
53.953
54.421
54.888
55.355
55.822
56.289
56.756
57.257
57.724
58.191
58.658
59.125
59.592
60.060
60.527
60.760
60.994
61.461
61.928
62.395
62.629
62.862
63.329
63.797
64.264
64.497
64.731
65.198
65.665
66.166
66.399
66.633
67.100
67.567
68.034
68.268
68.501
68.968
69.436
69.903
70.136
70.370
70.837
71.304
71.771
72.005
72.238
72.472
72.705
72.939
73.173
73.406
75.542
76.009
76.476
76.943
77.410
77.877
78.344
78.812
79.279
79.746
80.213
80.680
81.147
81.614
82.082
82.549
83.016
83.483
83.950
84.451
84.918
85.351
85.852
86.319
86.786
87.253
87.720
88.188
88.655
89.122
89.589
90.056
90.523
90.990
91.458
91.925
92.392
92.859
93.326
93.793
94.294
94.761
95.228
95.695
96.162
96.629
97.097
97.564
98.031
98.498
98.965
99.432
99.899
100.366
100.834
101.301
101.768
102.235
102.702
103.169
105.538
106.005
106.473
106.940
107.407
107.874
108.341
108.808
109.275
109.742
110.210
110.677
113.012
113.480
113.980
114.447
114.914
115.381
115.849
116.316
116.783
117.250
117.717
118.184
120.520
120.987
121.454
121.921
122.388
122.856
123.323
123.823
124.290
124.757
125.225
125.692
126.159
126.392
126.726
127.093
127.327
128.027
128.495
128.962
129.429
129.896
130.363
130.830
131.297
131.764
132.265
132.732
133.199
133.666
134.134
134.601
135.068
135.535
135.768
136.002
136.236
136.469
136.936
137.403
137.637
137.871
138.104
138.338
138.805
139.272
139.506
139.739
139.973
140.206
140.673
141.141
141.407
141.608
141.875
142.108
142.575
143.042
143.276
143.510
143.743
143.977
144.210
144.444
144.677
144.911
145.145
145.378
145.612
145.845
146.079
146.312
146.546
146.779
147.013
147.247
147.480
147.714
147.947
148.181
148.414
148.648
148.882
149.115
149.349
149.949
150.416
150.884
151.351
151.818
152.285
152.752
153.219
153.686
154.154
154.621
155.088
155.555
156.022
156.489
156.990
157.457
157.924
158.391
158.625
158.858
159.092
159.325
159.559
159.792
160.026
160.260
160.493
160.727
160.960
161.194
161.427
161.661
161.895
162.128
162.362
162.595
162.829
163.062
164.464
164.931
165.431
165.899
166.366
166.833
167.300
167.767
168.234
168.701
169.169
169.636
170.103
170.570
171.037
171.504
171.971
172.438
172.906
173.373
173.840
174.307
174.774
175.275
175.742
176.209
176.676
177.143
177.610
178.077
179.946
180.413
180.880
181.347
181.814
182.282
182.749
183.216
183.683
184.184
184.651
185.084
185.585
186.052
186.519
186.986
187.453
187.687
187.921
188.154
188.388
188.621
188.855
189.088
189.322
189.556
189.789
190.023
190.256
190.490
190.723
190.957
191.191
191.424
191.658
191.891
192.125
192.358
192.592
192.825
193.059
195.195
195.428
195.662
195.895
196.129
196.362
196.596
196.829
197.063
197.297
197.530
197.764
197.997
198.231
198.464
198.698
198.932
199.165
199.399
199.632
199.866
200.099
200.333
202.435
202.669
202.902
203.136
203.369
203.603
203.870
204.103
204.337
204.571
204.804
205.038
205.271
205.505
205.738
205.972
206.206
206.439
206.673
206.906
207.140
207.373
207.607
207.840
208.074
208.308
208.541
208.775
209.008
209.242
209.475
209.709
209.943
210.410
210.877
211.344
211.811
212.278
212.745
213.213
213.713
214.180
214.647
215.114
215.582
216.049
216.516
216.983
217.450
217.917
218.384
218.851
219.319
219.786
220.253
220.720
221.187
221.654
222.121
222.589
223.089
224.958
225.425
225.892
226.359
226.826
227.293
227.760
228.228
228.695
229.162
229.629
230.096
230.563
231.030
231.497
231.998
232.465
232.932
233.399
233.866
234.334
234.801
235.268
235.735
236.202
236.669
237.136
237.604
238.071
239.939
240.406
240.873
241.374
241.841
242.308
242.775
243.243
243.710
244.177
244.644
245.111
247.480
247.947
248.414
248.881
249.349
249.816
250.283
250.750
251.251
251.684
252.151
252.652
254.988
255.455
255.922
256.389
256.856
257.323
257.790
258.258
258.725
259.192
259.659
260.126
260.593
261.094
261.561
262.028
262.495
262.962
263.429
263.896
264.364
264.831
265.298
265.765
266.232
266.699
267.166
267.634
268.101
269.469
269.936
270.403
270.903
271.337
271.804
272.238
272.705
273.106
273.573
274.040
274.507
274.907
275.341
275.775
276.209
276.609
277.043
277.443
277.910
278.311
278.711
279.112
279.545
279.946
280.346
280.747
281.147
281.514
281.948
282.348
282.715
283.082
283.483
283.850
284.250
284.617
285.018
285.385
285.752
286.052
286.286
286.519
286.786
287.186
287.587
287.954
288.288
288.655
289.022
289.389
289.689
290.089
290.423
290.790
291.124
291.457
291.824
292.158
292.492
292.825
293.159
293.493
293.826
294.160
294.494
294.794
295.128
295.461
295.795
296.095
296.429
296.729
297.063
297.363
297.697
298.031
298.331
298.665
298.965
299.299
299.599
299.932
300.233
300.566
300.867
301.200
301.534
301.834
302.135
302.468
302.769
303.102
303.403
303.736
304.070
304.370
304.704
317.626
318.051
318.518
318.985
319.452
319.952
320.420
320.887
321.354
321.821
322.288
322.755
323.222
323.690
324.157
324.624
325.091
325.558
326.025
326.492
326.959
327.427
327.894
328.361
328.861
329.295
329.796
330.263
330.730
331.197
331.664
332.131
332.598
333.066
333.533
333.766
334.000
334.467
334.934
335.401
335.635
335.868
336.336
336.803
337.270
337.737
338.204
338.471
338.705
339.172
339.605
340.106
340.573
341.040
341.274
341.507
341.974
342.442
342.909
343.142
343.376
343.843
344.310
344.777
345.244
345.712
347.580
348.081
348.514
348.781
349.015
349.482
349.949
350.416
350.650
350.883
351.351
351.818
352.285
352.752
353.219
353.453
353.686
354.153
354.620
355.088
355.555
356.022
356.255
356.489
356.956
357.423
357.890
358.157
358.391
358.858
359.325
359.792
360.259
360.727
361.194
361.294
361.427
361.527
361.661
361.761
361.894
361.994
362.128
362.228
362.362
362.462
362.595
362.729
363.529
363.996
364.230
364.464
364.931
365.398
365.865
366.099
366.332
366.799
367.266
367.767
368.000
368.234
368.701
369.168
369.635
369.869
370.103
370.570
371.037
371.504
371.738
371.971
372.438
372.905
373.373
373.606
373.840
374.307
374.774
375.241
375.475
375.708
376.175
376.309
376.409
376.542
376.642
376.776
376.876
377.009
377.110
377.243
377.377
377.477
377.610
377.710
378.077
378.544
379.011
379.479
379.946
380.413
380.880
381.347
381.814
382.281
382.749
383.216
383.683
384.150
384.617
385.084
385.551
386.018
386.519
386.986
387.453
387.920
388.388
388.855
389.322
389.789
390.256
390.723
391.190
391.657
392.125
392.592
393.059
393.526
393.760
393.993
394.460
394.927
395.395
395.628
395.895
396.362
396.829
397.296
397.530
397.764
398.231
398.698
399.165
399.399
399.632
400.099
400.566
401.033
401.267
401.501
401.968
402.435
402.902
403.136
403.369
403.836
404.303
404.804
405.037
405.271
405.705
406.205
406.672
406.906
407.140
407.607
408.074
408.541
408.775
409.008
409.475
409.942
410.410
410.643
410.877
411.344
411.811
412.278
412.512
412.745
413.212
415.581
416.048
416.282
416.516
416.749
416.983
417.450
417.917
418.151
418.384
418.618
418.851
419.318
419.786
420.019
420.253
420.486
420.720
421.187
421.654
421.888
422.121
422.355
422.588
423.055
423.523
423.756
423.990
424.223
424.490
424.957
425.425
425.658
425.892
426.125
426.359
426.826
427.293
427.527
427.760
427.994
428.227
428.694
429.162
429.395
429.629
429.862
430.096
432.432
432.899
433.366
433.833
434.333
434.801
435.268
435.735
436.202
436.669
437.136
437.603
438.070
438.538
439.005
439.472
439.939
440.406
440.873
441.340
441.808
442.275
442.742
443.209
443.709
444.177
444.644
445.111
445.578
446.045
446.512
446.979
447.213
447.447
447.914
448.381
448.848
449.081
449.315
449.782
450.249
450.716
451.184
451.651
451.884
452.118
452.618
453.085
453.186
453.319
453.419
453.553
453.653
453.786
453.886
454.020
454.120
454.253
454.353
454.487
454.587
454.954
455.421
455.655
455.888
456.355
456.823
457.290
457.523
457.757
458.224
458.691
459.158
459.392
459.625
460.092
460.560
461.027
461.260
461.494
461.961
462.462
462.929
463.162
463.396
463.863
464.330
464.797
465.031
465.264
465.731
466.199
466.666
466.899
467.133
467.600
468.067
468.534
468.768
469.001
469.469
469.936
470.403
470.870
471.370
471.804
472.305
472.772
473.239
473.706
474.173
474.640
475.107
475.575
476.042
476.509
476.976
477.443
477.910
478.377
478.845
479.312
479.779
480.246
480.746
481.214
481.681
482.148
482.615
483.082
483.549
484.016
484.951
485.418
485.651
485.885
486.118
486.352
486.819
487.286
487.520
487.753
487.987
488.221
488.688
489.155
489.422
489.622
489.856
490.089
490.556
491.057
491.290
491.524
491.757
491.991
492.458
492.925
493.159
493.392
493.626
493.860
494.327
494.794
495.027
495.261
495.495
495.728
496.195
496.662
496.896
497.129
497.363
497.597
498.064
498.531
498.764
499.031
499.265
499.465
499.932
500.433
500.666
500.900
501.133
501.367
501.834
502.301
502.535
502.768
503.002
503.236
503.703
504.170
504.403
504.637
504.871
505.104
505.571
506.038
506.272
506.506
506.739
506.973
507.440
507.907
508.140
508.374
508.608
508.841
509.342
509.775
510.042
510.276
510.510
510.743
511.210
511.677
511.911
512.144
512.378
512.612
513.079
528.715
529.629
530.563
531.497
532.465
533.399
534.333
535.268
536.202
537.136
538.070
539.038
539.972
540.907
541.841
542.808
543.743
544.210
544.443
544.677
545.144
545.611
546.078
546.312
546.546
547.013
547.480
547.947
548.214
548.447
548.915
549.382
549.849
550.082
550.316
550.783
551.250
551.717
551.951
552.184
552.652
553.119
553.586
553.819
554.086
554.554
555.021
555.488
555.721
555.955
556.422
558.791
559.025
559.258
559.492
559.725
560.192
560.660
561.127
561.594
562.061
562.528
562.762
562.995
563.229
563.462
563.963
564.430
564.897
565.364
565.831
566.299
566.532
566.766
566.999
567.233
567.700
568.167
568.634
569.101
569.602
570.069
570.303
570.536
570.770
571.003
571.470
571.938
572.405
572.872
573.339
573.806
574.040
574.307
574.540
574.774
575.241
575.708
576.175
576.409
576.642
576.876
577.109
577.577
578.044
578.511
578.744
578.978
579.211
579.445
579.946
580.179
580.413
580.646
580.880
581.347
581.581
581.814
582.048
582.281
582.748
583.215
583.683
583.916
584.150
584.383
584.617
585.117
585.585
586.052
586.285
586.519
586.752
586.986
587.453
587.687
587.920
588.154
588.387
588.854
589.088
589.322
589.555
589.789
590.289
590.756
591.223
591.457
591.691
591.924
592.158
592.625
592.858
593.092
593.326
593.559
594.026
594.493
594.961
595.194
595.461
595.695
595.928
596.395
596.629
596.862
597.096
597.330
597.797
598.264
598.731
598.965
599.198
599.432
599.665
600.132
600.366
600.600
600.866
601.100
601.567
602.034
602.501
602.735
602.969
603.202
603.436
603.903
604.136
604.370
604.837
605.304
605.805
606.038
606.272
606.739
607.206
607.673
607.907
608.140
608.608
609.075
609.542
609.775
610.009
610.509
610.943
611.444
611.677
611.911
612.378
612.845
613.312
613.546
613.779
614.246
614.714
615.181
615.414
615.681
616.115
616.616
617.083
617.316
617.550
618.017
618.484
618.951
619.185
619.418
619.885
620.119
620.353
620.820
621.087
621.320
621.787
622.021
622.254
622.722
622.955
623.189
623.656
623.889
624.123
624.590
624.824
625.057
625.524
625.758
626.025
626.492
626.726
626.959
627.426
627.660
627.893
628.361
628.594
628.828
629.295
629.528
629.762
630.229
630.463
630.696
631.163
631.430
631.664
632.131
632.365
632.598
633.065
633.299
633.532
637.770
638.237
638.471
639.171
639.639
640.106
640.339
641.040
641.507
642.008
642.241
642.942
643.409
643.876
644.110
644.810
645.277
645.745
645.978
646.679
647.179
647.647
647.880
648.581
649.048
649.515
649.749
650.449
650.916
651.384
651.617
652.318
652.818
653.285
653.519
653.986
654.220
654.687
655.154
655.388
655.855
656.088
656.555
657.023
657.256
657.757
657.990
658.457
658.924
659.158
659.625
659.859
660.326
660.793
661.027
661.494
661.727
662.194
662.662
662.895
663.396
663.629
664.096
664.563
664.797
665.264
665.498
665.965
666.432
666.666
667.133
667.366
667.833
668.067
668.300
668.567
668.801
669.268
669.735
670.202
670.670
671.137
671.604
671.837
672.071
672.304
672.538
673.005
673.506
673.973
674.440
674.907
675.374
675.608
675.841
676.075
676.308
676.776
677.243
677.710
678.177
678.644
679.145
679.378
679.612
679.845
680.079
680.546
681.013
681.480
681.947
682.415
682.882
683.115
683.349
683.582
683.816
684.316
684.784
685.251
685.718
686.185
686.652
686.886
687.119
687.353
687.586
688.054
688.521
689.021
689.488
689.955
690.423
690.656
690.890
691.123
691.357
691.824
692.291
692.758
693.225
693.693
694.160
694.393
694.660
694.894
695.127
695.594
696.062
696.529
696.996
697.463
697.930
698.397
698.864
699.365
699.832
700.299
700.766
701.233
701.701
702.168
702.635
703.102
703.569
704.036
704.503
705.004
705.471
705.938
706.405
706.872
707.339
707.807
708.274
708.741
709.208
709.709
710.176
710.643
711.110
711.577
712.044
712.511
712.978
713.212
713.446
713.913
714.380
714.880
715.114
715.347
715.815
716.282
716.749
716.982
717.216
717.683
718.150
718.617
718.851
719.085
719.552
720.019
720.519
720.753
720.986
721.454
721.921
722.388
722.621
722.855
723.322
723.789
724.256
724.490
724.724
725.224
725.691
726.158
726.392
726.625
727.093
727.560
728.027
728.260
728.494
728.961
729.195
729.395
729.895
730.129
730.362
730.863
731.097
731.297
731.797
732.031
732.264
732.732
732.965
733.165
733.666
733.899
734.133
734.600
734.834
735.034
735.534
735.768
736.035
736.502
736.736
736.936
737.436
737.670
737.903
738.370
738.604
738.804
739.305
739.538
739.772
740.239
740.473
740.706
741.207
741.440
741.674
742.141
742.374
742.575
743.075
743.542
744.009
744.477
744.944
745.411
745.878
746.378
746.846
747.313
747.780
748.247
748.714
749.181
749.648
750.116
750.583
751.050
751.517
752.017
752.485
752.952
753.419
753.886
754.353
754.820
755.287
755.755
756.222
756.722
757.189
757.656
758.124
758.357
758.591
758.824
759.058
759.291
759.525
759.759
759.992
760.226
760.459
760.693
760.926
761.160
761.393
761.627
761.861
762.128
762.361
762.595
762.828
763.062
763.295
763.529
763.763
763.996
764.230
764.463
764.697
764.930
765.164
765.397
765.631
765.865
766.098
766.332
766.599
766.832
767.032
767.299
767.533
767.767
768.000
768.234
768.467
768.701
768.934
769.168
769.401
769.635
769.869
770.102
770.336
770.569
770.803
771.036
771.270
771.504
771.737
771.971
772.204
772.471
772.705
772.938
773.172
773.405
773.639
773.873
774.106
774.340
774.573
774.807
775.040
775.274
775.508
775.741
775.975
776.208
776.442
776.675
776.909
777.143
777.376
777.610
777.877
778.110
778.344
778.577
778.811
779.044
779.278
779.512
779.745
779.979
780.212
780.446
780.679
780.913
781.147
781.380
781.614
781.847
782.081
782.348
782.581
782.815
783.048
783.282
783.516
783.749
783.983
784.216
784.450
784.683
784.917
785.151
785.384
785.618
785.851
786.085
786.318
786.552
786.786
787.019
787.253
787.486
787.720
787.953
788.220
788.454
788.687
788.921
789.155
789.388
789.622
789.855
790.089
790.322
790.556
790.790
791.023
791.257
791.490
791.724
791.957
792.191
792.424
792.691
792.925
793.159
793.359
793.626
793.859
794.093
794.326
794.560
794.794
795.027
795.261
795.494
795.728
795.961
796.195
796.428
796.662
796.896
797.129
797.363
797.596
797.830
798.097
798.330
798.564
798.798
799.031
799.265
799.498
799.732
799.965
800.199
800.432
800.666
800.900
801.133
801.367
801.600
801.834
802.067
814.180
815.080
816.015
816.949
817.883
818.818
819.752
820.686
821.654
822.588
823.522
824.456
825.391
826.325
827.259
828.194
829.128
829.595
830.062
830.529
830.996
831.497
831.964
832.431
832.898
833.365
833.833
834.300
834.767
835.234
835.701
836.168
836.635
837.102
837.570
838.037
838.504
838.971
839.438
839.905
840.372
840.873
841.340
841.807
842.274
842.741
844.143
844.610
845.077
845.544
846.011
846.478
846.946
847.413
847.880
848.347
848.814
849.281
849.782
850.249
850.716
851.183
851.650
852.117
852.585
853.052
853.519
853.986
854.453
854.920
855.387
855.855
856.322
856.789
857.256
857.723
859.158
859.391
859.625
860.092
860.559
861.026
861.260
861.493
861.961
862.428
862.895
863.128
863.362
863.829
864.296
864.763
864.997
865.231
865.698
866.165
866.632
866.866
867.099
867.566
867.800
868.067
868.534
868.734
868.968
869.468
869.702
869.935
870.402
870.636
870.870
871.337
871.570
871.804
872.271
872.504
872.738
874.139
874.373
874.607
874.840
875.307
875.541
876.008
876.242
876.475
876.709
877.176
877.409
877.910
878.143
878.377
878.611
879.078
879.311
879.778
880.012
880.246
880.479
880.946
881.180
881.647
881.881
882.114
882.348
882.815
883.048
883.515
883.749
883.983
884.216
884.683
884.917
885.384
885.618
885.851
886.085
886.552
886.785
887.253
887.486
887.720
887.987
888.454
888.687
889.154
889.622
889.855
890.556
891.023
891.490
891.724
892.424
892.892
893.359
893.592
894.293
894.760
895.227
895.461
896.161
896.629
897.096
897.329
898.063
898.530
898.998
899.231
899.932
900.399
900.866
901.100
901.800
902.268
902.735
902.968
903.669
904.136
904.603
904.837
905.070
905.537
906.005
906.472
906.705
906.939
907.439
907.907
908.374
908.607
908.841
909.308
909.775
910.242
910.476
910.709
911.176
911.644
912.111
912.344
912.578
913.045
913.512
913.979
914.213
914.446
914.914
915.381
915.881
916.115
916.348
916.815
917.283
917.750
917.983
918.217
919.151
919.618
920.085
920.552
921.020
921.487
921.954
922.421
922.888
923.355
923.822
924.290
924.757
925.224
925.724
926.191
926.659
926.892
927.126
927.359
927.593
927.826
928.060
928.294
928.527
928.761
928.994
929.228
929.461
929.695
929.929
930.162
930.396
930.629
930.863
931.096
931.330
931.563
931.797
932.031
934.133
934.400
934.633
935.100
935.534
936.035
936.268
936.502
936.969
937.436
937.903
938.137
938.370
938.837
939.305
939.772
940.005
940.239
940.706
941.173
941.640
941.874
942.107
942.574
943.042
943.509
943.742
944.009
944.476
944.944
945.411
945.644
945.878
946.345
946.812
947.279
947.513
947.746
948.213
948.681
949.148
949.381
949.615
950.082
950.316
950.549
951.016
951.250
951.483
951.951
952.184
952.418
952.885
953.118
953.352
953.819
954.053
954.320
954.787
955.020
955.254
955.721
955.955
956.188
956.655
956.889
957.122
957.589
957.823
958.057
958.524
958.757
958.991
959.458
959.692
959.925
960.392
960.626
960.859
961.327
961.560
961.794
962.261
962.494
962.728
964.163
964.630
965.097
965.564
966.031
966.498
966.966
967.433
967.900
968.367
968.834
969.301
969.768
970.235
970.703
971.170
971.637
972.104
972.571
973.038
973.539
974.006
974.473
974.940
975.407
975.874
976.342
976.809
977.276
977.743
978.210
978.677
979.144
979.611
980.079
980.546
981.013
981.480
981.947
982.448
982.915
983.382
983.849
984.316
984.783
985.250
985.718
986.185
986.652
986.885
987.119
987.353
987.586
987.820
988.053
988.287
988.520
988.754
988.988
989.221
989.455
989.688
989.922
990.155
990.389
990.622
990.856
991.090
991.357
991.557
991.824
992.057
992.291
992.524
992.758
992.992
994.159
994.393
994.626
994.860
995.327
995.561
996.028
996.261
996.495
996.729
997.196
997.429
997.896
998.130
998.364
998.597
999.064
999.298
999.765
999.999
1000.232
1000.466
1000.966
1001.200
1001.667
1001.867
1002.134
1002.368
1002.835
1003.068
1003.535
1003.769
1004.003
1004.236
1004.703
1004.937
1005.404
1005.637
1005.871
1006.105
1006.572
1006.805
1007.272
1007.506
1007.740
1007.973
1008.440
1008.674
1009.141
1009.375
1009.608
1009.842
1010.342
1010.576
1011.043
1011.276
1011.510
1011.744
1012.211
1012.444
1012.911
1013.145
1013.379
1013.612
1014.079
1014.313
1014.780
1015.014
1015.247
1015.481
1015.948
1016.181
1016.648
1016.882
1017.116
1017.349
1017.583
1018.050
1018.517
1018.751
1018.984
1019.251
1019.485
1019.918
1020.386
1020.652
1020.886
1021.120
1021.353
1021.820
1022.287
1022.521
1022.755
1022.988
1023.222
1023.689
1024.156
1024.390
1024.623
1024.857
1025.090
1025.557
1026.025
1026.258
1026.492
1026.725
1026.959
1027.426
1027.893
1028.127
1028.360
1028.594
1028.861
1029.294
1029.762
1029.995
1030.262
1030.496
1030.729
1031.196
1031.663
1032.131
1032.598
1033.065
1033.532
1033.999
1034.466
1034.933
1035.401
1035.868
1036.335
1036.802
1037.269
1037.736
1038.203
1038.670
1039.138
1039.605
1040.105
1040.572
1041.040
1041.507
1041.974
1042.441
1042.908
1043.375
1043.842
1044.309
1044.777
1045.244
1046.645
1047.112
1047.579
1048.047
1048.547
1049.014
1049.481
1049.948
1050.416
1050.883
1051.350
1051.817
1052.284
1052.751
1053.218
1053.685
1054.153
1054.620
1055.087
1055.554
1056.021
1056.255
1056.488
1056.722
1056.955
1057.189
1057.423
1057.656
1057.890
1058.157
1058.390
1058.624
1058.857
1059.091
1059.324
1059.558
1061.660
1061.894
1062.127
1062.594
1062.828
1063.062
1063.529
1063.762
1063.996
1064.463
1064.696
1064.930
1065.397
1065.631
1065.864
1066.331
1066.565
1066.799
1067.299
1067.533
1067.766
1068.233
1068.467
1068.700
1069.168
1069.401
1069.635
1070.102
1070.335
1070.569
1071.036
1071.270
1071.503
1071.970
1072.204
1072.438
1072.905
1073.138
1073.372
1073.839
1074.073
1074.306
1076.675
1076.909
1077.142
1077.376
1077.609
1077.843
1078.077
1078.310
1078.544
1078.777
1079.011
1079.244
1079.478
1079.711
1079.945
1080.179
1080.412
1080.646
1080.879
1081.113
1081.346
1081.580
1081.814
1082.047
1082.281
1082.514
1082.748
1082.981
1083.215
1083.449
1083.682
1083.916
1084.149
1084.383
1084.616
1084.850
1085.084
1085.317
1085.551
1085.784
1086.051
1086.251
1086.485
1086.718
1086.985
1087.219
1087.453
1087.686
1087.920
1088.153
1088.387
1088.620
1088.854
1089.088
1089.321
1089.555
1089.788
1090.022
1090.255
1090.489
1091.657
1092.124
1092.591
1093.058
1093.525
1093.992
1094.460
1094.927
1095.394
1095.894
1096.328
1096.829
1097.296
1097.763
1098.230
1098.697
1099.164
1099.631
1100.099
1100.566
1101.033
1101.500
1101.967
1102.434
1102.901
1103.368
1103.836
1104.303
1104.770
1105.237
1105.737
1106.205
1106.672
1107.139
1107.606
1108.073
1108.540
1108.774
1109.007
1109.241
1109.475
1109.708
1109.942
1110.175
1110.409
1110.642
1110.876
1111.110
1111.343
1111.577
1111.810
1112.044
1112.277
1112.511
1112.744
1112.978
1113.212
1113.445
1113.679
1113.912
1114.146
1114.379
1114.613
1114.880
1115.114
1115.347
1115.581
1115.814
1116.048
1116.281
1116.515
1116.748
1116.982
1117.216
1117.449
1117.683
1117.916
1118.150
1118.383
1118.617
1118.851
1119.084
1119.318
1119.551
1119.785
1120.018
1120.252
1120.486
1120.719
1120.953
1135.376
1135.834
1136.301
1136.768
1137.236
1137.703
1138.170
1138.637
1139.104
1139.571
1140.038
1140.506
1140.973
1141.440
1141.907
1142.374
1142.841
1143.342
1143.809
1144.276
1144.743
1145.210
1145.677
1146.145
1146.612
1147.079
1147.546
1148.013
1148.480
1148.947
1149.414
1149.882
1150.349
1150.582
1150.816
1151.283
1151.750
1152.217
1152.451
1152.684
1153.152
1153.652
1154.119
1154.353
1154.586
1155.053
1155.521
1155.988
1156.221
1156.455
1156.922
1157.389
1157.856
1158.090
1158.323
1158.790
1159.258
1159.725
1159.958
1160.192
1160.659
1161.126
1161.593
1161.827
1162.060
1162.528
1162.995
1163.462
1163.695
1163.962
1164.429
1164.897
1165.364
1165.597
1165.831
1166.064
1166.298
1166.765
1167.232
1167.466
1167.699
1167.933
1168.167
1168.634
1169.101
1169.334
1169.568
1169.801
1170.035
1170.502
1170.969
1171.203
1171.436
1171.670
1171.904
1172.371
1172.838
1173.071
1173.305
1173.572
1173.805
1174.239
1174.706
1174.973
1175.207
1175.440
1175.674
1176.141
1176.608
1176.842
1177.075
1177.309
1177.543
1178.010
1178.477
1178.710
1178.944
1179.178
1179.411
1179.878
1180.345
1180.579
1180.812
1181.046
1181.280
1181.747
1182.214
1182.447
1182.681
1182.915
1183.148
1183.615
1184.082
1184.316
1184.550
1184.783
1185.017
1185.517
1185.984
1186.218
1186.451
1186.685
1186.919
1187.386
1187.853
1188.086
1188.320
1188.554
1188.787
1189.254
1189.721
1189.955
1190.189
1190.422
1190.656
1191.123
1191.590
1191.823
1192.057
1192.291
1192.524
1192.758
1192.991
1193.225
1193.458
1193.592
1193.692
1193.825
1193.926
1194.059
1194.159
1194.293
1194.393
1194.526
1194.626
1194.760
1194.860
1194.993
1195.093
1195.227
1195.327
1195.827
1196.295
1196.762
1197.229
1197.696
1198.163
1198.630
1199.097
1199.565
1200.032
1200.499
1200.966
1201.433
1201.900
1202.367
1202.834
1203.302
1203.769
1204.236
1204.703
1205.204
1205.671
1206.138
1206.605
1207.072
1207.539
1208.006
1208.473
1208.941
1209.408
1209.875
1210.342
1210.809
1211.276
1211.743
1212.211
1212.678
1213.145
1213.612
1214.079
1214.546
1215.013
1215.514
1215.981
1216.448
1216.915
1217.382
1217.849
1218.083
1218.417
1218.784
1219.017
1219.351
1219.718
1219.952
1220.285
1220.652
1220.886
1221.253
1221.587
1221.820
1222.187
1222.521
1222.754
1223.121
1223.455
1223.689
1224.056
1224.389
1224.623
1224.990
1225.324
1225.557
1225.791
1226.024
1226.258
1226.758
1227.226
1227.459
1227.693
1227.926
1228.160
1228.627
1229.094
1229.328
1229.561
1229.795
1230.028
1230.495
1230.963
1231.196
1231.430
1231.663
1231.897
1232.364
1232.831
1233.065
1233.298
1233.532
1233.765
1234.233
1234.700
1234.933
1235.167
1235.400
1235.634
1236.101
1236.568
1236.835
1237.069
1237.302
1237.536
1238.003
1238.470
1238.704
1238.937
1239.171
1239.404
1239.871
1240.339
1240.572
1240.806
1241.273
1241.740
1242.207
1242.441
1242.674
1243.141
1243.609
1244.076
1244.309
1244.543
1245.010
1245.477
1245.944
1246.178
1246.411
1246.878
1247.379
1247.846
1248.080
1248.313
1248.780
1249.248
1249.715
1249.948
1250.182
1250.649
1251.116
1251.583
1251.817
1252.050
1252.517
1252.985
1257.189
1257.422
1257.656
1257.889
1258.156
1258.390
1258.624
1258.857
1259.091
1259.324
1259.558
1259.791
1260.025
1260.259
1260.492
1260.726
1260.959
1261.193
1261.426
1261.660
1261.893
1262.127
1262.361
1262.594
1262.828
1263.061
1263.295
1263.528
1263.762
1263.996
1264.229
1264.463
1264.696
1264.930
1265.163
1265.397
1265.631
1265.864
1266.098
1266.331
1266.565
1266.832
1267.032
1267.266
1267.499
1267.733
1267.966
1268.200
1270.335
1270.802
1271.270
1271.737
1272.204
1272.671
1273.138
1273.605
1274.072
1274.539
1275.007
1275.474
1275.941
1276.408
1276.875
1277.342
1277.809
1278.277
1278.777
1279.244
1279.711
1280.178
1280.646
1281.113
1281.580
1282.047
1282.514
1282.981
1283.448
1283.915
1284.383
1284.850
1289.087
1290.956
1292.824
1294.693
1296.561
1298.463
1300.332
1302.200
1304.102
1304.569
1305.037
1305.504
1305.971
1306.438
1306.905
1307.372
1307.839
1308.307
1308.774
1309.241
1309.708
1310.175
1310.642
1311.109
1311.610
1312.077
1312.544
1313.011
1313.478
1313.945
1314.413
1314.880
1315.347
1315.814
1316.281
1316.748
1317.215
1317.683
1318.150
1318.617
1319.318
1319.551
1319.785
1320.018
1320.485
1320.986
1321.219
1321.453
1321.687
1321.920
1322.387
1322.854
1323.088
1323.322
1323.555
1323.789
1324.256
1324.723
1324.956
1325.190
1325.424
1325.657
1326.124
1326.591
1326.825
1327.059
1327.292
1327.526
1327.993
1328.460
1328.694
1328.927
1329.161
1329.394
1329.861
1330.329
1330.562
1330.796
1331.029
1331.296
1331.763
1332.230
1332.464
1332.698
1332.931
1333.165
1333.632
1334.099
1334.566
1335.033
1335.500
1335.967
1336.435
1336.902
1337.369
1337.836
1338.303
1338.770
1339.237
1339.705
1340.172
1340.639
1341.106
1341.606
1341.840
1342.074
1342.307
1342.541
1342.774
1343.008
1343.241
1343.475
1343.709
1343.942
1344.176
1344.409
1344.643
1344.876
1345.110
1345.344
1345.444
1345.577
1345.677
1345.811
1345.911
1346.044
1346.144
1346.278
1346.378
1346.511
1346.611
1346.745
1346.845
1346.978
1347.112
1349.114
1349.348
1349.581
1350.048
1350.515
1350.982
1351.216
1351.450
1351.917
1352.384
1352.851
1353.085
1353.318
1353.785
1354.252
1354.720
1354.953
1355.187
1355.654
1356.121
1356.588
1356.822
1357.055
1357.522
1357.989
1358.490
1358.724
1358.957
1359.424
1359.891
1360.359
1360.592
1360.826
1361.293
1361.760
1364.062
1364.296
1364.529
1364.996
1365.230
1365.464
1365.931
1366.164
1366.398
1366.865
1367.099
1367.332
1367.799
1368.033
1368.266
1368.734
1368.967
1369.201
1369.668
1369.901
1370.135
1370.602
1370.836
1371.069
1371.570
1371.803
1372.037
1372.504
1372.738
1372.971
1373.438
1373.672
1373.905
1374.373
1374.606
1374.840
1375.307
1375.540
1375.774
1376.241
1376.475
1376.708
1380.912
1381.146
1381.380
1381.646
1381.880
1382.114
1382.347
1382.581
1382.814
1383.048
1383.281
1383.515
1383.749
1383.982
1384.216
1384.449
1384.683
1384.916
1385.150
1385.384
1385.617
1385.851
1386.084
1386.318
1386.551
1386.785
1387.018
1387.252
1387.486
1387.719
1387.953
1388.186
1388.420
1388.653
1388.887
1389.121
1389.354
1389.588
1389.821
1390.055
1390.288
1390.522
1390.756
1390.989
1391.223
1391.456
1391.690
1391.923
1394.092
1394.559
1395.026
1395.527
1395.994
1396.461
1396.928
1397.396
1397.863
1398.330
1398.797
1399.264
1399.731
1400.198
1400.665
1401.133
1401.600
1402.067
1402.534
1403.001
1403.468
1403.935
1404.403
1404.903
1405.370
1405.837
1406.304
1406.772
1407.239
1407.706
1408.173
1408.640
1409.107
1409.574
1410.041
1410.509
1410.976
1411.443
1411.910
1412.377
1412.844
1413.311
1413.779
1414.246
1414.713
1415.213
1415.680
1416.148
1416.615
1417.082
1417.549
1418.016
1418.483
1418.950
1419.418
1419.885
1420.352
1420.819
1421.286
1421.753
1422.220
1422.687
1423.155
1423.622
1435.801
1436.234
1436.701
1437.169
1437.636
1438.103
1438.603
1439.070
1439.538
1440.005
1440.472
1440.939
1441.406
1441.873
1442.340
1442.808
1443.275
1443.742
1444.209
1444.676
1445.143
1445.610
1446.077
1446.545
1447.012
1447.479
1447.946
1448.413
1448.914
1449.381
1449.815
1450.315
1450.782
1451.249
1451.483
1451.716
1452.184
1452.651
1452.884
1453.118
1453.585
1454.052
1454.519
1454.986
1455.220
1455.454
1455.921
1456.388
1456.621
1456.855
1457.322
1457.789
1458.290
1458.723
1458.957
1459.191
1459.691
1460.125
1460.392
1460.625
1461.092
1461.560
1462.027
1462.494
1462.727
1462.961
1463.428
1463.895
1464.129
1464.362
1464.830
1465.297
1465.764
1466.231
1466.698
1467.165
1467.399
1467.632
1467.866
1468.099
1468.567
1469.034
1469.501
1470.001
1470.469
1470.936
1471.169
1471.403
1471.636
1471.870
1472.337
1472.804
1473.271
1473.738
1474.206
1474.673
1474.906
1475.140
1475.373
1475.607
1476.074
1476.541
1477.008
1477.476
1477.943
1478.410
1478.643
1478.877
1479.110
1479.344
1479.811
1480.312
1480.779
1481.012
1481.246
1481.713
1481.947
1482.180
1482.647
1482.881
1483.114
1483.582
1483.815
1484.049
1484.516
1484.749
1484.983
1485.450
1485.684
1485.917
1486.384
1486.618
1486.852
1487.319
1487.552
1487.786
1488.253
1488.487
1488.720
1489.187
1489.421
1489.688
1490.121
1490.388
1490.589
1491.056
1491.323
1491.556
1492.023
1492.257
1492.491
1492.958
1493.191
1493.425
1493.892
1494.125
1494.359
1494.826
1495.060
1495.293
1495.760
1496.228
1496.695
1497.162
1497.629
1497.996
1498.396
1498.864
1499.264
1499.698
1500.131
1500.532
1500.932
1501.366
1501.766
1502.167
1502.567
1503.001
1503.368
1503.735
1504.169
1504.536
1504.936
1505.303
1505.704
1506.104
1506.471
1506.838
1507.205
1507.572
1507.939
1508.306
1508.707
1509.174
1509.407
1509.641
1510.108
1510.342
1510.575
1511.042
1511.276
1511.510
1511.977
1512.210
1512.444
1512.911
1513.178
1513.378
1513.879
1514.112
1514.346
1514.813
1515.046
1515.280
1515.747
1515.981
1516.214
1516.681
1516.915
1517.148
1517.616
1517.849
1518.083
1518.550
1518.783
1519.017
1519.484
1519.718
1519.951
1520.418
1520.652
1520.886
1521.353
1521.586
1521.820
1522.287
1522.521
1522.754
1523.255
1523.722
1524.155
1524.623
1525.123
1525.590
1526.057
1526.525
1526.992
1527.459
1527.926
1528.393
1528.793
1529.094
1529.327
1529.561
1529.794
1530.262
1530.729
1531.196
1531.663
1532.130
1532.597
1533.064
1533.565
1533.999
1534.466
1534.933
1535.433
1535.901
1536.301
1536.568
1536.835
1537.068
1537.302
1537.769
1538.236
1538.703
1538.937
1539.170
1539.638
1539.871
1540.105
1540.572
1540.805
1541.039
1541.506
1541.740
1541.973
1542.440
1542.908
1543.375
1543.842
1544.075
1544.309
1544.543
1544.809
1545.243
1545.744
1546.211
1546.678
1547.145
1547.612
1548.079
1548.547
1549.014
1549.481
1549.948
1550.415
1550.882
1551.349
1551.583
1551.816
1552.050
1552.284
1552.751
1552.984
1553.218
1553.685
1553.919
1554.152
1554.386
1554.619
1554.853
1555.120
1555.353
1555.587
1555.820
1556.054
1556.254
1556.521
1556.755
1556.988
1557.222
1557.455
1557.689
1557.923
1558.156
1558.390
1558.623
1558.857
1559.090
1559.324
1559.558
1559.791
1560.025
1560.258
1560.492
1560.725
1560.959
1561.192
1561.426
1561.660
1561.893
1562.127
1562.360
1562.594
1562.827
1563.061
1563.295
1563.528
1563.762
1563.995
1564.229
1564.462
1564.696
1564.930
1565.163
1565.430
1565.664
1565.897
1566.131
1566.364
1566.598
1566.831
1567.065
1567.299
1567.532
1567.766
1567.999
1568.233
1568.466
1568.700
1569.167
1569.401
1569.634
1570.101
1570.569
1570.802
1571.036
1571.503
1571.970
1572.437
1572.904
1573.138
1573.371
1573.838
1574.306
1574.539
1574.773
1575.240
1575.707
1576.174
1576.675
1576.908
1577.142
1577.609
1578.076
1578.310
1578.543
1579.010
1579.477
1579.945
1580.412
1580.645
1580.879
1581.346
1581.813
1582.047
1582.280
1582.747
1583.214
1583.682
1584.149
1584.616
1585.083
1585.550
1586.017
1586.484
1586.985
1587.452
1587.919
1588.386
1588.853
1589.321
1589.788
1590.255
1590.722
1591.189
1591.656
1592.123
1592.591
1593.058
1593.525
1593.992
1594.459
1594.926
1595.393
1595.860
1596.328
1596.795
1597.295
1597.762
1598.229
1598.697
1613.844
1614.079
1614.312
1614.546
1614.779
1615.013
1615.246
1615.480
1615.714
1615.947
1616.214
1616.448
1616.681
1616.915
1617.616
1618.083
1618.550
1619.017
1619.484
1619.951
1620.418
1620.885
1621.119
1621.353
1621.820
1622.287
1622.754
1623.221
1623.688
1624.155
1624.623
1624.856
1625.090
1625.557
1626.057
1626.524
1626.992
1627.459
1627.926
1628.393
1628.627
1628.860
1629.327
1629.794
1630.261
1630.729
1631.196
1631.663
1632.130
1632.364
1632.597
1633.064
1633.531
1633.999
1634.466
1634.966
1635.400
1635.867
1636.101
1636.368
1636.835
1637.302
1637.769
1638.236
1638.703
1639.170
1639.638
1639.871
1640.105
1640.572
1641.039
1641.506
1641.973
1642.440
1642.907
1643.375
1643.608
1643.842
1644.309
1644.809
1645.243
1645.477
1645.710
1645.944
1646.211
1646.444
1646.678
1646.911
1647.145
1647.379
1648.079
1648.313
1648.546
1649.014
1649.247
1649.481
1649.948
1650.181
1650.415
1650.882
1651.116
1651.349
1651.816
1652.050
1652.283
1652.751
1652.984
1653.218
1653.685
1653.918
1654.152
1654.619
1654.853
1655.120
1655.553
1655.787
1656.054
1656.521
1656.755
1656.988
1657.455
1657.689
1657.922
1658.390
1658.623
1658.857
1659.324
1659.557
1659.791
1660.258
1660.492
1660.725
1661.192
1661.426
1661.660
1662.127
1662.360
1662.594
1663.061
1663.294
1663.528
1663.995
1664.229
1664.462
1664.963
1665.196
1665.430
1665.897
1666.131
1666.364
1666.831
1667.065
1667.298
1667.766
1667.999
1668.233
1668.700
1668.933
1669.167
1669.634
1669.868
1670.101
1670.568
1670.802
1671.036
1671.503
1671.736
1671.970
1672.437
1672.671
1672.904
1673.371
1673.605
1673.838
1674.305
1674.539
1674.806
1675.273
1675.507
1675.740
1676.207
1676.441
1676.675
1677.142
1677.375
1678.543
1679.477
1680.412
1681.346
1682.280
1683.214
1684.182
1685.116
1685.817
1686.751
1686.985
1687.686
1688.620
1688.853
1689.554
1690.488
1690.722
1691.423
1692.357
1692.590
1693.291
1694.259
1694.492
1695.193
1696.127
1696.361
1697.062
1697.996
1698.229
1698.930
1699.864
1700.098
1700.565
1700.799
1701.032
1701.499
1701.733
1701.966
1702.434
1702.667
1702.901
1703.368
1703.601
1703.868
1704.335
1704.536
1704.803
1705.270
1705.503
1705.737
1706.204
1706.438
1706.671
1707.138
1707.372
1707.605
1708.073
1708.306
1708.540
1709.007
1709.240
1709.474
1709.941
1710.175
1710.408
1710.875
1711.109
1711.342
1711.810
1712.043
1712.277
1712.777
1712.977
1713.211
1713.712
1713.945
1714.179
1714.412
1714.646
1715.113
1716.047
1716.981
1717.916
1718.850
1719.084
1719.317
1719.551
1719.784
1720.018
1720.251
1720.719
1721.186
1721.653
1722.120
1722.587
1722.854
1723.054
1723.288
1723.555
1723.788
1724.022
1724.489
1724.956
1725.423
1725.890
1726.357
1726.591
1726.825
1727.058
1727.292
1727.525
1727.759
1728.226
1728.693
1729.160
1729.627
1730.095
1730.328
1730.562
1730.795
1731.029
1731.262
1731.496
1731.963
1732.464
1732.931
1733.398
1733.865
1734.099
1734.332
1734.566
1734.799
1735.033
1735.266
1735.734
1736.201
1736.668
1737.135
1737.602
1737.836
1738.069
1738.303
1738.536
1738.770
1739.003
1739.471
1739.938
1740.405
1740.872
1741.372
1741.573
1741.806
1742.040
1742.307
1742.540
1742.774
1743.241
1743.708
1744.175
1744.642
1745.110
1745.343
1745.577
1745.810
1746.044
1746.277
1746.511
1746.978
1747.445
1747.912
1748.379
1748.847
1749.314
1749.781
1750.248
1750.715
1751.216
1751.649
1752.117
1752.617
1752.851
1753.084
1753.318
1753.551
1753.785
1754.018
1754.252
1754.486
1754.719
1754.953
1755.186
1755.420
1755.653
1755.887
1756.121
1756.354
1756.821
1757.288
1757.756
1758.223
1758.690
1759.157
1759.624
1760.091
1760.325
1760.558
1760.792
1761.059
1761.292
1761.526
1761.760
1761.993
1762.227
1762.460
1762.694
1762.927
1763.161
1763.394
1763.628
1763.862
1764.329
1764.796
1765.263
1765.730
1766.197
1766.664
1767.132
1767.599
1767.832
1768.066
1768.299
1768.533
1768.767
1769.000
1769.234
1769.467
1769.701
1769.934
1770.168
1770.401
1770.635
1770.869
1771.102
1771.369
1771.836
1772.303
1772.771
1773.238
1773.705
1774.172
1774.639
1775.106
1775.340
1775.573
1775.807
1776.040
1776.274
1776.508
1776.741
1776.975
1777.208
1777.442
1777.675
1777.909
1778.143
1778.376
1778.610
1779.778
1780.712
1781.679
1782.614
1783.548
1784.482
1785.416
1786.351
1787.051
1787.986
1788.219
1788.920
1789.854
1790.088
1790.789
1791.756
1791.990
1792.690
1793.625
1793.858
1794.559
1795.493
1795.727
1796.427
1797.362
1797.595
1798.296
1799.230
1799.464
1800.198
1801.132
1801.366
1801.833
1802.066
1802.300
1802.767
1803.001
1803.234
1803.701
1803.935
1804.169
1804.636
1804.869
1805.103
1805.570
1805.804
1806.037
1806.504
1806.738
1806.971
1807.438
1807.672
1807.906
1808.373
1808.606
1808.840
1809.307
1809.541
1809.808
1810.275
1810.508
1810.742
1811.209
1811.442
1811.676
1812.143
1812.377
1812.610
1813.077
1813.311
1813.545
1814.012
1814.245
1814.479
1814.946
1815.180
1815.413
1815.647
1815.880
1816.347
1817.282
1818.216
1819.150
1820.118
1820.351
1820.585
1820.819
1821.052
1821.286
1821.519
1821.986
1822.453
1822.921
1823.388
1823.855
1824.088
1824.322
1824.556
1824.789
1825.023
1825.256
1825.723
1826.191
1826.658
1827.125
1827.592
1827.826
1828.059
1828.293
1828.526
1828.760
1828.993
1829.460
1829.961
1830.428
1830.895
1831.362
1831.596
1831.830
1832.063
1832.297
1832.530
1832.764
1833.231
1833.698
1834.165
1834.632
1835.099
1835.333
1835.567
1835.800
1836.034
1836.267
1836.501
1836.968
1837.435
1837.902
1838.369
1838.870
1839.103
1839.337
1839.571
1839.804
1840.038
1840.271
1840.738
1841.206
1841.673
1842.140
1842.607
1842.841
1843.074
1843.308
1843.541
1843.775
1844.008
1844.475
1844.943
1845.410
1845.877
1846.344
1846.578
1846.811
1847.045
1847.278
1847.512
1847.745
1848.213
1848.713
1849.180
1849.647
1850.114
1850.582
1851.049
1851.516
1851.983
1852.450
1852.917
1853.384
1853.852
1854.085
1854.319
1854.552
1854.786
1855.019
1855.253
1855.486
1855.720
1855.954
1856.187
1856.421
1856.654
1856.888
1857.121
1857.355
1857.589
1858.056
1858.556
1859.023
1859.490
1859.958
1860.425
1860.892
1861.359
1861.593
1861.826
1862.060
1862.293
1862.527
1862.760
1862.994
1863.228
1863.461
1863.695
1863.928
1864.162
1864.395
1864.629
1864.863
1865.096
1865.563
1866.030
1866.497
1866.965
1867.465
1867.932
1868.399
1868.867
1869.100
1869.334
1869.567
1869.801
1870.034
1870.268
1870.501
1870.735
1870.969
1871.202
1871.436
1871.669
1871.903
1872.136
1872.370
1872.604
1873.071
1873.538
1874.005
1874.472
1874.939
1875.406
1875.874
1876.374
1876.574
1876.808
1877.041
1877.308
1877.542
1877.775
1878.009
1878.243
1878.476
1878.710
1878.943
1879.177
1879.410
1879.644
1879.878
1880.111
1880.345
1880.578
1881.045
1881.279
1881.512
1881.980
1882.213
1882.447
1882.914
1883.147
1883.381
1883.848
1884.082
1884.315
1884.782
1885.016
1885.250
1885.717
1885.950
1886.184
1886.651
1886.885
1887.118
1887.619
1887.852
1888.086
1888.553
1888.786
1889.020
1889.487
1889.721
1889.954
1890.421
1890.655
1890.889
1891.356
1891.589
1891.823
1892.290
1892.523
1892.757
1893.224
1893.458
1893.691
1894.158
1894.392
1894.626
1895.093
1895.326
1895.560
1896.027
1896.261
1896.494
1896.961
1897.195
1897.462
1897.929
1898.162
1898.396
1898.863
1899.097
1899.330
1899.797
1900.031
1900.265
1900.732
1900.965
1901.199
1901.666
1901.900
1902.133
1902.600
1902.834
1903.067
1903.534
1903.768
1904.002
1904.469
1904.702
1904.936
1905.403
1905.637
1905.870
1906.371
1906.604
1906.804
1907.305
1907.538
1907.772
1908.239
1908.473
1908.706
1909.173
1909.407
1909.641
1910.108
1910.575
1911.042
1911.509
1911.976
1912.443
1912.911
1913.378
1913.611
1913.845
1914.312
1914.779
1915.246
1915.713
1916.214
1916.681
1917.148
1917.382
1917.615
1918.082
1918.549
1919.017
1919.484
1919.951
1920.418
1920.885
1921.119
1921.352
1921.819
1922.287
1922.754
1923.221
1923.688
1924.155
1924.622
1924.856
1925.089
1925.556
1926.057
1926.524
1926.991
1927.458
1927.926
1928.393
1928.626
1928.860
1929.327
1929.794
1930.261
1930.728
1931.195
1931.663
1932.130
1932.363
1932.597
1933.064
1933.531
1933.998
1934.465
1934.966
1935.400
1935.867
1936.100
1936.367
1936.834
1937.302
1937.769
1938.236
1938.703
1939.170
1939.637
1953.785
1954.252
1954.719
1955.186
1955.653
1956.120
1956.587
1957.055
1957.522
1957.989
1958.456
1958.923
1959.390
1959.857
1960.325
1960.825
1961.259
1961.759
1962.226
1962.694
1963.161
1963.628
1964.095
1964.562
1965.029
1965.496
1965.964
1966.431
1966.898
1967.365
1967.832
1968.299
1968.533
1968.766
1969.233
1969.701
1970.168
1970.435
1970.668
1971.135
1971.602
1972.070
1972.303
1972.537
1973.004
1973.471
1973.938
1974.172
1974.405
1974.872
1975.340
1975.807
1976.040
1976.274
1976.741
1977.208
1977.675
1977.909
1978.142
1978.609
1979.077
1979.544
1979.777
1980.044
1980.511
1980.979
1981.446
1981.679
1981.913
1982.380
1982.847
1983.314
1983.548
1983.781
1984.015
1984.248
1984.716
1985.183
1985.416
1985.650
1985.883
1986.117
1986.584
1987.051
1987.285
1987.518
1987.752
1987.986
1988.453
1988.953
1989.187
1989.420
1989.654
1989.887
1990.355
1990.822
1991.055
1991.289
1991.522
1991.756
1992.223
1992.690
1992.924
1993.157
1993.391
1993.624
1994.092
1994.559
1994.792
1995.026
1995.259
1995.493
1995.960
1996.427
1996.894
1997.362
1997.862
1998.329
1998.796
1999.263
1999.731
2000.198
2000.665
2001.132
2001.599
2002.066
2002.533
2003.001
2003.468
2003.935
2004.402
2004.869
2005.336
2005.803
2006.270
2006.738
2007.238
2007.705
2008.172
2008.639
2009.107
2009.574
2010.041
2010.508
2010.975
2011.442
2011.909
2012.377
2012.844
2013.311
2013.544
2014.245
2014.479
2015.179
2015.413
2016.114
2016.347
2017.081
2017.315
2017.982
2018.249
2018.950
2019.183
2019.884
2020.118
2020.818
2021.052
2021.753
2021.986
2022.687
2022.920
2023.621
2023.855
2024.555
2024.789
2025.490
2025.723
2026.424
2026.657
2027.392
2027.625
2028.326
2028.793
2029.260
2029.727
2030.194
2030.661
2031.129
2031.596
2032.063
2032.530
2032.997
2033.464
2033.931
2034.399
2034.866
2035.333
2035.800
2036.267
2036.768
2037.235
2037.702
2038.169
2038.636
2039.103
2039.570
2040.038
2040.505
2040.972
2041.439
2041.906
2042.373
2042.840
2043.307
2043.775
2044.242
2044.709
2045.176
2045.643
2046.110
2046.611
2047.078
2047.545
2048.012
2048.479
2048.946
2049.414
2049.881
2050.348
2050.815
2051.282
2051.749
2052.216
2052.683
2053.151
2053.618
2054.085
2054.552
2055.053
2055.520
2055.987
2056.454
2056.921
2057.388
2057.855
2058.322
2058.556
2058.790
2059.023
2059.257
2059.490
2059.724
2059.957
2060.191
2060.425
2060.658
2060.892
2061.125
2061.359
2061.592
2061.826
2062.060
2062.293
2062.527
2062.760
2062.994
2063.227
2063.461
2063.694
2063.928
2064.162
2064.395
2064.662
2064.896
2065.129
2065.363
2065.596
2065.830
2066.064
2066.297
2066.531
2066.764
2066.998
2067.231
2067.465
2067.698
2067.932
2068.166
2068.399
2068.633
2068.866
2069.100
2069.333
2069.567
2069.801
2070.034
2070.268
2070.501
2070.735
2070.968
2071.202
2071.436
2073.304
2073.571
2073.805
2074.038
2074.272
2074.739
2075.206
2075.440
2075.673
2075.907
2076.140
2076.607
2077.075
2077.308
2077.542
2077.775
2078.009
2078.476
2078.943
2079.177
2079.410
2079.644
2079.877
2080.344
2080.812
2081.279
2081.512
2081.746
2082.213
2082.680
2083.181
2083.414
2083.648
2084.115
2084.582
2085.049
2085.283
2085.516
2085.983
2086.451
2086.918
2087.151
2087.385
2087.852
2088.319
2088.553
2088.786
2089.020
2089.253
2089.720
2090.188
2090.421
2090.655
2090.888
2091.122
2091.589
2092.090
2092.290
2092.523
2092.757
2092.990
2093.491
2093.958
2094.192
2094.425
2094.659
2094.892
2095.359
2095.827
2096.294
2096.527
2096.761
2097.228
2097.695
2098.162
2098.396
2098.629
2099.097
2099.564
2100.031
2100.264
2100.498
2100.965
2101.432
2101.666
2101.899
2102.133
2102.366
2102.834
2103.334
2103.568
2103.801
2104.035
2104.268
2104.502
2104.735
2104.969
2105.203
2105.436
2105.670
2105.903
2106.137
2106.370
2106.604
2106.838
2107.071
2107.305
2107.538
2107.772
2108.005
2108.239
2108.473
2108.706
2108.940
2109.173
2109.407
2109.640
2109.874
2110.108
2110.341
2110.575
2110.808
2111.042
2111.275
2111.742
2111.976
2112.243
2112.710
2112.944
2113.177
2113.644
2113.878
2114.112
2114.579
2114.812
2115.046
2115.513
2115.746
2115.980
2116.447
2116.681
2116.914
2117.381
2117.615
2117.849
2118.316
2118.549
2118.783
2119.250
2119.484
2119.717
2120.184
2120.418
2120.651
2121.119
2121.385
2121.619
2122.086
2122.320
2122.553
2123.020
2123.254
2123.488
2123.955
2124.188
2124.422
2124.889
2125.123
2125.356
2125.790
2126.257
2126.724
2127.191
2127.658
2128.126
2128.593
2129.060
2129.560
2129.994
2130.495
2130.962
2131.429
2131.896
2132.363
2132.830
2133.297
2133.764
2133.998
2134.232
2134.699
2134.932
2135.166
2135.633
2135.867
2136.100
2136.567
2136.801
2137.034
2137.502
2137.735
2137.969
2138.436
2138.669
2138.936
2139.403
2139.637
2139.871
2140.338
2140.571
2140.805
2141.272
2141.506
2141.739
2142.206
2142.440
2142.673
2143.141
2143.374
2143.608
2144.075
2144.308
2144.542
2145.009
2145.243
2145.476
2145.943
2146.177
2146.410
2146.878
2147.111
2147.345
2147.845
2148.079
2148.279
2148.779
2149.247
2149.714
2150.181
2150.648
2151.115
2151.582
2152.049
2152.517
2152.984
2153.451
2153.918
2154.385
2154.852
2155.319
2155.786
2156.020
2156.254
2156.721
2157.188
2157.688
2157.922
2158.156
2158.589
2159.090
2159.557
2159.790
2160.024
2160.491
2160.958
2161.425
2161.659
2161.893
2162.360
2162.827
2163.294
2163.528
2163.761
2164.228
2164.695
2165.163
2165.396
2165.630
2166.097
2166.564
2167.064
2167.298
2167.532
2167.999
2168.232
2168.466
2168.933
2169.167
2169.400
2169.867
2170.101
2170.334
2170.801
2171.035
2171.269
2171.736
2171.969
2172.203
2172.670
2172.904
2173.137
2173.604
2173.838
2174.071
2174.539
2174.772
2175.006
2175.473
2175.706
2175.940
2176.407
2176.641
2176.874
2177.375
2177.608
2177.842
2178.309
2178.543
2178.776
2179.010
2179.243
2179.477
2179.710
2179.944
2180.178
2180.411
2180.645
2180.878
2181.112
2181.345
2181.579
2181.812
2182.046
2182.280
2182.513
2182.747
2182.980
2183.214
2183.447
2183.681
2183.915
2184.148
2184.382
2184.615
2184.849
2185.082
2185.316
2185.550
2185.783
2186.017
2186.250
2186.484
2186.717
2186.984
2187.218
2187.451
2187.685
2187.919
2188.152
2188.386
2188.619
2188.853
2189.086
2189.320
2189.554
2189.787
2190.021
2190.254
2190.488
2190.721
2190.955
2191.189
2193.291
2193.524
2193.758
2193.991
2194.225
2194.692
2195.159
2195.393
2195.660
2195.860
2196.093
2196.594
2197.061
2197.295
2197.528
2197.762
2197.995
2198.462
2198.930
2199.163
2199.397
2199.630
2199.864
2200.331
2200.798
2201.265
2201.499
2201.732
2202.200
2202.667
2203.134
2203.367
2203.601
2204.068
2204.535
2205.002
2205.269
2205.503
2205.970
2206.437
2206.904
2207.138
2207.371
2207.838
2208.306
2208.539
2208.773
2209.240
2209.473
2209.707
2210.174
2210.408
2210.641
2211.108
2211.342
2211.576
2212.043
2212.276
2212.510
2212.977
2213.211
2213.444
2213.911
2214.145
2214.378
2214.879
2215.112
2215.346
2215.813
2216.047
2216.280
2216.514
2216.747
2217.215
2217.682
2217.915
2218.149
2218.382
2218.616
2219.083
2219.550
2219.784
2220.017
2220.251
2220.484
2220.952
2221.419
2221.652
2221.886
2222.119
2222.353
2222.820
2223.287
2223.788
2224.021
2224.255
2224.689
2225.189
2225.656
2225.890
2226.123
2226.591
2227.058
2227.525
2227.758
2227.992
2228.459
2228.926
2229.393
2229.627
2229.860
2230.328
2230.795
2231.028
2231.262
2231.729
2231.963
2232.196
2232.663
2232.897
2233.130
2233.631
2233.864
2234.098
2234.532
2234.799
2235.032
2235.499
2235.733
2235.967
2236.434
2236.667
2236.901
2237.368
2237.602
2237.835
2238.302
2238.536
2238.769
2239.003
2239.237
2239.470
2239.704
2239.937
2240.171
2240.404
2240.638
2240.871
2241.105
2241.339
2241.572
2241.806
2242.039
2242.273
2242.506
2242.740
2242.974
2243.207
2243.441
2243.708
2243.941
2244.408
2244.642
2244.875
2245.343
2245.810
2246.277
2246.510
2246.744
2246.978
2247.211
2247.678
2247.912
2248.145
2248.379
2248.613
2248.846
2249.080
2249.313
2249.547
2249.780
2250.014
2250.248
2250.481
2250.715
2250.948
2251.182
2251.415
2251.649
2251.882
2252.116
2252.350
2252.583
2252.817
2253.050
2253.317
2253.784
2254.018
2254.252
2254.719
2255.186
2255.653
2255.886
2256.120
2256.587
2257.054
2257.521
2257.755
2257.989
2258.456
2258.923
2259.390
2259.624
2259.857
2260.324
2260.791
2261.259
2261.492
2261.726
2262.193
2262.660
2263.160
2263.394
2263.628
2264.095
2264.562
2265.029
2265.263
2265.496
2265.963
2266.430
2266.897
2267.131
2267.365
2267.832
2268.299
2268.766
2269.233
2269.700
2270.167
2270.635
2271.102
2271.602
2272.069
2272.536
2273.004
2273.471
2273.938
2274.405
2274.872
2275.339
2275.806
2276.274
2276.741
2277.208
2277.675
2278.142
2278.609
2279.076
2279.543
2280.011
2280.478
2280.945
2281.445
2281.912
2282.380
2282.847
2283.314
2283.547
2283.781
2284.248
2284.715
2285.182
2285.416
2285.650
2286.117
2286.584
2287.051
2287.285
2287.518
2287.985
2288.452
2288.919
2289.153
2289.387
2289.854
2290.354
2290.821
2291.055
2291.289
2291.756
2292.223
2292.690
2292.923
2293.157
2293.624
2294.091
2294.558
2294.792
2295.026
2295.493
2295.960
2296.427
2296.661
2296.894
2297.361
2297.828
2298.296
2300.197
2302.066
2303.934
2305.803
2307.672
2309.540
2311.442
2325.790
2326.257
2326.757
2327.224
2327.692
2328.159
2328.626
2329.093
2329.560
2330.027
2330.494
2330.961
2331.429
2331.896
2332.363
2332.830
2333.297
2333.764
2334.231
2334.699
2335.166
2335.633
2336.100
2336.600
2337.068
2337.535
2338.002
2338.469
2338.936
2339.403
2339.870
2340.104
2340.338
2340.805
2341.272
2341.739
2342.206
2342.673
2343.140
2343.607
2344.075
2344.542
2345.009
2345.509
2345.976
2346.444
2346.877
2347.378
2347.845
2348.312
2348.779
2349.246
2349.714
2350.181
2350.648
2351.115
2351.582
2352.049
2352.516
2352.983
2353.451
2353.684
2353.918
2354.151
2354.385
2354.618
2354.852
2355.353
2355.586
2355.786
2356.287
2356.754
2357.221
2357.455
2357.688
2358.155
2358.622
2359.090
2359.323
2359.557
2360.024
2360.491
2360.958
2361.192
2361.425
2361.892
2362.360
2362.827
2363.294
2363.527
2363.761
2364.261
2364.695
2365.162
2365.396
2365.629
2366.130
2366.597
2367.064
2367.298
2367.531
2367.998
2368.699
2369.166
2369.400
2369.867
2370.334
2370.801
2371.035
2371.268
2371.736
2372.203
2372.670
2372.903
2373.137
2373.604
2374.071
2374.538
2374.772
2375.005
2375.506
2375.973
2376.207
2376.440
2376.907
2377.141
2377.375
2377.842
2378.309
2378.542
2378.776
2379.243
2379.710
2380.177
2380.411
2380.644
2381.112
2381.579
2382.046
2382.279
2382.513
2382.980
2383.447
2383.681
2384.148
2384.382
2384.882
2385.349
2385.816
2386.283
2386.751
2387.218
2387.451
2387.918
2388.152
2388.619
2389.086
2389.553
2390.020
2390.488
2390.955
2391.188
2391.655
2391.889
2392.356
2392.823
2393.290
2393.758
2394.258
2394.725
2394.959
2395.426
2395.659
2396.127
2396.594
2397.061
2397.528
2397.995
2398.462
2398.696
2399.163
2399.397
2399.864
2400.331
2400.798
2401.031
2401.265
2401.732
2401.966
2402.199
2402.666
2402.900
2403.134
2403.601
2403.834
2404.101
2404.568
2404.802
2405.035
2405.503
2405.736
2405.970
2406.437
2406.670
2406.904
2407.371
2407.605
2407.838
2408.305
2408.539
2408.773
2409.240
2409.473
2409.707
2410.174
2410.408
2410.641
2411.108
2411.342
2411.575
2412.042
2412.276
2412.510
2413.010
2413.444
2413.677
2414.145
2414.378
2414.879
2415.346
2415.579
2415.813
2416.280
2416.747
2416.981
2417.214
2417.448
2417.681
2418.149
2418.616
2419.083
2419.316
2419.550
2420.017
2420.484
2420.718
2420.951
2421.185
2421.419
2421.886
2422.353
2422.853
2423.087
2423.287
2423.754
2424.255
2424.488
2424.722
2424.955
2425.189
2425.656
2426.123
2426.590
2426.824
2427.057
2427.525
2427.758
2427.992
2428.459
2428.692
2429.160
2429.393
2429.860
2430.327
2430.561
2430.795
2431.262
2431.495
2431.729
2432.196
2432.430
2432.663
2433.130
2433.397
2433.631
2434.098
2434.331
2434.565
2435.032
2435.266
2435.499
2435.966
2436.200
2436.434
2436.901
2437.134
2437.368
2437.835
2438.068
2438.302
2438.769
2439.003
2439.236
2439.703
2439.937
2440.171
2440.638
2440.871
2441.105
2441.572
2441.806
2442.039
2442.506
2442.740
2443.007
2443.474
2443.707
2443.941
2444.175
2444.408
2444.642
2444.875
2445.342
2445.576
2445.810
2446.277
2446.510
2446.744
2447.211
2447.445
2447.678
2448.145
2448.379
2448.612
2449.079
2449.313
2449.547
2450.014
2450.247
2450.481
2450.948
2451.182
2451.415
2451.882
2452.116
2452.349
2452.850
2453.317
2453.784
2454.251
2454.718
2455.186
2455.653
2456.120
2456.587
2457.054
2457.521
2457.988
2458.456
2458.923
2459.390
2459.857
2460.324
2460.791
2461.258
2461.759
2462.226
2462.693
2463.160
2463.627
2464.094
2464.562
2465.029
2465.496
2465.963
2466.664
2467.131
2467.832
2468.065
2468.299
2468.766
2469.233
2469.467
2469.700
2469.934
2470.167
2470.634
2471.101
2471.602
2471.836
2472.069
2472.536
2473.003
2473.237
2473.471
2473.704
2473.938
2474.405
2474.872
2475.339
2475.573
2475.806
2476.273
2476.740
2476.974
2477.208
2477.441
2477.675
2478.142
2478.609
2479.076
2479.310
2479.543
2480.010
2480.511
2480.711
2480.945
2481.178
2481.412
2481.879
2482.379
2482.847
2483.080
2483.781
2484.248
2484.715
2484.949
2485.649
2486.116
2486.584
2486.817
2487.518
2487.985
2488.452
2488.686
2489.386
2489.854
2490.321
2490.554
2490.921
2491.255
2491.489
2492.223
2492.456
2492.790
2493.157
2493.390
2494.091
2494.325
2494.658
2495.025
2495.259
2495.960
2496.093
2496.193
2496.427
2496.660
2496.894
2497.127
2497.828
2498.062
2498.295
2498.529
2498.762
2498.996
2499.230
2499.463
2499.697
2499.930
2500.164
2500.397
2500.631
2500.898
2501.098
2501.332
2501.599
2501.832
2502.066
2502.299
2502.533
2502.766
2503.000
2503.234
2503.467
2503.701
2503.934
2504.168
2504.401
2504.635
2504.869
2505.102
2505.336
2505.569
2505.803
2506.036
2506.270
2506.504
2506.737
2506.971
2507.204
2507.438
2507.671
2507.905
2508.138
2508.372
2508.606
2508.839
2509.073
2509.306
2509.540
2509.773
2510.007
2510.241
2510.508
2510.741
2510.975
2511.208
2511.675
2511.909
2512.376
2512.843
2513.077
2513.777
2514.245
2514.712
2514.945
2515.179
2515.646
2516.113
2516.580
2516.814
2517.047
2517.515
2517.982
2518.449
2518.682
2518.916
2519.383
2519.617
2519.850
2520.351
2520.584
2520.818
2521.285
2521.519
2521.752
2522.219
2522.453
2522.686
2523.153
2523.387
2523.621
2524.088
2524.321
2524.555
2525.022
2525.256
2525.489
2525.956
2526.190
2526.657
2526.891
2527.358
2527.825
2528.058
2528.292
2528.526
2528.759
2528.993
2529.260
2529.493
2529.727
2529.960
2530.194
2530.394
2530.628
2530.895
2531.128
2531.362
2531.595
2531.829
2532.062
2532.296
2532.530
2532.763
2532.997
2533.230
2533.464
2533.697
2533.931
2534.164
2534.398
2534.632
2534.865
2535.099
2535.332
2535.566
2535.799
2536.033
2536.267
2536.500
2536.734
2536.967
2537.201
2537.434
2537.668
2537.902
2538.135
2538.402
2538.602
2538.836
2539.103
2539.336
2539.570
2539.803
2540.004
2540.271
2540.504
2540.738
2541.205
2541.438
2541.906
2542.373
2542.840
2543.307
2543.774
2544.241
2544.708
2545.175
2545.643
2546.110
2546.577
2547.044
2547.511
2547.978
2548.445
2548.913
2549.380
2549.880
2550.347
2550.814
2551.282
2551.749
2552.216
2552.683
2553.150
2553.617
2554.084
2554.552
2555.019
2555.486
2556.186
2556.654
2556.887
2557.354
2557.821
2558.055
2558.756
2559.256
2559.723
2559.957
2560.190
2560.658
2561.125
2561.592
2561.825
2562.059
2562.526
2562.993
2563.460
2563.694
2563.928
2564.395
2564.862
2565.329
2565.563
2565.796
2566.263
2566.730
2567.197
2567.431
2567.665
2568.132
2568.599
2569.099
2569.333
2569.567
2570.034
2570.501
2570.968
2571.201
2571.435
2571.902
2572.369
2572.836
2573.070
2573.304
2573.771
2574.238
2574.705
2574.939
2575.172
2575.639
2576.106
2576.574
2576.807
2577.041
2577.508
2578.008
2578.475
2578.709
2579.176
2579.643
2580.110
2580.344
2580.811
2581.278
2581.745
2582.212
2582.680
2583.147
2583.614
2584.081
2584.548
2585.015
2585.482
2585.950
2586.417
2586.884
2587.351
2587.851
2588.319
2588.786
2589.253
2589.720
2590.187
2590.654
2591.121
2591.589
2592.056
2592.523
2592.990
2593.457
2593.924
2594.391
2594.858
2595.326
2607.409
2608.305
2609.239
2610.174
2611.108
2612.042
2612.977
2613.911
2614.878
2615.813
2616.747
2617.681
2618.616
2619.550
2620.484
2621.418
2622.353
2622.820
2623.287
2623.754
2624.221
2624.722
2625.189
2625.656
2626.123
2626.590
2627.057
2627.524
2627.992
2628.459
2628.926
2629.393
2629.860
2630.094
2630.327
2630.561
2630.794
2631.028
2631.261
2631.495
2631.729
2631.962
2632.196
2632.429
2632.663
2632.896
2633.130
2633.364
2633.597
2633.731
2633.831
2633.964
2634.098
2634.198
2634.331
2634.431
2634.565
2634.665
2634.798
2634.898
2635.032
2635.132
2635.265
2635.366
2635.499
2635.599
2635.733
2635.833
2635.966
2636.066
2636.200
2636.300
2636.433
2636.533
2636.667
2636.767
2637.368
2637.835
2638.068
2638.302
2638.535
2638.769
2639.236
2639.703
2639.937
2640.170
2640.404
2640.638
2641.105
2641.572
2641.805
2642.039
2642.272
2642.506
2643.007
2643.474
2643.707
2643.941
2644.174
2644.408
2644.875
2645.342
2645.576
2645.809
2646.043
2646.276
2646.744
2647.211
2647.444
2647.678
2647.911
2648.145
2648.612
2649.079
2649.313
2649.546
2649.780
2650.014
2650.481
2650.614
2650.848
2650.948
2651.181
2651.415
2651.682
2651.882
2652.383
2652.850
2653.083
2653.317
2653.550
2653.784
2654.251
2654.718
2654.952
2655.185
2655.419
2655.653
2656.120
2656.587
2656.820
2657.054
2657.287
2657.521
2657.988
2658.455
2658.689
2658.922
2659.156
2659.390
2659.857
2660.324
2660.557
2660.791
2661.025
2661.291
2661.759
2662.192
2662.426
2662.693
2662.926
2663.160
2663.627
2664.094
2664.328
2664.561
2664.795
2665.029
2665.496
2665.963
2666.196
2666.430
2666.664
2666.897
2667.364
2667.831
2668.065
2668.298
2668.532
2668.766
2668.999
2669.233
2669.466
2669.700
2669.933
2670.167
2670.401
2670.634
2670.901
2671.135
2671.368
2671.602
2671.835
2672.069
2672.302
2672.536
2672.770
2673.003
2673.237
2673.470
2673.704
2673.937
2674.171
2674.405
2674.638
2674.872
2675.105
2675.339
2675.572
2675.806
2676.040
2676.273
2676.507
2676.740
2676.974
2677.207
2677.441
2677.675
2677.908
2678.142
2678.375
2678.609
2678.842
2679.076
2679.309
2679.543
2679.777
2680.010
2680.244
2680.477
2680.711
2680.944
2681.211
2681.445
2681.679
2682.379
2683.313
2684.248
2685.182
2686.116
2687.051
2687.985
2688.919
2689.853
2690.320
2690.554
2690.821
2691.055
2691.288
2691.755
2691.989
2692.089
2692.222
2692.456
2692.690
2692.923
2693.157
2693.624
2694.091
2694.324
2694.558
2694.792
2695.025
2695.492
2695.726
2695.859
2695.959
2696.193
2696.427
2696.660
2696.894
2697.361
2697.828
2698.062
2698.295
2698.529
2698.762
2699.229
2699.463
2699.596
2699.697
2699.930
2700.164
2700.431
2700.664
2701.131
2701.598
2701.832
2702.066
2702.299
2702.533
2703.000
2703.233
2703.333
2703.467
2703.701
2703.934
2704.168
2704.401
2704.868
2705.102
2705.803
2706.036
2706.737
2706.970
2707.671
2707.905
2708.605
2708.839
2709.573
2709.807
2710.507
2710.741
2711.442
2711.675
2712.376
2712.609
2712.843
2713.310
2713.777
2714.244
2714.478
2714.712
2715.179
2715.646
2716.113
2716.346
2716.580
2717.047
2717.514
2717.981
2718.215
2718.449
2718.949
2719.416
2719.883
2720.117
2720.350
2720.818
2721.051
2721.285
2721.752
2721.985
2722.219
2722.686
2722.920
2723.153
2723.620
2723.854
2724.088
2724.555
2724.788
2725.022
2725.489
2725.723
2725.956
2726.423
2726.657
2726.890
2727.357
2727.858
2728.325
2728.759
2729.259
2729.727
2730.194
2730.661
2731.128
2731.595
2732.062
2732.529
2732.996
2733.464
2733.931
2734.398
2734.865
2735.099
2735.332
2735.566
2735.799
2736.033
2736.266
2736.500
2736.734
2736.967
2737.234
2737.434
2737.668
2737.935
2738.168
2738.402
2738.635
2738.736
2738.869
2738.969
2739.103
2739.203
2739.336
2739.436
2739.570
2739.670
2739.803
2739.903
2740.037
2740.137
2740.270
2740.370
2740.504
2740.604
2740.738
2740.838
2740.971
2741.071
2741.205
2741.305
2741.438
2741.538
2741.672
2741.772
2742.372
2742.840
2743.073
2743.307
2743.540
2743.774
2744.241
2744.708
2744.942
2745.175
2745.409
2745.642
2746.110
2746.577
2746.810
2747.044
2747.277
2747.544
2748.011
2748.479
2748.712
2748.946
2749.179
2749.413
2749.880
2750.347
2750.581
2750.814
2751.048
2751.281
2751.749
2752.216
2752.449
2752.683
2752.916
2753.150
2753.617
2754.084
2754.318
2754.551
2754.785
2755.018
2755.486
2755.986
2756.186
2756.420
2756.653
2756.887
2757.387
2757.855
2758.088
2758.322
2758.555
2758.789
2759.256
2759.723
2759.957
2760.190
2760.424
2760.657
2761.125
2761.592
2761.825
2762.059
2762.292
2762.526
2762.993
2763.460
2763.694
2763.927
2764.161
2764.394
2764.862
2765.329
2765.562
2765.796
2766.029
2766.263
2766.764
2767.231
2767.464
2767.698
2767.931
2768.165
2768.632
2769.099
2769.333
2769.566
2769.800
2770.033
2770.501
2770.734
2770.868
2770.968
2771.201
2771.435
2771.668
2771.902
2772.369
2772.836
2773.070
2773.303
2773.537
2773.771
2774.004
2774.238
2774.471
2774.705
2774.938
2775.172
2775.439
2775.672
2775.906
2776.140
2776.373
2776.607
2776.840
2777.074
2777.307
2777.541
2777.775
2778.008
2778.242
2778.475
2778.709
2778.942
2779.176
2779.409
2779.643
2779.877
2780.110
2780.344
2780.577
2780.811
2781.044
2781.278
2781.512
2781.745
2781.979
2782.212
2782.446
2782.679
2782.913
2783.147
2783.380
2783.614
2783.847
2784.081
2784.314
2784.548
2784.782
2785.048
2785.282
2785.516
2785.749
2785.983
2786.216
2786.450
2786.683
2786.917
2787.151
2804.668
2805.169
2805.636
2806.136
2806.603
2807.070
2807.571
2808.038
2808.505
2809.006
2809.473
2809.973
2810.440
2810.908
2811.408
2811.875
2812.342
2812.843
2813.310
2813.811
2814.278
2814.745
2815.245
2815.712
2816.213
2816.680
2817.147
2817.648
2818.115
2818.582
2819.082
2819.550
2820.050
2820.517
2820.984
2821.485
2821.952
2822.452
2822.920
2823.420
2823.887
2824.354
2824.855
2825.322
2825.789
2826.290
2826.757
2827.257
2827.724
2828.192
2828.692
2829.159
2829.660
2830.127
2830.594
2831.094
2831.562
2832.029
2832.529
2832.996
2833.497
2833.964
2834.431
2834.932
2835.399
2835.866
2836.133
2836.366
2836.834
2837.067
2837.334
2837.801
2838.035
2838.268
2838.769
2839.002
2839.236
2839.736
2839.970
2840.204
2840.671
2840.904
2841.171
2841.638
2841.905
2842.105
2842.372
2842.606
2842.840
2843.073
2843.574
2843.807
2844.041
2844.508
2844.775
2845.008
2845.475
2845.709
2845.976
2846.443
2846.677
2846.910
2847.377
2847.611
2847.845
2848.111
2848.345
2848.579
2848.812
2850.247
2850.380
2850.514
2850.614
2850.747
2850.981
2851.215
2851.448
2851.682
2851.949
2852.182
2852.416
2852.649
2852.916
2853.150
2853.383
2853.617
2853.851
2854.084
2854.351
2854.585
2854.818
2855.052
2855.319
2855.552
2855.786
2856.019
2856.253
2856.486
2856.753
2856.987
2857.221
2857.454
2857.688
2857.921
2858.188
2858.422
2858.655
2858.889
2859.156
2859.389
2859.623
2859.857
2860.090
2860.324
2860.591
2860.824
2861.058
2861.291
2861.558
2861.758
2862.025
2862.259
2862.492
2862.726
2862.993
2863.227
2863.460
2863.694
2863.961
2864.161
2866.096
2866.363
2866.597
2866.830
2867.064
2867.297
2867.531
2867.798
2868.031
2868.265
2868.498
2868.732
2868.966
2869.233
2869.466
2869.700
2869.933
2870.200
2870.434
2870.667
2870.901
2871.134
2871.368
2871.635
2871.869
2872.102
2872.336
2872.603
2872.836
2873.070
2873.303
2873.537
2873.770
2874.037
2874.271
2874.504
2874.738
2874.972
2875.239
2875.472
2875.706
2875.939
2876.173
2876.440
2876.673
2876.907
2877.140
2877.374
2877.608
2881.445
2881.678
2881.912
2882.179
2882.412
2882.646
2882.880
2883.146
2883.380
2883.614
2883.847
2884.081
2884.314
2884.581
2884.815
2885.048
2885.282
2885.515
2885.749
2886.016
2886.250
2886.483
2886.717
2886.984
2887.217
2887.451
2887.684
2887.918
2888.151
2888.418
2888.652
2888.886
2889.119
2889.386
2889.620
2889.853
2890.087
2890.320
2890.554
2890.821
2891.054
2891.288
2891.521
2891.788
2891.989
2892.256
2892.489
2892.723
2892.956
2893.223
2893.457
2893.690
2893.924
2894.157
2894.391
2894.658
2894.892
2896.326
2896.426
2896.560
2896.660
2896.793
2897.027
2897.261
2897.527
2897.761
2897.995
2898.228
2898.495
2898.729
2898.962
2899.196
2899.429
2899.663
2899.930
2900.163
2900.397
2900.631
2900.864
2901.098
2901.365
2901.598
2901.832
2902.065
2902.332
2902.566
2902.799
2903.033
2903.267
2903.500
2903.767
2904.001
2904.234
2904.468
2904.735
2904.968
2905.202
2905.435
2905.669
2905.903
2906.169
2906.403
2906.637
2906.870
2907.137
2907.371
2907.604
2907.838
2908.071
2908.305
2908.572
2908.805
2909.039
2909.273
2909.506
2909.740
2910.007
2910.240
2912.142
2912.643
2913.110
2913.610
2913.844
2914.077
2914.544
2915.045
2915.512
2915.746
2916.013
2916.480
2916.947
2917.447
2917.681
2917.915
2918.382
2918.882
2919.349
2919.583
2919.850
2920.317
2920.784
2921.285
2921.518
2921.752
2922.252
2922.719
2923.186
2923.453
2923.687
2924.154
2924.621
2925.122
2925.355
2925.589
2926.089
2926.556
2927.024
2927.291
2927.524
2927.991
2928.492
2928.959
2929.192
2929.426
2929.927
2930.394
2930.894
2931.128
2931.361
2931.828
2932.329
2932.796
2933.030
2933.297
2933.764
2934.231
2934.731
2934.965
2935.198
2935.666
2936.166
2936.633
2937.134
2937.601
2938.068
2938.568
2939.036
2939.536
2940.003
2940.470
2940.971
2941.438
2941.905
2942.406
2942.873
2943.140
2943.373
2943.607
2943.840
2944.074
2944.308
2944.574
2944.808
2945.042
2945.275
2945.542
2945.742
2946.009
2946.243
2946.476
2946.710
2946.977
2947.210
2947.444
2947.678
2947.945
2948.145
2948.412
2948.645
2948.879
2949.112
2949.379
2949.613
2949.846
2950.080
2950.347
2950.547
2950.814
2951.048
2951.281
2951.515
2951.782
2952.015
2952.249
2952.482
2952.716
2952.950
2953.216
2953.450
2953.684
2953.917
2954.184
2954.418
2954.651
2954.885
2955.118
2955.352
2955.619
2955.852
2956.086
2956.320
2958.255
2958.488
2958.722
2958.956
2959.189
2959.456
2959.690
2959.923
2960.157
2960.424
2960.657
2960.891
2961.124
2961.358
2961.591
2961.858
2962.092
2962.326
2962.559
2962.793
2963.026
2963.293
2963.527
2963.760
2963.994
2964.261
2964.494
2964.728
2964.962
2965.228
2965.429
2965.696
2965.929
2966.163
2966.396
2966.663
2966.897
2967.130
2967.364
2967.597
2967.831
2968.098
2968.332
2968.565
2968.799
2969.066
2969.299
2969.533
2969.766
2973.203
2973.303
2973.437
2973.537
2973.670
2987.084
2988.051
2988.986
2989.486
2989.953
2990.454
2990.687
2990.921
2991.388
2991.888
2992.356
2992.589
2992.823
2993.323
2993.790
2994.291
2994.524
2994.758
2995.225
2995.726
2996.193
2996.426
2996.693
2997.160
2997.627
2998.128
2998.362
2998.595
2999.096
2999.563
3000.030
3000.297
3000.530
3000.998
3001.465
3001.965
3002.199
3002.432
3002.933
3003.400
3003.867
3004.134
3004.368
3004.835
3005.335
3005.802
3006.036
3006.269
3006.770
3007.237
3007.704
3007.971
3008.205
3008.672
3009.172
3009.639
3009.873
3010.107
3010.607
3011.074
3011.575
3011.808
3012.042
3012.509
3013.010
3013.477
3013.710
3013.977
3014.444
3014.911
3015.412
3015.645
3015.879
3016.380
3016.847
3017.314
3017.581
3017.814
3018.281
3018.749
3019.249
3019.483
3019.716
3020.217
3020.450
3020.684
3021.151
3021.651
3022.119
3022.352
3022.619
3023.086
3023.553
3024.054
3024.287
3024.521
3024.988
3025.489
3025.956
3026.223
3026.456
3026.690
3026.923
3027.157
3027.391
3027.891
3028.125
3028.358
3028.825
3029.092
3029.326
3029.793
3030.027
3030.293
3030.761
3030.994
3031.228
3031.695
3031.928
3032.162
3032.429
3032.662
3032.896
3033.130
3034.564
3034.698
3034.798
3034.931
3035.065
3035.298
3035.532
3035.766
3035.999
3036.266
3036.500
3036.733
3036.967
3037.234
3037.467
3037.701
3037.934
3038.168
3038.402
3038.668
3038.902
3039.136
3039.369
3039.636
3039.870
3040.103
3040.337
3040.570
3040.804
3041.071
3041.304
3041.538
3041.772
3042.005
3042.239
3042.506
3042.739
3042.973
3043.206
3043.473
3043.707
3043.940
3044.174
3044.408
3044.641
3044.908
3045.142
3045.375
3045.609
3045.876
3046.109
3046.343
3046.576
3046.810
3047.044
3047.310
3047.544
3047.778
3048.011
3048.278
3048.512
3050.414
3050.680
3050.881
3051.148
3051.381
3051.615
3051.848
3052.115
3052.349
3052.582
3052.816
3053.050
3053.283
3053.550
3053.784
3054.017
3054.251
3054.518
3054.751
3054.985
3055.218
3055.452
3055.685
3055.952
3056.186
3056.420
3056.653
3056.920
3057.154
3057.387
3057.621
3057.854
3058.088
3058.355
3058.588
3058.822
3059.056
3059.289
3059.523
3059.790
3060.023
3060.257
3060.490
3060.757
3060.991
3061.224
3061.458
3061.691
3061.925
3065.295
3065.429
3065.529
3065.662
3065.796
3066.263
3066.730
3067.230
3067.464
3067.697
3068.165
3068.665
3069.132
3069.366
3069.633
3070.100
3070.567
3071.068
3071.301
3071.535
3072.035
3072.502
3072.969
3073.236
3073.470
3073.937
3074.404
3074.905
3075.372
3075.872
3076.339
3076.807
3077.307
3077.774
3078.275
3078.742
3079.209
3079.709
3080.177
3080.677
3080.777
3080.911
3081.011
3081.144
3081.378
3081.611
3081.878
3082.112
3082.345
3082.579
3082.846
3083.080
3083.313
3083.547
3083.780
3084.014
3084.281
3084.514
3084.748
3084.981
3085.215
3085.449
3085.715
3085.949
3086.183
3086.416
3086.683
3086.917
3087.150
3087.384
3087.617
3087.851
3088.118
3088.351
3088.585
3088.819
3089.086
3089.319
3089.553
3089.786
3090.020
3090.253
3090.520
3090.754
3090.987
3091.221
3091.455
3091.688
3091.955
3092.189
3092.422
3092.656
3092.923
3093.156
3093.390
3093.623
3093.857
3094.091
3094.357
3094.591
3094.825
3095.058
3095.325
3095.559
3095.792
3096.026
3096.259
3096.493
3096.760
3096.993
3097.227
3097.461
3097.727
3097.961
3098.195
3098.428
3098.662
3098.895
3099.162
3099.396
3099.629
3099.863
3100.097
3100.363
3100.597
3100.831
3101.064
3101.298
3101.565
3101.798
3102.032
3102.265
3102.499
3102.732
3102.999
3103.233
3103.467
3103.700
3103.967
3104.201
3104.434
3104.668
3104.901
3105.135
3105.402
3105.635
3105.869
3106.103
3106.369
3106.603
3106.837
3107.070
3107.304
3107.537
3107.804
3108.038
3108.271
3108.505
3108.738
3108.972
3109.239
3109.473
3109.706
3109.940
3110.207
3110.440
3110.674
3110.907
3111.141
3111.374
3111.641
3111.875
3112.109
3112.342
3112.609
3112.809
3113.076
3113.310
3113.543
3113.777
3114.044
3114.277
3114.511
3114.744
3115.011
3115.245
3115.479
3115.712
3115.946
3116.179
3116.446
3116.680
3116.913
3117.147
3117.380
3117.647
3117.881
3118.115
3118.348
3118.582
3118.849
3119.082
3119.316
3119.549
3119.783
3120.016
3120.283
3120.517
3120.750
3120.984
3121.251
3121.485
3121.718
3121.952
3122.185
3122.419
3122.686
3122.919
3123.153
3123.386
3123.653
3123.887
3124.121
3124.354
3124.588
3124.821
3125.088
3125.322
3125.555
3125.789
3126.022
3126.256
3126.523
3126.756
3126.990
3127.224
3127.724
3128.191
3128.658
3129.159
3129.626
3130.093
3130.594
3131.061
3131.561
3132.028
3132.496
3132.996
3133.463
3133.964
3134.431
3134.898
3135.398
3135.866
3136.366
3136.833
3137.300
3137.801
3138.268
3138.768
3139.236
3139.703
3140.203
3140.670
3141.138
3141.638
3142.105
3142.606
3143.073
3143.540
3144.040
3144.508
3144.975
3145.475
3145.942
3146.443
3146.910
3147.377
3147.878
3148.345
3148.845
3149.312
3149.779
3150.280
3150.747
3151.214
3151.715
3152.182
3152.682
3153.150
3153.617
3154.117
3154.584
3155.085
3155.552
3156.019
3156.520
3156.987
3157.487
3179.643
3179.976
3180.343
3180.677
3181.011
3181.378
3181.711
3182.045
3182.412
3182.746
3183.079
3183.446
3183.780
3184.114
3184.481
3184.814
3185.148
3185.482
3185.815
3186.183
3186.516
3186.850
3187.217
3187.551
3187.884
3188.251
3188.585
3188.919
3189.286
3189.619
3189.953
3190.287
3190.654
3190.987
3191.321
3191.655
3191.988
3192.355
3192.689
3193.023
3193.390
3193.723
3194.057
3194.424
3194.758
3195.091
3195.458
3195.792
3196.126
3196.493
3196.826
3197.160
3197.527
3197.861
3198.195
3198.562
3198.895
3199.229
3199.596
3199.930
3201.598
3201.765
3201.932
3202.132
3202.299
3202.499
3202.666
3202.832
3202.999
3203.166
3203.333
3203.500
3203.667
3203.833
3204.000
3204.167
3204.334
3204.501
3204.668
3204.868
3205.035
3205.235
3205.402
3205.569
3205.735
3205.902
3206.069
3206.236
3206.403
3206.570
3206.770
3206.937
3207.103
3207.270
3207.470
3207.604
3207.771
3207.938
3208.138
3208.305
3208.438
3208.605
3208.805
3208.972
3209.139
3209.339
3209.506
3209.673
3209.839
3210.006
3210.173
3210.340
3210.507
3210.674
3210.874
3211.041
3211.241
3211.408
3211.575
3211.741
3211.908
3212.075
3212.242
3212.409
3212.576
3212.742
3212.909
3213.076
3213.243
3213.410
3213.610
3213.777
3213.977
3214.144
3214.311
3214.444
3214.611
3214.811
3214.978
3215.145
3215.345
3215.512
3215.679
3215.845
3216.012
3216.179
3216.346
3216.513
3216.680
3216.880
3217.013
3217.180
3217.347
3217.514
3217.714
3217.881
3218.081
3218.248
3218.415
3218.582
3218.748
3218.915
3219.082
3219.249
3219.416
3219.616
3219.783
3219.983
3220.150
3220.317
3220.450
3220.617
3220.817
3220.984
3246.376
3246.843
3247.310
3247.777
3248.245
3248.712
3249.145
3249.613
3250.080
3250.547
3251.014
3251.448
3251.915
3252.382
3252.849
3253.316
3253.783
3254.217
3254.684
3255.151
3255.619
3256.086
3256.553
3257.020
3257.454
3257.921
3258.388
3258.855
3259.322
3259.756
3260.223
3260.690
3261.157
3261.625
3262.092
3262.525
3262.993
3263.460
3263.927
3264.394
3264.861
3265.295
3265.762
3266.229
3266.696
3267.163
3267.631
3268.098
3268.531
3268.999
3269.466
3269.933
3270.400
3270.834
3271.301
3271.768
3272.235
3272.702
3273.169
3273.603
3275.905
3276.139
3276.406
3276.606
3276.840
3277.073
3277.307
3277.540
3277.774
3278.008
3278.241
3278.475
3278.675
3278.908
3279.142
3279.376
3279.609
3279.843
3280.076
3280.310
3280.543
3280.777
3281.011
3281.244
3281.478
3281.678
3281.911
3282.145
3282.379
3282.612
3282.846
3283.079
3283.313
3283.546
3283.780
3284.014
3284.247
3284.481
3284.681
3284.914
3285.148
3285.382
3285.615
3285.849
3286.082
3286.316
3286.549
3286.783
3286.983
3287.217
3287.450
3287.684
3287.917
3288.151
3288.385
3288.618
3288.852
3289.085
3289.319
3289.552
3289.786
3289.986
3290.220
3290.453
3290.687
3290.920
3291.154
3291.388
3291.621
3291.855
3292.088
3292.289
3292.522
3292.756
3292.989
3293.223
3293.456
3293.690
3293.923
3294.157
3294.391
3294.624
3294.858
3295.091
3295.292
3295.525
3295.759
3295.992
3296.226
3296.459
3296.693
3296.926
3297.160
3297.394
3297.627
3297.861
3298.061
3298.295
3298.528
3298.762
3298.995
3299.229
3299.462
3299.696
3299.929
3300.163
3300.397
3300.630
3300.864
3301.064
3301.298
3301.531
3301.765
3301.998
3302.232
3302.465
3302.699
3302.932
3303.166
3303.366
3303.600
3303.833
3304.067
3304.301
3304.534
3304.768
3305.001
3305.235
3305.468
3305.935
3306.369
3306.836
3307.304
3307.771
3308.238
3308.672
3309.139
3309.606
3310.073
3310.540
3311.007
3311.474
3311.908
3312.375
3312.842
3313.310
3313.777
3314.244
3314.678
3315.145
3315.612
3316.079
3316.546
3317.013
3317.447
3317.914
3320.216
3320.450
3320.684
3320.917
3321.151
3321.384
3321.618
3321.851
3322.085
3322.319
3322.552
3322.752
3322.986
3323.219
3323.453
3323.687
3323.920
3324.154
3324.387
3324.621
3324.854
3325.055
3325.322
3325.555
3325.755
3325.989
3326.222
3326.456
3326.690
3326.923
3327.157
3327.390
3327.624
3327.857
3328.058
3328.291
3328.525
3328.758
3328.992
3329.225
3329.459
3329.693
3329.926
3330.160
3330.393
3330.627
3330.860
3331.061
3331.294
3331.528
3331.761
3331.995
3332.228
3332.462
3332.696
3332.929
3333.163
3333.396
3333.630
3333.830
3334.064
3334.297
3334.531
3334.764
3334.998
3335.231
3335.465
3335.699
3335.932
3336.132
3336.366
3336.599
3336.833
3337.067
3337.300
3337.534
3337.767
3338.001
3338.234
3338.468
3338.702
3338.935
3339.135
3339.369
3339.602
3339.836
3340.070
3340.303
3340.537
3340.770
3341.004
3341.237
3341.471
3341.705
3341.938
3342.138
3342.372
3342.605
3342.839
3343.073
3343.306
3343.540
3343.773
3344.007
3344.240
3344.441
3344.674
3344.908
3345.141
3345.375
3345.608
3345.842
3346.076
3346.309
3346.543
3346.776
3347.010
3347.210
3347.444
3347.677
3349.779
3350.213
3350.680
3351.147
3351.614
3352.082
3352.549
3352.982
3353.450
3353.917
3354.384
3354.851
3355.318
3355.752
3356.219
3356.686
3357.153
3357.620
3358.088
3358.521
3358.988
3359.456
3359.923
3360.390
3360.824
3361.291
3361.758
3362.225
3364.527
3364.761
3364.994
3365.228
3365.462
3365.695
3365.929
3366.162
3366.396
3366.596
3366.830
3367.063
3367.297
3367.530
3367.764
3367.997
3368.231
3368.465
3368.698
3368.898
3369.132
3369.366
3369.599
3369.833
3370.066
3370.300
3370.533
3370.767
3371.000
3371.234
3371.468
3371.701
3371.901
3372.135
3372.369
3372.602
3372.836
3373.069
3373.303
3373.536
3373.770
3374.003
3374.237
3374.471
3374.704
3374.904
3375.138
3375.372
3375.605
3375.839
3376.072
3376.306
3376.539
3376.773
3377.006
3377.207
3379.309
3379.542
3379.776
3379.976
3380.210
3380.443
3380.677
3380.910
3381.144
3381.378
3381.611
3381.845
3382.078
3382.312
3382.545
3382.779
3382.979
3383.213
3383.446
3383.680
3383.913
3384.147
3384.381
3384.614
3384.848
3385.081
3385.315
3385.515
3385.749
3385.982
3386.216
3386.449
3386.683
3386.916
3387.150
3387.384
3387.617
3387.851
3388.084
3388.284
3388.518
3388.752
3388.985
3389.219
3389.452
3389.686
3389.919
3390.153
3390.387
3390.620
3390.854
3391.087
3391.287
3391.521
3391.755
3391.988
3392.222
3392.455
3392.689
3392.922
3393.156
3393.390
3393.590
3393.823
3394.057
3394.290
3394.524
3394.758
3394.991
3395.225
3395.458
3395.692
3395.925
3396.159
3396.359
3396.593
3396.826
3397.060
3397.293
3397.527
3397.761
3397.994
3398.228
3398.461
3398.695
3398.928
3399.162
3399.362
3399.596
3399.829
3400.063
3400.296
3400.530
3400.764
3400.997
3401.231
3401.464
3401.698
3401.898
3402.132
3402.365
3402.599
3402.832
3403.066
3403.299
3403.533
3403.767
3404.000
3404.234
3404.467
3404.667
3404.901
3405.135
3405.368
3405.602
3405.835
3406.069
3406.302
3406.536
3406.770
3407.003
3407.237
3407.470
3407.670
3407.904
3408.138
3408.371
3408.605
3408.838
3408.938
3409.072
3409.172
3409.305
3409.406
3409.539
3409.639
3409.773
3409.873
3409.973
3410.106
3410.206
3410.340
3410.440
3410.573
3412.542
3412.742
3412.976
3413.209
3413.443
3413.676
3413.910
3414.144
3414.377
3414.611
3414.844
3415.078
3415.311
3415.545
3415.745
3415.979
3416.212
3416.446
3416.679
3416.913
3417.147
3417.380
3417.614
3417.847
3418.081
3418.314
3418.548
3418.748
3418.982
3419.215
3419.449
3419.682
3419.916
3420.150
3420.383
3420.617
3420.850
3421.050
3421.284
3421.518
3421.751
3421.985
3422.218
3422.452
3422.685
3422.919
3423.153
3423.386
3423.620
3423.853
3424.053
3424.287
3424.521
3424.754
3424.988
3425.221
3425.455
3425.688
3425.922
3426.156
3426.356
3426.589
3426.823
3427.056
3427.290
3427.524
3427.757
3427.991
3428.224
3428.458
3428.691
3428.925
3429.159
3429.359
3429.592
3429.826
3430.059
3430.293
3430.527
3430.760
3430.994
3431.227
3431.461
3431.694
3431.928
3432.128
3432.362
3432.595
3432.829
3433.062
3433.296
3433.530
3433.763
3433.997
3434.230
3434.464
3434.697
3434.898
3435.131
3435.365
3435.598
3435.832
3436.065
3436.299
3436.533
3436.766
3437.000
3437.233
3437.434
3437.667
3437.901
3438.134
3438.368
3438.601
3438.835
3439.068
3439.302
3439.536
3439.769
3440.003
3440.236
3440.437
3440.670
3440.904
3441.137
3441.371
3441.604
3441.838
3442.071
3442.539
3442.972
3443.440
3443.907
3444.374
3444.841
3445.308
3445.742
3446.209
3446.676
3447.143
3447.610
3448.077
3448.511
3448.978
3449.446
3449.913
3450.380
3450.847
3451.314
3451.748
3452.215
3452.682
3453.149
3453.616
3454.050
3454.517
3456.820
3457.053
3457.287
3457.520
3457.754
3457.987
3458.221
3458.455
3458.688
3458.922
3459.122
3459.355
3459.589
3459.823
3460.056
3460.290
3460.523
3460.757
3460.990
3461.224
3461.458
3461.691
3461.891
3462.125
3462.358
3462.592
3462.826
3463.059
3463.293
3463.526
3463.760
3463.993
3464.227
3464.461
3464.694
3464.894
3465.128
3465.361
3465.595
3465.829
3466.062
3466.296
3466.529
3466.763
3466.996
3467.230
3467.464
3467.697
3467.897
3468.131
3468.364
3468.598
3468.832
3469.065
3469.299
3469.532
3469.766
3469.999
3470.200
3470.433
3470.667
3470.900
3471.134
3471.367
3471.601
3471.835
3472.068
3472.302
3472.535
3472.769
3473.002
3473.203
3473.436
3473.670
3473.903
3474.137
3474.370
3474.604
3474.838
3475.071
3475.305
3475.538
3475.772
3476.005
3476.206
3476.439
3476.673
3476.906
3477.140
3477.373
3477.607
3477.841
3478.074
3478.308
3478.508
3478.741
3478.975
3479.209
3479.442
3479.676
3479.909
3480.143
3480.376
3480.610
3480.844
3481.077
3481.277
3481.511
3481.744
3481.978
3482.212
3482.445
3482.679
3482.912
3483.146
3483.379
3483.613
3483.847
3484.080
3484.280
3486.382
3486.816
3487.283
3487.750
3488.218
3488.685
3489.152
3489.586
3490.053
3490.520
3490.987
3491.454
3491.921
3492.388
3492.822
3493.289
3493.756
3494.224
3494.691
3495.124
3495.592
3496.059
3496.526
3496.993
3497.460
3497.894
3498.361
3498.828
3501.130
3501.364
3501.598
3501.831
3502.065
3502.298
3502.532
3502.765
3502.966
3503.199
3503.433
3503.666
3503.900
3504.133
3504.367
3504.601
3504.834
3505.068
3505.301
3505.535
3505.768
3505.969
3506.202
3506.436
3506.669
3506.903
3507.136
3507.370
3507.604
3507.837
3508.071
3508.271
3508.505
3508.771
3508.972
3509.205
3509.439
3509.672
3509.906
3510.139
3510.373
3510.607
3510.840
3511.074
3511.274
3511.508
3511.741
3511.975
3512.208
3512.442
3512.675
3512.909
3513.142
3513.376
3513.610
3513.843
3515.912
3516.379
3516.846
3517.280
3517.747
3518.214
3518.681
3519.148
3519.582
3520.049
3520.517
3520.984
3521.451
3521.918
3522.352
3522.819
3523.286
3523.753
3524.220
3524.687
3525.121
3525.588
3526.055
3526.523
3526.990
3527.457
3527.891
3528.358
3528.825
3529.292
3529.759
3530.226
3530.660
3531.127
3531.594
3532.061
3532.529
3532.996
3533.429
3533.897
3534.364
3534.831
3535.298
3535.765
3536.199
3536.666
3537.133
3537.600
3538.067
3538.301
3538.535
3538.735
3538.968
3539.202
3539.435
3539.669
3539.903
3540.136
3540.370
3540.603
3540.837
3541.070
3541.304
3541.538
3541.738
3541.971
3542.205
3542.438
3542.672
3542.906
3543.139
3543.373
3543.606
3543.840
3544.040
3544.274
3544.507
3544.741
3544.974
3545.208
3545.441
3545.542
3545.675
3545.775
3545.909
3546.009
3546.142
3546.242
3546.376
3546.476
3546.609
3546.709
3546.809
3546.943
3547.043
3547.176
3549.145
3549.379
3549.612
3549.846
3550.046
3550.280
3550.513
3550.747
3550.980
3551.214
3551.447
3551.681
3551.915
3552.115
3552.348
3552.582
3552.815
3553.049
3553.283
3553.516
3553.750
3553.983
3554.217
3554.450
3554.684
3554.918
3555.118
3555.351
3555.585
3555.818
3556.052
3556.286
3556.519
3556.753
3556.986
3557.220
3557.453
3557.687
3557.921
3558.121
3558.354
3558.588
3558.821
3559.055
3559.289
3559.522
3559.756
3559.989
3560.223
3560.423
3560.657
3560.890
3561.124
3561.357
3561.591
3561.824
3562.058
3562.292
3562.525
3562.759
3562.992
3563.192
3563.426
3563.660
3563.893
3564.127
3564.360
3564.594
3564.827
3565.061
3565.295
3565.528
3565.762
3565.995
3566.195
3566.429
3566.663
3566.896
3567.130
3567.363
3567.597
3567.830
3568.064
3568.298
3568.531
3568.731
3568.998
3569.198
3569.432
3569.666
3569.899
3570.133
3570.366
3570.600
3570.833
3571.067
3571.301
3571.501
3571.734
3571.968
3572.201
3572.435
3572.669
3572.902
3573.136
3573.369
3573.603
3573.836
3574.070
3574.304
3574.504
3574.737
3574.971
3575.204
3575.438
3575.672
3575.905
3576.139
3576.372
3576.606
3576.806
3577.040
3577.273
3577.507
3577.740
3577.974
3578.207
3578.441
3578.675
3579.142
3579.609
3580.043
3580.510
3580.977
3581.444
3581.911
3582.378
3582.812
3583.279
3583.746
3584.213
3584.681
3585.148
3585.582
3586.049
3586.516
3586.983
3587.450
3587.884
3588.351
3588.818
3589.285
3589.752
3590.219
3590.687
3591.120
3593.423
3593.656
3593.890
3594.123
3594.357
3594.591
3594.824
3595.058
3595.291
3595.525
3595.758
3595.959
3596.192
3596.426
3596.659
3596.893
3597.126
3597.360
3597.594
3597.827
3598.061
3598.294
3598.528
3598.761
3598.962
3599.195
3599.429
3599.662
3599.896
3600.129
3600.363
3600.597
3600.830
3601.064
3601.297
3601.531
3601.731
3601.965
3602.198
3602.432
3602.665
3602.899
3603.132
3603.366
3603.600
3603.833
3604.067
3604.267
3604.500
3604.734
3604.968
3605.201
3605.435
3605.668
3605.902
3606.135
3606.369
3606.603
3606.836
3607.070
3607.270
3607.503
3607.737
3607.971
3608.204
3608.438
3608.671
3608.905
3609.138
3609.372
3609.572
3609.806
3610.039
3610.273
3610.506
3610.740
3610.974
3611.207
3611.441
3611.674
3611.908
3612.141
3612.342
3612.575
3612.809
3613.042
3613.276
3613.509
3613.743
3613.977
3614.210
3614.444
3614.677
3614.911
3615.144
3615.345
3615.578
3615.812
3616.045
3616.279
3616.512
3616.746
3616.980
3617.213
3617.447
3617.680
3617.914
3618.147
3618.348
3618.581
3618.815
3619.048
3619.282
3619.515
3619.749
3619.983
3620.216
3620.450
3620.650
3620.883
3622.986
3623.453
3623.886
3624.354
3624.821
3625.288
3625.755
3626.189
3626.656
3627.123
3627.590
3628.057
3628.524
3628.958
3629.425
3629.892
3630.360
3630.827
3631.294
3631.761
3632.195
3632.662
3633.129
3633.596
3634.063
3634.530
3634.964
3635.431
3635.898
3636.132
3636.366
3636.599
3636.833
3637.033
3637.266
3637.500
3637.734
3637.967
3638.201
3638.434
3638.668
3638.901
3639.135
3639.369
3639.602
3639.836
3640.036
3640.269
3640.503
3640.737
3640.970
3641.204
3641.437
3641.671
3641.904
3642.138
3642.338
3642.605
3642.839
3643.039
3643.272
3643.506
3643.740
3643.973
3644.207
3644.440
3644.674
3644.907
3645.141
3645.341
3645.575
3645.808
3646.042
3646.275
3646.509
3646.743
3646.976
3647.210
3647.443
3647.677
3647.910
3648.111
3648.344
3648.578
3648.811
3649.045
3649.278
3649.512
3649.746
3649.979
3650.213
3650.446
3652.515
3652.982
3653.416
3653.883
3654.350
3654.817
3655.284
3655.752
3656.219
3656.653
3657.120
3657.587
3658.054
3658.521
3658.955
3659.422
3659.889
3660.356
3660.823
3661.290
3661.724
3662.191
3662.659
3663.126
3663.593
3664.060
3664.494
3664.961
3665.428
3665.895
3666.362
3666.829
3667.296
3667.730
3668.197
3668.665
3669.132
3669.599
3670.033
3670.500
3670.967
3671.434
3671.901
3672.368
3672.802
3673.269
3673.736
3674.203
3674.671
3674.904
3675.104
3675.371
3675.605
3675.805
3676.039
3676.272
3676.506
3676.739
3676.973
3677.206
3677.440
3677.674
3677.907
3678.107
3678.341
3678.574
3678.808
3679.042
3679.275
3679.509
3679.742
3679.976
3680.209
3680.443
3680.677
3680.910
3681.110
3681.344
3681.577
3681.811
3682.045
3682.178
3682.278
3682.378
3682.512
3682.612
3682.745
3682.845
3682.979
3683.079
3683.212
3683.312
3683.446
3683.546
3683.680
3683.780
3685.748
3685.982
3686.182
3686.416
3686.649
3686.883
3687.116
3687.350
3687.583
3687.817
3688.051
3688.284
3688.518
3688.751
3688.985
3689.185
3689.419
3689.652
3689.886
3690.119
3690.353
3690.586
3690.820
3691.054
3691.287
3691.521
3691.754
3691.988
3692.188
3692.422
3692.655
3692.889
3693.122
3693.356
3693.589
3693.823
3694.057
3694.290
3694.490
3694.724
3694.957
3695.191
3695.425
3695.658
3695.892
3696.125
3696.359
3696.592
3696.826
3697.060
3697.260
3697.493
3697.727
3697.960
3698.194
3698.428
3698.661
3698.895
3699.128
3699.362
3699.595
3699.829
3700.063
3700.263
3700.496
3700.730
3700.963
3701.197
3701.431
3701.664
3701.898
3702.131
3702.365
3702.565
3702.799
3703.032
3703.266
3703.499
3703.733
3703.966
3704.200
3704.434
3704.667
3704.901
3705.134
3705.368
3705.568
3705.802
3706.035
3706.269
3706.502
3706.736
3706.969
3707.203
3707.437
3707.670
3707.904
3708.137
3708.371
3708.571
3708.805
3709.038
3709.272
3709.505
3709.739
3709.972
3710.206
3710.440
3710.673
3710.873
3711.107
3711.340
3711.574
3711.808
3712.041
3712.275
3712.508
3712.742
3712.975
3713.209
3713.443
3713.643
3713.876
3714.110
3714.343
3714.577
3714.811
3715.044
3715.278
3715.745
3716.212
3716.646
3717.113
3717.580
3718.047
3718.514
3718.981
3719.415
3719.882
3720.349
3720.817
3721.284
3721.751
3722.185
3722.652
3723.119
3723.586
3724.053
3724.520
3724.954
3725.421
3725.888
3726.355
3726.823
3727.256
3727.724
3730.026
3730.259
3730.493
3730.727
3730.960
3731.194
3731.427
3731.661
3731.894
3732.128
3732.361
3732.595
3732.829
3733.029
3733.262
3733.496
3733.730
3733.963
3734.197
3734.430
3734.664
3734.897
3735.131
3735.364
3735.598
3735.798
3736.032
3736.265
3736.499
3736.733
3736.966
3737.200
3737.433
3737.667
3737.900
3738.134
3738.334
3738.568
3738.801
3739.035
3739.268
3739.502
3739.736
3739.969
3740.203
3740.436
3740.670
3740.903
3741.137
3741.337
3741.571
3741.804
3742.038
3742.271
3742.505
3742.739
3742.972
3743.206
3743.439
3743.639
3743.873
3744.107
3744.340
3744.574
3744.807
3745.041
3745.274
3745.508
3745.742
3745.975
3746.209
3746.409
3746.642
3746.876
3747.110
3747.343
3747.577
3747.810
3748.044
3748.277
3748.511
3748.745
3748.978
3749.212
3749.412
3749.645
3749.879
3750.113
3750.346
3750.580
3750.813
3751.047
3751.280
3751.514
3751.748
3751.948
3752.181
3752.415
3752.648
3752.882
3753.116
3753.349
3753.583
3753.816
3754.050
3754.283
3754.517
3754.717
3754.951
3755.184
3755.418
3755.651
3755.885
3756.119
3756.352
3756.586
3756.819
3757.053
3757.286
3757.520
3759.589
3760.022
3760.490
3760.957
3761.424
3761.891
3762.358
3762.792
3763.259
3763.726
3764.193
3764.660
3765.128
3765.595
3766.028
3766.496
3766.963
3767.430
3767.897
3768.364
3768.798
3769.265
3769.732
3770.199
3770.666
3771.100
3771.567
3772.034
3774.337
3774.570
3774.804
3775.037
3775.271
3775.505
3775.738
3775.972
3776.205
3776.405
3776.639
3776.873
3777.106
3777.340
3777.573
3777.807
3778.040
3778.274
3778.508
3778.741
3778.975
3779.208
3779.408
3779.642
3779.876
3780.109
3780.343
3780.576
3780.810
3781.043
3781.277
3781.511
3781.744
3781.978
3782.178
3782.411
3782.645
3782.879
3783.112
3783.346
3783.579
3783.813
3784.046
3784.280
3784.514
3784.747
3784.981
3785.181
3785.414
3785.648
3785.882
3786.115
3786.349
3786.582
3786.816
3787.049
3789.118
3789.585
3790.052
3790.486
3790.953
3791.420
3791.888
3792.355
3792.789
3793.256
3793.723
3794.190
3794.657
3795.124
3795.591
3796.025
3796.492
3796.959
3797.426
3797.894
3798.361
3798.795
3799.262
3799.729
3800.196
3800.663
3801.130
3801.564
3802.031
3802.498
3802.965
3803.432
3803.866
3804.333
3804.801
3805.268
3805.735
3806.202
3806.669
3807.103
3807.570
3808.037
3808.504
3808.971
3809.405
3809.872
3810.339
3810.807
3811.274
3811.507
3811.741
3811.974
3812.175
3812.408
3812.642
3812.875
3813.109
3813.342
3813.576
3813.810
3814.043
3814.277
3814.510
3814.744
3814.944
3815.178
3815.411
3815.645
3815.878
3816.112
3816.345
3816.579
3816.813
3817.046
3817.280
3817.513
3817.747
3817.947
3818.181
3818.414
3818.648
3818.781
3818.881
3818.981
3819.115
3819.248
3819.348
3819.448
3819.582
3819.682
3819.816
3819.916
3820.049
3820.149
3820.249
3820.383
3822.351
3822.585
3822.819
3823.052
3823.252
3823.486
3823.719
3823.953
3824.187
3824.420
3824.654
3824.887
3825.121
3825.354
3825.555
3825.822
3826.022
3826.255
3826.489
3826.722
3826.956
3827.190
3827.423
3827.657
3827.890
3828.124
3828.357
3828.558
3828.791
3829.025
3829.258
3829.492
3829.725
3829.959
3830.193
3830.426
3830.660
3830.893
3831.127
3831.327
3831.561
3831.794
3832.028
3832.261
3832.495
3832.728
3832.962
3833.196
3833.429
3833.663
3833.896
3834.130
3834.330
3834.564
3834.797
3835.031
3835.264
3835.498
3835.731
3835.965
3836.199
3836.432
3836.632
3836.866
3837.099
3837.333
3837.567
3837.800
3838.034
3838.267
3838.501
3838.734
3838.968
3839.202
3839.435
3839.635
3839.869
3840.102
3840.336
3840.570
3840.803
3841.037
3841.270
3841.504
3841.737
3841.971
3842.171
3842.405
3842.638
3842.872
3843.105
3843.339
3843.573
3843.806
3844.040
3844.273
3844.507
3844.707
3844.941
3845.174
3845.408
3845.641
3845.875
3846.108
3846.342
3846.576
3846.809
3847.043
3847.276
3847.510
3847.710
3847.944
3848.177
3848.411
3848.644
3848.878
3849.111
3849.345
3849.579
3849.812
3850.046
3850.279
3850.513
3850.713
3850.947
3851.180
3851.414
3851.647
3851.881
3852.348
3852.815
3853.249
3853.716
3854.183
3854.650
3855.117
3855.585
3856.018
3856.485
3856.953
3857.420
3857.887
3858.354
3858.821
3859.255
3859.722
3860.189
3860.656
3861.123
3861.557
3862.024
3862.491
3862.959
3863.426
3863.893
3864.327
3866.662
3866.896
3867.096
3867.330
3867.563
3867.797
3868.030
3868.264
3868.497
3868.731
3868.965
3869.198
3869.398
3869.632
3869.866
3870.099
3870.333
3870.566
3870.800
3871.033
3871.267
3871.500
3871.734
3871.968
3872.201
3872.401
3872.635
3872.869
3873.102
3873.336
3873.569
3873.803
3874.036
3874.270
3874.503
3874.737
3874.971
3875.204
3875.404
3875.638
3875.872
3876.105
3876.339
3876.572
3876.806
3877.039
3877.273
3877.506
3877.707
3877.940
3878.174
3878.407
3878.641
3878.875
3879.108
3879.342
3879.575
3879.809
3880.042
3880.276
3880.509
3880.710
3880.943
3881.177
3881.410
3881.644
3881.878
3882.111
3882.345
3882.578
3882.812
3883.045
3883.279
3883.479
3883.713
3883.946
3884.180
3884.413
3884.647
3884.881
3885.114
3885.348
3885.581
3885.815
3886.015
3886.249
3886.482
3886.716
3886.949
3887.183
3887.416
3887.650
3887.884
3888.117
3888.351
3888.584
3888.784
3889.018
3889.252
3889.485
3889.719
3889.952
3890.186
3890.419
3890.653
3890.887
3891.120
3891.354
3891.587
3891.787
3892.021
3892.255
3892.488
3892.722
3892.955
3893.189
3893.422
3893.656
3893.890
3894.090
3896.192
3896.659
3897.093
3897.560
3898.027
3898.494
3898.961
3899.428
3899.862
3900.329
3900.796
3901.264
3901.731
3902.198
3902.632
3903.099
3903.566
3904.033
3904.500
3904.967
3905.401
3905.868
3906.335
3906.802
3907.270
3907.737
3908.170
3908.638
3910.940
3911.173
3911.407
3911.641
3911.874
3912.108
3912.341
3912.575
3912.808
3913.042
3913.276
3913.476
3913.709
3913.943
3914.176
3914.410
3914.644
3914.877
3915.111
3915.344
3915.578
3915.811
3916.045
3916.245
3916.479
3916.712
3916.946
3917.179
3917.413
3917.647
3917.880
3918.114
3918.347
3918.581
3918.814
3919.048
3919.248
3919.482
3919.715
3919.949
3920.182
3920.416
3920.650
3920.883
3921.117
3921.350
3921.550
3921.784
3922.018
3922.251
3922.485
3922.718
3922.952
3923.185
3923.419
3923.653
3925.721
3926.188
3926.656
3927.089
3927.556
3928.024
3928.491
3928.958
3929.425
3929.859
3930.326
3930.793
3931.260
3931.727
3932.194
3932.628
3933.095
3933.562
3934.030
3934.497
3934.964
3935.398
3935.865
3936.332
3936.799
3937.266
3937.733
3938.167
3938.634
3939.101
3939.568
3940.036
3940.503
3940.937
3941.404
3941.871
3942.338
3942.805
3943.239
3943.706
3944.173
3944.640
3945.107
3945.574
3946.042
3946.475
3946.943
3947.410
3947.877
3948.110
3948.344
3948.577
3948.811
3949.011
3949.245
3949.478
3949.712
3949.946
3950.179
3950.413
3950.646
3950.880
3951.113
3951.347
3951.580
3951.814
3952.014
3952.248
3952.481
3952.715
3952.949
3953.182
3953.416
3953.649
3953.883
3954.116
3954.317
3954.550
3954.784
3955.017
3955.251
3955.384
3955.484
3955.618
3955.718
3955.818
3955.952
3956.052
3956.185
3956.285
3956.419
3956.519
3956.652
3956.752
3956.886
3956.986
3958.955
3959.422
3959.855
3960.323
3960.790
3961.257
3961.724
3962.191
3962.625
3963.092
3963.559
3964.026
3964.493
3964.961
3965.394
3965.861
3966.329
3966.796
3967.263
3967.730
3968.197
3968.631
3969.098
3969.565
3970.032
3970.499
3970.933
3971.400
3971.867
3972.335
3972.802
3973.269
3973.703
3974.170
3974.637
3975.104
3975.571
3976.038
3976.472
3976.939
3977.406
3977.873
3978.341
3978.808
3979.241
3979.709
3980.176
3980.643
3981.110
3981.577
3982.011
3982.478
3982.945
3983.412
3983.879
3984.347
3984.780
3985.247
3985.715
3986.182
3986.649
3987.083
3987.550
3988.017
3988.484
3988.718
3988.951
3989.185
3989.418
3989.652
3989.885
3990.086
3990.319
3990.553
3990.786
3991.020
3991.253
3991.487
3991.721
3991.954
3992.188
3992.388
3992.621
3992.855
3993.089
3993.322
3993.556
3993.789
3994.023
3994.256
3994.490
3994.724
3994.957
3995.157
3995.391
3995.624
3995.858
3996.092
3996.325
3996.559
3996.792
3997.026
3997.259
3997.493
3997.727
3997.960
3998.160
3998.394
3998.627
3998.861
3999.095
3999.328
3999.562
3999.795
4000.029
4000.262
4000.496
4000.730
4000.930
4001.163
4001.397
4001.630
4001.864
4002.098
4002.331
4002.565
4002.798
4003.032
4003.265
4003.499
4003.699
4003.933
4004.166
4004.400
4004.633
4004.867
4005.101
4005.334
4005.568
4005.801
4006.035
4006.268
4006.469
4006.702
4006.936
4007.169
4007.403
4007.636
4007.870
4008.104
4008.337
4008.571
4008.771
4009.038
4009.271
4009.472
4009.705
4009.939
4010.172
4010.406
4010.639
4010.873
4011.107
4011.340
4011.574
4011.774
4012.008
4012.241
4012.475
4012.708
4012.942
4013.175
4013.409
4013.642
4013.876
4014.110
4014.343
4014.543
4014.777
4015.011
4015.244
4015.478
4015.711
4015.945
4016.178
4016.412
4016.645
4016.879
4017.113
4017.346
4017.546
4017.780
4018.014
4018.247
4018.481
4018.714
4018.948
4019.181
4019.415
4019.648
4019.849
4020.082
4020.316
4020.549
4020.783
4021.017
4021.250
4021.484
4021.717
4021.951
4022.184
4022.418
4022.651
4022.852
4023.085
4023.319
4023.552
4023.786
4024.020
4024.253
4024.487
4024.720
4024.954
4025.187
4025.421
4025.654
4025.855
4026.088
4026.322
4026.555
4026.789
4027.023
4027.256
4027.490
4027.723
4027.957
4028.157
4028.391
4028.624
4028.858
4029.091
4029.325
4029.558
4029.792
4030.026
4030.259
4030.493
4030.726
4030.926
4031.160
4031.394
4031.627
4031.861
4032.094
4032.328
4032.561
4032.795
4033.029
4033.262
4033.496
4033.729
4033.929
4034.163
4034.397
4034.630
4034.864
4035.097
4035.331
4035.564
4035.798
4036.032
4036.265
4036.465
4036.699
4036.932
4037.166
4037.400
4037.633
4037.867
4038.100
4038.334
4038.567
4038.801
4039.035
4039.235
4039.468
4039.702
4039.935
4040.169
4040.403
4040.636
4040.870
4041.103
4041.337
4041.537
4041.804
4042.038
4042.238
4042.471
4042.705
4042.938
4043.172
4043.406
4043.639
4043.873
4044.106
4044.340
4044.540
4044.774
4045.007
4045.241
4045.474
4045.708
4045.941
4046.175
4046.409
4046.642
4046.876
4047.109
4047.309
4047.543
4047.777
4048.010
4048.244
4048.477
4048.711
4048.944
4049.178
4049.412
4049.645
4049.879
4050.112
4050.312
4050.546
4050.780
4051.013
4051.247
4051.480
4051.714
4051.947
4052.181
4052.415
4052.615
4052.848
4053.082
4053.315
4053.549
4053.783
4054.016
4054.250
4054.483
4054.717
4054.950
4055.184
4055.418
4055.618
4055.851
4056.085
4056.318
4056.552
4056.786
4057.019
4057.253
4057.486
4057.720
4057.953
4058.187
4058.421
4058.621
4058.854
4059.088
4059.321
4059.555
4059.789
4060.022
4060.256
4060.489
4060.723
4060.923
4061.157
4061.390
4061.624
4061.857
4062.091
4062.324
4062.558
4062.792
4063.025
4063.259
4063.492
4063.692
4063.926
4064.160
4064.393
4064.627
4064.860
4065.094
4065.327
4065.561
4065.795
4066.028
4066.262
4066.495
4066.695
4066.929
4067.163
4067.396
4067.630
4067.863
4068.097
4068.330
4068.564
4068.798
4069.031
4069.265
4069.498
4069.698
4069.932
4070.166
4070.399
4070.633
4070.866
4071.100
4071.333
4071.567
4071.801
4072.001
4072.234
4072.468
4072.701
4072.935
4073.169
4073.402
4073.636
4073.869
4074.103
4074.336
4074.570
4074.804
4075.004
4075.237
4075.471
4075.704
4075.938
4076.172
4076.405
4076.639
4076.872
4077.106
4077.306
4077.540
4077.773
4078.007
4078.240
4078.474
4078.707
4078.941
4079.175
4079.408
4079.642
4079.875
4080.109
4080.309
4080.543
4080.776
4081.010
4081.243
4081.477
4081.710
4081.944
4082.178
4082.411
4082.645
4082.878
4083.079
4083.312
4083.546
4083.779
4084.013
4084.246
4084.480
4084.713
4084.947
4085.181
4085.414
4085.648
4085.881
4086.082
4086.315
4086.549
4086.782
4087.016
4087.249
4087.483
4087.716
4087.950
4088.184
4088.384
4088.617
4088.851
4089.085
4089.318
4089.552
4089.785
4090.019
4090.252
4090.486
4090.719
4090.953
4091.187
4091.387
4091.620
4091.854
4092.088
4092.321
4092.555
4092.788
4093.022
4093.255
4093.489
4093.689
4093.923
4094.156
4094.390
4094.623
4094.857
4095.091
4095.324
4095.558
4095.791
4096.025
4096.258
4096.459
4096.692
4096.926
4097.159
4097.393
4097.626
4097.860
4098.094
4098.327
4098.561
4098.794
4099.028
4099.261
4099.462
4099.695
4099.929
4100.162
4100.396
4100.629
4100.863
4101.097
4101.330
4101.564
4101.797
4102.031
4102.264
4102.465
4102.698
4102.932
4103.165
4103.399
4103.632
4103.866
4104.100
4104.333
4104.567
4104.767
4105.000
4105.234
4105.468
4105.701
4105.935
4106.168
4106.402
4106.635
4106.869
4107.103
4107.336
4107.570
4107.770
4108.003
4108.237
4108.471
4108.704
4108.938
4109.171
4109.405
4109.638
4109.638
4109.872
4109.872
4110.072
4110.072
