0.225
2.074
3.924
5.773
7.623
9.472
11.322
13.171
15.021
16.870
18.720
20.569
22.419
24.268
26.118
27.967
29.817
30.267
31.189
32.110
33.032
33.954
34.876
35.798
36.720
37.641
38.563
39.485
40.407
41.329
42.251
43.172
44.094
45.016
45.938
46.860
47.782
48.703
49.625
50.547
51.469
52.391
53.313
54.234
55.156
56.078
57.000
57.479
57.839
57.958
58.198
58.677
58.917
59.378
59.839
60.300
60.761
61.222
61.683
62.144
62.605
63.066
63.527
63.988
64.449
64.910
65.371
65.832
66.293
66.754
67.215
67.676
68.137
68.598
69.059
69.520
69.981
70.442
70.903
71.364
71.825
72.286
72.747
73.208
73.669
74.131
74.592
75.053
75.514
75.975
76.436
76.897
77.358
77.819
78.280
78.741
79.202
79.663
80.124
80.585
81.046
81.507
81.968
82.429
82.890
83.351
83.812
84.273
84.734
85.195
85.656
86.117
86.578
87.039
87.500
87.961
88.422
88.883
89.114
89.344
89.805
90.266
90.727
90.958
91.188
91.649
92.110
92.571
92.801
93.032
93.493
93.954
94.415
94.645
94.876
95.336
95.797
96.258
96.489
96.719
97.180
97.641
98.102
98.333
98.563
99.024
99.485
99.946
100.176
100.407
100.868
101.329
101.790
102.020
102.251
102.711
103.172
103.633
103.864
104.096
104.327
104.558
104.789
105.020
105.251
105.482
105.713
105.944
106.175
106.407
106.638
106.869
107.100
107.331
107.562
107.793
108.024
108.255
108.487
108.718
108.949
109.180
109.411
109.642
109.873
110.104
110.335
110.566
110.798
111.029
111.260
111.491
111.722
111.953
112.184
112.415
112.646
112.877
113.109
113.340
113.571
113.802
114.033
114.264
114.495
114.726
114.957
115.189
115.420
115.651
115.882
116.113
116.344
116.575
116.806
117.037
117.268
117.500
117.731
117.962
118.193
118.424
118.655
118.886
119.117
119.348
119.580
119.811
120.042
120.273
120.504
120.735
120.966
121.197
121.428
121.659
121.891
122.122
122.353
122.584
122.815
123.046
123.277
123.508
123.739
123.970
124.202
124.433
124.664
124.895
125.126
125.357
125.588
125.819
126.050
126.282
126.513
126.744
126.975
127.206
127.437
127.668
127.899
128.130
128.361
128.593
128.824
129.055
129.286
129.517
129.748
129.979
130.210
130.441
130.673
130.904
131.135
131.366
131.597
131.828
132.059
132.290
132.521
132.752
132.984
133.215
133.446
133.677
133.908
134.139
134.254
134.369
134.600
134.715
134.830
135.060
135.290
135.521
135.751
135.981
136.096
136.211
136.442
136.557
136.672
136.902
137.132
137.363
137.593
137.823
137.938
138.053
138.284
138.399
138.514
138.744
138.974
139.205
139.435
139.665
139.780
139.895
140.126
140.241
140.356
140.586
140.816
141.047
141.277
141.507
141.622
141.737
141.968
142.083
142.198
142.428
142.658
142.889
143.119
143.349
143.464
143.579
143.810
143.925
144.040
144.270
144.500
144.731
144.961
145.191
145.306
145.421
145.652
145.767
145.882
147.931
148.163
148.394
148.625
148.856
148.972
149.088
149.319
149.435
149.550
149.782
150.013
150.244
150.476
150.707
150.823
150.938
151.170
151.285
151.401
151.632
151.864
152.095
152.326
152.558
152.673
152.789
153.020
153.136
153.251
153.483
153.714
153.945
154.177
154.408
154.524
154.639
154.871
154.986
155.102
155.333
155.565
155.796
156.027
156.259
156.374
156.490
156.721
156.837
156.953
157.184
157.415
157.646
157.878
158.109
158.225
158.340
158.572
158.687
158.803
159.034
159.266
159.497
159.728
159.960
160.075
160.191
160.422
160.538
160.654
160.885
161.116
161.347
161.579
161.810
161.926
162.041
162.273
162.388
162.504
162.735
163.197
163.659
164.121
164.582
165.044
165.506
165.968
166.429
166.891
167.353
167.815
168.276
168.738
169.200
169.662
170.123
170.585
171.047
171.509
171.970
172.432
172.894
173.356
173.817
174.279
174.741
175.203
175.664
176.126
176.588
177.050
177.511
177.973
178.435
178.897
179.358
179.820
180.282
180.744
181.205
181.667
182.129
182.591
183.052
183.514
183.976
184.438
184.899
185.361
185.823
186.285
186.746
187.208
187.670
188.132
188.593
189.055
189.517
189.979
190.441
190.902
192.293
192.523
192.753
192.983
193.214
193.444
193.674
193.905
194.135
194.365
194.595
194.826
195.056
195.286
195.517
195.747
195.977
196.207
196.438
196.668
196.898
197.129
197.359
197.589
197.819
198.050
198.280
198.510
198.741
198.971
199.201
199.431
199.662
199.892
200.122
200.353
200.583
200.813
201.043
201.274
201.504
201.734
201.965
202.195
202.425
202.655
202.886
203.116
203.346
203.577
203.807
204.037
204.267
204.498
204.728
204.958
205.188
205.419
205.649
205.879
206.110
206.340
206.570
206.801
207.032
207.263
207.494
207.610
207.725
207.956
208.072
208.187
208.418
208.650
208.881
209.112
209.343
209.458
209.574
209.805
209.920
210.036
210.267
210.498
210.729
210.960
211.191
211.306
211.422
211.653
211.768
211.884
212.115
212.346
212.577
212.808
213.039
213.155
213.270
213.501
213.617
213.732
213.963
214.194
214.425
214.656
214.887
215.003
215.118
215.349
215.465
215.580
215.812
216.043
216.274
216.505
216.736
216.851
216.967
217.198
217.313
217.429
217.660
217.891
218.122
218.353
218.584
218.699
218.815
219.046
219.161
219.277
219.508
219.739
219.970
220.201
220.432
220.548
220.663
220.894
221.010
221.125
221.356
221.587
221.818
222.049
222.279
222.509
222.739
222.969
223.198
223.428
223.658
223.888
224.117
224.347
224.577
224.807
225.037
225.266
225.496
225.726
225.956
226.186
226.415
226.645
226.875
227.105
227.334
227.564
227.794
228.024
228.254
228.483
228.713
228.943
229.173
229.403
229.632
229.862
230.092
230.322
230.552
230.781
231.011
231.241
231.471
231.700
231.930
232.160
232.390
232.620
232.849
233.079
233.309
233.539
233.769
233.998
234.228
234.458
234.688
234.917
235.147
235.377
235.607
235.837
236.066
236.296
236.650
236.766
236.883
237.000
237.116
237.233
237.350
237.466
237.583
237.700
237.816
237.933
238.049
238.166
238.283
238.399
238.516
238.633
238.749
238.866
238.982
239.099
239.216
239.332
239.449
239.566
239.682
239.799
239.915
240.032
240.149
240.265
240.382
240.499
240.615
240.732
240.848
240.965
241.082
241.198
241.315
241.432
241.548
241.665
241.782
241.898
242.015
242.131
242.248
242.365
242.481
242.598
242.715
242.831
242.948
243.064
243.181
243.298
243.414
243.531
243.648
243.764
243.881
243.997
244.114
244.231
244.347
244.464
244.581
244.697
244.814
244.930
245.047
245.164
245.280
245.397
245.514
245.630
245.747
245.864
245.980
246.097
246.213
246.330
246.447
246.563
246.680
246.797
246.913
247.030
247.146
247.263
247.380
247.496
247.613
247.730
247.846
247.963
248.079
248.196
248.313
248.429
248.546
248.663
248.779
248.896
249.012
249.129
249.246
249.362
249.479
249.596
249.712
249.829
249.945
251.323
251.785
252.247
252.709
253.171
253.633
254.095
254.557
255.019
255.481
255.943
256.405
256.867
257.329
257.790
258.252
258.714
259.176
259.638
260.100
260.562
261.024
261.486
261.948
262.410
262.872
263.334
263.796
264.258
264.720
265.182
265.644
266.106
266.568
267.030
267.492
267.954
268.416
268.878
269.340
269.802
270.264
270.726
271.188
271.650
272.112
272.574
273.036
273.498
273.960
274.422
274.884
275.346
275.808
276.270
276.732
277.194
277.655
278.117
278.579
279.935
281.782
283.630
285.477
287.324
289.171
291.019
292.866
294.713
296.560
298.408
300.255
302.102
303.949
305.797
307.644
307.995
308.112
308.346
308.814
309.048
309.934
310.857
311.780
312.703
313.626
314.548
315.471
316.394
317.317
318.240
319.162
320.085
321.008
321.931
322.854
323.777
324.699
325.622
326.545
327.468
328.391
329.313
330.236
331.159
332.082
333.005
333.927
334.850
335.773
336.696
339.018
339.481
339.944
340.407
340.870
341.333
341.796
342.259
342.722
343.185
343.648
344.111
344.574
345.037
345.500
345.963
346.426
346.889
347.352
347.815
348.278
348.741
349.204
349.667
350.130
350.592
351.055
351.518
351.981
352.444
352.907
353.370
353.833
354.063
354.293
354.523
354.753
354.983
355.213
355.443
355.673
355.903
356.133
356.363
356.593
356.823
357.053
357.283
357.513
357.743
357.973
358.203
358.433
358.663
358.893
359.123
359.353
359.583
359.813
360.043
360.273
360.503
360.733
360.963
361.193
361.423
361.653
361.883
362.113
362.343
362.573
362.803
363.033
363.263
363.493
363.723
363.953
364.183
364.413
364.643
364.873
365.103
365.333
365.563
365.793
366.023
366.253
366.483
366.713
366.943
367.173
367.403
367.633
367.863
368.429
368.543
368.657
368.770
368.884
368.997
369.111
369.225
369.338
369.452
369.566
369.679
369.793
369.907
370.020
370.134
370.248
370.361
370.475
370.588
370.702
370.816
370.929
371.043
371.157
371.270
371.384
371.498
371.611
371.725
371.838
371.952
372.066
372.179
372.293
372.407
372.520
372.634
372.748
372.861
372.975
373.089
373.202
373.316
373.429
373.543
373.657
373.770
373.884
373.998
374.111
374.225
374.339
374.452
374.566
374.679
374.793
374.907
375.020
375.134
375.248
375.361
375.475
375.589
375.702
375.816
375.929
376.043
376.157
376.270
376.384
376.498
376.611
376.725
376.839
376.952
377.066
377.180
377.293
377.407
377.520
377.634
377.748
377.861
377.975
378.089
378.202
378.316
378.430
378.543
378.657
378.770
378.884
378.998
379.111
379.225
379.339
379.452
379.566
379.680
379.793
379.907
380.021
380.134
380.248
380.361
380.475
380.589
380.702
380.816
380.930
381.043
381.157
381.271
381.384
381.498
381.611
381.725
381.839
381.952
382.066
382.180
382.293
382.407
382.521
382.634
382.748
382.862
383.330
383.562
383.793
384.024
384.255
384.486
384.717
384.949
385.180
385.411
385.642
385.873
386.105
386.336
386.567
386.798
387.029
387.260
387.492
387.723
387.954
388.185
388.416
388.648
388.879
389.110
389.341
389.572
389.803
390.035
390.266
390.497
390.728
390.959
391.191
391.422
391.653
391.884
392.115
392.346
392.578
392.809
393.040
393.271
393.502
393.734
393.965
394.196
394.427
394.658
394.889
395.121
395.352
395.583
395.814
396.045
396.276
396.508
396.739
396.970
397.201
397.432
397.664
397.895
398.126
398.357
398.587
398.818
399.048
399.164
399.279
399.510
399.625
399.740
399.971
400.201
400.432
400.662
400.893
401.008
401.124
401.354
401.470
401.585
401.815
402.046
402.277
402.507
402.738
402.853
402.968
403.199
403.314
403.430
403.660
403.891
404.121
404.352
404.583
404.698
404.813
405.044
405.159
405.274
405.505
405.736
405.966
406.197
406.427
406.543
406.658
406.889
407.004
407.119
407.350
407.580
407.811
408.042
408.272
408.387
408.503
408.733
408.849
408.964
409.194
409.425
409.656
409.886
410.117
410.232
410.347
410.578
410.693
410.809
411.039
411.270
411.500
411.731
411.962
412.077
412.192
412.423
412.538
412.653
412.884
413.345
413.806
414.268
414.729
415.190
415.651
416.112
416.574
417.035
417.496
417.957
418.418
418.879
419.341
419.802
420.263
420.724
421.185
421.647
422.108
422.569
423.030
423.491
423.952
424.414
424.875
425.336
425.797
426.258
426.720
427.181
427.642
428.103
428.564
429.026
429.487
429.948
430.409
430.870
431.331
431.793
432.254
432.715
433.176
433.637
434.099
434.560
435.021
435.482
435.943
436.405
436.866
437.327
437.788
438.249
438.710
439.172
439.633
440.094
440.555
441.016
441.478
441.939
442.400
442.631
442.862
443.093
443.324
443.554
443.785
444.016
444.247
444.478
444.709
444.940
445.171
445.402
445.633
445.863
446.094
446.325
446.556
446.787
447.018
447.249
447.480
447.711
447.942
448.173
448.403
448.634
448.865
449.096
449.327
449.558
449.789
450.020
450.251
450.482
450.712
450.943
451.174
451.405
451.636
451.867
452.098
452.329
452.560
452.791
453.022
453.252
453.483
453.714
453.945
454.176
454.407
454.638
454.869
455.100
455.331
455.561
455.792
456.023
456.254
456.485
456.716
456.947
457.178
457.409
457.640
457.870
458.101
458.332
458.563
458.794
459.025
459.256
459.487
459.718
459.949
460.180
460.410
460.641
460.872
461.103
461.334
461.565
461.796
462.027
462.258
462.489
462.719
462.950
463.181
463.412
463.643
463.874
464.105
464.336
464.567
464.798
465.029
465.259
465.490
465.721
465.952
466.183
466.414
466.645
466.876
467.107
467.338
467.568
467.799
468.030
468.261
468.492
468.723
468.954
469.185
469.416
469.647
469.877
470.108
470.339
470.570
470.801
471.032
471.263
471.494
471.725
471.956
472.071
472.186
472.302
472.417
472.533
472.648
472.763
472.879
472.994
473.109
473.225
473.340
473.456
473.571
473.686
473.802
473.917
474.033
474.148
474.263
474.379
474.494
474.609
474.725
474.840
474.956
475.071
475.186
475.302
475.417
475.533
475.648
475.763
475.879
475.994
476.109
476.225
476.340
476.456
476.571
476.686
476.802
476.917
477.033
477.148
477.263
477.379
477.494
477.610
477.725
477.840
477.956
478.071
478.186
478.302
478.417
478.533
478.648
478.763
478.879
478.994
479.110
479.225
479.340
479.456
479.571
479.686
479.802
479.917
480.033
480.148
480.263
480.379
480.494
480.610
480.725
480.840
480.956
481.071
481.186
481.302
481.417
481.533
481.648
481.763
481.879
481.994
482.110
482.225
482.340
482.456
482.571
482.686
482.802
482.917
483.033
483.148
483.263
483.379
483.494
483.610
483.725
483.840
483.956
484.071
484.186
484.302
484.417
484.533
484.648
484.763
484.879
484.994
485.110
485.225
485.340
485.456
485.571
485.686
485.802
485.917
486.033
486.148
486.700
486.817
486.933
487.050
487.167
487.283
487.400
487.517
487.633
487.750
487.867
487.983
488.100
488.217
488.333
488.450
488.567
488.683
488.800
488.917
489.033
489.150
489.267
489.383
489.500
489.617
489.733
489.850
489.967
490.083
490.200
490.317
490.433
490.550
490.667
490.783
490.900
491.017
491.133
491.250
491.367
491.483
491.600
491.717
491.833
491.950
492.067
492.183
492.300
492.417
492.533
492.650
492.767
492.883
493.000
493.117
493.233
493.350
493.466
493.583
493.700
493.816
493.933
494.050
494.166
494.283
494.400
494.516
494.633
494.750
494.866
494.983
495.100
495.216
495.333
495.450
495.566
495.683
495.800
495.916
496.033
496.150
496.266
496.383
496.500
496.616
496.733
496.850
496.966
497.083
497.200
497.316
497.433
497.550
497.666
497.783
497.900
498.016
498.133
498.250
498.366
498.483
498.600
498.716
498.833
498.950
499.066
499.183
499.300
499.416
499.533
501.467
501.698
501.929
502.160
502.391
502.622
502.852
503.083
503.314
503.545
503.776
504.007
504.238
504.469
504.700
504.931
505.162
505.393
505.624
505.855
506.086
506.317
506.548
506.779
507.010
507.241
507.472
507.703
507.934
508.165
508.396
508.627
508.858
509.089
509.320
509.551
509.782
510.013
510.244
510.475
510.706
510.936
511.167
511.398
511.629
511.860
512.091
512.322
512.553
512.784
513.015
513.246
513.477
513.708
513.939
514.170
514.401
514.632
514.863
515.094
515.325
515.556
515.787
516.018
516.249
516.480
516.711
516.942
517.173
517.404
517.635
517.866
518.097
518.328
518.559
518.790
519.020
519.251
519.482
519.713
519.944
520.175
520.406
520.637
520.868
521.099
521.330
521.561
521.792
522.023
522.254
522.485
522.716
522.947
523.178
523.409
523.640
523.871
524.102
524.333
524.564
524.795
525.026
525.257
525.488
525.719
525.950
526.181
526.412
526.643
526.874
527.104
527.335
527.566
527.797
528.028
528.259
528.490
528.721
528.952
529.183
531.033
531.495
531.957
532.419
532.881
533.343
533.805
534.266
534.728
535.190
535.652
536.114
536.576
537.038
537.500
537.961
538.423
538.885
539.347
539.809
540.271
540.733
541.195
541.656
542.118
542.580
543.042
543.504
543.966
544.428
544.890
545.351
545.813
546.275
546.737
547.199
547.661
548.123
548.584
549.046
549.508
549.970
550.432
550.894
551.356
551.818
552.279
552.741
553.203
553.665
554.127
554.589
555.051
555.513
555.974
556.436
556.898
557.360
