52.482
52.951
53.420
53.888
54.357
54.826
55.295
55.763
56.232
56.701
57.170
57.638
58.107
58.576
59.045
59.514
59.982
60.451
60.920
61.389
61.857
62.326
62.795
63.264
63.732
64.201
64.670
65.139
65.607
66.076
66.545
67.014
67.483
67.951
68.420
68.889
69.358
69.826
70.295
70.764
71.233
71.701
72.170
72.639
73.108
73.576
74.045
74.514
74.983
75.920
76.858
77.795
78.733
79.670
80.608
81.546
82.483
83.421
84.358
85.296
86.233
87.171
88.108
89.046
89.983
90.452
90.921
91.858
92.327
92.796
93.733
94.202
94.671
95.608
96.077
96.546
97.484
97.952
98.421
99.359
99.827
100.296
101.234
101.702
102.171
103.109
103.577
104.046
104.984
105.453
105.921
106.390
106.859
107.328
107.796
108.265
108.734
109.203
109.671
110.140
110.609
111.078
111.546
112.015
112.484
112.718
112.953
113.187
113.422
113.656
113.890
114.125
114.359
114.593
114.828
115.062
115.297
115.531
115.765
116.000
116.234
116.469
116.703
116.937
117.172
117.406
117.640
117.875
118.109
118.344
118.578
118.812
119.047
119.281
119.515
119.750
119.984
120.453
120.922
121.391
121.859
122.328
122.797
123.266
123.734
124.203
124.672
125.141
125.609
126.078
126.547
127.016
127.485
127.953
128.422
128.891
129.360
129.828
130.297
130.766
131.235
131.703
132.172
132.641
134.047
134.516
134.985
135.454
135.922
136.391
136.860
137.329
137.797
138.266
138.735
139.204
139.672
140.141
140.610
141.079
141.547
142.016
142.485
142.954
143.423
143.891
144.360
144.829
145.298
145.766
146.235
146.704
147.173
147.641
148.110
150.454
150.923
151.392
151.860
152.329
152.798
153.267
154.204
154.673
155.142
156.079
156.548
157.017
157.954
158.423
158.892
159.829
160.298
160.767
161.704
162.173
162.642
163.579
164.048
164.517
165.454
165.689
165.923
166.158
166.392
166.626
166.861
167.095
167.330
167.564
167.798
168.033
168.267
168.501
168.736
168.970
169.205
169.439
169.673
169.908
170.142
170.377
170.611
170.845
171.080
171.314
171.548
171.783
172.017
172.252
172.486
172.720
172.955
173.189
173.424
173.658
173.892
174.127
174.361
174.595
174.830
175.064
175.299
175.533
175.767
176.002
176.236
176.470
176.705
176.939
177.174
177.408
177.642
177.877
178.111
178.346
178.580
178.814
179.049
179.283
179.517
179.752
179.986
213.461
214.399
215.336
216.274
217.211
218.149
219.086
220.024
220.962
221.899
222.837
223.774
224.712
225.649
226.587
227.524
228.462
228.931
229.400
229.868
230.337
230.806
231.275
231.743
232.212
232.681
233.150
233.619
234.087
234.556
235.025
235.494
235.962
236.431
236.900
237.369
237.838
238.306
238.775
239.244
239.713
240.181
240.650
241.119
241.588
242.057
242.525
242.994
243.463
244.400
245.338
246.276
246.744
247.213
248.151
249.088
250.026
250.495
250.963
251.901
252.838
253.776
254.245
254.714
255.651
256.589
257.526
257.995
258.464
259.401
260.339
261.276
262.214
263.152
264.089
265.027
265.964
266.199
266.433
266.667
266.902
267.136
267.371
267.605
267.839
268.074
268.308
268.543
268.777
269.011
269.246
269.480
269.714
269.949
270.183
270.418
270.652
270.886
271.121
271.355
271.590
271.824
272.058
272.293
273.465
273.933
274.402
274.871
275.340
275.809
276.043
276.277
276.746
277.215
277.684
278.152
278.621
279.090
279.559
280.028
280.262
280.496
280.965
281.434
281.903
282.371
282.840
283.309
283.778
284.012
284.247
284.715
285.184
285.653
286.122
286.590
287.059
288.466
288.934
289.169
289.403
289.872
290.106
290.341
290.809
291.044
291.278
291.747
292.216
292.685
292.919
293.153
293.622
293.857
294.091
294.560
294.794
295.028
295.497
295.966
296.435
296.669
296.904
297.372
297.607
297.841
298.310
298.544
298.779
299.247
299.716
300.185
300.419
300.654
301.123
301.357
301.591
302.060
302.295
302.529
302.998
303.466
303.701
303.935
304.404
304.873
305.342
305.810
306.279
306.748
307.217
307.451
307.685
308.154
308.623
309.092
309.561
310.029
310.498
310.967
311.201
311.436
311.904
312.373
312.842
313.311
313.780
314.248
314.717
315.655
316.123
316.592
317.061
317.530
318.467
318.702
318.936
319.405
319.874
320.342
320.811
321.280
321.749
322.218
322.452
322.686
323.155
323.624
324.093
324.561
325.030
325.499
325.968
326.202
326.437
326.905
327.843
328.312
328.781
329.249
329.718
330.656
331.124
333.468
340.969
341.906
342.375
342.844
343.313
343.781
344.250
345.188
345.657
346.125
346.594
347.063
347.532
348.469
348.938
349.407
349.876
350.344
350.813
351.282
351.751
352.219
352.688
353.157
353.626
354.095
354.563
355.032
355.501
355.970
356.204
356.438
356.907
357.142
357.376
357.845
358.079
358.314
358.782
359.017
359.251
359.720
359.954
360.189
360.657
360.892
361.126
361.595
361.829
362.064
363.470
363.704
363.939
364.173
364.408
364.642
364.876
365.111
365.345
365.580
365.814
366.048
366.283
366.517
366.752
366.986
367.220
367.455
367.689
367.923
368.158
368.392
368.627
368.861
369.095
369.330
369.564
369.799
370.033
370.267
370.502
370.736
370.971
371.205
371.439
371.674
371.908
372.142
372.377
372.611
372.846
373.080
373.314
373.549
373.783
374.018
374.252
374.486
374.721
374.955
375.190
375.424
375.658
375.893
376.127
376.361
376.596
376.830
377.065
377.299
377.533
377.768
378.002
378.237
378.471
378.705
378.940
379.174
379.409
379.643
379.877
380.112
380.346
380.580
380.815
381.049
381.284
381.518
381.752
381.987
382.221
382.456
382.690
382.924
383.159
383.393
383.628
383.862
384.096
384.331
384.565
384.799
385.034
385.268
385.503
385.737
385.971
386.206
386.440
386.675
386.909
387.143
387.378
387.612
387.847
388.081
388.315
388.550
388.784
389.018
389.253
389.487
389.722
389.956
390.190
390.425
390.659
390.894
391.128
391.362
391.597
393.472
394.409
395.347
395.816
396.285
396.753
397.222
398.160
399.097
399.566
400.035
400.504
400.972
401.910
402.847
403.316
403.785
404.254
404.723
405.660
406.129
406.598
407.066
407.535
408.473
409.410
410.348
410.817
411.285
411.754
412.223
413.161
414.098
414.567
415.036
415.504
415.973
416.911
417.848
418.317
418.786
419.255
419.723
420.661
421.130
423.474
423.942
424.411
424.880
425.349
425.818
426.286
426.755
427.224
427.693
428.161
428.630
429.099
429.568
430.037
430.505
430.974
431.443
431.912
432.380
432.849
433.318
433.787
434.256
434.724
435.193
435.662
436.131
436.599
437.068
437.537
438.006
470.800
471.600
472.400
474.000
474.800
475.600
477.200
478.000
478.800
480.400
481.200
482.000
483.600
484.001
485.201
485.601
486.801
487.201
488.401
488.801
490.001
490.401
491.601
492.001
493.201
493.601
494.801
495.201
496.401
497.201
498.001
498.801
499.601
500.401
501.201
502.002
502.802
503.202
503.602
504.002
504.402
504.802
505.202
505.602
506.002
506.402
506.802
507.202
507.602
509.202
509.602
510.002
510.402
510.802
511.602
511.802
512.002
512.202
512.402
512.802
513.202
513.602
514.002
514.802
515.002
515.202
515.402
515.602
516.002
516.402
516.802
517.202
518.002
518.202
518.402
518.602
518.802
519.202
519.602
520.003
520.403
521.203
521.403
521.603
521.803
522.003
522.803
523.603
524.403
525.203
525.403
525.603
525.803
526.003
526.403
526.803
527.003
527.203
527.403
527.603
528.003
528.403
528.603
528.803
529.003
529.203
529.603
530.003
530.203
530.403
530.603
530.803
531.203
531.603
531.803
532.003
532.203
532.403
532.803
533.203
533.403
533.603
533.803
534.003
534.203
534.403
534.603
534.803
535.003
535.203
535.603
535.803
536.003
536.403
536.603
536.803
537.203
537.403
537.603
538.004
538.204
538.404
538.804
539.004
539.204
539.604
539.804
540.004
540.404
540.604
540.804
541.204
541.404
541.604
542.004
542.204
542.404
542.804
543.004
543.204
543.604
543.804
544.004
544.404
544.604
544.804
545.204
545.404
545.604
546.004
546.204
546.404
546.804
547.004
547.204
547.604
548.404
548.604
548.804
549.004
549.204
550.004
550.204
550.404
550.604
550.804
551.604
551.804
552.004
552.204
552.404
553.204
553.404
553.604
553.804
554.004
554.804
555.004
555.204
555.404
555.604
556.405
556.605
556.805
557.005
557.205
558.005
558.205
558.405
558.605
558.805
559.605
559.805
560.005
560.205
563.605
565.205
566.805
568.405
570.005
571.605
573.205
574.006
574.806
575.606
576.406
577.206
578.006
578.806
579.606
580.406
581.206
582.006
582.806
583.606
584.406
585.206
586.006
586.606
587.206
587.606
588.206
588.806
589.206
589.806
590.406
590.806
591.406
592.007
592.407
593.007
593.607
594.007
594.607
595.207
595.607
596.207
596.807
597.207
598.807
599.007
599.207
599.607
599.807
600.007
600.207
600.407
601.207
601.407
601.607
602.007
602.207
602.407
602.607
602.807
603.607
603.807
604.007
604.407
604.607
604.807
605.007
605.207
606.007
606.207
606.407
606.807
607.007
607.207
607.407
607.607
608.407
608.607
608.807
609.207
609.407
609.608
609.808
610.008
610.808
611.008
611.208
611.608
611.808
612.408
613.208
614.008
614.808
615.008
615.208
615.408
615.608
615.808
616.008
616.208
616.408
616.608
616.808
617.008
617.208
617.408
617.608
617.808
618.008
618.208
618.408
618.608
618.808
619.008
619.208
619.408
619.608
619.808
620.008
620.208
620.408
620.608
620.808
621.008
621.208
621.408
621.608
621.808
622.008
622.208
622.408
622.608
622.808
623.008
623.208
623.408
623.608
623.808
624.008
624.208
624.408
625.208
626.008
626.808
627.609
628.409
629.209
630.009
630.809
631.609
632.409
633.209
634.009
634.809
635.609
636.409
637.209
638.009
638.809
639.609
640.409
641.209
642.009
642.809
643.609
644.409
645.209
671.420
671.834
672.248
672.662
673.076
673.490
673.903
674.317
674.731
675.145
675.559
675.973
676.387
676.800
677.214
677.628
678.042
678.456
678.870
679.698
680.111
680.525
681.353
681.767
682.181
683.009
683.422
683.836
684.664
685.078
685.492
686.320
686.733
687.147
687.975
688.389
688.803
691.286
692.114
692.941
693.769
694.597
695.425
696.252
697.080
697.908
698.736
699.563
700.391
701.219
702.047
702.874
703.702
704.530
705.151
705.771
705.978
706.185
706.806
707.427
707.634
707.841
708.462
709.082
709.289
709.496
710.117
710.738
710.945
711.152
711.773
712.393
712.600
712.807
713.428
714.049
714.256
714.463
715.084
715.704
715.911
716.118
716.739
717.360
717.567
717.774
718.601
719.429
720.257
721.085
721.912
722.740
723.568
724.396
725.223
726.051
726.879
727.707
728.534
729.362
730.190
731.018
731.431
731.845
732.259
733.087
733.501
733.915
734.329
735.156
735.570
735.984
736.398
737.226
737.640
738.053
738.467
739.295
739.709
740.123
740.537
741.364
741.778
742.192
742.606
744.261
744.675
744.882
745.089
745.296
745.503
746.331
746.538
746.745
746.952
747.159
747.365
747.572
747.986
748.193
748.400
748.607
748.814
749.642
749.849
750.056
750.263
750.470
750.676
750.883
751.297
751.504
751.711
751.918
752.125
752.953
753.160
753.367
753.574
753.780
753.987
754.194
754.608
754.815
755.022
755.229
755.436
757.505
757.919
758.126
758.333
758.540
758.747
758.954
759.161
759.575
759.782
759.989
760.195
760.402
760.609
760.816
761.230
761.437
761.644
761.851
762.058
762.265
762.472
762.886
763.093
763.300
763.506
763.713
763.920
764.127
764.541
764.748
764.955
765.162
765.369
765.576
765.783
766.197
766.404
766.610
766.817
767.024
767.231
767.438
767.852
768.059
768.266
768.473
768.680
768.887
769.094
770.749
771.163
771.577
772.405
772.819
773.232
774.060
774.474
774.888
775.716
776.130
776.543
777.371
777.785
778.199
778.613
779.027
779.441
779.854
780.268
780.682
781.096
781.510
781.924
783.579
783.993
784.407
784.821
785.235
785.649
786.062
786.476
786.890
787.097
787.304
787.718
788.132
788.546
788.960
789.373
789.787
790.201
790.615
790.822
791.029
791.236
791.443
791.650
791.857
792.064
792.271
792.477
792.684
792.891
793.098
793.305
793.512
793.719
793.926
794.133
794.340
794.547
794.754
794.961
795.168
795.375
795.581
797.237
803.859
805.514
807.170
808.825
810.481
812.136
813.792
815.447
817.103
817.724
818.344
818.551
818.758
819.379
820.000
820.207
820.414
821.035
821.655
821.862
822.069
822.690
823.311
823.518
823.725
824.346
824.966
825.173
825.380
826.001
826.622
826.829
827.036
827.656
828.277
828.484
828.691
829.312
829.933
830.140
830.347
831.174
832.002
832.830
833.658
834.485
835.313
836.141
836.969
837.796
838.624
839.452
840.280
841.107
841.935
842.763
843.591
844.004
844.418
844.832
845.660
846.074
846.488
846.901
847.729
848.143
848.557
848.971
849.799
850.212
850.626
851.040
851.868
852.282
852.696
853.110
853.937
854.351
854.765
855.179
856.834
857.248
857.662
858.076
858.490
858.904
859.111
859.318
859.525
859.731
859.938
860.145
860.559
860.973
861.387
861.801
862.215
862.422
862.629
862.836
863.042
863.249
863.456
863.870
864.284
864.698
865.112
865.526
865.733
865.940
866.146
866.353
866.560
866.767
867.181
867.595
868.009
868.423
870.078
870.285
870.492
870.699
870.906
871.113
871.320
871.527
871.734
871.941
872.148
872.355
872.562
872.768
872.975
873.182
873.389
873.596
873.803
874.010
874.217
874.424
874.631
874.838
875.045
875.252
875.459
875.666
875.872
876.079
876.286
876.493
876.700
876.907
877.114
877.321
877.528
877.735
877.942
878.149
878.356
878.563
878.770
878.977
879.183
879.390
879.597
879.804
880.011
880.218
880.425
880.632
880.839
881.046
881.253
881.460
881.667
883.322
883.736
884.150
884.564
884.978
885.392
885.805
886.219
886.633
887.047
887.461
887.875
888.289
888.702
889.116
889.530
889.944
890.358
890.772
891.186
891.600
892.013
892.427
892.841
893.255
893.669
894.083
894.497
894.911
895.324
895.738
896.152
896.566
896.980
897.394
897.808
898.222
898.635
899.049
899.463
899.877
900.291
900.705
901.119
901.532
901.946
902.360
902.774
903.188
903.602
904.016
904.430
904.843
905.257
905.671
946.622
947.084
947.545
948.007
948.468
948.930
949.391
949.853
950.314
950.776
951.237
951.699
952.160
952.622
953.083
953.545
954.006
954.468
954.929
955.391
955.852
956.314
956.775
957.237
957.699
958.160
958.622
959.083
959.545
960.006
960.468
960.929
961.160
961.391
961.852
962.314
962.775
963.237
963.698
964.160
964.621
964.852
965.083
965.544
966.006
966.467
966.929
967.390
967.852
968.083
968.544
968.775
969.236
969.698
970.160
970.621
971.083
971.544
972.006
972.467
972.929
973.390
973.852
974.313
974.775
975.236
975.698
976.621
977.544
978.467
979.390
980.313
981.236
982.159
983.082
984.005
984.928
985.851
986.774
987.697
988.620
989.543
990.466
990.928
992.774
994.620
995.082
995.543
996.005
996.466
996.928
997.389
998.312
998.543
998.774
999.004
999.235
999.466
999.697
999.927
1000.158
1000.389
1000.620
1000.851
1001.081
1001.312
1001.543
1001.774
1002.004
1002.235
1002.466
1002.697
1002.927
1003.158
1003.389
1003.620
1003.850
1004.081
1004.312
1004.543
1004.773
1005.696
1007.543
1009.389
1011.235
1013.081
1014.927
1016.773
1017.234
1017.696
1018.157
1018.619
1019.081
1020.465
1020.927
1021.388
1021.850
1022.311
1022.773
1023.234
1023.696
1024.157
1024.388
1024.619
1024.849
1025.080
1025.542
1026.003
1026.465
1026.926
1027.388
1027.849
1028.311
1028.772
1029.003
1029.234
1029.465
1029.695
1029.926
1030.157
1030.388
1030.618
1030.849
1031.080
1031.311
1031.542
1031.772
1032.003
1032.234
1032.465
1032.695
1032.926
1033.157
1033.388
1033.618
1033.849
1034.080
1034.311
1034.541
1034.772
1035.003
1035.234
1035.695
1036.157
1036.618
1037.080
1037.541
1038.003
1038.464
1038.926
1039.157
1039.387
1039.618
1039.849
1040.310
1040.772
1041.233
1041.695
1042.156
1043.079
1043.310
1043.541
1043.772
1044.003
1044.233
1044.464
1044.695
1044.926
1045.156
1045.387
1045.618
1045.849
1046.079
1046.310
1046.541
1046.772
1047.002
1047.233
1047.464
1047.695
1047.925
1048.156
1048.387
1048.618
1048.848
1049.079
1049.310
1049.541
1050.002
1050.464
1050.925
1051.156
1051.387
1051.848
1052.079
1052.310
1052.771
1053.002
1053.233
1053.694
1053.925
1054.156
1054.387
1054.617
1054.848
1055.079
1055.540
1055.771
1056.002
1056.464
1056.694
1056.925
1057.387
1057.848
1058.310
1058.540
1058.771
1059.002
1059.233
1059.463
1059.694
1059.925
1060.156
1060.386
1060.617
1060.848
1061.079
1061.309
1061.540
1061.771
1062.002
1062.233
1062.463
1062.694
1062.925
1063.156
1063.386
1063.617
1063.848
1064.079
1064.309
1064.540
1064.771
1065.232
1065.694
1065.925
1066.155
1066.617
1066.848
1067.078
1067.540
1067.771
1068.001
1068.463
1068.925
1069.386
1069.617
1069.848
1070.309
1070.540
1070.771
1071.232
1071.463
1071.694
1072.155
1072.617
1073.078
1073.309
1073.540
1074.001
1074.232
1074.463
1074.924
1075.155
1075.386
1075.847
1076.309
1076.770
1077.001
1077.232
1077.693
1077.924
1078.155
1078.616
1078.847
1079.078
1083.232
1086.924
1090.616
1094.308
1095.000
1095.462
1095.923
1096.154
1098.000
1098.692
1099.154
1099.616
1099.846
1101.692
1102.385
1102.846
1103.308
1103.538
1105.385
1106.077
1106.538
1107.000
1107.231
1109.077
1112.769
1116.461
1120.153
1120.615
1121.076
1121.538
1121.999
1122.461
1122.922
1123.384
1123.845
1125.691
1126.153
1127.537
1127.999
1129.383
1129.845
1131.230
1131.691
1132.153
1132.614
1133.076
1133.537
1133.999
1134.460
1134.922
1135.383
1135.845
1136.306
1136.768
1137.229
1138.614
1139.075
1139.537
1139.768
1139.998
1140.229
1140.460
1140.691
1140.921
1141.152
1141.383
1141.614
1141.844
1142.075
1142.306
1142.537
1142.768
1142.998
1143.229
1143.460
1143.691
1143.921
1144.152
1144.383
1144.614
1144.844
1145.075
1145.306
1145.537
1145.767
1145.998
1146.229
1146.460
1146.690
1146.921
1147.152
1147.383
1147.613
1147.844
1148.075
1148.306
1148.537
1148.767
1148.998
1149.229
1149.460
1149.690
1149.921
1150.152
1150.383
1150.613
1150.844
1151.075
1151.306
1151.536
1151.767
1151.998
1152.229
1152.459
1152.690
1152.921
1153.152
1153.382
1153.844
1154.305
1154.767
1154.998
1155.229
1155.459
1155.690
1156.152
1156.613
1157.075
1157.536
1157.998
1158.459
1158.690
1158.921
1159.151
1159.382
1159.844
1160.305
1160.767
1161.228
1161.690
1162.151
1162.382
1162.613
1162.844
1163.074
1163.536
1163.997
1164.459
1164.920
1165.382
1165.843
1166.074
1166.305
1166.536
1166.766
1167.228
1168.151
1168.382
1168.613
1168.843
1169.074
1169.305
1169.536
1169.766
1169.997
1170.228
1170.459
1170.689
1170.920
1171.151
1171.382
1171.612
1171.843
1172.074
1172.305
1172.535
1172.766
1172.997
1173.228
1173.459
1173.689
1173.920
1174.151
1174.382
1174.612
1174.843
1175.074
1175.305
1175.535
1175.766
1175.997
1176.228
1176.458
1176.689
1176.920
1177.151
1177.381
1177.612
1177.843
1178.074
1178.304
1178.535
1178.766
1178.997
1179.228
1179.458
1179.689
1179.920
1180.151
1180.381
1180.612
1180.843
1181.074
1181.304
1181.535
1181.766
1181.997
1182.227
1182.458
1182.689
1182.920
1183.150
1183.381
1183.612
1183.843
1184.073
1184.304
1184.535
1184.766
1184.996
1185.227
1185.458
1185.689
1185.920
1186.150
1186.381
1186.612
1186.843
1187.073
1187.304
1187.535
1187.766
1187.996
1188.227
1188.458
1188.689
1188.919
1189.150
1189.381
1189.612
1189.842
1190.073
1190.304
1190.535
1190.765
1190.996
1191.227
1191.458
1191.689
1191.919
1192.150
1192.381
1192.612
1192.842
1193.073
1193.304
1193.535
1193.765
1193.996
1194.227
1194.458
1194.688
1194.919
1195.150
1195.381
1195.611
1195.842
1196.073
1196.304
1196.534
1196.765
1197.688
1198.150
1198.611
1199.534
1199.996
1200.457
1201.380
1201.842
1202.303
1203.226
1203.688
1204.150
1205.073
1205.534
1205.996
1206.919
1207.380
1207.842
1208.765
1209.226
1209.688
1210.611
1211.072
1211.534
1212.457
1214.303
1216.149
1217.995
1219.841
1221.687
1223.533
1225.379
1227.225
1270.087
1271.687
1273.287
1274.887
1276.488
1278.088
1279.688
1281.288
1282.888
1284.489
1286.089
1287.689
1289.289
1290.889
1292.490
1294.090
1295.690
1297.290
1298.891
1300.491
1302.091
1303.691
1305.291
1306.892
1308.492
1308.892
1309.292
1309.692
1310.092
1310.492
1310.892
1311.292
1311.692
1312.092
1312.492
1312.892
1313.292
1313.692
1314.093
1314.493
1314.893
1315.093
1315.293
1315.693
1315.893
1316.093
1316.493
1316.693
1316.893
1317.293
1317.493
1317.693
1318.093
1318.293
1318.493
1318.893
1319.093
1319.293
1319.693
1321.294
1322.094
1322.494
1323.494
1323.694
1324.094
1324.494
1325.294
1325.694
1326.894
1327.694
1327.894
1328.094
1328.494
1328.895
1329.095
1329.295
1329.895
1330.095
1330.295
1330.495
1330.695
1330.895
1331.695
1332.095
1334.095
1334.295
1334.495
1334.695
1334.895
1335.095
1335.295
1335.495
1335.695
1335.895
1336.095
1336.296
1336.496
1336.696
1336.896
1337.096
1337.296
1337.496
1337.696
1337.896
1338.096
1338.296
1338.496
1338.696
1338.896
1339.096
1339.296
1339.496
1339.696
1339.896
1340.096
1340.296
1340.496
1340.696
1340.896
1341.096
1341.296
1341.496
1341.696
1341.896
1342.096
1342.296
1342.496
1342.696
1342.896
1343.096
1343.296
1343.496
1343.697
1343.897
1344.097
1344.297
1344.497
1344.697
1344.897
1346.897
1347.697
1348.897
1349.297
1350.097
1350.897
1352.098
1352.698
1353.098
1353.298
1354.098
1355.298
1355.698
1356.498
1357.298
1358.498
1359.099
1359.499
1359.699
1360.499
1361.699
1362.099
1362.899
1363.699
1364.899
1365.499
1365.899
1366.099
1366.900
1368.100
1368.500
1369.300
1370.100
1371.300
1371.900
1372.260
1372.500
1372.900
1373.300
1373.701
1374.101
1374.501
1374.901
1375.301
1375.701
1376.101
1376.501
1376.901
1377.301
1377.701
1378.101
1378.501
1378.901
1379.101
1379.301
1379.701
1379.901
1380.101
1380.501
1380.701
1380.901
1381.302
1381.502
1381.702
1382.102
1382.302
1382.502
1382.902
1383.102
1383.302
1383.702
1385.302
1385.502
1385.702
1385.902
1386.102
1386.302
1386.502
1386.702
1386.902
1387.102
1387.302
1387.502
1387.702
1387.902
1388.102
1388.302
1388.502
1388.703
1388.903
1389.103
1389.303
1389.503
1389.703
1389.903
1390.103
1390.303
1390.503
1390.703
1390.903
1391.103
1391.303
1391.503
1391.703
1391.903
1392.103
1392.303
1392.503
1392.703
1392.903
1393.103
1393.303
1393.503
1393.703
1393.903
1394.103
1394.303
1394.503
1394.703
1394.903
1395.103
1395.303
1395.503
1395.703
1395.903
1396.104
1396.304
1398.104
1398.304
1398.504
1398.704
1398.904
1399.104
1399.304
1399.504
1399.704
1399.904
1400.104
1400.304
1400.504
1400.704
1400.904
1401.104
1401.304
1401.504
1401.704
1401.904
1402.104
1402.304
1402.504
1402.704
1402.904
1403.104
1403.304
1403.505
1403.705
1403.905
1404.105
1404.305
1404.505
1404.705
1404.905
1405.105
1405.305
1405.505
1405.705
1405.905
1406.105
1406.305
1406.505
1406.705
1406.905
1407.105
1407.305
1407.505
1407.705
1407.905
1408.105
1408.305
1408.505
1408.705
1408.905
1410.905
1412.506
1414.106
1415.706
1417.306
1418.907
1420.507
1422.107
1423.707
1425.307
1426.908
1428.508
1430.108
1468.298
1469.410
1470.521
1471.633
1472.744
1473.856
1474.967
1476.079
1477.190
1477.746
1478.302
1479.413
1479.969
1480.525
1481.637
1482.192
1482.748
1483.860
1484.415
1484.971
1486.083
1486.638
1487.194
1488.306
1488.861
1489.417
1490.529
1491.084
1491.640
1492.752
1493.307
1493.863
1494.975
1495.392
1495.531
1495.808
1496.364
1496.503
1496.781
1496.920
1497.198
1497.754
1498.031
1498.587
1498.726
1499.004
1499.143
1499.421
1499.838
1499.977
1500.254
1500.810
1500.949
1501.227
1501.366
1501.644
1502.200
1502.478
1503.033
1503.172
1503.450
1503.589
1503.867
1504.284
1504.423
1504.701
1505.256
1505.395
1505.673
1505.812
1506.090
1506.646
1506.924
1507.479
1507.618
1507.896
1508.035
1508.313
1508.730
1508.869
1509.147
1509.702
1509.841
1510.119
1510.258
1510.536
1511.092
1511.370
1511.925
1512.064
1512.342
1512.481
1512.759
1513.176
1513.593
1514.148
1514.287
1514.565
1514.704
1514.982
1515.538
1515.816
1516.372
1516.510
1516.788
1516.927
1517.205
1517.622
1518.039
1518.595
1518.734
1519.011
1519.150
1519.428
1519.984
1520.262
1520.818
1520.957
1521.234
1521.373
1521.651
1522.068
1522.485
1523.041
1523.180
1523.457
1523.596
1523.874
1524.430
1524.708
1525.264
1525.403
1525.681
1525.819
1526.097
1526.514
1526.931
1527.487
1527.626
1527.904
1528.042
1528.320
1528.876
1529.154
1529.710
1529.849
1530.127
1530.543
1530.960
1531.377
1531.794
1531.933
1532.072
1532.211
1532.489
1532.766
1533.183
1533.600
1534.017
1534.156
1534.295
1534.434
1534.712
1534.989
1535.406
1535.823
1536.240
1536.379
1536.518
1536.657
1536.935
1537.213
1537.629
1538.046
1538.463
1538.602
1538.741
1538.880
1539.158
1539.436
1539.852
1540.269
1540.686
1540.825
1540.964
1541.103
1541.381
1541.659
1542.075
1542.492
1542.909
1543.048
1543.187
1543.326
1543.604
1543.882
1544.298
1544.715
1545.132
1545.271
1545.410
1545.549
1545.827
1546.105
1546.522
1546.799
1546.938
1547.216
1547.494
1547.772
1548.328
1548.606
1548.745
1548.883
1549.439
1549.578
1549.717
1549.856
1549.995
1550.273
1550.551
1550.829
1550.968
1551.107
1551.662
1551.801
1551.940
1552.079
1552.218
1552.496
1552.774
1553.052
1553.191
1553.330
1553.885
1554.024
1554.163
1554.302
1554.441
1554.719
1554.997
1555.275
1555.414
1555.553
1556.108
1556.247
1556.386
1556.525
1556.664
1556.942
1557.220
1557.498
1557.637
1557.776
1558.331
1558.470
1558.609
1558.748
1558.887
1559.165
1559.443
1559.721
1559.860
1559.999
1560.554
1560.693
1560.832
1560.971
1561.110
1561.388
1561.666
1561.944
1562.083
1562.222
1562.777
1562.916
1563.055
1563.194
1563.333
1563.889
1564.306
1564.584
1564.723
1565.001
1565.278
1565.556
1566.112
1566.390
1566.668
1566.946
1567.224
1567.501
1567.779
1568.057
1568.335
1568.613
1568.891
1569.169
1569.447
1569.724
1570.002
1570.280
1570.558
1570.836
1571.114
1571.392
1571.670
1571.948
1572.225
1572.503
1572.781
1573.059
1573.337
1573.615
1573.893
1574.171
1574.448
1574.726
1575.004
1575.143
1575.282
1575.421
1575.560
1575.699
1575.838
1575.977
1576.116
1576.255
1576.394
1576.533
1576.671
1576.810
1576.949
1577.088
1577.227
1577.366
1577.505
1577.644
1577.783
1577.922
1578.061
1578.200
1578.339
1578.478
1578.617
1578.756
1578.895
1579.033
1579.172
1579.311
1579.450
1579.589
1579.728
1579.867
1580.006
1580.145
1580.284
1580.423
1580.562
1580.701
1580.840
1580.979
1581.118
1581.257
1581.395
1581.534
1581.673
1581.812
1581.951
1582.090
1582.229
1582.368
1582.507
1582.646
1582.785
1582.924
1583.063
1583.202
1583.341
1583.480
1583.618
1583.757
1589.601
1590.315
1590.673
1591.208
1591.387
1591.744
1592.101
1592.458
1592.636
1592.993
1593.172
1593.529
1594.065
1594.243
1594.600
1595.314
1595.850
1596.029
1596.386
1597.100
1597.457
1598.171
1598.350
1598.707
1598.885
1599.242
1599.956
1601.028
1601.385
1601.742
1602.099
1602.634
1602.813
1603.170
1603.884
1604.063
1604.598
1605.491
1605.669
1606.027
1606.562
1606.741
1607.276
1607.455
1607.812
1608.526
1608.883
1609.597
1609.954
1610.311
1610.668
1612.454
1623.166
1623.345
1623.523
1623.702
1623.880
1624.594
1625.487
1625.665
1626.023
1626.737
1626.915
1627.451
1628.344
1628.522
1629.236
1629.415
1629.593
1630.129
1630.664
1631.379
1631.736
1632.450
1633.521
1635.306
1635.663
1636.021
1636.378
1636.735
1637.092
1637.449
1637.806
1638.163
1638.520
1638.877
1639.234
1639.591
1639.948
1640.305
1640.662
1641.020
1641.377
1641.734
1642.091
1642.448
1642.805
1643.162
1643.519
1643.876
1644.233
1644.590
1644.947
1645.304
1645.661
1646.019
1646.376
1646.733
1647.090
1647.447
1647.804
1648.161
1648.518
1648.875
1649.232
1649.589
1649.946
1650.303
1650.660
1651.018
1651.375
1651.732
1652.089
1652.446
1652.803
1653.160
1653.517
1653.874
1654.231
1654.588
1654.945
1655.302
1655.659
1656.017
1658.159
1658.873
1659.587
1660.301
1660.480
1660.658
1660.837
1661.016
1661.730
1661.908
1662.087
1662.265
1662.444
1662.622
1662.801
1662.979
1663.158
1663.337
1663.515
1663.694
1663.872
1664.051
1664.229
1664.408
1664.586
1664.765
1664.943
1665.122
1665.300
1665.479
1665.657
1665.836
1666.015
1666.193
1666.372
1666.550
1666.729
1666.907
1667.086
1667.264
1667.443
1667.621
1667.800
1667.978
1668.157
1668.336
1668.514
1668.693
1668.871
1669.050
1669.228
1669.407
1669.585
1669.764
1669.942
1670.121
1670.299
1670.478
1670.656
1670.835
1671.014
1671.192
1671.371
1671.549
1671.728
1671.906
1672.085
1672.263
1672.442
1672.620
1672.799
1672.977
1673.156
1673.335
1673.513
1673.692
1673.870
1674.049
1674.227
1674.406
1674.584
1674.763
1674.941
1675.120
1675.298
1675.477
1675.655
1675.834
1676.013
1676.191
1676.370
1676.548
1676.727
1676.905
1677.084
1677.262
1677.441
1677.619
1677.798
1677.976
1681.012
1681.190
1681.369
1681.547
1681.726
1681.904
1682.083
1682.261
1682.440
1682.618
1682.797
1682.975
1683.154
1683.333
1683.511
1683.690
1683.868
1684.047
1684.225
1684.404
1684.582
1684.761
1684.939
1685.118
1685.296
1685.475
1685.653
1685.832
1686.011
1686.189
1686.368
1686.546
1686.725
1686.903
1687.082
1687.260
1687.439
1687.617
1687.796
1687.974
1688.153
1688.331
1688.510
1688.689
1688.867
1689.046
1689.224
1689.403
1689.581
1689.760
1689.938
1690.117
1690.295
1690.474
1690.652
1690.831
1691.010
1692.438
1692.795
1693.152
1693.509
1693.866
1694.223
1694.580
1694.937
1695.294
1695.651
1696.009
1696.366
1696.723
1697.080
1697.437
1697.794
1698.151
1698.508
1698.865
1699.222
1699.579
1699.936
1700.293
1700.650
1701.008
1701.365
1701.722
1702.079
1703.864
1705.471
1705.649
1706.721
1706.899
1708.327
1708.506
1709.220
1709.399
1709.577
1710.113
1710.648
1711.363
1711.720
1712.434
1713.505
1714.219
1714.576
1715.290
1716.897
1717.076
1718.147
1718.325
1719.754
1719.932
1720.646
1720.825
1721.004
1721.539
1722.075
1722.789
1723.146
1723.860
1724.931
1759.329
1759.798
1760.266
1761.204
1761.673
1762.141
1763.079
1763.548
1764.016
1764.954
1765.423
1765.891
1766.829
1767.297
1767.766
1768.704
1769.172
1769.641
1770.579
1771.047
1771.516
1774.329
1775.032
1775.500
1776.203
1776.907
1777.610
1778.078
1778.782
1779.250
1779.953
1780.656
1781.360
1781.828
1782.531
1783.000
1783.703
1784.406
1785.109
1785.578
1786.281
1786.750
1787.453
1788.156
1788.859
1789.328
1789.562
1789.797
1790.031
1790.266
1790.617
1791.437
1791.672
1791.906
1792.141
1792.492
1793.078
1793.312
1793.547
1793.781
1794.015
1794.367
1794.953
1795.187
1795.422
1795.656
1795.890
1796.242
1796.828
1797.062
1797.297
1797.531
1797.765
1798.117
1798.937
1799.172
1799.406
1799.640
1799.992
1800.578
1800.812
1801.047
1801.281
1801.515
1801.867
1802.453
1802.687
1802.921
1803.156
1803.390
1803.742
1804.328
1804.796
1805.265
1805.617
1805.851
1805.968
1806.203
1806.671
1807.140
1807.609
1808.078
1808.546
1809.015
1809.367
1809.601
1809.718
1809.953
1810.421
1810.890
1811.359
1811.827
1812.062
1812.296
1812.531
1812.765
1812.999
1813.234
1813.468
1813.702
1813.937
1814.171
1814.406
1814.640
1814.874
1815.109
1815.343
1815.577
1815.812
1816.046
1816.280
1816.515
1816.749
1816.984
1817.218
1819.327
1819.562
1819.796
1820.030
1820.265
1820.499
1820.733
1820.968
1821.202
1821.437
1821.671
1821.905
1822.140
1822.374
1822.608
1822.843
1823.077
1823.312
1823.546
1823.780
1824.015
1824.249
1824.483
1824.718
1824.952
1825.186
1825.421
1825.655
1825.890
1826.124
1826.358
1826.593
1826.827
1827.061
1827.296
1827.530
1827.765
1827.999
1828.233
1828.468
1828.702
1828.936
1829.171
1829.405
1829.639
1829.874
1830.108
1830.343
1830.577
1830.811
1831.046
1831.280
1831.514
1831.749
1831.983
1832.218
1834.327
1834.561
1834.796
1835.264
1835.499
1835.733
1836.202
1836.436
1836.671
1837.139
1837.374
1837.608
1838.077
1838.311
1838.545
1839.014
1839.249
1839.483
1839.952
1840.186
1840.420
1840.889
1841.124
1841.358
1841.827
1842.295
1842.530
1842.764
1843.233
1843.467
1843.702
1844.170
1844.405
1844.639
1845.108
1845.342
1845.577
1845.811
1846.045
1846.280
1846.514
1846.748
1846.983
1847.217
1847.451
1847.686
1847.920
1848.155
1848.389
1848.623
1848.858
1849.092
1849.326
1851.201
1853.076
1854.951
1856.826
1858.701
1860.576
1862.451
1864.326
1865.029
1865.498
1866.201
1866.904
1867.373
1867.607
1867.842
1868.076
1868.779
1869.248
1869.951
1870.654
1871.123
1871.357
1871.591
1871.826
1872.529
1872.998
1873.701
1874.404
1874.873
1875.107
1875.341
1875.576
1876.279
1876.748
1877.451
1878.154
1878.622
1878.857
1879.091
1879.326
1879.560
1879.794
1880.029
1880.263
1880.615
1881.435
1881.669
1881.904
1882.138
1882.490
1883.075
1883.310
1883.544
1883.779
1884.013
1884.364
1884.950
1885.185
1885.419
1885.654
1885.888
1886.239
1886.825
1887.060
1887.294
1887.528
1887.763
1888.114
1888.935
1889.169
1889.403
1889.638
1889.989
1890.575
1890.810
1891.044
1891.278
1891.513
1891.864
1892.450
1892.685
1892.919
1893.153
1893.388
1893.739
1894.325
1894.560
1894.794
1895.263
1895.497
1895.731
1896.200
1896.434
1896.669
1897.138
1897.372
1897.606
1898.075
1898.309
1898.544
1899.013
1899.247
1899.481
1899.950
1900.184
1900.419
1900.887
1901.122
1901.356
1901.825
1902.059
1902.294
1902.762
1902.997
1903.231
1903.700
1903.934
1904.169
1904.637
1904.872
1905.106
1905.575
1905.809
1906.044
1906.512
1906.747
1906.981
1907.450
1907.684
1907.919
1908.387
1908.622
1908.856
1909.325
1909.559
1909.793
1910.028
1910.262
1910.497
1910.731
1910.965
1911.200
1911.434
1911.668
1911.903
1912.137
1912.372
1912.606
1912.840
1913.075
1913.309
1913.543
1913.778
1914.012
1914.246
1914.481
1914.715
1914.950
1915.184
1915.418
1915.653
1915.887
1916.121
1916.356
1916.590
1916.825
1917.059
1917.293
1917.528
1917.762
1917.996
1918.231
1918.465
1918.699
1918.934
1919.168
1919.403
1919.637
1919.871
1920.106
1920.340
1920.574
1920.809
1921.043
1921.278
1921.512
1921.746
1921.981
1922.215
1924.324
1924.559
1924.793
1925.027
1925.262
1925.496
1925.731
1925.965
1926.199
1926.434
1926.668
1926.902
1927.137
1927.371
1927.605
1927.840
1928.074
1928.309
1928.543
1928.777
1929.012
1929.246
1929.480
1929.715
1929.949
1930.184
1930.418
1930.652
1930.887
1931.121
1931.355
1931.590
1931.824
1932.058
1932.293
1932.527
1932.762
1932.996
1933.230
1933.465
1933.699
1933.933
1934.168
1934.402
1934.637
1934.871
1935.105
1935.340
1935.574
1935.808
1936.043
1936.277
1936.511
1936.746
1936.980
1937.215
1937.449
1937.683
1937.918
1938.152
1938.386
1938.621
1938.855
1939.090
1939.324
1939.558
1939.793
1940.027
1940.261
1940.496
1940.730
1940.964
1941.199
1941.433
1941.668
1941.902
1942.136
1942.371
1942.605
1942.839
1943.074
1943.308
1943.543
1943.777
1944.011
1944.246
1944.480
1944.714
1944.949
1945.183
1945.417
1945.652
1945.886
1946.121
1946.355
1946.589
1946.824
1947.058
1947.292
1947.527
1947.761
1947.996
1948.230
1948.464
1948.699
1948.933
1949.167
1949.402
1949.636
1949.870
1950.105
1950.339
1950.574
1950.808
1951.042
1951.277
1951.511
1951.745
1951.980
1952.214
1952.449
1952.683
1952.917
1953.152
1953.386
1953.620
1953.855
1954.089
1954.323
1954.558
1954.792
1955.027
1955.261
1955.495
1955.730
1955.964
1956.198
1956.433
1956.667
1956.902
1957.136
1957.370
1957.605
1957.839
1958.073
1958.308
1958.542
1958.776
1959.011
1959.245
1959.480
1959.714
1959.948
1960.183
1960.417
1960.651
1960.886
1961.120
1961.355
1961.589
1961.823
1962.058
1962.292
1962.526
1962.761
1962.995
1963.229
1963.464
1963.698
1963.933
1964.167
1964.401
1964.636
1964.870
1965.104
1965.339
1965.573
1965.808
1966.042
1966.276
1966.511
1966.745
1966.979
1967.214
1967.448
1967.682
1967.917
1968.151
1968.386
1968.620
1968.854
1969.089
1969.323
1969.557
1969.792
1970.026
1970.261
1970.495
1970.729
1970.964
1971.198
1971.432
1971.667
1971.901
1972.135
1972.370
1972.604
1972.839
1973.073
1973.307
1973.542
1973.776
1974.010
1974.245
1974.479
1974.714
1974.948
1975.182
1975.417
1975.651
1975.885
1976.120
1976.354
1976.588
1976.823
1977.057
1977.292
1977.526
1977.760
1977.995
1978.229
1978.463
1978.698
1978.932
1979.166
1979.401
1979.635
1979.870
1980.104
1980.338
1980.573
2029.979
2030.324
2030.668
2031.013
2031.358
2031.703
2032.048
2032.393
2032.738
2033.083
2033.427
2033.772
2034.117
2034.462
2034.807
2035.152
2035.497
2035.842
2036.186
2036.531
2036.876
2037.221
2037.566
2037.911
2038.256
2038.601
2038.945
2039.290
2039.635
2039.980
2040.325
2040.670
2041.015
2041.359
2041.704
2042.049
2042.394
2042.739
2043.084
2043.429
2043.774
2044.118
2044.463
2044.808
2045.153
2045.498
2045.843
2046.188
2046.533
2046.877
2047.222
2047.567
2047.912
2048.257
2048.602
2048.947
2049.292
2049.636
2049.981
2050.326
2050.671
2051.016
2051.361
2052.051
2052.395
2052.740
2053.085
2053.430
2054.120
2054.465
2054.809
2055.154
2055.499
2056.189
2056.534
2056.879
2057.224
2057.568
2058.258
2058.603
2058.948
2059.293
2059.638
2060.327
2060.672
2061.017
2061.362
2061.707
2062.397
2062.742
2063.086
2063.431
2063.776
2064.466
2064.811
2065.156
2065.501
2065.845
2066.535
2066.880
2067.225
2067.570
2067.915
2068.604
2068.949
2069.294
2069.639
2069.984
2070.329
2070.674
2071.018
2071.363
2071.708
2072.053
2072.398
2072.743
2073.088
2073.433
2076.881
2077.226
2077.571
2077.916
2078.261
2078.433
2078.606
2078.778
2078.951
2079.123
2079.295
2079.640
2079.985
2080.330
2081.020
2081.192
2081.365
2081.710
2082.399
2082.744
2083.089
2083.434
2083.779
2083.951
2084.124
2084.296
2084.468
2084.641
2084.813
2085.158
2085.503
2085.848
2086.538
2087.227
2087.917
2088.607
2088.952
2089.297
2089.469
2089.642
2089.814
2089.986
2090.159
2090.331
2090.676
2091.021
2091.366
2092.056
2092.228
2092.401
2092.745
2093.435
2094.125
2094.470
2094.815
2094.987
2095.160
2095.332
2095.504
2095.677
2095.849
2096.194
2096.539
2096.884
2097.574
2098.263
2098.953
2099.126
2099.643
2099.815
2100.333
2100.505
2101.022
2101.195
2101.712
2101.885
2102.402
2102.574
2103.092
2103.264
2103.781
2103.954
2104.471
2104.643
2105.161
2105.333
2105.851
2106.023
2106.540
2106.713
2107.230
2107.402
2107.920
2108.092
2108.610
2108.782
2109.299
2109.472
2109.989
2110.161
2110.679
2110.851
2111.368
2111.541
2112.058
2112.231
2112.748
2112.920
2113.438
2113.610
2114.127
2114.300
2114.817
2114.990
2115.507
2115.852
2116.197
2116.542
2116.886
2117.231
2117.576
2117.921
2118.266
2118.611
2118.956
2119.301
2119.645
2119.990
2120.335
2120.680
2121.025
2121.370
2121.715
2122.060
2122.404
2122.577
2122.749
2122.922
2123.094
2123.267
2123.439
2123.784
2124.129
2124.474
2125.163
2125.336
2125.508
2125.853
2126.543
2126.888
2127.233
2127.577
2127.922
2128.095
2128.267
2128.440
2128.612
2128.785
2128.957
2129.302
2129.647
2129.992
2130.681
2131.371
2132.061
2132.233
2132.406
2132.578
2132.751
2132.923
2133.095
2133.268
2133.440
2133.613
2133.785
2133.958
2134.130
2134.302
2134.475
2134.647
2134.820
2134.992
2135.165
2135.337
2135.510
2135.682
2135.854
2136.027
2136.199
2136.372
2136.544
2136.717
2136.889
2137.061
2137.234
2137.406
2137.579
2137.751
2137.924
2138.096
2138.268
2138.441
2138.613
2138.786
2138.958
2139.131
2139.303
2139.476
2139.648
2139.820
2139.993
2140.165
2140.338
2140.510
2140.683
2140.855
2141.027
2141.200
2141.372
2141.545
2141.717
2141.890
2142.062
2142.235
2142.407
2142.579
2143.097
2154.133
2154.477
2154.995
2155.167
2155.512
2155.685
2155.857
2156.029
2156.202
2156.374
2156.547
2156.892
2157.236
2157.754
2157.926
2158.271
2158.443
2158.616
2158.961
2159.306
2159.651
2159.995
2160.513
2160.685
2161.030
2161.202
2161.375
2161.547
2161.720
2161.892
2162.065
2162.410
2162.754
2163.272
2163.444
2163.789
2163.961
2164.134
2164.479
2165.169
2165.513
2166.031
2166.203
2166.548
2166.893
2167.410
2167.583
2167.927
2168.272
2168.790
2168.962
2169.307
2169.652
2170.169
2170.342
2170.686
2171.031
2171.549
2171.721
2172.066
2172.411
2172.928
2173.101
2173.445
2173.790
2174.308
2174.480
2174.825
2175.170
2175.687
2175.860
2176.204
2176.549
2177.067
2177.239
2177.584
2177.929
2178.446
2178.619
2178.963
2179.308
2179.826
2179.998
2180.343
2180.688
2181.205
2181.377
2181.722
2182.067
2182.585
2182.757
2183.102
2183.447
2183.964
2184.136
2184.481
2184.826
2185.344
2185.516
2185.861
2186.206
2187.240
2187.930
2188.275
2188.620
2188.792
2188.965
2189.137
2189.310
2189.482
2189.654
2189.827
2189.999
2190.172
2190.344
2190.517
2190.689
2190.861
2191.034
2191.206
2191.379
2191.551
2191.724
2192.069
2192.758
2193.448
2193.793
2194.138
2194.310
2194.483
2194.655
2194.827
2195.000
2195.172
2195.345
2195.517
2195.690
2195.862
2196.035
2196.207
2196.379
2196.552
2196.724
2196.897
2197.586
2197.931
2198.104
2198.276
2198.966
2199.311
2199.656
2199.828
2200.001
2200.173
2200.345
2200.518
2200.690
2200.863
2201.035
2201.208
2201.380
2201.552
2201.725
2201.897
2202.070
2202.242
2202.415
2202.587
2202.760
2203.104
2203.794
2204.484
2204.829
2205.174
2205.346
2205.519
2205.691
2205.863
2206.036
2206.208
2206.381
2206.553
2206.726
2206.898
2207.070
2207.243
2207.415
2207.588
2207.760
2207.933
2208.622
2209.312
2209.485
2209.657
2209.829
2210.002
2210.174
2210.347
2210.519
2210.692
2210.864
2211.036
2211.209
2211.381
2211.554
2211.726
2211.899
2212.071
2212.244
2212.416
2212.588
2212.761
2212.933
2213.106
2213.278
2213.451
2213.623
2213.795
2213.968
2214.140
2214.313
2214.485
2214.658
2214.830
2215.002
2215.175
2215.347
2215.520
2215.692
2215.865
2216.037
2216.210
2216.382
2216.554
2216.727
2216.899
2217.072
2217.244
2217.417
2217.589
2217.761
2217.934
2218.106
2218.279
2218.451
2218.624
2218.796
2218.969
2219.141
2219.313
2219.486
2219.658
2219.831
2220.003
2220.176
2220.348
2220.520
2220.693
2220.865
2221.038
2221.210
2221.383
2221.555
2221.727
2221.900
2222.072
2222.245
2222.417
2222.590
2222.762
2222.935
2223.107
2223.279
2223.452
2223.624
2223.797
2223.969
2224.142
2224.314
2224.486
2224.659
2224.831
2225.004
2225.176
2225.349
2225.521
2225.866
2226.211
2226.556
2226.901
2227.245
2227.590
2227.935
2228.280
2228.625
2228.970
2229.315
2229.660
2230.004
2230.349
2230.694
2231.039
2231.384
2231.556
2231.729
2231.901
2232.074
2232.246
2232.419
2232.591
2232.763
2232.936
2233.108
2233.281
2233.453
2233.626
2233.798
2233.970
2234.143
2234.315
2234.488
2234.660
2234.833
2235.005
2235.177
2235.350
2235.522
2235.695
2235.867
2236.040
2236.212
2236.385
2236.557
2236.729
2236.902
2237.074
2237.247
2237.419
2237.592
2237.764
2237.936
2238.109
2238.281
2238.454
2238.626
2238.799
2238.971
2239.144
2239.316
2239.488
2239.661
2239.833
2240.006
2240.178
2240.351
2240.523
2240.695
2240.868
2241.040
2241.213
2241.558
2242.420
2242.592
2242.765
2242.937
2243.110
2243.282
2243.454
2243.627
2243.799
2243.972
2244.144
2244.317
2244.489
2244.661
2244.834
2245.006
2245.179
2245.351
2245.524
2245.696
2245.869
2246.041
2246.213
2246.386
2246.558
2246.731
2246.903
2247.076
2247.248
2247.420
2247.593
2247.765
2247.938
2248.110
2248.283
2248.455
2248.627
2248.800
2248.972
2249.145
2249.317
2249.490
2249.662
2249.835
2250.007
2250.179
2250.352
2250.524
2250.697
2250.869
2251.042
2251.214
2251.386
2252.076
2252.594
2253.111
2253.456
2254.145
2254.835
2255.525
2256.215
2256.904
2257.594
2258.284
2297.692
2298.013
2298.335
2298.656
2298.978
2299.406
2299.727
2300.049
2300.370
2300.692
2301.120
2301.442
2301.763
2302.085
2302.406
2302.834
2303.156
2303.477
2303.799
2304.120
2304.549
2304.870
2305.192
2305.513
2305.834
2306.263
2306.584
2306.906
2307.227
2307.549
2307.977
2308.299
2308.620
2308.941
2309.263
2309.691
2310.013
2310.334
2310.656
2310.977
2311.406
2312.691
2313.120
2313.548
2313.977
2314.405
2314.834
2315.263
2315.691
2316.120
2316.548
2316.977
2317.405
2317.834
2318.262
2318.477
2318.691
2319.119
2319.548
2319.977
2320.191
2320.405
2320.834
2321.262
2321.691
2321.905
2322.119
2322.548
2322.976
2325.119
2325.333
2325.548
2325.762
2325.976
2326.405
2326.833
2327.048
2327.262
2327.691
2328.119
2328.548
2328.762
2328.976
2329.190
2329.405
2329.833
2330.262
2330.476
2330.690
2331.119
2331.547
2331.976
2332.190
2332.405
2332.619
2332.833
2333.262
2333.690
2333.905
2334.119
2334.547
2334.976
2335.404
2335.619
2335.833
2336.047
2336.262
2336.690
2338.833
2339.047
2339.261
2339.476
2339.690
2339.904
2340.119
2340.333
2340.547
2340.761
2340.976
2341.190
2341.404
2341.618
2341.833
2342.047
2342.261
2342.476
2342.690
2342.904
2343.118
2343.547
2343.976
2344.190
2344.404
2344.833
2345.261
2345.690
2345.904
2346.118
2346.333
2346.547
2346.761
2346.975
2347.190
2347.404
2347.618
2347.832
2348.047
2348.261
2348.475
2348.690
2348.904
2349.118
2349.332
2349.547
2349.761
2349.975
2350.190
2350.404
2350.618
2350.832
2351.047
2351.261
2351.475
2351.689
2351.904
2352.118
2352.332
2352.547
2353.404
2353.832
2354.261
2354.475
2354.689
2355.118
2355.975
2356.832
2357.261
2357.689
2357.903
2358.118
2358.546
2359.403
2359.618
2359.832
2360.046
2360.260
2360.475
2360.689
2360.903
2361.118
2361.332
2361.546
2361.760
2361.975
2362.189
2362.403
2362.618
2362.832
2363.046
2363.260
2363.475
2363.689
2363.903
2364.117
2364.332
2364.546
2364.760
2364.975
2365.189
2365.403
2365.617
2365.832
2366.046
2366.260
2373.117
2373.438
2373.760
2374.081
2374.403
2374.831
2375.046
2375.260
2375.474
2375.688
2375.903
2376.117
2376.545
2376.867
2377.188
2377.510
2377.831
2378.260
2378.581
2378.903
2379.224
2379.545
2379.974
2380.295
2380.617
2380.938
2381.260
2381.688
2381.902
2382.117
2382.331
2382.545
2382.759
2382.974
2383.402
2383.617
2383.831
2384.045
2384.259
2384.474
2384.688
2385.117
2385.331
2385.545
2385.759
2385.974
2386.188
2386.402
2386.831
2387.259
2387.688
2388.116
2388.545
2388.974
2389.402
2389.831
2390.259
2390.688
2391.116
2391.545
2391.973
2392.402
2392.830
2393.259
2393.688
2393.902
2394.116
2394.330
2394.545
2394.759
2394.973
2395.188
2395.402
2395.616
2395.830
2396.045
2396.259
2396.473
2396.687
2396.902
2397.116
2397.330
2397.545
2397.759
2397.973
2398.187
2398.402
2398.616
2398.830
2399.044
2399.259
2399.473
2399.687
2399.902
2400.116
2400.330
2400.544
2401.830
2402.044
2402.259
2402.473
2402.687
2402.901
2403.116
2403.330
2403.544
2403.759
2403.973
2404.187
2404.401
2404.616
2404.830
2405.044
2405.258
2405.473
2405.687
2405.901
2406.116
2407.401
2407.508
2407.616
2407.830
2408.044
2408.258
2408.473
2408.687
2408.901
2409.115
2409.330
2409.544
2409.758
2409.973
2410.187
2410.401
2410.615
2410.830
2411.044
2411.258
2411.472
2411.687
2411.901
2412.115
2412.330
2412.544
2412.758
2412.972
2413.187
2413.401
2413.615
2413.830
2414.044
2414.258
2414.472
2414.687
2414.901
2415.115
2415.329
2415.544
2415.758
2415.972
2416.187
2416.401
2416.615
2416.829
2417.044
2417.258
2417.472
2417.687
2417.901
2418.115
2418.329
2418.544
2418.758
2418.972
2419.186
2419.401
2419.615
2419.829
2420.044
2420.258
2420.472
2420.686
2420.901
2421.115
2421.329
2421.543
2421.758
2421.972
2422.186
2422.401
2422.615
2422.829
2423.043
2423.258
2423.472
2423.686
2423.901
2424.115
2424.329
2424.543
2424.758
2424.972
2425.186
2425.400
2425.615
2425.829
2426.043
2427.972
2428.829
2429.257
2429.686
2429.900
2430.115
2430.543
2431.400
2432.257
2432.686
2433.114
2433.329
2433.543
2433.971
2434.829
2435.686
2436.114
2436.543
2436.757
2436.971
2437.400
2438.257
2439.114
2439.543
2439.971
2440.186
2440.400
2440.828
2441.685
2442.543
2442.971
2443.400
2443.614
2443.828
2444.257
2445.114
2445.971
2446.400
2446.828
2447.042
2447.257
2447.685
2448.542
2449.399
2449.828
2450.256
2450.471
2450.685
2451.114
2451.971
2452.828
2453.256
