62.833
63.767
64.683
65.617
66.583
67.533
68.467
69.400
70.317
71.250
72.200
73.117
74.083
75.033
75.950
76.883
77.833
78.767
79.700
80.667
81.583
82.517
83.467
84.400
85.333
86.267
87.217
88.150
89.083
90.017
92.367
92.835
93.304
93.772
94.241
94.709
95.178
95.646
96.115
96.583
97.052
97.521
97.989
98.458
98.926
99.395
99.863
100.332
100.800
101.269
101.737
102.206
102.674
103.143
103.612
104.080
104.549
105.017
105.486
105.954
106.423
106.891
107.360
107.828
108.297
108.765
109.234
109.702
110.171
110.640
111.108
111.577
112.045
112.514
112.982
113.451
113.919
114.388
114.856
115.325
115.793
116.262
116.731
117.199
117.668
118.136
118.605
119.073
119.542
120.010
120.479
120.947
121.416
121.884
122.353
122.821
123.290
123.759
124.227
124.696
125.164
125.633
126.101
126.570
127.038
127.507
127.975
128.444
128.912
129.381
129.850
130.318
130.787
131.255
131.724
132.192
132.661
133.129
133.598
134.066
134.535
135.003
135.472
135.940
136.409
136.878
137.346
137.815
138.283
138.752
139.220
139.689
140.157
140.626
141.094
141.563
142.031
142.500
159.867
160.335
160.803
161.272
161.740
162.208
162.676
163.145
163.613
164.081
164.549
165.018
165.486
165.954
166.423
166.891
167.359
167.827
168.296
168.764
169.232
169.701
170.169
170.637
171.105
171.574
172.042
172.510
172.978
173.447
173.915
174.383
189.850
190.085
190.319
190.554
190.789
191.023
191.258
191.492
191.727
191.962
192.196
192.431
192.666
192.900
193.135
193.370
193.604
193.839
194.073
194.308
194.543
194.777
195.012
195.247
195.481
195.716
195.951
196.185
196.420
196.654
196.889
197.124
197.358
197.593
197.828
198.062
198.297
198.532
198.766
199.001
199.235
199.470
199.705
199.939
200.174
200.409
200.643
200.878
201.112
201.347
201.582
201.816
202.051
202.286
202.520
202.755
202.990
203.224
203.459
203.693
203.928
204.163
204.397
204.632
204.867
205.783
206.723
207.663
208.603
209.543
210.483
211.423
212.363
213.303
214.243
215.183
216.123
217.063
218.003
218.943
219.883
220.317
220.817
221.283
221.733
222.200
222.683
223.150
223.617
224.550
225.500
226.433
227.367
227.850
228.283
228.767
229.250
229.700
230.183
230.650
231.117
232.033
232.983
233.917
234.867
235.317
235.800
236.250
236.733
237.217
237.667
238.150
238.633
239.550
240.483
241.417
242.367
242.833
243.283
243.767
244.217
244.700
245.183
245.633
246.117
247.050
248.000
248.917
249.850
250.319
250.787
251.256
251.725
252.193
252.662
253.131
253.599
254.068
254.537
255.006
255.474
255.943
256.412
256.880
257.349
257.818
258.286
258.755
259.224
259.692
260.161
260.630
261.098
261.567
262.036
262.505
262.973
263.442
263.911
264.379
264.848
265.317
265.800
266.033
266.267
266.517
266.733
267.183
267.683
267.917
268.150
268.367
268.600
269.100
269.533
269.767
270.017
270.267
270.500
270.950
271.433
271.667
271.900
272.117
272.350
272.817
273.283
273.517
273.750
273.983
274.233
274.683
275.150
275.400
275.650
275.883
276.083
276.583
277.067
277.283
277.500
277.733
277.983
278.467
278.917
279.400
309.850
310.333
310.783
311.033
311.267
311.733
312.183
312.667
312.900
313.150
313.600
314.067
314.533
314.783
315.000
315.483
315.950
316.417
316.650
316.900
317.367
317.817
318.300
318.533
318.750
319.233
319.700
320.150
320.400
320.633
321.083
321.583
322.050
322.283
322.533
322.983
323.450
323.917
324.150
324.383
324.867
325.333
325.783
326.033
326.267
326.717
327.200
327.667
327.917
328.117
328.600
329.100
329.550
329.783
330.017
330.467
330.950
331.417
331.667
331.883
332.350
332.833
333.283
333.550
333.750
334.233
334.683
335.167
335.417
335.650
336.100
336.583
337.067
337.300
337.517
338.000
338.467
338.900
339.133
339.350
354.900
358.642
362.383
366.125
369.867
370.806
371.744
372.683
373.622
374.561
375.500
375.968
376.436
376.903
377.371
377.839
378.307
378.774
379.242
379.710
380.178
380.646
381.113
381.581
382.049
382.517
386.717
387.186
387.655
388.124
388.594
389.063
389.532
390.002
390.471
390.940
391.409
391.879
392.348
392.817
393.286
393.756
394.225
394.694
395.164
395.633
396.102
396.571
397.041
397.510
397.979
398.448
398.918
399.387
399.856
400.326
400.795
401.264
401.733
401.983
402.200
402.450
402.650
402.900
403.133
403.617
403.867
404.067
404.317
404.550
404.800
405.000
405.483
405.717
405.950
406.200
406.417
406.650
406.883
407.367
407.617
407.817
408.050
408.283
408.533
408.767
409.217
409.450
409.700
409.950
410.167
410.417
410.617
411.117
411.350
411.583
411.817
412.050
412.283
412.517
412.967
413.217
413.450
413.700
413.933
414.167
414.383
414.833
415.083
415.283
415.533
415.750
416.000
416.217
416.733
417.183
417.667
417.896
418.125
418.354
418.583
419.083
419.517
419.762
420.008
420.254
420.500
420.933
421.402
421.870
422.339
422.807
423.276
423.744
424.213
424.681
425.150
425.383
425.633
425.883
426.100
426.550
427.050
427.283
427.517
427.733
427.983
428.450
428.900
429.383
429.867
430.317
430.783
431.267
431.717
432.183
432.650
432.883
433.117
433.350
433.600
434.067
434.517
434.767
435.000
435.233
435.500
435.950
436.433
436.900
437.350
437.833
438.283
438.767
439.233
439.683
440.150
440.400
440.650
440.867
441.083
441.567
442.050
442.300
442.500
442.750
442.983
443.467
443.917
444.400
444.867
445.317
445.800
446.250
461.733
461.968
462.202
462.437
462.672
462.906
463.141
463.375
463.610
463.844
464.079
464.313
464.548
464.782
465.017
465.252
465.486
465.721
465.955
466.190
466.424
466.659
466.893
467.128
467.362
467.597
467.832
468.066
468.301
468.535
468.770
469.004
469.239
469.473
469.708
469.942
470.177
470.412
470.646
470.881
471.115
471.350
471.584
471.819
472.053
472.288
472.522
472.757
472.992
473.226
473.461
473.695
473.930
474.164
474.399
474.633
476.733
476.983
477.183
477.667
477.892
478.117
478.600
478.850
479.083
479.533
479.783
480.017
480.500
480.733
480.950
481.417
481.650
481.900
482.350
482.600
482.817
483.283
483.550
483.750
484.233
484.483
484.700
485.150
485.400
485.633
486.083
486.367
486.567
487.050
487.300
487.533
487.983
488.233
488.467
488.917
489.167
489.383
491.742
492.000
492.217
492.700
492.933
493.167
493.617
493.867
494.100
494.550
494.783
495.033
495.500
495.750
495.950
496.433
496.700
496.883
497.367
497.617
497.833
498.300
498.550
498.767
499.250
499.500
499.717
500.183
500.417
500.667
501.133
501.350
501.583
502.067
502.300
502.550
503.000
503.250
503.483
503.933
504.183
504.417
506.717
507.183
507.650
507.900
508.133
508.600
509.050
509.533
509.783
509.983
510.467
510.933
511.383
511.650
511.883
512.350
512.817
513.283
513.533
513.733
514.217
514.683
515.150
515.383
515.617
516.100
516.550
517.017
517.267
517.517
518.000
518.450
518.917
519.167
519.400
521.733
522.183
522.650
522.917
523.150
523.583
524.067
524.533
524.783
525.000
525.483
525.967
526.417
526.650
526.900
527.367
527.817
528.300
528.550
528.750
529.233
529.700
530.150
530.417
530.650
531.117
531.583
532.050
532.283
532.533
532.983
533.450
533.933
534.200
534.383
566.750
566.984
567.219
567.453
567.688
567.922
568.156
568.391
568.625
568.859
569.094
569.328
569.563
569.797
570.031
570.266
570.500
570.734
570.969
571.203
571.438
571.672
571.906
572.141
572.375
572.609
572.844
573.078
573.313
573.547
573.781
574.016
574.250
574.717
575.187
575.657
576.127
576.597
577.067
577.537
578.007
578.477
578.947
579.417
579.887
580.357
580.827
581.297
581.767
585.517
585.985
586.454
586.922
587.391
587.859
588.328
588.796
589.265
589.733
590.202
590.670
591.139
591.607
592.076
592.544
593.013
593.481
593.950
594.419
594.887
595.356
595.824
596.293
596.761
597.230
597.698
598.167
600.517
600.750
600.967
601.250
601.450
601.933
602.383
602.633
602.867
603.117
603.350
603.800
604.283
604.517
604.750
604.967
605.200
605.683
606.133
606.367
606.600
606.833
607.083
607.533
608.000
608.250
608.483
608.750
608.933
609.417
609.917
610.150
610.350
610.600
610.833
611.317
611.767
612.000
612.250
612.500
612.717
613.167
613.600
613.850
614.083
614.333
614.550
615.050
615.500
615.750
615.967
616.217
616.433
616.900
617.383
617.633
617.850
618.100
618.317
618.800
619.233
619.517
619.733
619.967
620.200
620.683
621.133
621.383
621.617
621.850
622.067
622.550
623.017
623.267
623.467
623.717
623.933
624.400
624.867
625.150
625.350
625.600
625.833
626.267
626.767
627.017
627.250
627.483
627.700
628.183
628.600
628.850
629.083
629.333
629.533
630.017
630.517
630.983
631.433
632.367
632.833
633.300
634.233
634.717
635.167
635.667
636.150
636.583
637.067
638.000
638.483
638.950
639.867
640.333
640.800
641.750
642.217
642.700
643.183
643.617
644.083
644.533
645.517
645.967
646.450
647.367
647.833
648.300
649.250
649.700
650.167
650.650
651.133
651.583
652.067
653.000
653.483
653.933
654.883
655.333
655.817
656.767
657.233
657.717
658.167
658.633
659.117
659.567
660.483
660.954
661.424
661.894
662.365
662.835
663.305
663.776
664.246
664.716
665.186
665.657
666.127
666.597
667.068
667.538
668.008
668.479
668.949
669.419
669.890
670.360
670.830
671.301
671.771
672.241
672.711
673.182
673.652
674.122
674.593
675.063
675.533
676.471
677.409
678.347
679.284
680.222
681.160
682.098
683.036
683.973
684.911
685.849
686.787
687.724
688.662
689.600
694.300
694.550
695.233
695.483
696.183
696.417
697.133
697.350
698.050
698.300
698.983
699.217
699.917
700.183
700.867
701.100
701.767
702.236
702.705
703.174
703.643
704.112
704.582
705.051
705.520
705.989
706.458
706.927
707.396
707.866
708.335
708.804
709.273
709.742
710.211
710.680
711.150
711.619
712.088
712.557
713.026
713.495
713.965
714.434
714.903
715.372
715.841
716.310
716.779
717.249
717.718
718.187
718.656
719.125
719.594
720.063
720.533
721.002
721.471
721.940
722.409
722.878
723.348
723.817
724.283
724.533
725.217
725.467
726.167
726.417
727.100
727.350
728.050
728.283
729.000
729.217
729.917
730.167
730.850
731.083
731.783
732.033
732.700
732.950
733.667
733.917
734.600
734.850
735.550
735.800
736.483
736.717
737.417
737.667
738.350
738.583
739.267
739.500
740.183
740.467
741.150
741.383
741.583
741.850
742.050
742.300
742.550
742.800
743.017
744.933
745.402
745.870
746.338
746.806
747.275
747.743
748.211
748.680
749.148
749.616
750.084
750.553
751.021
751.489
751.958
752.426
752.894
753.362
753.831
754.299
754.767
755.235
755.704
756.172
756.640
757.109
757.577
758.045
758.513
758.982
759.450
759.917
760.150
760.383
760.867
761.117
761.317
761.783
762.033
762.250
762.717
762.950
763.200
763.650
763.900
764.117
764.583
764.817
765.067
765.533
765.783
766.000
766.483
766.717
766.933
767.417
767.650
767.883
768.350
768.583
768.833
769.283
769.533
769.750
770.217
770.450
770.683
771.167
771.417
771.617
772.117
772.333
772.583
773.033
773.283
773.517
773.967
774.200
774.450
793.650
794.118
794.587
795.055
795.523
795.991
796.460
796.928
797.396
797.865
798.333
798.801
799.269
799.738
800.206
800.674
801.142
801.611
802.079
802.547
803.016
803.484
803.952
804.420
804.889
805.357
805.825
806.294
806.762
807.230
807.698
808.167
808.667
808.901
809.135
809.369
809.603
809.838
810.072
810.306
810.540
810.774
811.009
811.243
811.477
811.711
811.945
812.180
812.414
812.648
812.882
813.116
813.351
813.585
813.819
814.053
814.287
814.522
814.756
814.990
815.224
815.458
815.693
815.927
816.161
816.395
816.629
816.864
817.098
817.332
817.566
817.800
818.034
818.269
818.503
818.737
818.971
819.205
819.440
819.674
819.908
820.142
820.376
820.611
820.845
821.079
821.313
821.547
821.782
822.016
822.250
822.717
823.167
823.667
823.917
824.600
824.833
825.550
825.783
826.483
826.733
827.433
827.683
828.367
828.617
829.317
829.550
830.267
830.483
831.183
831.433
832.117
832.350
833.050
833.300
834.000
834.233
834.950
835.183
835.900
836.117
838.667
839.150
839.600
840.083
840.533
841.017
841.483
841.950
842.417
842.883
843.367
843.817
844.283
844.750
845.233
845.700
846.167
846.633
847.117
847.583
848.050
848.500
848.983
849.450
849.900
850.383
850.850
851.333
851.783
852.250
852.717
853.183
853.667
853.917
854.167
854.367
854.600
855.083
855.550
855.783
856.017
856.250
856.467
856.950
857.417
857.633
857.867
858.117
858.350
858.833
859.300
859.550
859.750
860.000
860.233
860.717
861.183
861.400
861.650
861.883
862.133
862.583
863.050
863.300
863.517
863.750
863.983
864.467
864.917
865.150
865.383
865.600
865.833
866.317
899.133
899.610
900.086
900.562
901.039
901.515
901.991
902.468
902.944
903.420
903.897
904.373
904.849
905.326
905.802
906.278
906.755
907.231
907.708
908.184
908.660
909.137
909.613
910.089
910.566
911.042
911.518
911.995
912.471
912.947
913.424
913.900
914.383
914.633
914.850
915.317
915.567
915.800
916.283
916.550
916.750
917.233
917.483
917.700
918.183
918.433
918.650
919.150
919.400
919.617
920.083
920.350
920.567
921.067
921.317
921.517
921.983
922.250
922.483
922.950
923.183
923.417
923.867
924.150
924.367
924.850
925.117
925.317
925.800
926.050
926.283
926.750
927.033
927.217
927.717
927.967
928.200
928.450
944.883
945.359
945.834
946.309
946.784
947.260
947.735
948.210
948.686
949.161
949.636
950.111
950.587
951.062
951.537
952.012
952.488
952.963
953.438
953.914
954.389
954.864
955.339
955.815
956.290
956.765
957.241
957.716
958.191
958.666
959.142
959.617
960.092
960.567
961.043
961.518
961.993
962.469
962.944
963.419
963.894
964.370
964.845
965.320
965.796
966.271
966.746
967.221
967.697
968.172
968.647
969.122
969.598
970.073
970.548
971.024
971.499
971.974
972.449
972.925
973.400
975.583
976.059
976.535
977.011
977.487
977.964
978.440
978.916
979.392
979.868
980.344
980.820
981.296
981.772
982.248
982.724
983.200
983.676
984.152
984.628
985.104
985.580
986.056
986.532
987.008
987.484
987.960
988.436
988.912
989.389
989.865
990.341
990.817
991.300
991.517
991.783
992.017
992.717
993.217
993.433
993.683
993.900
994.633
995.117
995.350
995.600
995.817
996.550
997.017
997.233
997.483
997.717
998.433
998.900
999.133
999.383
999.617
1000.350
1000.817
1001.067
1001.283
1001.517
1002.233
1002.733
1002.950
1003.183
1003.417
1004.150
1004.617
1004.850
1005.100
1005.333
1006.067
1006.517
1006.750
1007.000
1007.250
1007.933
1008.450
1008.667
1008.917
1009.133
1009.867
1010.367
1010.550
1010.817
1011.050
1011.783
1012.233
1012.467
1012.717
1012.950
1013.700
1014.150
1014.383
1014.617
1014.833
1015.567
1016.050
1016.283
1016.500
1016.750
1017.500
1017.950
1018.183
1018.417
1018.667
1019.383
1019.856
1020.330
1020.803
1021.276
1021.749
1022.222
1022.695
1023.168
1023.641
1024.115
1024.588
1025.061
1025.534
1026.007
1026.480
1026.953
1027.426
1027.899
1028.373
1028.846
1029.319
1029.792
1030.265
1030.738
1031.211
1031.684
1032.158
1032.631
1033.104
1033.577
1034.050
1036.183
1036.657
1037.131
1037.605
1038.079
1038.553
1039.027
1039.501
1039.975
1040.449
1040.923
1041.397
1041.871
1042.345
1042.819
1043.293
1043.767
1044.241
1044.715
1045.189
1045.663
1046.137
1046.611
1047.085
1047.559
1048.033
1048.507
1048.981
1049.454
1049.928
1050.402
1050.876
1051.350
1051.824
1052.298
1052.772
1053.246
1053.720
1054.194
1054.668
1055.142
1055.616
1056.090
1056.564
1057.038
1057.512
1057.986
1058.460
1058.934
1059.408
1059.882
1060.356
1060.830
1061.304
1061.778
1062.252
1062.726
1063.200
1063.674
1064.148
1064.622
1065.096
1065.569
1066.043
1066.517
1066.991
1067.465
1067.939
1068.413
1068.887
1069.361
1069.835
1070.309
1070.783
1071.257
1071.731
1072.205
1072.679
1073.153
1073.627
1074.101
1074.575
1075.049
1075.523
1075.997
1076.471
1076.945
1077.419
1077.893
1078.367
1124.033
1124.267
1124.517
1124.767
1125.933
1126.183
1126.417
1126.683
1127.850
1128.100
1128.317
1128.567
1129.733
1129.983
1130.233
1130.483
1131.650
1131.900
1132.150
1132.367
1133.567
1133.817
1134.050
1134.283
1135.467
1135.717
1135.950
1136.167
1137.367
1137.617
1137.833
1138.083
1139.283
1139.500
1139.733
1139.983
1140.217
1140.700
1141.167
1141.400
1141.633
1141.917
1142.133
1142.617
1143.083
1143.333
1143.567
1143.800
1144.033
1144.517
1144.967
1145.250
1145.467
1145.700
1145.933
1146.417
1146.883
1147.133
1147.350
1147.600
1147.833
1148.333
1148.800
1149.033
1149.267
1149.517
1149.750
1150.233
1150.717
1150.967
1151.167
1151.417
1151.650
1152.150
1152.600
1152.833
1153.083
1153.333
1153.567
1154.050
1154.526
1155.002
1155.479
1155.955
1156.431
1156.907
1157.383
1157.860
1158.336
1158.812
1159.288
1159.764
1160.240
1160.717
1161.193
1161.669
1162.145
1162.621
1163.098
1163.574
1164.050
1164.526
1165.002
1165.479
1165.955
1166.431
1166.907
1167.383
1167.860
1168.336
1168.812
1169.288
1169.764
1170.240
1170.717
1171.193
1171.669
1172.145
1172.621
1173.098
1173.574
1174.050
1174.526
1175.002
1175.479
1175.955
1176.431
1176.907
1177.383
1223.083
1223.321
1223.560
1223.798
1224.036
1224.274
1224.512
1224.750
1224.988
1225.226
1225.464
1225.702
1225.940
1226.179
1226.417
1226.655
1226.893
1227.131
1227.369
1227.607
1227.845
1228.083
1228.321
1228.560
1228.798
1229.036
1229.274
1229.512
1229.750
1229.988
1230.226
1230.464
1230.702
1230.940
1231.179
1231.417
1231.655
1231.893
1232.131
1232.369
1232.607
1232.845
1233.083
1233.321
1233.560
1233.798
1234.036
1234.274
1234.512
1234.750
1234.988
1235.226
1235.464
1235.702
1235.940
1236.179
1236.417
1236.655
1236.893
1237.131
1237.369
1237.607
1237.845
1238.083
1238.321
1238.560
1238.798
1239.036
1239.274
1239.512
1239.750
1239.988
1240.226
1240.464
1240.702
1240.940
1241.179
1241.417
1241.655
1241.893
1242.131
1242.369
1242.607
1242.845
1243.083
1243.321
1243.560
1243.798
1244.036
1244.274
1244.512
1244.750
1244.988
1245.226
1245.464
1245.702
1245.940
1246.179
1246.417
1246.655
1246.893
1247.131
1247.369
1247.607
1247.845
1248.083
1248.321
1248.560
1248.798
1249.036
1249.274
1249.512
1249.750
1249.988
1250.226
1250.464
1250.702
1250.940
1251.179
1251.417
1251.655
1251.893
1252.131
1252.369
1252.607
1252.845
1253.083
1253.533
1253.783
1254.000
1254.483
1254.733
1254.950
1255.417
1255.667
1255.900
1256.367
1256.600
1256.833
1257.317
1257.567
1257.783
1258.250
1258.500
1258.733
1259.217
1259.450
1259.667
1260.150
1260.400
1260.633
1261.083
1261.333
1261.567
1262.033
1262.283
1262.500
1262.967
1263.217
1263.450
1263.900
1264.150
1264.383
1264.867
1265.117
1265.333
1265.800
1266.033
1266.250
1266.750
1266.967
1267.200
1267.683
1267.917
1268.167
1268.617
1268.867
1269.083
1269.533
1269.783
1270.017
1270.467
1270.750
1270.950
1271.417
1271.667
1271.917
1272.333
1272.600
1272.833
1273.300
1273.533
1273.767
1274.250
1274.500
1274.700
1275.167
1275.417
1275.667
1276.100
1276.383
1276.583
1277.050
1277.300
1277.517
1277.983
1278.250
1278.483
1278.933
1279.167
1279.400
1279.883
1280.100
1280.333
1280.800
1281.050
1281.267
1281.733
1281.967
1282.233
1282.667
1298.600
1299.070
1299.540
1300.009
1300.479
1300.949
1301.419
1301.888
1302.358
1302.828
1303.298
1303.767
1304.237
1304.707
1305.177
1305.646
1306.116
1306.586
1307.056
1307.525
1307.995
1308.465
1308.935
1309.404
1309.874
1310.344
1310.814
1311.283
1313.600
1314.069
1314.538
1315.007
1315.476
1315.945
1316.414
1316.883
1317.352
1317.821
1318.290
1318.760
1319.229
1319.698
1320.167
1320.636
1321.105
1321.574
1322.043
1322.512
1322.981
1323.450
1323.919
1324.388
1324.857
1325.326
1325.795
1326.264
1326.733
1328.617
1329.100
1329.567
1329.800
1330.033
1330.517
1330.967
1331.433
1331.683
1331.900
1332.367
1332.850
1333.300
1333.533
1333.767
1334.250
1334.700
1335.183
1335.433
1335.667
1336.117
1336.600
1337.033
1337.317
1337.533
1338.000
1338.483
1338.933
1339.167
1339.400
1339.867
1340.333
1340.817
1341.033
1341.267
1341.733
1342.217
1342.667
1342.950
1343.167
1343.633
1344.083
1344.567
1344.817
1345.050
1345.500
1345.967
1346.450
1346.667
1346.900
1347.367
1347.833
1348.300
1348.550
1348.783
1349.233
1349.717
1350.200
1350.450
1350.683
1351.117
1351.600
1352.050
1352.300
1352.533
1353.017
1353.467
1353.933
1354.167
1354.417
1354.867
1355.333
1355.800
1356.050
1356.267
1356.750
1357.217
1357.683
1357.933
1377.367
1377.836
1378.306
1378.776
1379.246
1379.715
1380.185
1380.655
1381.125
1381.594
1382.064
1382.534
1383.004
1383.473
1383.943
1384.413
1384.883
1385.352
1385.822
1386.292
1386.762
1387.231
1387.701
1388.171
1388.641
1389.110
1389.580
1390.050
1392.367
1392.835
1393.304
1393.773
1394.242
1394.710
1395.179
1395.648
1396.117
1396.585
1397.054
1397.523
1397.992
1398.460
1398.929
1399.398
1399.867
1400.102
1400.337
1400.571
1400.806
1401.041
1401.276
1401.511
1401.746
1401.981
1402.216
1402.451
1402.686
1402.921
1403.156
1403.390
1403.625
1403.860
1404.095
1404.330
1404.565
1404.800
1407.383
1407.618
1407.852
1408.086
1408.321
1408.555
1408.790
1409.024
1409.258
1409.493
1409.727
1409.961
1410.196
1410.430
1410.665
1410.899
1411.133
1411.368
1411.602
1411.836
1412.071
1412.305
1412.540
1412.774
1413.008
1413.243
1413.477
1413.711
1413.946
1414.180
1414.415
1414.649
1414.883
1415.118
1415.352
1415.586
1415.821
1416.055
1416.290
1416.524
1416.758
1416.993
1417.227
1417.461
1417.696
1417.930
1418.165
1418.399
1418.633
1418.868
1419.102
1419.336
1419.571
1419.805
1420.040
1420.274
1420.508
1420.743
1420.977
1421.211
1421.446
1421.680
1421.915
1422.149
1422.383
1422.618
1422.852
1423.086
1423.321
1423.555
1423.790
1424.024
1424.258
1424.493
1424.727
1424.961
1425.196
1425.430
1425.665
1425.899
1426.133
1426.368
1426.602
1426.836
1427.071
1427.305
1427.540
1427.774
1428.008
1428.243
1428.477
1428.711
1428.946
1429.180
1429.415
1429.649
1429.883
1430.118
1430.352
1430.586
1430.821
1431.055
1431.290
1431.524
1431.758
1431.993
1432.227
1432.461
1432.696
1432.930
1433.165
1433.399
1433.633
1433.868
1434.102
1434.336
1434.571
1434.805
1435.040
1435.274
1435.508
1435.743
1435.977
1436.211
1436.446
1436.680
1436.915
1437.149
1437.383
1437.618
1437.852
1438.086
1438.321
1438.555
1438.790
1439.024
1439.258
1439.493
1439.727
1439.961
1440.196
1440.430
1440.665
1440.899
1441.133
1441.368
1441.602
1441.836
1442.071
1442.305
1442.540
1442.774
1443.008
1443.243
1443.477
1443.711
1443.946
1444.180
1444.415
1444.649
1444.883
1445.118
1445.352
1445.586
1445.821
1446.055
1446.290
1446.524
1446.758
1446.993
1447.227
1447.461
1447.696
1447.930
1448.165
1448.399
1448.633
1448.868
1449.102
1449.336
1449.571
1449.805
1450.040
1450.274
1450.508
1450.743
1450.977
1451.211
1451.446
1451.680
1451.915
1452.149
1452.383
1452.867
1453.334
1453.801
1454.269
1454.736
1455.204
1455.671
1456.138
1456.606
1457.073
1457.541
1458.008
1458.475
1458.943
1459.410
1459.878
1460.345
1460.812
1461.280
1461.747
1462.214
1462.682
1463.149
1463.617
1464.084
1464.551
1465.019
1465.486
1465.954
1466.425
1466.897
1467.369
1467.841
1468.313
1468.784
1469.256
1469.728
1470.200
1470.672
1471.144
1471.615
1472.087
1472.559
1473.031
1473.503
1473.974
1474.446
1474.918
1475.390
1475.862
1476.333
1476.805
1477.277
1477.749
1478.221
1478.693
1479.164
1479.636
1480.108
1480.580
1481.052
1481.504
1481.982
1482.461
1482.940
1483.419
1483.897
1484.376
1484.855
1485.334
1485.812
1486.291
1486.770
1487.249
1487.728
1488.206
1488.685
1489.164
1489.643
1490.121
1490.600
1491.079
1491.558
1492.036
1492.515
1492.994
1493.473
1493.952
1494.430
1494.909
1495.388
1495.867
1496.367
1496.600
1496.850
1497.067
1497.317
1497.800
1498.267
1498.517
1498.767
1499.017
1499.233
1499.733
1500.200
1500.433
1500.683
1500.933
1501.183
1501.650
1502.117
1502.367
1502.600
1502.850
1503.083
1503.583
1504.033
1504.317
1504.533
1504.750
1505.000
1505.483
1505.983
1506.200
1506.433
1506.667
1506.917
1507.400
1507.867
1508.150
1508.383
1508.650
1508.833
1509.333
1511.733
1512.213
1512.693
1513.173
1513.653
1514.133
1514.613
1515.093
1515.573
1516.053
1516.533
1517.013
1517.493
1517.973
1518.453
1518.933
1519.413
1519.893
1520.373
1520.853
1521.333
1521.813
1522.293
1522.773
1523.253
1523.733
1524.213
1524.693
1525.173
1525.653
1526.133
1545.783
1547.705
1549.627
1551.548
1553.470
1555.392
1557.313
1559.235
1561.157
1563.078
1565.000
1565.486
1565.973
1566.459
1566.945
1567.432
1567.918
1568.404
1568.891
1569.377
1569.863
1570.350
1570.836
1571.322
1571.809
1572.295
1572.781
1573.268
1573.754
1574.240
1574.726
1575.213
1575.699
1576.185
1576.672
1577.158
1577.644
1578.131
1578.617
1579.103
1579.590
1580.076
1580.562
1581.049
1581.535
1582.021
1582.508
1582.994
1583.480
1583.967
1584.453
1584.939
1585.426
1585.912
1586.398
1586.885
1587.371
1587.857
1588.344
1588.830
1589.316
1589.803
1590.289
1590.775
1591.262
1591.748
1592.234
1592.721
1593.207
1593.693
1594.179
1594.666
1595.152
1595.638
1596.125
1596.611
1597.097
1597.584
1598.070
1598.556
1599.043
1599.529
1600.015
1600.502
1600.988
1601.474
1601.961
1602.447
1602.933
1603.867
1605.789
1607.711
1609.633
1611.556
1613.478
1615.400
1618.867
1619.335
1619.802
1620.270
1620.738
1621.206
1621.674
1622.142
1622.610
1623.078
1623.546
1624.014
1624.481
1624.949
1625.417
1625.885
1626.353
1626.821
1627.289
1627.757
1628.225
1628.693
1629.160
1629.628
1630.096
1630.564
1631.032
1631.500
1633.833
1634.117
1634.317
1634.567
1635.067
1635.533
1635.733
1635.983
1636.217
1636.450
1636.900
1637.367
1637.617
1637.867
1638.067
1638.333
1638.800
1639.283
1639.467
1639.733
1639.950
1640.200
1640.667
1641.133
1641.333
1641.617
1641.833
1642.083
1642.533
1643.033
1643.217
1643.467
1643.700
1643.950
1644.417
1644.867
1645.117
1645.367
1645.583
1645.833
1646.300
1646.767
1646.967
1647.250
1647.433
1647.700
1648.167
1648.633
1648.867
1649.117
1649.350
1649.583
1650.083
1650.550
1650.750
1651.000
1651.217
1651.467
1651.917
1652.417
1652.600
1652.883
1653.083
1653.333
1653.833
1654.300
1654.483
1654.733
1654.933
1655.217
1655.667
1656.150
1656.350
1656.600
1656.817
1657.083
1657.550
1658.000
1658.233
1658.467
1658.700
1658.967
1659.433
1659.883
1660.117
1660.383
1660.567
1660.850
1661.300
1661.783
1661.967
1662.233
1662.433
1662.700
1663.183
1663.633
1708.850
1709.100
1709.333
1709.583
1710.033
1710.517
1710.750
1710.983
1711.183
1711.433
1711.933
1712.400
1712.600
1712.850
1713.067
1713.317
1713.817
1714.267
1714.483
1714.733
1714.933
1715.183
1715.667
1716.150
1716.333
1716.600
1716.817
1717.067
1717.550
1718.033
1718.233
1718.483
1718.700
1718.950
1719.400
1719.900
1720.133
1720.367
1720.567
1720.817
1721.300
1721.783
1721.967
1722.233
1722.450
1722.700
1723.167
1723.633
1723.867
1724.117
1724.333
1724.583
1725.050
1725.533
1725.750
1726.000
1726.200
1726.450
1726.950
1727.417
1727.617
1727.867
1728.083
1728.350
1728.800
1729.267
1729.500
1729.750
1729.933
1730.200
1730.667
1731.167
1731.396
1731.625
1731.854
1732.083
1732.533
1733.000
1733.217
1733.500
1733.683
1733.967
1734.417
1734.900
1735.100
1735.383
1735.583
1735.833
1736.317
1736.767
1736.983
1737.250
1737.433
1737.717
1738.633
1738.833
1739.100
1739.317
1739.567
1740.500
1740.733
1740.967
1741.183
1741.433
1742.383
1742.617
1742.867
1743.067
1743.350
1744.283
1744.467
1744.733
1744.950
1745.217
1746.133
1746.350
1746.600
1746.817
1747.067
1748.017
1748.233
1748.467
1748.683
1748.933
1749.883
1750.100
1750.350
1750.583
1750.850
1751.767
1751.983
1752.250
1752.433
1752.683
1753.650
1753.867
1754.100
1754.333
1754.583
1755.517
1755.733
1755.983
1756.200
1756.450
1757.400
1757.600
1757.867
1758.067
1758.333
1759.283
1759.483
1759.733
1759.950
1760.217
1761.150
1761.367
1761.617
1761.817
1762.067
1763.033
1763.217
1763.483
1763.700
1763.950
1764.867
1765.104
1765.342
1765.579
1765.817
1766.783
1767.012
1767.242
1767.471
1767.700
1768.867
1769.336
1769.805
1770.274
1770.743
1771.211
1771.680
1772.149
1772.618
1773.087
1773.556
1774.025
1774.494
1774.963
1775.432
1775.901
1776.370
1776.839
1777.308
1777.777
1778.246
1778.715
1779.184
1779.653
1780.122
1780.591
1781.060
1781.529
1781.998
1782.467
1798.767
1799.237
1799.708
1800.179
1800.650
1801.121
1801.592
1802.062
1802.533
1803.004
1803.475
1803.946
1804.417
1804.887
1805.358
1805.829
1806.300
1806.771
1807.242
1807.712
1808.183
1808.654
1809.125
1809.596
1810.067
1810.537
1811.008
1811.479
1811.950
1813.783
1814.033
1814.267
1814.500
1814.750
1815.200
1815.667
1815.917
1816.133
1816.367
1816.617
1817.083
1817.550
1817.767
1818.000
1818.250
1818.500
1818.967
1819.417
1819.667
1819.900
1820.133
1820.350
1820.825
1821.300
1821.533
1821.767
1822.000
1822.233
1822.717
1823.167
1823.417
1823.667
1823.917
1824.167
1824.567
1825.050
1825.283
1825.517
1825.733
1825.967
1826.450
1826.900
1827.133
1827.383
1827.617
1827.850
1828.317
1828.800
1829.033
1829.267
1829.517
1829.733
1830.200
1830.650
1830.900
1831.117
1831.367
1831.600
1832.067
1832.533
1832.771
1833.008
1833.246
1833.483
1833.933
1834.417
1834.650
1834.867
1835.100
1835.350
1835.833
1836.283
1836.533
1836.767
1837.000
1837.250
1837.700
1838.167
1838.400
1838.633
1838.867
1839.100
1839.567
1840.033
1840.267
1840.500
1840.750
1841.000
1841.450
1841.900
1842.150
1842.400
1842.633
1842.883
1843.352
1843.820
1844.289
1844.757
1845.226
1845.694
1846.163
1846.631
1847.100
1847.569
1848.037
1848.506
1848.974
1849.443
1849.911
1850.380
1850.848
1851.317
1851.785
1852.254
1852.722
1853.191
1853.659
1854.128
1854.596
1855.065
1855.533
1856.002
1856.470
1856.939
1857.407
1857.876
1858.344
1858.813
1859.281
1859.750
1860.667
1861.150
1861.600
1862.550
1863.022
1863.494
1863.967
1864.439
1864.911
1865.383
1866.300
1866.767
1867.233
1868.183
1868.633
1869.133
1870.050
1870.519
1870.989
1871.458
1871.928
1872.397
1872.867
1873.800
1874.034
1874.268
1874.502
1874.736
1874.971
1875.205
1875.439
1875.673
1875.907
1876.141
1876.375
1876.609
1876.843
1877.078
1877.312
1877.546
1877.780
1878.014
1878.248
1878.482
1878.716
1878.951
1879.185
1879.419
1879.653
1879.887
1880.121
1880.355
1880.589
1880.823
1881.058
1881.292
1881.526
1881.760
1881.994
1882.228
1882.462
1882.696
1882.930
1883.165
1883.399
1883.633
1883.867
1884.101
1884.335
1884.569
1884.803
1885.037
1885.272
1885.506
1885.740
1885.974
1886.208
1886.442
1886.676
1886.910
1887.145
1887.379
1887.613
1887.847
1888.081
1888.315
1888.549
1888.783
1889.252
1889.721
1890.189
1890.658
1891.127
1891.595
1892.064
1892.533
1893.001
1893.470
1893.938
1894.407
1894.876
1895.344
1895.813
1896.282
1896.750
1897.219
1897.688
1898.156
1898.625
1899.094
1899.562
1900.031
1900.500
1900.968
1901.437
1901.906
1902.374
1902.843
1903.312
1903.780
1904.249
1904.717
1905.186
1905.655
1906.123
1906.592
1907.061
1907.529
1907.998
1908.467
1910.800
1911.269
1911.737
1912.206
1912.674
1913.143
1913.611
1914.080
1914.548
1915.017
1915.485
1915.954
1916.422
1916.891
1917.359
1917.828
1918.296
1918.765
1919.233
1919.702
1920.170
1920.639
1921.107
1921.576
1922.044
1922.513
1922.981
1923.450
1933.783
1934.251
1934.719
1935.187
1935.654
1936.122
1936.590
1937.058
1937.526
1937.993
1938.461
1938.929
1939.397
1939.864
1940.332
1940.800
1941.268
1941.736
1942.203
1942.671
1943.139
1943.607
1944.074
1944.542
1945.010
1945.478
1945.946
1946.413
1946.881
1947.349
1947.817
1948.300
1948.535
1948.769
1949.004
1949.239
1949.474
1949.708
1949.943
1950.178
1950.412
1950.647
1950.882
1951.117
1951.351
1951.586
1951.821
1952.056
1952.290
1952.525
1952.760
1952.994
1953.229
1953.464
1953.699
1953.933
1955.783
1956.018
1956.252
1956.487
1956.721
1956.956
1957.190
1957.425
1957.659
1957.894
1958.128
1958.363
1958.597
1958.832
1959.066
1959.301
1959.535
1959.770
1960.004
1960.239
1960.473
1960.707
1960.942
1961.176
1961.411
1961.645
1961.880
1962.114
1962.349
1962.583
1963.750
1963.986
1964.221
1964.457
1964.693
1964.929
1965.164
1965.400
1965.636
1965.871
1966.107
1966.343
1966.579
1966.814
1967.050
1967.286
1967.521
1967.757
1967.993
1968.229
1968.464
1968.700
1970.783
1971.019
1971.256
1971.492
1971.728
1971.964
1972.200
1972.700
1972.931
1973.161
1973.392
1973.622
1973.853
1974.083
1974.533
1974.769
1975.006
1975.242
1975.478
1975.714
1975.950
1976.417
1976.650
1976.883
1977.117
1977.350
1977.583
1978.283
1978.519
1978.756
1978.992
1979.228
1979.464
1979.700
1980.167
1980.403
1980.639
1980.875
1981.111
1981.347
1981.583
1982.033
1982.272
1982.511
1982.750
1982.989
1983.228
1983.467
1983.917
1984.150
1984.383
1984.617
1984.850
1985.083
1985.317
1985.786
1986.255
1986.724
1987.193
1987.662
1988.131
1988.600
1989.069
1989.538
1990.007
1990.476
1990.945
1991.414
1991.883
1992.352
1992.821
1993.290
1993.760
1994.229
1994.698
1995.167
1995.636
1996.105
1996.574
1997.043
1997.512
1997.981
1998.450
2000.817
2002.688
2004.560
2006.431
2008.302
2010.174
2012.045
2013.917
2015.783
2016.253
2016.723
2017.193
2017.662
2018.132
2018.602
2019.072
2019.541
2020.011
2020.481
2020.951
2021.420
2021.890
2022.360
2022.830
2023.299
2023.769
2024.239
2024.709
2025.178
2025.648
2026.118
2026.588
2027.057
2027.527
2027.997
2028.467
2030.800
2031.034
2031.269
2031.503
2031.738
2031.972
2032.207
2032.441
2032.676
2032.910
2033.145
2033.379
2033.614
2033.848
2034.083
2034.317
2034.552
2034.786
2035.021
2035.255
2035.490
2035.724
2035.959
2036.193
2036.428
2036.662
2036.897
2037.131
2037.366
2037.600
2038.767
2039.001
2039.235
2039.469
2039.703
2039.938
2040.172
2040.406
2040.640
2040.874
2041.108
2041.343
2041.577
2041.811
2042.045
2042.279
2042.514
2042.748
2042.982
2043.216
2043.450
2043.684
2043.919
2044.153
2044.387
2044.621
2044.855
2045.090
2045.324
2045.558
2045.792
2046.026
2046.260
2046.495
2046.729
2046.963
2047.197
2047.431
2047.666
2047.900
2048.134
2048.368
2048.602
2048.836
2049.071
2049.305
2049.539
2049.773
2050.007
2050.242
2050.476
2050.710
2050.944
2051.178
2051.412
2051.647
2051.881
2052.115
2052.349
2052.583
2053.283
2053.518
2053.753
2053.987
2054.222
2054.457
2054.692
2054.926
2055.161
2055.396
2055.631
2055.865
2056.100
2056.335
2056.569
2056.804
2057.039
2057.274
2057.508
2057.743
2057.978
2058.212
2058.447
2058.682
2058.917
2060.783
2061.018
2061.252
2061.487
2061.721
2061.956
2062.190
2062.425
2062.659
2062.894
2063.128
2063.363
2063.597
2063.832
2064.066
2064.301
2064.535
2064.770
2065.004
2065.239
2065.473
2065.707
2065.942
2066.176
2066.411
2066.645
2066.880
2067.114
2067.349
2067.583
2068.300
2068.534
2068.768
2069.002
2069.237
2069.471
2069.705
2069.939
2070.173
2070.407
2070.641
2070.876
2071.110
2071.344
2071.578
2071.812
2072.046
2072.280
2072.515
2072.749
2072.983
2073.217
2073.451
2073.685
2073.919
2074.153
2074.388
2074.622
2074.856
2075.090
2075.324
2075.558
2075.792
2076.027
2076.261
2076.495
2076.729
2076.963
2077.197
2077.431
2077.666
2077.900
2078.134
2078.368
2078.602
2078.836
2079.070
2079.305
2079.539
2079.773
2080.007
2080.241
2080.475
2080.709
2080.944
2081.178
2081.412
2081.646
2081.880
2082.114
2082.348
2082.583
2082.817
2083.283
2083.517
2083.751
2083.985
2084.219
2084.453
2084.687
2084.921
2085.155
2085.389
2085.622
2085.856
2086.090
2086.324
2086.558
2086.792
2087.026
2087.260
2087.494
2087.728
2087.961
2088.195
2088.429
2088.663
2088.897
2089.131
2089.365
2089.599
2089.833
2090.067
2090.783
2091.017
2091.251
2091.485
2091.719
2091.953
2092.187
2092.421
2092.655
2092.889
2093.122
2093.356
2093.590
2093.824
2094.058
2094.292
2094.526
2094.760
2094.994
2095.228
2095.461
2095.695
2095.929
2096.163
2096.397
2096.631
2096.865
2097.099
2097.333
2097.567
2098.283
2098.518
2098.752
2098.987
2099.221
2099.456
2099.690
2099.925
2100.159
2100.394
2100.628
2100.863
2101.097
2101.332
2101.566
2101.801
2102.035
2102.270
2102.504
2102.739
2102.973
2103.207
2103.442
2103.676
2103.911
2104.145
2104.380
2104.614
2104.849
2105.083
2105.783
2106.252
2106.720
2107.189
2107.657
2108.126
2108.594
2109.063
2109.531
2110.000
2110.469
2110.937
2111.406
2111.874
2112.343
2112.811
2113.280
2113.748
2114.217
2114.685
2115.154
2115.622
2116.091
2116.559
2117.028
2117.496
2117.965
2118.433
