6.373
7.311
8.248
9.186
10.123
11.061
11.998
12.936
13.873
14.811
15.748
16.686
17.623
18.561
19.498
20.436
21.373
22.313
22.665
23.253
24.192
24.545
25.132
26.071
26.424
27.011
27.951
28.303
28.890
29.826
30.761
31.697
32.633
33.102
33.571
34.040
34.510
34.979
35.448
35.917
36.386
37.324
37.558
38.261
39.199
39.433
40.136
41.073
41.308
42.011
42.948
43.183
43.886
44.823
45.057
45.760
46.698
46.932
47.635
48.573
48.807
49.510
50.447
50.682
51.385
51.854
52.791
53.260
53.728
54.666
55.135
55.603
56.541
57.010
57.478
58.416
58.885
59.353
60.291
60.760
61.228
62.166
62.635
63.103
64.041
64.510
64.978
65.916
66.385
66.854
67.323
67.636
68.261
68.730
69.199
69.512
70.137
70.606
71.075
71.387
72.013
72.482
72.951
73.263
73.889
74.356
74.823
75.291
75.758
76.225
76.692
77.160
77.627
78.094
78.562
79.029
79.496
79.731
79.966
80.436
80.671
80.906
81.376
81.611
81.846
82.316
82.668
83.255
83.490
83.725
84.195
84.548
85.135
85.370
85.605
86.075
86.427
87.015
87.250
87.485
87.955
88.872
89.107
89.342
89.812
90.164
90.752
90.987
91.222
91.692
92.626
92.860
93.093
93.560
93.911
94.494
94.966
95.437
95.908
96.380
96.614
96.848
97.317
97.668
98.254
98.488
98.723
99.191
99.543
100.129
100.363
100.597
101.066
101.417
102.003
102.237
102.472
102.940
103.904
104.137
104.371
104.838
105.189
105.772
106.006
106.240
106.707
107.057
107.641
107.875
108.108
108.575
108.926
109.509
109.968
110.427
110.669
110.911
111.395
111.629
111.863
112.331
112.682
113.267
113.501
113.735
114.203
114.554
115.139
115.373
115.607
116.075
116.426
117.011
117.245
117.479
117.948
118.299
118.884
119.117
119.351
119.818
120.052
120.286
120.753
120.987
121.221
121.688
121.922
122.155
122.623
122.857
123.092
123.327
123.561
123.796
124.031
124.265
124.500
124.735
124.969
125.204
125.439
125.673
125.908
126.143
128.257
129.076
129.661
130.128
130.947
131.532
132.000
132.818
133.403
133.871
134.689
135.274
135.742
136.561
137.145
137.613
138.432
139.016
139.484
140.303
140.888
141.355
142.174
142.759
143.235
143.703
143.938
144.172
144.407
144.641
145.110
145.579
145.814
146.048
146.282
146.517
146.986
147.455
147.689
147.924
148.158
148.393
148.861
149.330
149.565
149.799
150.034
150.268
150.737
151.206
151.440
151.675
151.909
152.144
152.613
153.082
153.316
153.551
153.785
154.020
154.488
154.957
155.192
155.426
155.661
155.895
156.364
156.833
157.067
157.302
157.536
157.771
158.240
158.709
159.178
159.530
159.882
160.117
160.586
161.055
161.407
161.759
161.993
162.463
162.932
163.284
163.636
163.870
164.339
164.809
165.160
165.512
165.747
166.216
166.688
167.160
167.632
168.104
168.576
169.048
169.519
169.753
169.987
170.220
170.454
170.687
170.921
171.154
171.388
171.620
171.852
172.316
172.547
172.779
173.243
173.478
173.712
174.182
174.534
174.886
175.120
175.355
175.590
176.059
176.411
176.763
176.997
177.232
177.467
177.936
178.288
178.640
178.875
179.109
179.344
179.813
180.764
180.998
181.233
181.701
182.053
182.404
182.638
182.873
183.107
183.575
184.518
184.752
184.986
185.454
185.805
186.156
186.390
186.839
187.074
187.309
187.544
187.779
188.249
188.483
188.717
188.952
189.186
189.538
189.889
190.123
190.358
190.592
190.826
191.060
191.412
191.763
191.998
192.232
192.466
192.701
192.935
193.286
193.638
193.872
194.106
194.341
194.575
194.809
195.161
195.512
195.747
195.981
196.216
196.450
196.685
196.919
197.154
197.388
197.623
197.857
198.092
198.326
198.561
198.795
199.030
199.264
199.499
199.733
199.968
200.202
200.437
200.671
200.906
201.140
201.375
201.609
201.844
202.078
202.313
202.547
202.782
203.261
203.730
204.198
204.550
204.901
205.135
205.604
206.072
206.424
206.775
207.009
207.478
207.946
208.298
208.649
208.883
209.352
209.820
210.172
210.523
210.757
211.226
211.694
212.046
212.397
212.631
213.100
213.568
213.920
214.271
214.505
214.974
215.442
215.794
216.145
216.379
216.848
217.316
217.668
218.251
218.486
218.721
218.955
219.190
219.542
219.893
220.128
220.363
220.597
220.832
221.066
221.418
221.770
222.004
222.239
222.474
222.708
222.943
223.295
223.646
223.881
224.115
224.350
224.585
224.819
225.171
225.523
225.756
225.990
226.224
226.457
226.691
226.925
227.158
227.392
227.626
227.859
228.093
228.327
228.560
228.794
229.028
229.261
229.495
229.729
229.962
230.196
230.430
230.663
230.897
231.131
231.364
231.598
231.832
232.304
232.541
232.777
233.250
