6.402
6.882
7.362
7.842
8.322
8.802
9.282
9.762
10.242
10.722
11.202
11.682
12.162
12.402
12.642
12.882
13.602
14.082
14.562
14.802
15.042
15.522
15.762
16.002
16.482
16.722
16.962
17.442
17.682
17.922
18.402
18.642
18.882
19.362
19.602
19.842
20.322
20.562
20.802
21.282
21.522
21.762
22.242
22.482
22.722
23.202
23.442
23.682
23.922
24.162
24.642
24.882
25.122
25.362
25.602
26.082
26.322
26.562
26.802
27.042
27.522
27.762
28.002
28.242
28.482
28.962
29.202
29.442
29.682
29.922
30.162
30.402
30.642
30.882
31.122
31.362
31.602
31.842
32.082
32.322
32.562
32.802
33.042
33.282
33.522
33.762
34.002
34.242
34.482
34.722
34.962
35.202
35.682
36.162
36.402
36.642
37.122
37.362
37.602
38.082
38.442
38.802
39.042
39.522
40.002
40.242
40.482
40.962
41.202
41.442
41.922
42.282
42.642
42.882
43.362
43.842
44.082
44.322
44.802
45.042
45.282
45.762
46.122
46.482
46.722
47.202
47.682
47.922
48.162
48.642
49.122
49.602
50.562
51.042
51.522
51.762
52.002
52.482
52.722
52.962
53.442
53.802
54.162
54.402
54.882
55.362
55.602
55.842
56.322
56.562
56.802
57.282
57.642
58.002
58.242
58.722
59.202
59.442
59.682
60.162
60.402
60.642
61.122
61.482
61.842
62.082
62.562
63.042
63.282
63.522
64.002
64.482
64.962
65.922
66.402
66.882
67.122
67.362
67.842
68.322
68.562
68.802
69.282
69.522
69.762
70.242
70.482
70.722
70.962
71.202
71.682
72.162
72.402
72.642
73.122
73.362
73.602
74.082
74.322
74.562
74.802
75.042
75.522
76.002
76.242
76.482
76.962
77.202
77.442
77.922
78.162
78.402
78.642
78.882
79.362
79.602
79.842
80.082
80.322
80.562
80.802
81.042
81.282
81.762
82.242
82.482
82.722
83.202
83.442
83.682
83.922
84.162
84.522
84.882
85.122
85.602
86.082
86.322
86.562
87.042
87.282
87.522
87.762
88.002
88.362
88.722
88.962
89.442
89.922
90.162
90.402
90.882
91.122
91.362
91.602
91.842
92.202
92.562
92.802
93.282
93.762
94.002
94.242
94.722
94.962
95.202
95.442
95.682
96.162
96.642
97.122
97.602
97.842
98.082
98.562
98.802
99.042
99.282
99.522
99.882
100.242
100.482
100.962
101.442
101.682
101.922
102.402
102.642
102.882
103.122
103.362
103.722
104.082
104.322
104.802
105.282
105.522
105.762
106.242
106.482
106.722
106.962
107.202
107.562
107.922
108.162
108.642
109.122
109.362
109.602
110.082
110.322
110.562
110.802
111.042
111.522
112.002
112.482
112.962
113.202
113.442
114.402
114.642
115.362
115.602
116.322
116.562
117.282
117.522
118.242
118.482
119.202
119.442
120.162
120.402
121.122
121.362
122.082
122.322
123.042
123.282
124.002
124.242
124.962
125.202
125.922
126.162
126.882
127.122
127.842
128.082
128.802
129.042
129.762
130.002
130.482
130.722
130.962
131.682
131.922
132.402
132.642
132.882
133.602
133.842
134.082
134.562
135.042
135.282
135.522
135.762
136.242
136.482
136.722
136.962
137.442
137.682
137.922
138.402
138.642
138.882
139.362
139.602
139.842
140.322
140.562
140.801
141.281
141.521
141.761
142.241
142.481
142.721
142.961
143.201
143.441
143.681
144.161
144.641
145.121
145.361
145.601
146.081
146.321
146.561
146.801
147.041
147.521
147.761
148.001
148.241
148.481
148.961
149.201
149.441
149.681
149.921
150.401
150.641
150.881
151.121
151.361
151.841
152.081
152.321
152.561
152.801
153.041
153.281
153.521
153.761
154.241
154.721
155.201
155.441
155.681
156.161
156.641
157.121
158.081
158.561
159.041
159.281
159.521
160.001
160.361
160.481
160.961
161.321
161.441
161.921
162.281
162.401
162.881
163.001
163.121
163.361
163.841
164.201
164.321
164.801
165.161
165.281
165.761
166.121
166.241
166.721
166.841
166.961
167.201
167.681
168.041
168.161
168.641
169.001
169.121
169.601
169.961
170.081
170.561
170.921
171.041
171.521
171.761
172.001
172.241
172.481
172.721
172.961
173.441
173.561
173.681
173.921
174.041
174.161
174.401
174.521
174.641
174.881
175.361
175.601
175.841
176.081
176.321
176.681
177.041
177.281
177.521
177.761
178.001
178.241
178.481
178.721
179.201
179.441
179.681
179.921
180.161
180.521
180.881
181.121
181.361
181.601
181.841
182.081
182.321
182.561
183.041
183.281
183.521
183.761
184.001
184.361
184.721
184.961
185.201
185.441
185.681
185.921
186.161
186.401
186.881
187.121
187.361
187.481
187.841
188.321
188.801
189.281
189.761
190.001
190.241
190.721
191.081
191.201
191.681
192.041
192.401
192.641
193.001
193.121
193.601
193.841
194.081
194.321
194.561
194.921
195.041
195.521
195.881
196.241
196.481
196.841
196.961
197.441
197.681
197.921
198.161
198.401
198.761
198.881
199.361
199.721
200.081
200.321
200.681
200.801
201.281
201.521
201.761
202.001
202.241
202.481
202.721
202.961
203.201
203.681
204.161
204.641
205.121
205.361
205.601
