75.647
76.181
76.715
77.249
77.783
78.317
78.851
79.385
79.918
80.452
80.986
81.520
82.054
82.588
83.122
83.656
84.190
84.724
85.258
85.792
86.326
86.860
87.394
87.928
88.461
88.995
89.529
90.063
90.597
91.131
91.665
92.199
92.733
93.267
93.801
94.335
94.869
95.403
95.937
96.470
97.004
97.538
98.072
98.606
99.140
99.674
100.208
100.742
101.276
101.810
102.344
102.878
103.412
103.946
104.479
105.013
105.547
106.081
106.615
107.149
107.683
108.217
108.751
109.285
109.819
110.353
110.620
110.887
111.154
111.421
111.688
111.955
112.222
112.489
112.755
113.022
113.289
113.556
113.823
114.090
114.357
114.624
114.891
115.158
115.425
115.692
115.959
116.226
116.493
116.760
117.027
117.294
117.561
117.828
118.095
118.362
118.629
118.896
119.163
119.430
119.697
119.964
120.231
120.498
120.765
121.031
121.298
121.565
121.832
122.099
122.366
122.633
122.900
123.167
123.434
123.701
123.968
124.235
124.502
124.769
125.036
125.303
125.570
125.837
126.104
126.371
126.638
126.905
127.172
127.439
127.706
127.973
128.240
128.507
128.774
129.041
129.307
129.574
129.841
130.108
130.375
130.642
130.909
131.176
131.443
131.710
131.977
132.244
132.511
132.778
133.045
133.312
133.579
133.846
134.113
134.380
134.647
134.914
135.181
135.448
135.715
135.982
136.249
136.516
136.783
137.050
137.317
137.583
137.850
138.117
138.384
138.651
138.918
139.185
139.452
139.719
139.986
140.253
140.520
140.787
141.054
141.321
141.588
141.855
142.122
142.389
142.656
142.923
143.190
143.457
143.724
143.991
144.258
195.337
195.804
196.271
196.739
197.206
197.673
198.140
198.607
199.074
199.541
200.008
200.475
200.942
201.409
201.876
202.343
202.810
203.277
203.744
204.211
204.678
205.146
205.613
206.080
206.547
207.014
207.481
207.948
208.415
208.882
209.349
209.816
210.283
210.750
211.217
211.684
212.151
212.618
213.086
213.553
214.020
214.487
214.954
215.421
215.888
216.355
216.822
217.289
217.756
218.223
218.690
219.157
219.624
220.091
220.558
221.025
221.493
221.960
222.427
222.894
223.361
223.828
224.295
224.762
225.229
227.097
228.031
228.965
229.900
230.367
230.600
230.834
231.768
232.702
233.636
234.103
234.337
234.570
235.504
236.438
237.372
237.840
238.073
238.307
239.241
240.175
240.642
241.109
241.576
242.043
242.277
242.510
242.744
242.977
243.211
243.444
243.678
243.911
244.145
244.378
244.612
244.845
245.079
245.312
245.546
245.779
246.013
246.247
246.480
246.714
246.947
247.181
247.414
247.648
247.881
248.115
248.348
248.582
248.815
249.049
249.282
249.516
249.749
249.983
250.217
250.450
250.684
250.917
251.151
251.384
251.618
251.851
252.085
252.318
252.552
252.785
253.019
253.252
253.486
253.719
253.953
254.186
254.420
254.654
254.887
256.989
257.222
257.456
257.689
257.923
258.156
258.390
258.624
258.857
259.091
259.324
259.558
259.791
260.025
260.258
260.492
260.725
260.959
261.192
261.426
261.659
261.893
262.126
262.360
262.594
262.827
263.061
263.294
263.528
263.761
263.995
264.228
264.462
264.695
264.929
265.162
265.396
265.629
265.863
266.096
266.330
266.563
266.797
267.031
267.264
267.498
267.731
267.965
268.198
268.432
268.665
268.899
269.132
269.366
269.599
269.833
270.066
270.300
270.533
270.767
271.001
271.234
271.468
271.701
271.935
272.168
272.402
272.635
272.869
273.102
273.336
273.569
273.803
274.036
274.270
274.503
274.737
274.970
275.204
275.438
275.671
275.905
276.138
276.372
276.605
276.839
277.072
277.306
277.539
277.773
278.006
278.240
278.473
278.707
278.940
279.174
279.408
279.641
279.875
280.108
280.342
280.575
280.809
281.042
281.276
281.509
281.743
281.976
282.210
282.443
282.677
282.910
283.144
283.378
283.611
283.845
284.078
284.312
284.545
284.779
285.012
285.246
285.479
285.713
285.946
286.180
286.413
286.647
286.880
287.114
287.347
287.581
287.815
288.048
288.282
288.515
288.749
288.982
289.216
289.449
289.683
289.916
290.150
290.383
290.617
290.850
291.084
291.317
291.551
291.785
292.018
292.252
292.485
292.719
292.952
293.186
293.419
293.653
293.886
294.120
294.353
294.587
294.820
295.054
295.287
295.521
295.755
295.988
296.222
296.455
296.689
296.922
297.156
297.389
297.623
297.856
298.090
298.323
298.557
298.790
299.024
299.257
299.491
299.724
299.958
300.192
300.425
300.659
300.892
301.126
301.359
301.593
301.826
333.092
334.160
335.228
336.295
337.363
338.431
339.499
340.566
341.634
342.168
342.702
343.236
343.770
344.303
344.837
345.371
345.905
346.439
346.973
347.507
348.040
348.574
349.108
349.642
350.176
350.710
351.244
351.777
352.311
352.845
353.379
353.913
354.447
354.981
355.515
356.048
356.582
357.116
357.650
358.184
358.718
359.252
359.785
360.319
360.853
361.387
361.921
362.455
362.989
363.523
364.056
364.590
365.124
365.658
366.192
366.726
367.260
367.793
368.327
368.861
369.395
369.929
370.463
370.997
371.531
372.064
372.598
373.132
373.666
374.200
374.734
375.801
376.068
376.869
377.136
377.937
378.204
379.005
379.272
380.072
380.339
381.140
381.407
382.208
382.475
383.276
383.543
384.343
384.877
385.411
385.678
385.945
386.479
387.013
387.547
387.813
388.080
388.614
389.148
389.682
389.949
390.216
390.750
391.284
391.817
392.084
392.351
392.885
393.419
393.953
394.220
394.487
395.021
395.555
396.088
396.355
396.622
397.156
397.690
398.224
398.491
398.758
399.292
399.825
400.359
400.626
400.893
401.427
401.694
401.961
402.495
402.762
403.029
403.563
403.829
404.096
404.630
404.897
405.164
405.698
405.965
406.232
406.766
407.033
407.300
407.833
408.100
408.367
408.901
409.168
409.435
409.969
410.236
410.503
411.037
411.304
411.571
412.104
412.371
412.638
413.172
413.439
413.706
414.240
414.507
414.774
415.308
415.575
415.841
416.375
416.642
416.909
417.176
417.443
417.710
417.977
418.244
419.045
419.312
420.646
420.913
422.248
422.515
423.849
424.116
425.451
425.718
427.053
427.320
427.853
428.120
428.654
428.921
429.455
429.722
430.256
430.523
431.057
431.324
431.857
432.124
432.658
432.925
433.459
433.726
434.260
434.527
435.594
436.128
436.395
436.662
436.929
437.196
437.730
438.264
438.531
438.798
439.065
439.332
439.865
440.399
440.666
440.933
441.200
441.467
442.001
442.535
442.802
443.069
443.336
443.602
444.136
444.670
444.937
445.204
445.471
445.738
446.272
446.806
447.073
447.340
447.606
447.873
448.407
448.941
449.208
449.475
449.742
450.009
450.543
451.077
451.344
451.610
451.877
452.144
452.678
453.212
453.479
453.746
454.013
454.280
454.814
455.348
455.614
455.881
456.148
456.415
456.949
457.483
457.750
458.017
458.284
458.551
459.085
459.618
459.885
460.152
460.419
460.686
461.220
461.754
462.288
462.822
463.356
463.889
464.423
464.957
465.491
466.025
466.559
467.093
467.626
468.160
468.694
469.228
469.762
470.029
470.296
470.563
470.830
471.097
471.364
471.630
471.897
472.164
472.431
472.698
472.965
473.232
473.499
473.766
474.033
474.300
474.567
474.834
475.101
475.368
475.634
475.901
476.168
476.435
476.702
476.969
477.236
478.304
478.437
478.571
478.704
478.838
478.971
479.105
479.238
479.372
479.505
479.638
479.772
479.905
480.039
480.172
480.306
480.439
480.573
480.706
480.840
480.973
481.107
481.240
481.374
481.507
481.640
481.774
481.907
482.041
482.174
482.308
482.441
482.575
482.708
482.842
482.975
483.109
483.242
483.376
483.509
483.642
483.776
483.909
484.043
484.176
484.310
484.443
484.577
484.710
484.844
484.977
485.111
485.244
485.378
485.511
485.644
485.778
485.911
486.045
486.178
486.312
486.579
486.846
487.113
487.380
487.646
487.913
488.180
488.447
488.714
488.981
489.248
489.515
489.782
490.049
490.316
490.583
490.850
491.117
491.384
491.650
491.917
492.184
492.451
492.718
492.985
493.252
493.519
493.786
494.053
494.320
494.587
494.854
495.121
495.387
495.654
495.921
496.188
496.455
496.722
496.989
497.256
497.523
497.790
498.057
498.324
498.591
498.858
499.125
499.391
499.658
499.925
500.192
500.459
500.726
500.993
501.260
501.527
501.794
502.061
502.328
502.595
502.862
503.129
503.395
503.662
503.796
503.929
504.063
504.196
504.330
504.463
504.597
504.730
504.864
504.997
505.131
505.264
505.397
505.531
505.664
505.798
505.931
506.065
506.198
506.332
506.465
506.599
506.732
506.866
506.999
507.133
507.266
507.399
507.533
507.666
507.800
507.933
508.067
508.200
508.334
508.467
508.601
508.734
508.868
509.001
509.135
509.268
509.401
509.535
509.668
509.802
509.935
510.069
510.202
510.336
510.469
510.603
510.736
510.870
511.003
511.137
511.270
511.403
511.537
511.670
511.937
512.204
512.471
512.738
513.005
513.272
513.539
513.806
514.073
514.340
514.607
514.874
515.141
515.407
515.674
515.941
516.208
516.475
516.742
517.009
517.276
517.543
517.810
518.077
518.344
518.611
518.878
519.145
519.411
519.678
519.945
520.212
520.479
520.746
521.013
521.280
521.547
521.814
522.081
522.348
522.615
522.882
523.149
523.415
523.682
523.949
524.216
524.483
524.750
525.017
525.284
525.551
525.818
526.085
526.352
526.619
526.886
527.153
527.419
527.686
527.953
528.220
528.487
528.754
529.021
529.155
529.288
529.421
529.555
529.688
529.822
529.955
530.089
530.222
530.356
530.489
530.623
530.756
530.890
531.023
531.157
531.290
531.423
531.557
531.690
531.824
531.957
532.091
532.224
532.358
532.491
532.625
532.758
532.892
533.025
533.159
533.292
533.425
533.559
533.692
533.826
533.959
534.093
534.226
534.360
534.493
534.627
534.760
534.894
535.027
535.161
535.294
535.427
535.561
535.694
535.828
535.961
536.095
536.228
536.362
536.495
536.629
536.762
536.896
537.029
537.296
537.563
537.830
538.097
538.364
538.631
538.898
539.165
539.431
539.698
539.965
540.232
540.499
540.766
541.033
541.300
541.567
541.834
542.101
542.368
542.635
542.902
543.169
543.435
543.702
543.969
544.236
544.503
544.770
545.037
545.304
545.571
545.838
576.034
576.501
576.968
577.435
577.902
578.369
578.835
579.302
579.769
580.236
580.703
581.170
581.637
582.104
582.571
583.038
583.505
583.738
583.972
584.205
584.438
584.672
584.905
585.139
585.372
585.606
585.839
586.073
586.306
586.540
586.773
587.006
587.240
587.473
587.707
587.940
588.174
588.407
588.641
588.874
589.108
589.341
589.575
589.808
590.975
591.442
591.909
592.376
592.843
593.310
593.777
594.244
594.711
594.944
595.177
595.411
595.644
595.878
596.111
596.345
596.578
596.812
597.045
597.279
597.512
597.746
597.979
598.446
598.913
599.380
599.847
600.314
600.780
601.247
601.714
602.181
602.415
602.648
602.882
603.115
603.349
603.582
603.815
604.049
604.282
604.516
604.749
604.983
605.216
605.450
605.917
606.383
606.850
607.317
607.784
608.251
608.718
609.185
609.652
610.119
610.586
611.053
611.520
611.986
612.453
612.920
613.387
613.854
614.321
614.788
615.255
615.722
616.189
616.656
617.123
617.356
617.589
617.823
618.056
618.290
618.523
618.757
618.990
619.224
619.457
619.691
620.858
621.091
621.325
621.558
621.792
622.025
622.259
622.492
622.726
622.959
623.192
623.426
623.659
623.893
624.126
624.360
624.593
624.827
625.060
625.294
625.527
625.761
625.994
626.227
626.461
626.694
626.928
627.161
627.395
627.628
627.862
628.095
628.329
628.562
628.795
629.029
629.262
629.496
629.729
629.963
630.196
630.430
630.663
630.897
631.130
631.364
631.597
631.830
632.064
632.297
632.531
632.764
632.998
633.231
633.465
633.698
633.932
634.165
634.398
634.632
634.865
635.099
635.332
635.566
639.605
641.470
643.334
645.199
647.064
648.928
650.793
652.657
654.522
655.454
656.387
657.319
658.251
659.184
660.116
661.048
661.981
662.913
663.845
664.777
665.710
666.642
667.574
668.507
669.439
669.905
670.371
670.837
671.304
671.770
672.236
672.702
673.168
673.634
674.100
674.567
675.033
675.499
675.965
676.431
676.897
677.364
677.830
678.296
678.762
679.228
679.694
680.160
680.627
681.093
681.559
682.025
682.491
682.957
683.423
683.890
684.356
684.822
685.288
685.754
686.220
686.687
687.153
687.619
688.085
688.551
689.017
689.483
689.950
690.416
690.882
691.348
691.814
692.047
692.280
692.746
692.980
693.213
693.679
693.912
694.145
694.611
694.844
695.077
695.543
695.776
696.010
696.476
696.709
696.942
697.408
697.641
697.874
698.340
698.573
698.806
699.273
699.506
699.739
699.972
700.205
700.671
700.904
701.137
701.370
701.603
702.070
702.303
702.536
702.769
703.002
703.468
703.701
703.934
704.167
704.400
704.866
705.099
705.333
705.566
705.799
706.731
706.964
707.197
707.430
707.663
707.896
708.129
708.363
708.596
708.829
709.062
709.295
709.528
709.761
709.994
710.227
710.460
710.693
710.926
711.159
711.393
711.626
711.859
712.092
712.325
712.558
712.791
714.306
714.423
714.539
714.656
714.772
714.889
715.005
715.122
715.238
715.355
715.471
715.588
715.704
715.821
715.938
716.054
716.171
716.287
716.404
716.520
716.637
716.753
716.870
716.986
717.103
717.219
717.336
717.453
717.569
717.686
717.802
717.919
718.035
718.152
718.268
718.385
718.501
718.618
718.734
718.851
718.967
719.084
719.201
719.317
719.434
719.550
719.667
719.783
719.900
720.016
720.133
720.249
720.366
720.482
720.599
720.716
720.832
720.949
721.065
721.182
721.298
721.415
721.531
721.881
722.114
722.347
722.580
722.813
723.046
723.279
723.512
723.746
723.979
724.212
724.445
724.678
724.911
725.144
725.377
725.610
725.843
726.076
726.309
726.542
726.776
727.009
727.242
727.475
727.708
727.941
728.174
728.407
728.640
728.873
729.106
729.339
729.456
729.572
729.689
729.806
729.922
730.039
730.155
730.272
730.388
730.505
730.621
730.738
730.854
730.971
731.087
731.204
731.321
731.437
731.554
731.670
731.787
731.903
732.020
732.136
732.253
732.369
732.486
732.602
732.719
732.835
732.952
733.069
733.185
733.302
733.418
733.535
733.651
733.768
733.884
734.001
734.117
734.234
734.350
734.467
734.584
734.700
734.817
734.933
735.050
735.166
735.283
735.399
735.516
735.632
735.749
735.865
735.982
736.099
736.215
736.332
736.448
736.565
736.798
737.031
737.264
737.497
737.730
737.963
738.196
738.429
738.662
738.895
739.129
739.362
739.595
739.828
740.061
740.294
740.527
740.760
740.993
741.226
741.459
741.692
741.925
742.159
742.392
742.625
742.858
743.091
743.324
743.557
743.790
744.023
744.256
744.373
744.489
744.606
744.722
744.839
744.955
745.072
745.189
745.305
745.422
745.538
745.655
745.771
745.888
746.004
746.121
746.237
746.354
746.470
746.587
746.703
746.820
746.937
747.053
747.170
747.286
747.403
747.519
747.636
747.752
747.869
747.985
748.102
748.218
748.335
748.452
748.568
748.685
748.801
748.918
749.034
749.151
749.267
749.384
749.500
749.617
749.733
749.850
749.967
750.083
750.200
750.316
750.433
750.549
750.666
750.782
750.899
751.015
751.132
751.248
751.365
751.482
751.598
751.715
751.831
751.948
752.064
752.181
752.297
752.414
752.530
752.647
752.763
752.880
752.997
753.113
753.230
753.346
753.463
753.579
753.696
753.812
753.929
754.045
754.162
754.278
754.395
754.512
754.628
754.745
754.861
754.978
755.094
755.211
755.327
755.444
755.560
755.677
755.793
755.910
756.027
756.143
756.260
756.376
756.493
756.609
756.726
756.842
756.959
757.075
757.192
757.308
757.425
757.542
757.658
757.775
757.891
758.008
758.124
758.241
758.357
758.474
758.590
758.707
758.823
758.940
759.056
759.173
759.290
759.406
759.523
759.639
759.756
759.872
759.989
760.105
760.222
760.338
760.455
760.571
760.688
760.805
760.921
761.038
761.154
761.271
761.387
761.504
761.620
761.737
761.853
761.970
762.086
762.203
762.320
762.436
762.553
762.669
762.786
762.902
763.019
763.135
763.252
763.368
763.485
763.601
763.718
763.835
763.951
764.068
764.184
764.301
764.417
764.534
764.650
764.767
764.883
765.000
765.116
765.233
765.350
765.466
765.583
765.699
765.816
765.932
766.049
766.165
766.398
766.631
766.865
767.098
767.331
767.564
767.797
768.030
768.263
768.496
768.729
768.962
769.195
769.428
769.661
769.895
770.128
770.361
770.594
770.827
771.060
771.293
771.526
771.759
771.992
772.225
772.458
772.691
772.924
773.158
773.391
773.624
773.857
774.090
774.323
774.556
774.789
775.022
800.567
800.801
801.034
801.268
801.501
801.735
801.969
802.202
802.436
802.669
802.903
803.136
803.370
803.603
803.837
804.304
804.771
805.238
805.705
806.173
806.640
807.107
807.574
808.041
808.508
808.975
809.442
809.909
810.377
810.844
811.311
811.778
812.011
812.245
812.479
812.712
812.946
813.179
813.413
813.646
813.880
814.113
814.347
814.581
814.814
815.048
815.515
815.748
815.982
816.449
816.683
816.916
817.383
817.617
817.850
818.317
818.551
818.785
819.252
819.485
819.719
820.186
820.419
820.653
821.120
821.354
821.587
822.054
822.288
822.521
822.989
823.222
823.456
823.923
824.156
824.390
824.857
825.091
825.324
825.791
826.025
826.258
826.725
826.959
827.193
827.660
827.893
828.127
828.594
828.827
829.061
829.528
829.762
829.995
830.462
830.696
830.929
831.163
831.397
831.630
831.864
832.331
832.564
832.798
833.031
833.265
833.499
833.732
834.199
834.433
834.666
834.900
835.133
835.367
835.601
836.068
836.301
836.535
836.768
837.002
837.235
837.469
837.936
838.170
838.403
838.637
838.870
839.104
839.337
839.804
840.038
840.272
840.505
840.739
840.972
841.206
841.673
841.906
842.140
842.374
842.607
842.841
843.074
843.541
843.775
844.008
844.242
844.476
844.709
844.943
845.410
845.877
846.344
846.811
847.278
847.745
848.212
848.680
849.147
849.614
850.081
850.548
851.015
851.482
851.949
852.416
852.884
853.351
853.818
854.285
854.752
855.219
855.686
856.153
856.387
856.620
856.854
857.088
857.321
857.555
857.788
858.022
858.255
858.489
858.722
858.956
859.190
859.423
859.657
859.890
860.357
860.591
860.824
861.292
861.525
861.759
862.226
862.459
862.693
863.160
863.394
863.627
864.094
864.328
864.561
865.028
865.262
865.496
865.963
866.196
866.430
866.897
867.130
867.364
867.831
868.065
868.298
868.765
868.999
869.232
869.700
869.933
870.167
870.634
870.867
871.101
871.568
871.802
872.035
872.502
872.736
872.969
873.436
873.670
873.904
874.371
874.604
874.838
875.305
875.772
876.239
876.706
877.173
877.640
878.108
878.575
879.042
879.509
879.976
880.443
880.910
881.377
881.844
882.312
882.779
883.246
883.713
884.180
884.647
885.114
885.581
886.048
886.516
886.983
887.450
887.917
888.384
888.851
889.318
889.785
890.252
890.486
890.720
891.187
891.654
891.887
892.121
892.588
893.055
893.289
893.522
893.989
894.456
894.690
894.924
895.391
895.858
896.091
896.325
896.792
897.259
897.493
897.726
898.193
898.660
898.894
899.128
899.595
900.062
900.295
900.529
900.996
901.463
901.697
901.930
902.397
902.864
903.098
903.332
903.799
904.266
904.499
904.733
905.200
905.667
906.134
906.601
907.068
907.536
908.003
908.470
908.937
909.404
909.871
910.338
910.805
911.272
911.740
912.207
912.674
913.141
913.608
914.075
914.542
915.009
915.476
915.944
916.411
916.878
917.345
917.812
918.279
918.746
919.213
919.680
920.148
920.381
920.615
920.848
921.082
921.315
921.549
921.782
922.016
922.250
922.483
922.717
922.950
923.184
923.417
923.651
923.884
924.118
924.352
924.585
924.819
925.052
925.286
925.519
925.753
925.986
926.220
926.454
926.687
926.921
927.154
927.388
927.621
927.855
928.088
928.322
928.556
928.789
929.023
929.256
929.490
929.723
929.957
930.190
930.424
930.658
930.891
931.125
931.358
931.592
931.825
932.059
932.292
932.526
932.760
932.993
933.227
933.460
933.694
933.927
934.161
934.394
934.628
934.862
935.095
935.329
935.562
935.796
936.029
936.263
936.496
936.730
936.964
937.197
937.431
937.664
937.898
938.131
938.365
938.598
938.832
939.065
939.299
939.533
939.766
940.000
940.233
940.467
940.700
940.934
941.167
941.401
941.635
941.868
942.102
942.335
942.569
942.802
943.036
943.269
943.503
943.737
943.970
944.204
944.437
944.671
944.904
945.138
945.371
945.605
945.839
946.072
946.306
946.539
946.773
947.006
947.240
947.473
947.707
947.941
950.043
950.159
950.276
950.393
950.510
950.626
950.743
950.860
950.977
951.094
951.210
951.327
951.444
951.561
951.677
951.794
951.911
952.028
952.145
952.261
952.378
952.495
952.612
952.728
952.845
952.962
953.079
953.196
953.312
953.429
953.546
953.663
953.779
953.896
954.013
954.130
954.247
954.363
954.480
954.597
954.714
954.830
954.947
955.064
955.181
955.298
955.414
955.531
955.648
955.765
955.881
955.998
956.115
956.232
956.349
956.465
956.582
956.699
956.816
956.932
957.049
957.166
957.283
957.400
957.516
957.633
957.750
957.867
957.983
958.100
958.217
958.334
958.451
958.567
958.684
958.801
958.918
959.034
959.151
959.268
959.385
959.502
959.618
959.735
959.852
959.969
960.085
960.202
960.319
960.436
960.553
960.669
960.786
960.903
961.020
961.136
961.253
961.370
961.487
961.604
961.720
961.837
961.954
962.071
962.187
962.304
962.421
962.538
962.655
962.771
962.888
963.005
963.122
963.238
963.355
963.472
963.589
963.706
963.822
963.939
964.056
964.173
964.289
964.406
964.523
964.640
964.757
964.990
965.224
965.457
965.691
965.924
966.158
966.391
966.625
966.859
967.092
967.326
967.559
967.793
968.026
968.260
968.493
968.727
968.961
969.194
969.428
969.661
969.895
970.128
970.362
970.595
970.829
971.063
971.296
971.530
971.763
971.997
972.230
972.464
972.697
972.931
973.165
973.398
973.632
973.865
974.099
974.332
974.566
974.799
975.033
975.267
975.500
975.734
975.967
976.201
976.434
976.668
976.901
977.135
977.369
977.602
977.836
978.069
978.303
978.536
978.770
979.003
979.237
979.471
979.704
979.938
980.054
980.171
980.288
980.405
980.522
980.638
980.755
980.872
980.989
981.105
981.222
981.339
981.456
981.573
981.689
981.806
981.923
982.040
982.156
982.273
982.390
982.507
982.624
982.740
982.857
982.974
983.091
983.207
983.324
983.441
983.558
983.675
983.791
983.908
984.025
984.142
984.258
984.375
984.492
984.609
984.726
984.842
984.959
985.076
985.193
985.309
985.426
985.543
985.660
985.777
985.893
986.010
986.127
986.244
986.360
986.477
986.594
986.711
986.828
986.944
987.061
987.178
987.295
987.411
987.528
987.645
987.762
987.879
987.995
988.112
988.229
988.346
988.462
988.579
988.696
988.813
988.930
989.046
989.163
989.280
989.397
989.513
989.630
989.747
989.864
989.981
990.097
990.214
990.331
990.448
990.564
990.681
990.798
990.915
991.032
991.148
991.265
991.382
991.499
991.615
991.732
991.849
991.966
992.083
992.199
992.316
992.433
992.550
992.666
992.783
992.900
993.017
993.134
993.250
993.367
993.484
993.601
993.717
993.834
993.951
994.068
994.185
994.301
994.418
994.535
994.652
995.119
995.586
996.053
996.520
996.987
997.454
997.921
998.389
998.856
999.323
999.790
1000.257
1000.724
1001.191
1001.658
1002.125
1002.593
1026.326
1026.793
1027.260
1027.727
1028.194
1028.661
1029.128
1029.595
1030.062
1030.529
1030.997
1031.464
1031.931
1032.398
1032.865
1033.332
1033.799
1034.266
1034.733
1035.200
1035.667
1036.134
1036.601
1037.068
1037.535
1038.002
1038.469
1038.936
1039.403
1039.870
1040.337
1040.804
1041.271
1041.738
1042.205
1042.673
1043.140
1043.607
1044.074
1044.541
1045.008
1045.475
1045.942
1046.409
1048.744
1048.978
1049.211
1049.445
1049.678
1049.912
1050.145
1050.379
1050.612
1050.846
1051.079
1051.313
1051.546
1051.780
1052.013
1052.247
1052.480
1052.714
1052.947
1053.181
1053.414
1053.648
1053.882
1054.115
1054.349
1054.582
1054.816
1055.049
1055.283
1055.516
1055.750
1055.983
1056.217
1056.450
1056.684
1056.917
1057.151
1057.384
1057.618
1057.851
1058.085
1058.318
1058.552
1058.785
1059.019
1059.252
1059.486
1059.720
1059.953
1060.187
1060.420
1060.654
1060.887
1061.121
1061.354
1061.588
1061.821
1062.055
1062.288
1062.522
1062.755
1062.989
1063.222
1063.456
1063.689
1063.923
1064.156
1064.390
1064.623
1064.857
1065.090
1065.324
1065.558
1065.791
1066.025
1066.258
1066.492
1066.725
1066.959
1067.192
1067.426
1067.659
1067.893
1068.126
1068.360
1068.593
1068.827
1069.060
1069.294
1069.527
1069.761
1069.994
1070.228
1070.461
1070.695
1070.928
1071.162
1071.396
1071.629
1071.863
1072.096
1072.330
1072.563
1072.797
1073.030
1073.264
1073.497
1073.731
1073.964
1074.198
1074.431
1074.665
1074.898
1075.132
1075.365
1075.599
1075.832
1076.066
1076.299
1076.533
1076.767
1077.000
1077.234
1077.467
1077.701
1077.934
1078.168
1078.401
1078.635
1078.868
1079.102
1079.335
1079.569
1079.802
1080.036
1080.269
1080.503
1080.736
1080.970
1081.203
1081.437
1081.670
1081.904
1082.137
1082.371
1082.605
1082.838
1083.072
1083.305
1083.539
1083.772
1084.006
1084.239
1084.473
1084.706
1084.940
1085.173
1085.407
1085.640
1085.874
1086.107
1086.341
1086.574
1086.808
1087.041
1087.275
1087.508
1087.742
1087.975
1088.209
1088.443
1088.676
1088.910
1089.143
1089.377
1089.610
1089.844
1090.077
1090.311
1090.544
1090.778
1091.011
1091.245
1091.478
1091.712
1091.945
1092.179
1092.412
1092.646
1092.879
1093.113
1093.346
1093.580
1093.813
1094.047
1094.281
1094.514
1094.748
1094.981
1095.215
1095.448
1095.682
1095.915
1096.149
1096.382
1096.616
1096.849
1097.083
1097.316
1097.550
1097.783
1098.017
1098.250
1098.484
1098.717
1098.951
1099.184
1099.418
1099.652
1099.885
1100.119
1100.352
1100.586
1100.819
1101.053
1101.286
1101.520
1101.753
1101.987
1102.220
1102.454
1102.687
1102.921
1103.154
1103.388
1103.621
1103.855
1104.088
1104.322
1104.555
1104.789
1105.022
1105.256
1105.490
1105.723
1105.957
1106.190
1106.424
1106.657
1106.891
1107.124
1107.358
1107.591
1107.825
1108.058
1108.292
1108.525
1108.759
1108.992
1109.226
1109.459
1109.693
1109.926
1110.160
1110.393
1110.627
1110.860
1111.094
1111.328
1111.561
1111.795
1112.028
1112.262
1112.495
1112.729
1112.962
1113.196
1113.429
1113.663
1113.896
1114.130
1114.363
1114.597
1114.830
1115.064
1115.297
1115.531
1115.764
1115.998
1116.231
1116.465
1116.698
1116.932
1117.166
1117.399
1117.633
1117.866
1118.100
1118.333
1118.567
1118.800
1119.034
1119.267
1119.501
1119.734
1119.968
1120.201
1120.435
1120.668
1120.902
1121.135
1121.369
1121.602
1121.836
1122.069
1122.303
1122.537
1122.770
1123.004
1123.237
1127.207
1127.441
1127.675
1127.909
1128.142
1128.376
1128.610
1128.844
1129.078
1129.311
1129.545
1129.779
1130.013
1130.247
1130.480
1130.714
1130.948
1131.182
1131.415
1131.649
1131.883
1132.117
1132.351
1132.584
1132.818
1133.052
1133.286
1133.520
1133.753
1133.987
1134.221
1134.455
1134.689
1134.922
1135.156
1135.390
1135.624
1135.858
1136.091
1136.325
1136.559
1136.793
1137.027
1137.260
1137.494
1137.728
1137.962
1138.195
1138.429
1138.663
1138.897
1139.131
1139.364
1139.598
1139.832
1140.066
1140.300
1140.533
1140.767
1141.001
1141.235
1141.469
1141.702
1141.936
1142.170
1142.404
1142.638
1142.871
1143.105
1143.339
1143.573
1143.807
1144.040
1144.274
1144.508
1144.742
1144.976
1145.209
1145.443
1145.677
1145.911
1146.144
1146.378
1146.612
1146.846
1147.080
1147.313
1147.547
1147.781
1148.015
1148.249
1148.482
1148.716
1148.950
1149.184
1149.418
1149.651
1149.885
1150.119
1150.353
1150.587
1150.820
1151.054
1151.288
1151.522
1151.756
1151.989
1152.223
1152.457
1152.691
1152.925
1153.158
1153.392
1153.626
1153.860
1154.093
1154.327
1154.561
1154.795
1155.029
1157.098
1157.231
1157.364
1157.498
1157.631
1157.765
1157.898
1158.032
1158.165
1158.299
1158.432
1158.566
1158.699
1158.833
1158.966
1159.100
1159.233
1159.367
1159.500
1159.634
1159.767
1159.901
1160.034
1160.168
1160.301
1160.435
1160.568
1160.702
1160.835
1160.969
1161.102
1161.236
1161.369
1161.503
1161.636
1161.770
1161.903
1162.037
1162.170
1162.304
1162.437
1162.570
1162.704
1162.837
1162.971
1163.104
1163.238
1163.371
1163.505
1163.638
1163.772
1163.905
1164.039
1164.172
1164.306
1164.439
1164.573
1164.706
1164.840
1164.973
1165.107
1165.240
1165.374
1165.507
1165.641
1165.774
1165.908
1166.041
1166.175
1166.308
1166.442
1166.575
1166.709
1166.842
1166.976
1167.109
1167.243
1167.376
1167.509
1167.643
1167.776
1167.910
1168.043
1168.177
1168.310
1168.444
1168.577
1168.711
1168.844
1168.978
1169.111
1169.245
1169.378
1169.512
1169.645
1169.779
1169.912
1170.046
1170.179
1170.313
1170.446
1170.580
1170.713
1170.847
1170.980
1171.114
1171.247
1171.381
1171.514
1171.648
1171.781
1171.915
1172.048
1172.182
1172.315
1172.449
1172.582
1172.715
1172.849
1172.982
1173.116
1173.249
1173.383
1173.516
1173.650
1173.783
1173.917
1174.050
1174.184
1174.317
1174.451
1174.584
1174.718
1174.851
1174.985
1175.118
1175.252
1175.385
1175.519
1175.652
1175.786
1175.919
1176.053
1176.186
1176.320
1176.453
1176.587
1176.720
1176.854
1176.987
1177.121
1177.254
1177.388
1177.521
1177.654
1177.788
1177.921
1178.055
1178.188
1178.322
1178.455
1178.589
1178.722
1178.856
1178.989
1179.123
1179.256
1179.390
1179.523
1179.657
1179.790
1179.924
1180.057
1180.191
1180.324
1180.458
1180.591
1180.725
1180.858
1180.992
1181.125
1181.259
1181.392
1181.526
1181.659
1181.793
1181.926
1182.060
1182.193
1182.327
1182.460
1182.594
1182.727
1182.860
1182.994
1183.127
1183.261
1183.394
1183.528
1183.661
1183.795
1183.928
1184.062
1184.195
1184.329
1184.462
1184.596
1184.729
1184.863
1184.996
1185.130
1185.263
1185.397
1185.530
1185.664
1185.797
1185.931
1186.064
1186.198
1186.331
1186.465
1186.598
1186.732
1186.865
1186.999
1187.132
1187.266
1187.399
1187.533
1187.666
1187.799
1187.933
1188.066
1188.200
1188.333
1188.467
1188.600
1188.734
1188.867
1189.001
1189.134
1189.268
1189.401
1189.535
1189.668
1189.802
1189.935
1190.069
1190.202
1190.336
1190.469
1190.603
1190.736
1190.870
1191.003
1191.137
1191.270
1191.404
1191.537
1191.671
1191.804
1191.938
1192.071
1192.205
1192.338
1192.472
1192.605
1192.738
1192.872
1193.005
1193.139
1193.272
1193.406
1193.539
1193.673
1193.806
1193.940
1194.073
1194.207
1194.340
1194.474
1194.607
1194.741
1194.874
1195.008
1195.141
1195.275
1195.408
1195.542
1195.675
1195.809
1195.942
1196.076
1196.209
1196.343
1196.476
1196.610
1196.743
1196.877
1197.010
1197.144
1197.277
1197.411
1197.544
1197.678
1197.811
1197.944
1198.078
1198.211
1198.345
1198.478
1198.612
1198.745
1198.879
1199.012
1199.146
1199.279
1199.413
1199.546
1199.680
1199.813
1199.947
1200.080
1200.214
1200.347
1200.481
1200.614
1200.748
1200.881
1201.015
1201.148
1201.282
1201.415
1201.549
1201.682
1201.816
1201.949
1202.083
1202.216
1202.350
1202.483
1202.617
1202.750
1202.883
1203.017
1203.150
1203.284
1203.417
1203.551
1203.684
1203.818
1203.951
1204.085
1204.218
1204.352
1204.485
1204.619
1204.752
1204.886
1205.019
1205.153
1205.286
1205.420
1205.553
1205.687
1205.820
1205.954
1206.087
1206.221
1206.354
1206.488
1206.621
1206.755
1206.888
1207.022
1207.155
1207.289
1207.422
1207.556
1207.689
1207.823
1207.956
1208.089
1208.223
1208.356
1208.490
1208.623
1208.757
1208.890
1209.024
1209.157
1209.291
1209.424
1209.558
1209.691
1209.825
1209.958
1210.092
1210.225
1210.359
1210.492
1210.626
1210.759
1210.893
1211.026
1211.160
1211.293
1211.427
1211.560
1211.694
1211.827
1211.961
1212.094
1212.228
1212.361
1212.495
1212.628
1212.762
1212.895
1213.028
1213.162
1213.295
1213.429
1213.562
1213.696
1213.829
1213.963
1214.096
1214.230
1214.363
1214.497
1214.630
1214.764
1214.897
1215.031
1215.164
1215.298
1215.431
1215.565
1215.698
1215.832
1215.965
1216.099
1216.232
1216.366
1216.499
1216.633
1216.766
1216.900
1217.033
1217.167
1217.300
1217.434
1217.567
1217.701
1217.834
1217.968
1218.101
1218.234
1218.368
1218.501
1218.635
1218.768
1218.902
1219.035
1219.169
1219.302
1219.436
1219.569
1219.703
1219.836
1219.970
1220.103
1220.237
1220.370
1220.504
1220.637
1220.771
1220.904
1221.038
1221.171
1221.305
1221.438
1221.572
1221.705
1221.839
1221.972
1222.106
1222.239
1222.373
1222.506
1222.640
1222.773
1222.907
1223.040
1223.173
1223.307
1223.440
1223.574
1223.707
1223.841
1223.974
1224.108
1224.241
1224.375
1224.508
1224.642
1224.775
1224.909
1225.042
1225.176
1225.309
1225.443
1225.576
1225.710
1225.843
1225.977
1226.110
1226.244
1226.377
1226.511
1226.644
1226.778
1226.911
1227.045
1227.178
1227.312
1227.445
1227.579
1227.712
1227.846
1227.979
1228.113
1228.246
1228.379
1228.513
1228.646
1228.780
1228.913
1229.047
1229.180
1229.314
1229.447
1229.581
1229.714
1229.848
1229.981
1230.115
1230.248
1230.382
1230.515
1230.649
1230.782
1230.916
1231.049
1231.183
1231.316
1231.450
1231.583
1231.717
1231.850
1231.984
1232.117
1232.251
1232.384
1232.518
1232.651
1232.785
1232.918
1233.052
1233.185
1233.318
1233.452
1233.585
1233.719
1233.852
1233.986
1234.119
1234.253
1234.386
1234.520
1234.653
1234.787
1234.920
1235.054
1235.187
1235.321
1235.454
1235.588
1235.721
1235.855
1235.988
1236.122
1236.255
1236.389
1236.522
1236.656
1236.789
1236.923
1237.056
1237.190
1237.323
1237.457
1237.590
1237.724
1237.857
1237.991
1238.124
1238.257
1238.391
1238.524
1238.658
1238.791
1238.925
1239.058
1239.192
1239.459
1239.726
1239.993
1240.260
1240.527
1240.794
1241.061
1241.328
1241.595
1241.862
1242.129
1242.396
1242.663
1242.930
1243.197
1243.463
1243.730
1243.997
1244.264
1244.531
1244.798
1245.065
1245.332
1245.599
1245.866
