103.359
103.599
103.839
104.079
104.239
104.399
104.799
105.039
105.279
105.519
105.759
105.999
106.159
106.319
106.719
106.959
107.199
107.439
107.679
107.919
108.079
108.239
108.639
108.879
109.119
109.359
109.599
109.839
109.999
110.159
110.559
110.799
111.039
111.279
111.519
111.759
111.919
112.079
112.479
112.719
112.959
113.199
113.439
113.679
113.839
113.999
114.399
114.639
114.879
115.119
115.359
115.599
115.759
115.919
116.319
116.559
116.799
117.039
117.279
117.519
117.679
117.839
118.239
118.479
118.719
118.959
119.199
119.439
119.599
119.759
120.159
120.399
120.639
120.879
121.119
121.359
121.519
121.679
122.079
122.319
122.559
122.799
123.039
123.279
123.439
123.599
123.999
124.239
124.479
124.719
124.959
125.199
125.359
125.519
125.919
126.159
128.319
128.799
129.279
129.759
130.239
130.719
131.199
131.679
132.159
132.639
133.119
133.599
134.079
134.559
135.039
135.519
135.999
136.239
136.479
136.959
137.439
137.919
138.159
138.399
138.879
139.359
139.839
140.079
140.319
140.799
141.279
141.759
141.999
142.239
142.719
143.199
143.679
143.919
144.159
144.399
144.559
144.719
145.119
145.359
145.599
145.839
146.079
146.559
147.039
147.519
147.759
147.999
148.239
148.399
148.559
148.959
149.199
149.439
149.679
149.919
150.399
150.879
151.359
151.599
151.839
152.079
152.239
152.399
152.799
153.039
153.279
153.519
153.759
154.239
154.719
155.199
155.439
155.679
155.919
156.079
156.239
156.639
156.879
157.119
157.359
157.599
158.079
158.559
159.039
162.880
163.360
163.600
163.840
164.320
164.560
164.800
165.280
165.520
165.760
165.920
166.080
166.240
166.480
166.720
167.200
167.440
167.680
167.920
168.160
168.400
168.640
168.880
169.360
169.520
169.680
169.840
170.560
171.040
171.280
171.520
172.000
172.240
172.480
172.960
173.200
173.440
173.600
173.760
173.920
174.160
174.400
176.320
178.240
179.200
180.160
182.080
184.000
185.920
186.880
187.840
190.240
191.200
192.160
193.120
193.600
194.080
194.320
194.560
195.040
195.280
195.520
196.000
196.240
196.480
196.640
196.800
196.960
197.200
197.440
197.920
198.160
198.400
198.560
198.720
198.880
199.120
199.360
199.600
200.080
200.240
200.400
200.560
201.280
201.760
202.000
202.240
202.720
202.960
203.200
203.680
203.920
204.160
204.320
204.480
204.640
204.880
205.120
205.600
205.960
206.200
206.440
206.620
206.800
207.040
207.520
207.880
208.120
208.360
208.540
208.720
208.960
209.440
209.800
210.040
210.280
210.460
210.640
210.880
211.120
211.360
211.600
211.840
212.080
212.320
212.800
213.280
213.640
213.880
214.120
214.300
214.480
214.720
215.200
215.560
215.800
216.040
216.220
216.400
216.640
217.120
217.480
217.720
217.960
218.140
218.320
218.560
218.800
219.040
219.280
219.520
219.760
220.000
220.480
220.960
221.440
221.680
221.920
222.400
222.880
223.360
223.600
223.840
224.320
224.800
225.280
225.520
225.760
226.240
226.720
227.200
227.440
227.680
228.160
228.640
229.120
229.360
229.600
230.080
230.560
231.040
231.280
231.520
232.000
232.480
232.960
233.200
233.440
233.920
234.400
234.880
235.120
235.360
235.840
236.320
236.680
236.920
237.160
237.340
237.520
237.760
238.240
238.600
238.840
239.080
239.260
239.440
239.680
240.160
240.520
240.760
241.000
241.180
241.360
241.600
241.840
242.080
242.320
242.560
242.800
243.040
243.520
244.000
244.360
244.600
244.840
245.020
245.200
245.440
245.920
246.280
246.520
246.760
246.940
247.120
247.360
247.840
248.200
248.440
248.680
248.860
249.040
249.280
249.520
249.760
250.000
250.240
250.480
250.720
251.560
251.720
251.920
252.520
252.680
252.880
253.480
253.640
253.840
254.440
254.600
254.800
255.400
255.560
255.760
256.360
256.520
256.720
257.320
257.480
257.680
258.280
258.440
258.640
259.240
259.400
259.600
260.200
260.360
260.560
261.160
261.320
261.520
262.120
262.280
262.480
262.720
263.200
263.440
263.680
263.840
264.000
264.160
264.400
266.560
266.800
267.040
267.520
267.760
268.000
268.480
268.720
268.960
269.440
269.681
269.921
270.401
270.641
270.881
271.361
271.601
271.841
272.321
272.561
272.801
273.281
273.521
273.761
274.241
274.481
274.721
275.201
275.441
275.681
276.161
276.401
276.641
277.121
277.361
277.601
278.081
278.321
278.561
279.041
279.281
279.521
280.001
280.241
280.481
280.961
281.201
281.441
281.921
282.401
282.761
283.001
283.241
283.421
283.601
283.841
284.321
284.681
284.921
285.161
285.341
285.521
285.761
286.241
286.601
286.841
287.081
287.261
287.441
287.681
287.921
288.161
288.401
288.641
288.881
289.121
289.601
290.081
290.441
290.681
290.921
291.101
291.281
291.521
292.001
292.361
292.601
292.841
293.021
293.201
293.441
293.921
294.281
294.521
294.761
294.941
295.121
295.361
295.841
296.081
296.321
296.481
296.641
296.801
297.041
305.441
306.401
307.361
308.321
309.281
310.241
311.201
312.161
312.641
313.121
313.361
313.601
313.761
313.921
314.081
314.321
314.561
314.801
315.281
315.441
315.601
315.761
316.481
316.961
317.201
317.441
317.921
318.161
318.401
318.881
319.121
319.361
319.521
319.681
319.841
320.081
320.321
320.561
320.801
321.041
321.281
321.521
321.761
322.241
322.481
322.721
322.961
323.201
323.441
323.681
324.161
324.401
324.641
324.881
325.121
325.361
325.601
326.081
326.321
326.561
326.801
327.041
327.281
327.521
328.001
328.241
328.481
328.721
328.961
329.201
329.441
329.921
330.161
330.401
330.641
330.881
331.121
331.361
331.841
332.321
332.561
332.801
333.281
333.521
333.761
334.241
334.481
334.721
334.881
335.041
335.201
335.441
335.681
336.161
336.521
336.761
337.001
337.181
337.361
337.601
338.081
338.441
338.681
338.921
339.101
339.281
339.521
340.001
340.361
340.601
340.841
341.021
341.201
341.441
341.681
341.921
342.161
342.401
342.641
342.881
343.361
343.841
344.201
344.441
344.681
344.861
345.041
345.281
345.761
346.121
346.361
346.601
346.781
346.961
347.201
347.681
348.041
348.281
348.521
348.701
348.881
349.121
349.361
349.601
349.841
350.081
350.321
350.561
351.041
351.281
351.521
351.761
351.921
352.241
352.481
352.721
352.961
353.201
353.441
353.681
353.841
354.161
354.401
354.641
354.881
355.121
355.361
355.601
355.761
356.081
356.321
356.561
356.801
357.041
357.281
357.521
357.681
358.001
358.241
358.481
358.721
358.961
359.201
359.441
359.601
359.921
360.161
360.401
360.641
360.881
361.121
361.361
361.521
361.841
362.081
362.321
362.561
362.801
363.041
363.281
363.441
363.761
364.001
364.241
364.481
364.721
364.961
365.201
365.441
365.681
365.921
366.401
366.881
367.241
367.481
367.721
367.901
368.081
368.321
368.801
369.161
369.401
369.641
369.821
370.001
370.241
370.721
371.081
371.321
371.561
371.741
371.921
372.161
372.401
372.641
372.881
373.121
373.361
373.601
374.081
374.561
374.921
375.161
375.401
375.581
375.761
376.001
376.481
376.841
377.081
377.321
377.501
377.681
377.922
378.402
378.762
379.002
379.242
379.422
379.602
379.842
380.082
380.322
380.562
380.802
381.042
381.282
381.762
382.242
382.482
382.722
382.882
383.042
383.202
383.442
383.682
383.922
384.402
384.562
384.722
384.882
385.602
386.082
386.322
386.562
387.042
387.282
387.522
388.002
388.242
388.482
388.642
388.802
388.962
389.202
389.442
389.922
390.162
390.402
390.562
390.722
390.882
391.122
391.362
391.602
392.082
392.242
392.402
392.562
393.282
393.762
394.002
394.242
394.722
394.962
395.202
395.682
395.922
396.162
396.322
396.482
396.642
396.882
397.122
397.362
397.602
398.082
398.322
398.562
399.042
399.282
399.522
400.002
400.242
400.482
400.962
401.202
401.442
401.922
402.162
402.402
402.882
403.122
403.362
403.842
404.082
404.322
404.802
405.282
405.762
406.002
406.242
406.722
407.202
407.682
407.922
408.162
408.642
409.122
409.602
409.842
410.082
410.562
411.042
411.522
411.762
412.002
412.482
412.722
412.962
413.202
413.362
413.682
413.922
414.162
414.402
414.642
414.882
415.122
415.282
415.602
415.842
416.082
416.322
416.562
416.802
417.042
417.202
417.522
417.762
418.002
418.242
418.482
418.722
418.962
419.122
419.442
419.682
419.922
420.162
420.402
420.642
420.882
421.042
421.362
421.602
421.842
422.082
422.322
422.562
422.802
422.962
423.282
423.522
423.762
424.002
424.242
424.482
424.722
424.882
425.202
425.442
425.682
425.922
426.162
426.402
426.642
426.802
427.122
427.362
427.602
427.842
428.082
428.322
428.562
428.802
429.042
429.282
429.522
429.762
430.002
430.242
430.482
430.722
430.962
431.202
431.442
431.682
431.922
432.162
432.402
432.642
432.882
433.122
433.362
433.602
433.842
434.082
434.322
434.562
434.802
435.042
435.282
435.522
436.002
436.242
436.482
436.642
436.802
436.962
437.202
437.442
437.682
438.162
438.322
438.482
438.642
439.362
439.842
440.082
440.322
440.802
441.042
441.282
441.762
442.002
442.242
442.402
442.562
442.722
442.962
468.104
468.539
468.974
469.409
469.517
469.626
469.735
469.843
470.278
470.713
471.148
471.474
471.582
472.017
472.452
472.887
472.995
473.104
473.213
473.322
473.756
474.191
474.626
474.843
475.061
475.495
475.930
476.365
476.474
476.582
476.691
476.800
477.235
477.669
478.104
478.321
478.539
478.974
479.408
479.843
479.952
480.061
480.169
480.278
480.713
481.147
481.256
481.474
481.800
482.017
482.452
482.887
483.321
483.756
484.191
484.626
485.060
485.495
485.930
486.365
486.800
487.234
487.669
488.104
488.539
488.756
488.865
488.973
489.408
489.843
490.278
490.713
491.147
491.582
492.017
492.452
492.886
493.321
493.756
494.191
494.625
495.060
495.495
495.604
495.712
495.821
495.930
496.147
496.365
496.582
496.799
497.017
497.234
497.452
497.669
497.886
498.104
498.321
498.538
498.756
498.973
499.191
499.408
499.625
499.843
500.060
500.278
500.495
500.712
500.930
501.147
501.364
501.582
501.799
502.017
502.234
502.451
502.669
502.886
503.104
503.321
503.538
503.756
503.973
504.191
504.408
504.625
504.843
505.060
505.277
505.495
505.712
505.930
506.147
506.364
506.582
506.799
507.017
507.234
507.451
507.669
507.886
508.103
508.321
508.538
508.756
508.973
509.082
509.190
509.408
509.516
509.625
509.843
513.321
515.060
516.364
516.799
520.277
522.016
522.886
522.994
523.103
523.321
523.429
523.538
523.755
524.190
524.625
525.060
525.494
525.929
526.364
526.799
527.234
527.668
528.103
528.538
528.973
529.407
529.842
530.277
530.712
530.929
531.147
531.581
531.799
532.016
532.451
532.668
532.886
533.320
533.538
533.755
534.190
534.407
534.625
535.059
535.277
535.494
535.929
536.146
536.364
536.799
537.016
537.233
537.668
538.103
538.538
538.972
539.407
539.842
540.277
540.712
541.146
541.581
542.016
542.451
542.885
543.320
543.755
543.864
543.972
544.081
544.190
544.625
544.842
545.059
545.277
545.494
545.711
545.929
546.146
546.364
546.581
546.798
547.016
547.233
547.451
547.668
547.885
548.103
548.320
548.537
548.755
548.972
549.190
549.407
549.624
549.842
550.059
550.277
550.494
550.711
550.929
551.146
551.364
551.581
552.016
552.450
552.740
552.885
553.030
553.320
553.755
554.190
554.624
554.842
555.059
555.494
555.929
556.363
556.798
557.233
557.668
558.103
558.537
558.755
558.972
559.407
559.624
559.842
560.276
560.711
561.146
561.363
561.581
562.015
562.233
562.450
562.668
562.885
563.102
563.320
563.537
563.755
563.972
564.189
564.407
564.624
564.769
564.914
565.059
565.204
565.349
565.494
565.928
566.363
566.798
567.233
567.668
568.102
568.537
568.972
569.407
569.841
570.276
570.711
571.146
571.581
572.015
572.450
572.885
573.320
573.754
574.189
574.624
575.059
575.493
575.928
576.363
576.798
577.233
577.667
578.102
578.537
578.972
579.189
579.298
579.406
581.146
582.015
582.885
583.754
584.624
585.493
586.363
588.102
588.971
589.841
590.711
591.580
592.450
593.319
595.058
595.928
596.797
597.667
598.537
599.406
600.276
602.015
602.884
603.754
604.623
606.362
606.580
606.689
606.906
607.015
607.123
607.232
607.667
608.102
608.536
608.971
609.406
609.841
610.275
610.710
611.145
611.580
612.015
612.449
612.884
613.319
613.754
613.971
614.080
614.188
614.623
615.058
615.493
615.927
616.362
616.797
617.232
617.667
618.101
618.536
618.971
619.406
619.623
619.840
620.058
620.275
620.384
620.493
620.710
620.819
620.927
621.145
621.580
622.014
622.449
622.884
623.319
623.753
624.188
624.623
625.058
625.493
625.927
626.362
626.688
627.014
627.232
627.558
627.884
627.992
628.101
628.536
628.971
629.405
629.840
630.275
630.710
631.145
631.579
632.014
632.449
632.884
633.318
633.753
633.971
634.188
634.623
634.731
634.840
634.949
635.058
635.275
635.492
635.927
636.144
636.362
636.797
637.014
637.231
637.666
637.884
638.101
638.536
638.753
638.971
639.405
639.623
639.840
640.275
640.492
640.710
641.144
641.362
641.579
642.014
642.231
642.449
642.883
643.101
643.318
643.753
643.970
644.188
644.623
644.840
645.057
645.492
645.710
645.927
646.362
646.579
646.796
647.231
647.449
647.666
648.101
648.318
648.536
648.970
649.188
649.405
649.622
649.840
650.057
650.275
650.492
650.709
650.927
651.144
651.362
651.579
651.796
652.014
652.231
652.449
652.666
652.883
653.101
653.318
653.535
653.753
653.970
654.188
654.405
654.622
654.840
655.057
655.275
655.492
655.709
655.927
656.144
656.361
656.796
657.014
657.231
657.666
657.883
658.101
658.535
658.753
658.970
659.405
659.622
659.840
660.274
660.492
660.709
661.144
661.361
661.579
662.014
662.231
662.448
662.883
663.318
663.753
663.970
664.187
664.622
664.840
665.057
665.492
665.709
665.927
666.361
666.579
666.796
667.013
667.231
667.448
667.666
667.883
668.100
668.318
668.535
668.753
668.970
669.187
669.405
669.622
669.839
670.274
670.709
670.926
671.144
671.579
671.796
672.013
672.448
672.666
672.883
673.318
673.535
673.752
673.970
674.187
674.405
674.622
674.839
675.057
675.274
675.492
675.709
675.926
676.144
676.361
676.578
676.796
677.231
677.665
678.100
678.535
678.970
679.405
679.622
679.839
680.057
680.274
680.709
681.144
681.578
682.013
682.158
682.303
682.448
682.593
682.883
683.028
683.173
683.317
683.462
683.752
684.187
684.622
685.057
685.491
685.926
686.361
686.796
687.230
687.665
688.100
688.535
688.970
689.296
689.622
689.948
690.274
690.419
690.564
690.709
692.448
693.317
694.187
695.056
695.926
696.795
697.665
699.404
700.274
701.143
702.013
704.621
704.839
705.056
705.274
705.491
705.708
705.926
706.143
706.361
706.578
706.795
707.013
707.230
707.447
707.665
707.882
708.100
708.317
708.534
708.752
708.969
709.187
709.404
709.621
709.839
710.056
710.273
710.491
710.708
710.926
711.143
711.360
711.578
711.795
712.013
712.230
712.447
712.665
712.882
713.100
713.317
713.534
713.752
713.969
714.186
714.404
714.621
714.839
715.056
715.273
715.491
715.708
715.926
716.143
716.360
716.578
716.795
717.121
717.447
717.773
718.534
718.752
718.969
719.404
719.621
719.839
720.273
720.491
720.708
721.143
721.360
721.578
722.012
722.230
722.447
722.882
723.099
723.317
723.751
723.969
724.186
724.621
725.056
725.273
725.382
725.491
725.708
725.925
726.360
726.578
726.795
727.230
727.447
727.664
728.099
728.317
728.534
728.969
729.186
729.404
729.838
730.056
730.273
730.708
730.925
731.143
731.577
731.795
732.012
732.447
732.882
733.317
733.425
733.534
733.643
733.751
733.860
733.969
734.077
734.186
734.621
735.056
735.490
735.925
736.360
736.795
736.903
737.012
737.121
737.229
737.338
737.447
737.556
737.664
738.099
738.534
738.969
739.403
739.838
740.273
740.382
740.490
740.599
740.708
740.816
740.925
741.034
741.142
741.577
742.012
742.447
742.664
742.773
742.882
743.316
743.751
743.860
743.968
744.077
744.186
744.295
744.403
744.512
744.621
745.055
745.490
745.925
746.360
746.795
747.229
747.338
747.447
747.555
747.664
747.773
747.881
747.990
748.099
748.534
748.968
749.403
749.838
750.273
750.707
750.816
750.925
751.034
751.142
751.251
751.360
751.468
751.577
752.012
752.447
752.881
753.316
753.751
754.186
754.294
754.403
754.512
754.620
754.729
754.838
754.947
755.055
755.490
755.925
756.360
756.577
756.686
756.794
757.229
757.664
757.773
757.881
757.990
758.099
758.207
758.316
758.425
758.533
758.968
759.403
759.620
759.729
759.838
760.055
760.164
760.273
760.707
761.142
761.251
761.359
761.468
761.577
761.686
761.794
761.903
762.012
762.446
762.881
763.316
763.751
764.185
764.620
764.729
764.838
764.946
765.055
765.164
765.272
765.381
765.490
765.925
766.359
766.794
767.229
767.664
768.098
768.207
768.316
768.425
768.533
768.642
768.751
768.859
768.968
769.403
769.838
770.272
770.707
771.142
771.577
772.011
772.446
772.881
773.316
773.751
796.439
796.884
797.328
797.773
798.217
798.661
799.106
799.550
799.995
800.439
800.883
801.328
801.772
802.217
802.661
803.106
803.550
803.994
804.439
804.883
805.328
805.772
806.216
806.661
807.105
807.550
807.994
808.439
808.883
809.327
809.772
810.216
810.661
811.105
811.549
812.883
813.105
813.327
813.772
813.994
814.216
814.438
814.660
814.883
815.105
815.549
815.771
815.994
816.216
816.438
816.660
816.882
817.327
817.549
817.771
817.994
818.216
818.438
818.660
819.105
819.327
819.549
819.771
819.993
820.216
820.438
820.882
821.104
821.327
821.771
821.993
822.215
822.660
822.882
823.104
823.549
823.771
823.993
824.438
824.660
824.882
825.326
825.549
825.771
826.215
827.104
827.326
827.549
827.771
827.993
828.215
828.437
828.660
828.882
829.104
829.326
829.548
829.771
829.993
830.215
830.437
830.659
830.882
831.104
831.326
831.548
831.770
831.993
832.215
832.437
832.659
832.882
833.104
833.326
833.548
833.770
833.993
834.215
834.437
834.659
834.881
835.104
835.326
835.548
835.770
835.992
836.215
836.437
836.659
836.881
837.103
837.326
837.548
837.770
837.992
838.215
838.437
838.659
838.881
839.103
839.326
839.548
839.770
839.992
840.214
841.325
841.548
841.770
842.214
842.659
843.103
843.325
843.548
843.992
844.436
844.881
845.103
845.325
845.770
846.214
846.658
846.881
847.103
847.547
847.992
848.436
848.658
848.881
849.325
849.769
850.214
850.436
850.658
851.103
851.547
851.991
852.214
852.436
852.880
853.325
853.769
853.991
854.214
854.658
855.102
855.547
855.769
855.991
856.436
856.658
856.880
857.324
857.547
857.769
858.213
858.436
858.658
859.102
859.324
859.547
859.991
860.213
860.435
860.880
861.102
861.324
861.769
861.991
862.213
862.657
862.880
863.102
863.546
863.769
863.991
864.435
864.657
864.880
865.324
865.546
865.768
866.213
866.435
866.657
867.102
867.324
867.546
867.990
868.213
868.435
868.879
869.102
869.324
869.768
870.213
870.657
870.805
871.101
871.546
871.990
872.435
872.583
872.879
873.324
873.768
874.212
874.360
874.657
875.101
875.546
875.990
876.138
876.879
877.323
877.768
877.916
878.212
878.657
879.101
879.545
879.694
879.990
880.434
880.879
881.323
881.471
881.767
882.212
882.656
883.101
883.249
883.545
883.990
884.434
884.878
885.027
885.323
885.767
886.212
886.656
886.804
887.100
887.545
887.989
888.434
888.582
888.878
889.323
889.767
890.211
890.360
890.656
891.100
891.322
891.545
891.767
891.989
892.211
892.433
892.878
893.100
893.322
893.545
893.767
893.989
894.211
894.656
894.878
895.100
895.322
895.544
895.767
895.989
896.433
896.655
896.878
897.100
897.322
897.544
897.766
898.211
898.433
898.655
898.878
899.100
899.322
899.544
899.989
900.211
900.433
900.655
900.877
901.100
901.322
901.766
901.988
902.211
902.433
902.655
902.877
903.099
903.544
903.766
903.988
904.211
904.433
904.655
904.877
905.322
905.766
906.210
906.655
907.099
907.544
907.988
908.433
908.877
909.321
909.766
910.210
910.655
911.099
911.543
911.988
912.432
912.654
912.877
913.099
913.321
913.543
913.766
913.988
914.210
914.432
914.654
914.877
915.099
915.321
915.543
915.765
915.988
916.210
916.432
916.654
916.876
917.099
917.321
917.543
917.765
917.913
918.062
918.210
918.358
918.506
918.654
918.802
918.950
919.099
919.543
919.765
919.987
920.432
920.654
920.876
921.321
921.543
921.765
922.209
922.432
922.654
923.098
923.321
923.543
923.987
924.209
924.432
924.876
925.098
925.320
925.765
925.987
926.209
926.654
926.876
927.098
927.542
927.765
927.987
928.431
928.654
928.876
929.320
929.542
929.765
930.209
930.431
930.653
931.098
931.320
931.542
931.987
932.209
932.431
932.875
933.098
933.320
933.764
933.987
934.209
934.653
935.098
935.542
935.764
935.986
936.431
936.875
937.320
937.542
937.764
938.208
938.653
939.097
939.320
939.542
939.986
940.431
940.875
941.097
941.319
941.764
942.208
942.653
942.875
943.097
943.542
943.986
944.430
944.653
944.875
945.319
945.764
946.208
946.430
946.652
947.097
947.541
947.986
951.541
955.096
958.652
962.207
962.651
963.096
963.540
963.985
964.429
964.874
965.318
965.762
966.207
966.651
967.096
967.540
967.984
968.429
968.873
969.318
969.762
970.207
970.651
971.095
971.540
971.984
972.429
972.873
973.318
973.762
974.206
974.651
974.873
975.095
975.317
975.540
975.762
975.984
976.206
976.428
976.651
976.873
977.021
977.169
977.539
977.762
977.910
978.058
978.206
978.651
979.095
979.539
979.762
979.984
980.428
980.576
980.724
981.317
981.465
981.613
981.761
981.984
982.206
982.428
982.650
982.872
983.095
983.317
983.539
984.428
985.317
985.761
986.206
986.650
987.094
987.317
987.539
987.761
987.983
988.206
988.428
988.576
988.724
988.919
989.113
989.761
989.983
990.650
991.094
991.242
991.390
991.539
991.983
992.427
992.872
993.094
993.316
993.761
994.205
994.650
994.798
994.946
995.094
995.538
995.983
996.427
996.575
996.724
996.872
997.316
997.760
998.205
998.353
998.501
998.649
999.094
999.538
999.983
1000.131
1000.279
1000.427
1000.871
1001.316
1001.760
1001.908
1002.057
1002.205
1002.649
1003.093
1003.538
1003.686
1003.834
1003.982
1004.427
1004.871
1005.093
1005.316
1005.538
1005.760
1005.982
1006.204
1006.427
1006.649
1006.871
1007.093
1007.315
1007.538
1007.760
1007.982
1008.204
1008.427
1008.871
1009.315
1009.760
1010.204
1010.649
1011.093
1011.537
1011.982
1012.204
1012.426
1012.648
1012.871
1013.093
1013.315
1013.537
1013.760
1013.982
1014.204
1014.426
1014.648
1014.871
1015.093
1015.315
1015.537
1015.982
1016.426
1016.870
1017.315
1017.759
1018.204
1018.648
1019.093
1019.315
1019.537
1019.981
1020.204
1020.426
1020.870
1021.092
1021.315
1021.759
1021.981
1022.203
1022.648
1022.870
1023.092
1023.537
1023.759
1023.981
1024.426
1024.648
1024.870
1025.314
1025.537
1025.759
1026.203
1026.425
1026.648
1027.092
1027.314
1027.536
1027.981
1028.203
1028.425
1028.870
1029.092
1029.314
1029.759
1029.981
1030.203
1030.647
1030.870
1031.092
1031.536
1031.758
1031.981
1032.425
1032.647
1032.869
1033.314
1033.536
1033.758
1033.981
1034.203
1034.351
1034.499
1034.647
1034.869
1035.092
1035.314
1035.536
1035.758
1035.980
1036.129
1036.277
1036.425
1036.647
1036.869
1037.091
1037.314
1037.536
1037.758
1037.906
1038.054
1038.202
1038.425
1038.647
1038.869
1039.091
1039.314
1039.536
1039.684
1039.832
1039.980
1040.202
1040.425
1040.647
1040.869
1041.091
1041.313
1041.536
1041.758
1041.980
1042.202
1042.424
1042.647
1042.869
1043.091
1043.313
1043.536
1043.758
1043.980
1044.202
1044.424
1044.647
1044.869
1045.091
1045.313
1045.535
1045.758
1045.980
1046.202
1046.424
1046.646
1046.869
1047.091
1047.313
1047.535
1047.980
1048.424
1048.646
1048.869
1049.313
1049.757
1050.202
1050.424
1050.646
1051.091
1051.535
1051.979
1052.202
1052.424
1052.868
1053.090
1053.313
1053.757
1053.979
1054.202
1054.646
1055.090
1055.535
1055.757
1055.979
1056.424
1056.868
1057.312
1057.535
1057.757
1058.201
1058.646
1059.090
1059.312
1059.535
1059.979
1060.201
1060.423
1060.868
1061.090
1061.312
1061.757
1061.979
1062.201
1062.645
1062.868
1063.090
1063.534
1063.757
1063.979
1064.423
1064.645
1064.868
1065.312
1065.534
1065.756
1066.201
1066.423
1066.645
1067.090
1067.312
1067.534
1067.978
1068.201
1068.423
1068.867
1069.090
1069.312
1069.756
1069.978
1070.201
1070.645
1070.867
1071.089
1071.534
1071.756
1071.978
1072.423
1072.645
1072.867
1073.311
1073.534
1073.756
1074.200
1074.423
1074.645
1075.089
1075.311
1075.534
1106.143
1106.588
1107.032
1107.477
1107.921
1108.366
1108.810
1109.255
1109.699
1110.144
1110.588
1111.033
1111.477
1111.921
1112.366
1112.810
1113.255
1113.699
1114.144
1114.588
1115.033
1115.477
1115.922
1116.366
1116.811
1117.255
1117.699
1118.144
1118.588
1119.033
1119.477
1119.922
1120.366
1120.811
1121.255
1121.477
1121.700
1121.922
1122.144
1122.589
1123.033
1123.255
1123.477
1123.700
1123.922
1124.366
1124.811
1125.033
1125.255
1125.478
1125.700
1126.144
1126.589
1126.811
1127.033
1127.255
1127.478
1127.922
1128.367
1128.589
1128.811
1129.033
1129.255
1129.700
1130.144
1130.367
1130.589
1130.811
1131.033
1131.478
1131.922
1132.144
1132.367
1132.589
1132.811
1133.256
1133.700
1133.922
1134.144
1134.367
1134.589
1135.033
1135.478
1135.700
1135.922
1136.145
1136.367
1136.811
1137.256
1137.478
1137.700
1137.922
1138.145
1138.589
1139.034
1139.256
1139.478
1139.700
1139.922
1140.367
1140.811
1141.034
1141.256
1141.478
1141.700
1142.145
1142.589
1142.811
1143.034
1143.256
1143.478
1143.923
1144.367
1144.589
1144.812
1145.034
1145.256
1145.700
1146.145
1146.367
1146.589
1146.812
1147.034
1147.478
1147.923
1148.145
1148.367
1148.589
1148.812
1149.256
1149.701
1150.145
1150.590
1151.034
1151.479
1151.923
1152.367
1152.812
1153.256
1153.701
1154.145
1154.590
1155.034
1155.479
1155.923
1156.145
1156.368
1156.812
1157.034
1157.257
1157.701
1157.923
1158.145
1158.590
1158.812
1159.034
1159.479
1159.701
1159.923
1160.368
1160.590
1160.812
1161.257
1161.479
1161.701
1162.146
1162.368
1162.590
1163.034
1163.257
1163.479
1163.923
1164.146
1164.368
1164.812
1165.035
1165.257
1165.701
1165.923
1166.146
1166.590
1166.812
1167.035
1167.479
1167.701
1167.924
1168.368
1168.590
1168.812
1169.257
1169.479
1169.701
1170.146
1170.590
1171.035
1171.257
1171.479
1171.701
1171.924
1172.146
1172.368
1172.590
1172.813
1173.257
1173.702
1174.146
1174.590
1174.813
1175.035
1175.257
1175.479
1175.702
1175.924
1176.146
1176.368
1176.813
1177.257
1177.702
1178.146
1178.368
1178.591
1178.813
1179.035
1179.257
1179.480
1179.702
1179.924
1180.368
1180.813
1181.257
1181.702
1181.924
1182.146
1182.369
1182.591
1182.813
1183.035
1183.257
1183.480
1183.924
1184.369
1184.591
1185.258
1185.702
1186.591
1187.035
1187.480
1187.702
1187.924
1188.147
1188.813
1189.258
1190.147
1190.591
1191.036
1191.258
1191.480
1191.924
1192.369
1192.591
1193.036
1193.258
1193.702
1194.147
1194.369
1194.813
1195.036
1195.480
1195.925
1196.147
1196.591
1196.814
1197.258
1197.702
1197.925
1198.369
1198.591
1199.036
1199.480
1199.703
1200.147
1200.369
1200.814
1201.258
1201.480
1201.925
1202.147
1202.592
1203.036
1203.258
1203.703
1203.925
1204.369
1204.814
1205.036
1205.481
1205.703
1206.147
1206.592
1206.814
1207.036
1207.258
1207.481
1207.925
1208.370
1208.592
1208.814
1209.036
1209.258
1209.703
1210.147
1210.370
1210.592
1210.814
1211.036
1211.481
1211.925
1212.147
1212.370
1212.592
1212.814
1213.259
1213.703
1213.925
1214.148
1214.370
1214.592
1215.036
1215.481
1215.703
1215.925
1216.148
1216.370
1216.814
1217.259
1217.481
1217.703
1217.925
1218.148
1218.592
1219.037
1219.259
1219.481
1219.703
1219.926
1220.370
1220.814
1221.259
1221.703
1222.148
1222.592
1223.037
1223.481
1223.926
1224.370
1224.815
1225.259
1225.704
1226.148
1226.592
1227.037
1227.259
1227.481
1227.926
1228.148
1228.370
1228.815
1229.037
1229.259
1229.704
1229.926
1230.148
1230.593
1230.815
1231.037
1231.482
1231.704
1231.926
1232.370
1232.593
1232.815
1233.259
1233.482
1233.704
1234.148
1234.371
1234.593
1235.037
1235.259
1235.482
1235.926
1236.148
1236.371
1236.815
1237.037
1237.260
1237.704
1237.926
1238.148
1238.593
1238.815
1239.037
1239.482
1239.704
1239.926
1240.371
1240.593
1240.815
1241.260
1241.704
1242.149
1242.371
1242.593
1242.815
1243.038
1243.260
1243.482
1243.704
1243.926
1244.371
1244.815
1245.260
1245.704
1245.927
1246.149
1246.371
1246.593
1246.815
1247.038
1247.260
1247.482
1247.927
1248.371
1248.816
1249.260
1249.482
1249.704
1249.927
1250.149
1250.371
1250.593
1250.816
1251.038
1251.482
1251.927
1252.371
1252.816
1253.038
1253.260
1253.482
1253.705
1253.927
1254.149
1254.371
1254.594
1255.038
1255.482
1255.816
1256.371
1256.705
1257.260
1257.594
1258.149
1258.483
1259.038
1259.371
1259.927
1260.260
1260.816
1261.149
1261.705
1262.038
1262.594
1262.927
1263.483
1263.816
1264.372
1264.705
1265.261
1265.594
1266.149
1266.483
1267.038
1267.372
1267.927
1268.261
1268.816
1269.150
1269.705
1269.927
1270.150
1270.372
1270.816
1271.039
1271.187
1271.335
1271.483
1271.705
1271.927
1272.150
1272.594
1272.816
1272.965
1273.113
1273.261
1273.483
1273.705
1273.928
1274.372
1274.594
1274.742
1274.891
1275.039
1275.261
1275.483
1275.705
1276.150
1276.372
1276.520
1276.668
1276.817
1277.039
1277.261
1277.483
1277.928
1278.150
1278.298
1278.446
1278.594
1278.817
1279.039
1279.261
1279.706
1279.928
1280.076
1280.224
1280.372
1280.594
1280.817
1281.039
1281.483
1281.706
1281.854
1282.002
1282.150
1282.372
1282.595
1282.817
1283.261
1283.483
1283.632
1283.780
1283.928
1284.150
1284.372
1284.595
1284.817
1285.039
1285.261
1285.484
1285.706
1285.928
1286.150
1286.372
1286.595
1286.817
1287.039
1287.261
1287.484
1287.706
1287.928
1288.150
1288.373
1288.595
1288.817
1289.039
1289.261
1289.484
1289.706
1289.928
1290.150
1290.373
1290.595
1290.817
1291.039
1291.262
1291.484
1291.706
1291.928
1292.150
1292.373
1292.595
1292.817
1293.039
1293.262
1293.484
1293.706
1293.928
1294.151
1294.373
1294.595
1294.817
1295.039
1295.262
1295.484
1295.706
1295.928
1296.151
1296.373
1296.595
1296.817
1297.040
1297.262
1297.484
1297.706
1297.928
1298.151
1298.595
1299.040
1299.484
1299.929
1300.373
1300.817
1301.262
1301.706
1302.151
1302.595
1303.040
1303.484
1303.929
1304.373
1304.818
1305.262
1305.484
1305.707
1306.151
1306.373
1306.595
1307.040
1307.262
1307.484
1307.929
1308.151
1308.373
1308.818
1309.040
1309.262
1309.707
1309.929
1310.151
1310.596
1310.818
1311.040
1311.485
1311.707
1311.929
1312.373
1312.596
1312.818
1313.262
1313.485
1313.707
1314.151
1314.374
1314.596
1315.040
1315.262
1315.485
1315.929
1316.151
1316.374
1316.818
1317.040
1317.263
1317.707
1317.929
1318.151
1318.596
1318.818
1319.040
1319.485
1319.929
1320.374
1320.596
1320.818
1321.040
1321.263
1321.485
1321.707
1321.929
1322.152
1322.596
1323.041
1323.485
1323.929
1324.152
1324.374
1324.596
1324.818
1325.041
1325.263
1325.485
1325.707
1326.152
1326.596
1327.041
1327.485
1327.707
1327.930
1328.152
1328.374
1328.596
1328.819
1329.041
1329.263
1329.707
1330.152
1330.596
1331.041
1331.263
1331.485
1331.708
1331.930
1332.152
1332.374
1332.596
1332.819
1333.263
1333.708
1335.485
1335.708
1335.930
1336.374
1336.597
1336.819
1337.263
1337.486
1337.930
1338.374
1338.597
1338.819
1339.041
1339.486
1339.930
1340.375
1340.819
1341.041
1341.263
1341.486
1341.708
1341.930
1342.152
1342.375
1342.597
1342.820
1342.973
1343.126
1343.486
1343.930
1344.152
1344.375
1344.597
1344.819
1345.264
1345.708
1346.153
1346.375
1346.597
1347.041
1347.264
1347.486
1347.930
1348.153
1348.375
1348.597
1348.819
1349.264
1349.708
1350.153
1350.597
1351.042
1351.486
1351.708
1351.931
1352.375
1352.597
1352.819
1353.264
1353.708
1354.153
1354.597
1355.042
1355.264
1355.486
1355.708
1355.931
1356.153
1356.375
1356.597
1356.820
1357.042
1357.264
1357.709
1357.931
1358.153
1358.597
1358.820
1359.042
1359.486
1359.709
1359.931
1360.375
1360.598
1360.820
1361.042
1361.264
1361.486
1361.709
1361.931
1362.153
1362.315
1362.476
1362.638
1362.800
1362.961
1363.123
1363.284
1363.446
1363.608
1363.769
1363.931
1364.153
1364.375
1364.820
1365.042
1365.264
1365.709
1365.931
1366.153
1366.598
1366.820
1367.042
1367.487
1367.709
1367.931
1368.376
1368.598
1368.820
1369.264
1369.487
1369.709
1370.153
1370.376
1370.598
1371.042
1371.265
1371.487
1371.931
1372.153
1372.376
1372.820
1373.042
1373.265
1373.709
1373.931
1374.154
1374.598
1374.820
1375.042
1375.487
1375.709
1375.931
1376.376
1376.598
1376.820
1377.265
1377.487
1377.709
1378.154
1378.598
1379.043
1379.265
1379.487
1379.709
1379.932
1380.154
1380.376
1380.598
1380.820
1381.265
1381.709
1382.154
1382.598
1382.821
1383.043
1383.265
1383.487
1383.709
1383.932
1384.154
1384.376
1384.821
1385.265
1385.710
1386.154
1386.376
1386.598
1386.821
1387.043
1387.265
1387.487
1387.710
1387.932
1388.376
1388.821
1389.265
1389.710
1389.932
1390.154
1390.376
1390.599
1390.821
1391.043
1391.265
1391.488
1391.932
1392.376
1392.599
1393.265
1393.488
1394.154
1394.377
1395.043
1395.265
1395.932
1396.154
1396.821
1397.043
1397.710
1397.932
1398.599
1398.821
1399.488
1400.377
1401.266
1402.155
1439.077
1439.598
1440.120
1440.642
1441.164
1441.685
1442.207
1442.729
1443.251
1443.772
1444.294
1444.816
1445.338
1445.859
1446.381
1446.903
1447.425
1447.946
1448.468
1448.990
1449.512
1450.033
1450.555
1451.077
1451.599
1452.120
1452.642
1453.164
1453.686
1454.207
1454.729
1455.251
1455.773
1456.294
1456.816
1457.338
1457.860
1458.120
1458.381
1458.903
1459.425
1459.947
1460.207
1460.468
1460.990
1461.512
1462.034
1462.294
1462.555
1463.077
1463.599
1464.121
1464.381
1464.642
1465.164
1465.686
1466.208
1466.468
1466.729
1467.251
1467.773
1468.295
1468.555
1468.816
1469.338
1469.860
1470.382
1470.642
1470.903
1471.425
1471.947
1472.121
1472.295
1472.469
1472.642
1472.990
1473.512
1474.034
1474.556
1475.077
1475.599
1476.121
1476.643
1477.164
1477.686
1478.208
1478.730
1479.251
1479.773
1480.295
1480.817
1481.338
1481.860
1482.382
1482.904
1483.425
1483.947
1484.469
1484.991
1485.512
1486.034
1486.556
1487.078
1487.599
1488.121
1488.643
1489.165
1489.686
1490.208
1490.730
1491.252
1491.512
1491.773
1492.295
1492.817
1493.339
1493.599
1493.860
1494.382
1494.904
1495.426
1495.686
1495.947
1496.469
1496.991
1497.513
1497.773
1498.034
1498.556
1499.078
1499.600
1499.860
1500.121
1500.643
1501.165
1501.687
1501.947
1502.208
1502.730
1503.252
1503.774
1504.034
1504.295
1504.817
1505.339
1505.861
1506.121
1506.382
1506.643
1506.904
1507.165
1507.426
1507.687
1507.948
1508.208
1508.469
1508.730
1508.991
1509.252
1509.513
1509.774
1510.035
1510.295
1510.556
1510.817
1511.078
1511.339
1511.600
1511.861
1512.122
1512.382
1512.643
1512.904
1513.165
1513.426
1513.687
1513.948
1514.209
1514.469
1514.730
1514.991
1515.252
1515.513
1515.774
1516.035
1516.296
1516.817
1517.339
1517.861
1518.383
1518.643
1518.904
1519.165
1519.426
1519.687
1519.948
1520.209
1520.470
1522.557
1523.078
1523.600
1524.122
1524.644
1525.165
1525.687
1526.209
1526.731
1526.991
1527.252
1527.774
1528.035
1528.296
1528.818
1529.078
1529.339
1529.861
1530.122
1530.383
1530.905
1531.426
1531.948
1532.470
1532.992
1533.513
1534.035
1534.557
1535.079
1535.339
1535.600
1536.122
1536.383
1536.644
1537.166
1537.426
1537.687
1538.209
1538.470
1538.731
1539.253
1539.774
1540.296
1540.557
1540.818
1541.340
1541.861
1542.383
1542.644
1542.905
1543.427
1543.948
1544.470
1544.731
1544.992
1545.514
1546.035
1546.557
1546.818
1547.079
1547.601
1548.122
1548.644
1548.905
1549.166
1549.688
1550.209
1550.731
1550.992
1551.253
1551.775
1552.296
1552.818
1553.079
1553.340
1553.514
1553.688
1553.862
1553.992
1554.122
1554.253
1554.383
1554.514
1554.644
1554.775
1554.905
1555.036
1555.166
1555.296
1555.427
1555.557
1555.949
1556.209
1556.470
1556.992
1557.514
1558.036
1558.296
1558.557
1559.079
1559.601
1560.123
1560.383
1560.644
1561.166
1561.688
1562.210
1562.470
1562.731
1563.253
1563.775
1564.297
1564.818
1565.340
1565.862
1566.384
1566.644
1566.775
1567.036
1567.297
1567.427
1567.949
1568.471
1568.731
1568.992
1569.514
1569.775
1570.036
1570.558
1571.079
1571.601
1571.862
1572.123
1572.297
1572.471
1572.645
1572.905
1573.166
1573.427
1573.688
1573.949
1574.210
1574.471
1574.732
1574.992
1575.253
1575.514
1575.775
1576.036
1576.297
1576.558
1576.819
1577.079
1577.340
1577.601
1577.862
1578.123
1578.384
1578.645
1578.906
1579.166
1579.427
1579.688
1579.949
1580.210
1580.471
1580.732
1580.993
1582.036
1583.080
1585.167
1585.297
1585.427
1586.732
1587.254
1587.775
1588.297
1588.819
1589.210
1589.341
1589.862
1590.384
1590.906
1591.428
1591.949
1592.471
1592.993
1593.515
1594.036
1594.558
1595.080
1595.602
1596.123
1596.645
1597.167
1597.515
1597.689
1598.210
1598.732
1599.254
1600.036
1600.297
1600.558
1600.819
1601.080
1601.341
1601.602
1601.863
1602.002
1602.141
1602.280
1602.558
1602.697
1602.837
1602.976
1603.254
1603.393
1603.532
1603.671
1603.950
1604.471
1604.993
1605.515
1606.037
1606.558
1607.080
1607.602
1608.124
1608.645
1609.167
1609.689
1610.211
1610.732
1611.254
1611.776
1612.298
1612.819
1613.341
1613.863
1614.385
1614.906
1615.428
1615.950
1616.472
1616.993
1617.515
1618.037
1618.559
1619.080
1619.602
1620.124
1620.646
1620.906
1621.167
1621.428
1621.689
1621.950
1622.211
1622.472
1622.733
1622.993
1623.254
1623.515
1623.776
1624.037
1624.298
1624.559
1624.820
1625.081
1625.341
1625.602
1625.863
1626.124
1626.385
1626.646
1626.907
1627.168
1627.428
1627.689
1627.950
1628.211
1628.472
1628.733
1628.994
1630.037
1631.081
1633.168
1635.255
1635.516
1635.776
1636.298
1636.559
1636.820
1637.342
1637.603
1637.863
1638.385
1638.646
1638.907
1639.429
1639.690
1639.950
1640.472
1640.733
1640.994
1641.516
1641.777
1642.037
1642.559
1642.820
1643.081
1643.603
1643.864
1644.124
1644.646
1644.907
1645.168
1645.690
1645.951
1646.211
1646.733
1646.994
1647.255
1647.777
1648.038
1648.298
1648.820
1649.081
1649.342
1649.864
1650.125
1650.385
1650.646
1650.907
1651.168
1651.429
1651.690
1651.951
1652.472
1652.820
1652.994
1653.516
1654.038
1654.559
1654.907
1655.081
1655.603
1656.125
1656.646
1656.994
1657.168
1657.690
1658.212
1658.733
1659.081
1659.255
1659.777
1660.299
1660.820
1661.168
1661.342
1661.864
1662.386
1662.907
1663.255
1663.429
1663.951
1664.473
1664.994
1665.342
1665.516
1666.038
1666.299
1666.429
1666.560
1666.690
1666.821
1666.951
1667.081
1667.212
1667.342
1667.473
1667.603
1667.734
1667.864
1667.994
1668.647
1670.734
1672.821
1674.908
1676.995
1679.082
1681.169
1683.256
1684.299
1684.473
1684.647
1684.821
1685.343
1685.864
1686.386
1686.908
1687.430
1687.691
1687.951
1688.212
1688.473
1688.734
1688.995
1689.256
1689.517
1690.038
1690.560
1691.082
1691.604
1691.865
1692.125
1692.386
1692.647
1692.908
1693.169
1693.430
1693.691
1694.212
1694.734
1695.256
1695.778
1696.039
1696.299
1696.560
1696.821
1697.082
1697.343
1697.604
1697.865
1698.386
1698.908
1699.430
1699.952
1700.213
1700.473
1700.734
1700.995
1701.256
1701.517
1701.778
1702.039
1702.560
1703.082
1703.604
1704.126
1704.387
1704.647
1704.908
1705.169
1705.430
1705.691
1705.952
1706.213
1706.734
1707.256
1707.778
1708.300
1708.561
1708.821
1709.082
1709.343
1709.604
1709.865
1710.126
1710.387
1710.648
1710.908
1711.430
1711.691
1711.952
1712.474
1712.735
1712.995
1713.256
1713.517
1713.778
1714.039
1714.300
1714.561
1714.822
1715.082
1715.604
1715.865
1716.126
1716.648
1716.909
1717.169
1717.430
1717.691
1717.952
1718.213
1718.474
1718.735
1718.996
1719.256
1719.778
1720.039
1720.300
1720.822
1721.083
1721.343
1721.604
1721.865
1722.126
1722.387
1722.648
1722.909
1723.170
1723.430
1723.952
1724.213
1724.474
1724.996
1725.257
1725.517
1725.778
1726.039
1726.300
1726.561
1726.822
1727.083
1727.344
1727.604
1727.865
1728.126
1728.387
1728.648
1728.909
1729.170
1729.431
1729.691
1729.952
1730.213
1730.474
1730.735
1730.996
1731.257
1731.518
1731.778
1732.039
1732.300
1732.561
1732.822
1733.083
1733.344
1733.605
1733.865
1734.126
1734.387
1734.648
1734.909
1735.170
1735.431
1735.692
1735.952
1736.213
1736.474
1736.735
1736.996
1737.257
1737.518
1737.779
1738.039
1738.300
1738.561
1738.822
1739.083
1739.344
1739.605
1739.866
1740.126
1740.387
1740.648
1740.909
1741.170
1741.431
1741.692
1741.953
1742.213
1742.474
1742.735
1742.996
1743.257
1743.518
1743.779
1744.040
1744.300
1744.561
1744.822
1745.083
1745.344
1745.605
1745.866
1746.127
1746.387
1746.648
1746.909
1747.170
1747.431
1747.692
1747.953
1748.214
1748.474
1748.735
1748.996
1749.257
1749.518
1749.779
1750.040
1750.301
1750.561
1750.822
1751.083
1751.344
1751.605
1751.866
1752.127
1752.388
1752.648
1752.909
1753.170
1753.431
1753.692
1753.953
1754.214
1754.475
1754.735
1754.996
1755.257
1755.518
1755.779
1756.040
1756.301
1756.562
1756.822
1757.083
1757.344
1757.605
1757.866
1758.127
1758.388
1758.649
1758.909
1759.170
1759.431
1759.692
1759.953
1760.214
1760.475
1760.736
1760.996
1761.257
1761.518
1761.779
1762.040
1762.301
1762.562
1762.823
1763.083
1763.344
1763.605
1763.866
1764.127
1764.388
1764.649
1764.910
1765.170
1765.431
1765.692
1765.953
1766.214
1766.475
1766.736
1766.997
1767.257
1767.518
1767.779
1768.040
1768.301
1768.562
1768.823
1769.344
1769.866
1770.388
1770.910
1771.431
1771.953
1772.475
1772.997
1773.518
1774.040
1774.562
1775.084
1775.605
1776.127
1776.649
1777.171
1778.214
1779.258
1780.301
1781.345
1783.432
