4.571
5.041
5.510
5.979
6.449
6.918
7.387
7.857
8.326
8.795
9.265
9.734
10.204
10.673
11.142
11.612
11.979
12.112
12.579
13.046
13.513
13.981
14.448
14.915
15.382
15.849
16.316
16.783
17.251
17.718
18.185
18.652
19.119
19.353
19.586
19.820
20.053
20.521
20.755
20.990
21.460
21.695
21.930
22.400
22.635
22.870
23.340
23.575
23.810
24.280
24.515
24.750
25.220
25.455
25.690
26.159
26.393
26.627
26.860
27.094
27.327
27.561
28.061
28.295
28.528
28.996
29.229
29.463
29.930
30.163
30.397
30.864
31.098
31.331
31.798
32.032
32.266
32.733
32.966
33.200
33.667
33.867
34.134
34.334
34.568
35.068
35.536
36.003
36.470
36.937
37.404
37.871
38.338
38.805
39.306
39.773
40.240
40.674
41.141
41.642
42.109
42.342
42.576
42.809
43.043
43.277
43.510
43.977
44.211
44.444
44.678
44.912
45.145
45.379
45.846
46.079
46.313
46.546
46.780
47.014
47.247
47.714
47.948
48.181
48.415
48.649
48.882
49.116
49.583
49.816
50.050
50.284
50.517
50.751
50.984
51.218
51.451
51.685
51.919
52.152
52.386
52.619
52.853
53.086
53.320
53.438
53.556
53.674
53.792
53.910
54.028
54.146
54.264
54.382
54.500
54.618
54.736
54.854
54.972
55.090
55.208
55.326
55.443
55.561
55.679
55.797
55.915
56.033
56.151
56.269
56.387
56.505
56.623
57.090
57.557
58.025
58.492
58.959
59.426
59.893
60.360
60.827
61.063
61.299
61.771
62.007
62.243
62.715
62.951
63.187
63.659
63.895
64.131
64.598
65.065
65.532
65.999
66.466
66.934
67.401
67.868
68.335
68.571
68.807
69.043
69.279
69.515
69.751
70.223
70.458
70.694
70.930
71.166
71.402
71.638
72.072
72.573
72.806
73.040
73.273
73.507
73.974
74.441
74.675
74.908
75.142
75.375
75.842
76.078
76.314
76.786
77.022
77.258
77.730
77.966
78.202
78.674
78.910
79.146
79.580
80.080
80.314
80.547
80.781
81.014
81.481
81.949
82.182
82.416
82.649
82.883
83.350
83.583
83.817
84.051
84.284
84.518
84.751
85.218
85.686
86.153
86.620
87.087
87.321
87.554
87.788
88.021
88.255
88.488
88.956
89.222
89.423
89.690
89.890
90.157
90.390
90.857
91.091
91.325
91.558
91.792
92.025
92.259
92.726
92.960
93.193
93.427
93.660
93.894
94.127
94.595
95.095
95.295
95.529
95.762
95.996
96.463
96.930
97.164
97.397
97.631
97.864
98.332
98.832
99.066
99.299
99.533
99.766
100.233
100.701
101.134
101.602
102.069
102.303
102.538
102.773
103.007
103.242
103.477
103.711
103.946
104.181
104.415
104.650
104.885
105.119
105.354
105.589
105.823
106.058
106.293
106.528
106.762
106.997
107.232
107.466
107.701
107.936
108.170
108.405
108.640
108.874
109.109
109.576
109.811
110.046
110.281
110.516
110.751
110.986
111.221
111.456
111.691
111.926
112.161
112.396
112.631
112.866
113.100
113.335
113.570
113.805
114.040
114.275
114.510
114.745
114.980
115.215
117.084
117.551
118.018
118.485
118.952
119.419
119.920
120.354
120.821
121.321
121.788
122.255
122.723
123.190
123.657
124.124
124.591
124.825
125.092
125.525
125.759
125.993
126.460
126.693
126.927
127.394
127.628
127.861
128.362
128.595
128.829
129.296
129.529
129.763
130.230
130.464
130.697
130.931
131.164
131.398
131.632
132.099
132.599
132.833
133.033
133.266
133.500
133.967
134.434
134.668
134.901
135.135
135.369
135.836
136.303
136.536
136.770
137.004
137.237
137.738
137.938
138.171
138.405
138.639
138.872
139.106
139.339
139.573
139.806
140.073
140.540
140.774
141.008
141.475
141.708
141.942
142.409
142.643
142.876
143.343
143.577
143.810
144.277
144.511
144.745
145.212
145.445
145.679
145.912
146.146
146.380
146.613
146.847
147.080
147.314
147.581
147.814
148.048
148.281
148.515
148.982
149.216
149.449
149.683
149.916
150.150
150.350
150.851
151.051
151.318
151.551
151.785
152.019
152.252
152.719
152.953
153.186
153.420
153.654
153.887
154.121
154.354
154.588
155.088
155.322
155.555
155.789
156.023
156.490
156.957
157.190
157.424
157.624
157.858
158.342
158.825
159.059
159.292
159.526
159.760
160.227
160.460
160.694
160.927
161.161
161.395
161.628
162.095
162.330
162.565
162.799
163.034
163.268
163.503
163.738
163.972
164.207
164.442
164.676
164.911
165.146
165.380
165.615
165.850
166.084
166.319
166.553
166.788
167.023
167.257
167.492
167.727
167.961
168.196
168.431
168.665
168.900
169.135
169.369
169.569
169.687
169.804
169.921
170.039
170.156
170.273
170.391
170.508
170.625
170.743
170.860
170.977
171.095
171.212
171.329
171.447
171.564
171.682
171.799
171.916
172.034
172.151
172.268
172.386
172.503
172.620
172.738
172.855
172.972
173.090
173.207
173.324
173.442
173.559
173.676
173.794
173.911
174.028
174.146
174.263
174.380
174.498
174.615
174.732
174.850
174.967
175.084
175.202
175.319
175.436
175.554
175.671
175.788
175.906
176.023
176.140
176.258
176.375
176.492
176.610
177.110
177.577
177.811
178.045
178.278
178.512
178.979
179.446
179.680
179.913
180.147
180.380
180.847
181.348
181.581
181.815
182.049
182.282
182.716
182.949
183.183
183.417
183.650
183.884
184.117
184.584
184.818
185.052
185.519
185.786
185.986
186.453
186.687
186.920
187.387
187.621
187.854
188.321
188.555
188.822
189.289
189.523
189.756
190.223
190.457
190.691
190.924
191.158
191.391
191.625
191.858
192.092
192.325
192.559
192.793
193.026
193.260
193.493
193.994
194.227
194.461
194.661
194.928
195.162
195.362
195.862
196.063
196.329
196.563
196.797
197.030
197.264
197.731
197.964
198.198
198.432
198.665
198.899
199.132
199.366
199.599
199.833
200.067
200.300
200.534
200.767
201.001
201.468
201.702
201.935
202.169
202.402
202.636
202.869
203.336
203.570
203.804
204.037
204.271
204.504
204.738
205.205
205.672
206.139
206.606
207.074
207.574
207.808
208.041
208.275
208.508
208.975
209.443
209.676
209.910
210.143
210.377
210.844
211.311
211.545
211.778
212.012
212.245
212.713
213.180
213.647
214.114
214.581
214.815
215.082
215.315
215.549
215.782
216.016
216.483
216.717
216.950
217.150
217.384
217.617
217.851
218.318
218.552
218.819
219.052
219.286
219.519
219.753
220.220
220.687
221.154
221.621
222.089
222.322
222.556
223.023
223.256
223.490
223.990
224.224
224.458
224.925
225.158
225.358
225.826
226.059
226.326
226.793
227.027
227.260
227.728
228.195
228.662
229.162
229.596
229.830
230.097
230.297
230.530
230.764
230.997
231.465
231.698
231.932
232.199
232.399
232.632
232.899
233.333
233.567
233.800
234.034
234.267
234.534
234.768
235.202
235.702
236.136
236.603
237.104
237.304
237.571
238.038
238.271
238.505
238.972
239.206
239.439
239.906
240.140
240.373
240.841
241.074
241.308
241.775
242.008
242.242
242.709
242.976
243.176
243.643
243.910
244.111
244.578
244.811
245.078
245.312
245.545
245.779
246.012
246.480
246.713
246.947
247.180
247.414
247.647
247.881
248.348
248.582
248.815
249.049
249.316
249.549
249.750
250.217
250.333
250.450
250.567
250.684
250.801
250.917
251.034
251.151
251.268
251.384
251.501
251.618
252.085
252.319
252.552
252.786
253.019
253.253
253.487
253.954
254.187
254.421
254.654
254.888
255.122
255.355
255.822
256.056
256.323
256.556
256.790
257.023
257.257
257.724
257.841
257.958
258.074
258.191
258.308
258.425
258.542
258.658
258.775
258.892
259.009
259.126
