0.440
0.906
1.373
1.840
2.306
2.773
3.240
3.707
4.173
4.640
5.107
5.573
6.040
6.507
6.974
7.407
7.875
8.342
8.842
9.309
9.776
10.244
10.711
11.178
11.645
12.112
12.579
13.046
15.449
15.883
16.383
16.884
17.351
17.784
18.218
18.752
19.186
19.653
20.153
20.621
21.088
21.555
22.022
22.489
22.956
23.423
23.891
24.391
24.825
25.325
25.792
26.260
26.727
27.194
27.694
28.195
28.662
29.129
30.430
30.931
31.431
31.899
32.366
32.833
33.300
33.767
34.234
34.701
35.168
35.636
36.136
36.603
37.070
37.538
38.005
38.438
38.906
39.373
39.840
40.307
40.807
41.275
41.742
42.209
42.643
43.110
43.610
44.044
44.545
45.012
45.479
45.946
46.446
46.880
47.381
47.848
48.315
48.782
49.283
49.750
50.183
50.651
51.151
51.618
52.085
52.553
53.020
53.487
53.954
54.354
54.821
55.289
55.756
56.223
56.690
57.157
57.658
58.125
58.592
59.059
79.212
79.680
80.147
80.514
80.881
81.348
82.049
82.516
82.983
83.450
83.917
84.251
84.585
85.319
85.786
86.253
86.720
87.187
87.688
88.155
88.622
89.089
89.556
90.023
90.490
90.958
91.425
91.892
92.392
94.194
97.965
101.735
105.439
109.176
109.676
110.143
110.644
111.111
111.578
112.045
112.512
112.980
113.447
113.914
114.381
114.881
115.349
115.816
116.283
116.717
116.952
117.188
117.424
117.660
117.896
118.131
118.367
118.603
118.839
119.075
119.310
119.546
119.782
120.018
120.253
120.454
120.582
120.710
120.838
120.966
121.093
121.221
121.349
121.488
121.558
121.627
121.697
121.766
121.836
121.905
121.975
122.045
122.114
122.184
122.253
122.323
124.224
124.691
125.158
125.626
126.093
126.560
127.060
127.527
127.995
128.462
128.962
129.396
129.863
130.330
130.797
131.264
131.732
132.199
132.666
133.133
133.600
134.067
134.534
135.002
135.469
135.902
136.370
136.870
137.337
138.972
139.239
139.439
139.673
140.207
140.674
141.141
141.608
142.075
142.576
143.043
143.477
143.977
144.411
144.878
145.345
146.747
147.214
147.681
148.148
148.615
149.116
149.583
150.050
150.484
150.984
151.451
151.918
152.386
154.254
154.721
155.222
155.689
156.123
156.590
157.057
157.557
158.025
158.492
158.925
159.393
159.860
160.360
160.827
161.294
161.728
162.195
162.696
163.163
163.630
164.064
164.531
164.998
165.499
165.966
166.400
166.900
167.367
167.834
168.301
168.769
169.236
169.736
170.203
170.671
171.104
171.571
172.039
172.506
173.006
173.440
173.907
174.408
174.841
175.342
175.809
176.276
176.743
177.210
177.644
178.111
178.578
179.046
179.513
179.980
180.480
180.947
181.381
188.955
189.423
189.856
190.323
190.791
191.291
191.692
191.925
192.159
192.392
192.626
192.859
193.093
193.326
193.560
193.794
194.027
194.261
194.494
194.728
194.961
195.195
195.461
195.582
195.704
195.826
195.947
196.069
196.191
196.312
196.434
196.534
196.599
196.665
196.730
196.795
196.861
196.926
196.991
197.057
197.122
197.187
197.253
197.318
199.266
200.200
200.667
201.134
202.069
203.003
203.937
204.404
204.871
206.740
207.674
208.175
208.408
208.675
209.609
210.544
211.478
212.136
212.243
212.350
213.780
214.247
215.215
215.649
216.116
217.050
217.984
218.952
219.419
219.853
221.354
221.822
222.927
223.356
223.657
225.492
227.029
227.114
227.198
227.282
262.963
263.463
263.930
264.431
264.898
265.365
265.832
266.299
266.767
267.234
267.701
268.168
268.635
269.102
269.603
270.070
270.537
271.004
271.471
271.938
272.405
272.906
273.340
273.807
274.274
274.741
275.208
275.675
278.044
281.748
285.485
289.256
292.993
293.493
293.960
294.427
294.895
295.362
295.829
296.296
296.763
297.264
297.731
298.165
298.632
299.099
299.566
300.033
300.500
300.738
300.976
301.213
301.451
301.689
301.927
302.164
302.402
302.640
302.878
303.115
303.353
303.591
303.829
304.066
304.304
304.423
304.543
304.662
304.781
304.900
305.020
305.139
305.191
305.259
305.326
305.394
305.462
305.530
305.597
305.665
305.733
305.800
305.868
305.936
306.004
306.071
307.974
308.475
308.942
309.409
309.876
310.377
310.844
311.278
311.745
312.212
312.679
313.180
313.647
314.080
314.581
315.048
315.482
315.982
316.449
316.917
317.384
317.851
318.318
318.785
319.252
319.719
320.220
320.687
321.154
322.823
323.166
323.509
323.957
324.424
324.891
325.358
325.826
326.293
326.760
327.227
327.694
328.161
328.628
329.095
329.563
330.497
330.997
331.431
331.898
332.365
332.833
333.300
333.800
334.267
334.734
335.202
335.669
337.971
338.438
338.905
339.406
339.873
340.340
340.807
341.274
341.741
342.209
342.676
343.143
343.643
344.077
344.544
345.011
345.512
346.012
346.479
346.913
347.414
347.881
348.315
348.815
349.282
349.749
350.217
350.684
351.184
351.651
352.118
352.552
353.019
353.486
353.954
354.421
354.888
355.355
355.822
356.323
356.823
357.257
357.724
358.191
358.625
359.092
359.559
360.026
360.493
360.961
361.461
361.895
362.395
362.863
363.330
363.797
364.264
364.731
365.232
365.699
368.001
368.501
368.969
369.402
369.870
370.370
370.837
371.304
371.771
372.239
372.706
373.173
373.640
374.107
374.608
375.041
375.508
376.009
376.476
376.977
377.410
377.911
378.378
378.845
379.279
379.746
380.213
380.680
381.181
383.016
383.483
383.950
384.451
384.918
385.385
385.819
386.286
386.786
387.254
387.721
388.188
388.655
389.122
389.589
390.090
390.523
390.991
391.458
391.925
392.392
392.859
393.326
393.793
394.261
394.728
395.195
395.695
396.162
396.663
397.130
