41.909
44.578
47.247
49.283
49.416
49.583
49.716
49.883
50.050
50.584
51.051
51.552
51.919
52.252
52.553
52.719
53.253
53.720
54.254
54.588
55.222
55.389
55.923
56.390
56.924
57.257
57.891
58.058
58.592
59.059
59.593
59.927
60.260
60.561
60.727
61.261
61.728
62.229
62.596
62.930
63.230
63.363
63.897
64.398
64.898
65.265
65.566
65.933
66.066
66.600
67.100
67.601
67.968
68.569
68.702
69.236
69.703
70.237
70.604
70.904
71.238
71.371
71.905
72.392
72.906
73.273
73.574
73.907
74.074
74.575
75.075
75.576
75.943
76.243
76.577
76.710
77.244
77.744
78.245
78.612
78.912
79.246
79.379
79.913
80.414
80.914
81.281
81.582
81.882
82.049
82.583
83.050
83.584
83.917
84.251
84.585
84.718
85.252
85.719
86.253
86.620
86.920
87.254
87.387
87.921
88.422
88.922
89.289
89.590
89.890
90.057
90.591
91.058
91.592
91.925
92.559
92.726
92.926
93.060
93.160
93.260
93.560
93.660
93.760
93.860
94.227
94.328
94.428
94.528
94.761
94.861
95.228
95.395
95.896
96.063
96.563
96.730
97.230
97.397
97.898
98.065
98.265
98.365
98.465
98.598
98.865
98.966
99.066
99.199
99.533
99.633
99.766
99.866
100.067
100.167
100.567
100.734
101.234
101.401
101.902
102.069
102.569
102.736
103.236
103.403
103.604
103.737
103.837
103.937
104.237
104.338
104.438
104.538
104.905
105.005
105.105
105.205
105.439
105.505
105.906
106.039
106.540
106.707
107.207
107.374
107.908
108.075
108.575
108.709
108.942
109.042
109.142
109.242
109.543
109.643
109.743
109.843
110.210
110.310
110.410
110.510
110.744
110.844
111.244
111.411
111.912
112.079
112.579
112.746
113.280
113.413
113.914
114.047
114.748
115.248
116.049
116.550
117.384
117.884
118.719
119.219
119.720
120.087
120.554
121.388
121.922
122.723
141.642
142.976
144.311
145.646
146.313
146.647
146.980
147.648
147.981
148.315
148.982
149.316
149.650
150.317
150.651
150.984
151.652
151.952
152.319
152.986
153.320
153.654
154.287
154.655
154.955
155.622
155.956
156.289
156.957
157.324
157.624
158.291
158.659
158.959
159.660
159.960
160.293
160.961
161.328
161.662
162.295
162.629
162.996
163.630
163.964
164.297
164.998
165.298
165.632
166.299
166.633
166.967
167.300
167.634
168.301
168.969
169.636
170.337
171.004
171.672
172.339
173.006
173.674
174.341
175.008
175.676
176.343
177.010
177.678
178.311
178.979
179.646
180.313
180.981
181.615
182.282
182.949
183.650
184.317
184.985
185.652
186.286
186.987
187.621
187.954
188.288
188.655
188.989
189.623
190.290
190.957
191.625
192.292
192.959
193.660
194.327
194.995
195.662
196.329
196.997
197.664
198.298
198.965
199.633
199.966
200.300
200.967
201.301
201.635
202.302
202.636
202.969
203.637
203.970
204.337
204.971
205.305
205.639
206.006
206.306
206.640
206.973
207.307
207.641
207.974
208.308
208.642
208.975
209.309
209.643
209.976
210.310
210.977
211.178
211.511
211.645
211.978
212.279
212.646
212.846
212.946
213.313
213.613
213.814
214.181
214.281
214.648
214.981
215.649
215.949
216.316
216.483
216.850
216.983
217.317
217.617
217.951
218.151
218.285
218.652
218.952
219.152
219.486
219.619
219.953
220.320
220.954
221.260
221.621
221.822
222.155
222.289
222.622
222.923
223.290
223.490
223.590
223.957
224.257
224.458
224.825
224.925
225.292
225.625
226.193
226.359
226.660
226.993
227.494
227.661
227.994
228.295
228.462
228.829
228.995
229.296
229.663
229.796
230.330
230.630
230.964
231.331
231.631
231.965
232.299
232.632
232.966
233.300
233.633
233.967
234.301
234.668
234.968
235.335
235.635
236.002
236.336
236.670
237.003
237.337
237.637
238.004
238.305
238.672
238.972
239.339
239.639
239.973
240.307
240.640
240.974
241.308
241.641
241.975
242.309
242.642
242.976
243.643
243.977
244.311
244.978
245.312
246.313
246.646
246.980
247.647
247.981
248.315
248.982
249.316
249.649
250.283
250.650
250.951
251.651
251.985
252.285
252.652
253.019
257.891
259.626
261.328
263.029
264.765
266.466
269.035
269.903
270.737
271.471
271.605
272.472
273.340
274.174
274.608
275.041
275.442
275.609
275.742
275.909
276.743
277.611
278.345
278.478
279.346
280.180
281.047
281.481
281.882
282.315
282.449
282.616
282.749
283.583
284.451
285.152
285.318
286.186
287.020
287.888
288.321
288.722
289.623
290.457
291.324
292.025
292.192
293.026
293.894
294.761
295.195
295.595
295.996
296.163
296.329
298.198
299.032
299.900
300.767
301.601
302.469
303.336
304.171
305.038
305.872
306.740
307.607
308.475
309.309
310.177
310.610
311.044
311.478
311.912
312.345
312.746
313.180
313.613
314.047
314.481
314.881
315.315
315.749
316.183
316.616
317.050
317.184
317.317
317.450
317.617
317.751
317.884
318.051
318.185
318.318
318.485
318.618
318.752
318.919
319.052
319.186
319.319
319.486
319.619
319.753
319.920
320.053
320.187
320.338
320.453
320.520
320.587
320.654
320.705
320.754
320.821
320.887
320.941
320.987
321.054
321.121
321.175
321.221
321.296
321.354
321.416
321.484
321.534
321.593
321.664
321.718
321.774
321.855
321.922
321.988
322.057
322.115
322.176
334.234
334.634
335.035
335.435
335.836
336.236
336.636
337.037
337.437
337.838
338.238
338.638
339.039
339.439
339.840
340.240
340.640
341.041
341.441
341.842
342.242
342.642
343.043
343.443
343.844
344.244
344.644
345.045
345.445
345.846
346.246
346.446
346.613
346.813
347.013
347.848
348.148
348.415
348.615
349.015
349.416
349.816
350.217
350.617
351.017
351.418
351.818
352.219
352.619
353.820
354.221
354.621
355.021
355.422
355.822
356.223
356.623
357.023
357.424
357.824
358.024
358.225
359.025
359.826
372.639
373.039
373.440
373.840
374.241
374.641
375.041
375.442
375.842
376.243
376.643
377.010
377.410
377.811
378.211
378.612
379.012
379.412
379.813
380.213
380.647
381.014
381.414
381.815
382.215
382.616
383.016
383.416
383.817
384.217
384.618
385.819
386.219
386.620
387.020
387.420
387.821
388.221
388.622
389.022
389.422
389.823
390.223
390.624
391.625
391.825
392.225
392.626
393.026
393.426
393.827
394.227
394.628
395.028
395.428
395.829
396.229
397.831
398.031
398.231
398.632
398.832
399.032
399.432
399.633
399.833
400.233
400.634
401.034
401.434
401.835
402.035
402.235
402.636
402.836
403.036
403.436
403.837
404.638
405.038
405.238
405.438
405.839
406.006
406.239
406.640
407.040
407.240
407.440
407.841
408.241
408.441
408.642
409.042
409.209
409.409
409.843
410.210
411.044
411.444
411.645
411.845
412.245
412.412
412.612
413.013
413.446
413.613
413.813
414.214
414.648
414.848
415.048
415.415
415.649
415.849
416.216
416.616
416.850
417.050
417.417
417.817
418.054
418.251
418.618
418.818
419.052
419.419
419.819
420.020
420.253
420.620
421.021
421.221
421.421
421.821
422.222
422.622
423.023
423.423
423.823
424.224
424.424
424.624
425.025
425.225
425.458
425.825
426.226
426.626
426.826
427.060
427.427
427.627
427.827
428.228
428.428
428.628
429.029
429.429
429.829
430.030
430.230
430.630
430.830
431.031
431.431
431.631
431.831
432.232
432.632
432.832
433.033
433.433
433.833
434.034
434.234
434.634
434.834
435.035
435.435
435.835
436.036
436.236
436.636
437.037
437.237
437.437
437.837
438.038
438.238
438.638
439.039
439.439
439.839
440.227
440.440
440.640
441.007
441.241
441.441
441.841
442.242
442.642
442.842
443.043
443.443
443.643
443.843
444.244
444.444
444.644
445.045
445.445
445.645
445.845
446.212
446.613
446.846
447.047
447.447
447.647
447.847
448.248
448.648
449.015
487.253
487.854
488.455
489.055
489.656
490.256
490.857
491.458
491.758
492.058
492.659
493.259
493.827
494.427
495.028
495.628
496.229
496.529
496.830
497.430
498.031
498.631
499.199
499.833
500.400
500.867
501.001
501.301
501.601
502.202
502.802
503.403
504.004
504.437
504.571
504.904
505.205
505.338
505.805
506.239
506.373
506.973
507.574
508.174
508.775
509.376
509.976
510.577
510.877
511.177
511.778
512.379
512.979
513.580
514.180
514.781
515.348
515.648
515.949
516.549
517.150
517.751
518.318
518.918
519.552
519.986
520.120
520.420
520.720
521.321
521.921
522.522
523.123
523.590
523.723
524.024
524.324
524.491
524.924
525.225
525.358
525.492
549.949
550.054
550.158
550.262
550.367
550.471
550.576
550.680
550.784
550.889
550.993
551.097
551.202
551.306
551.410
551.515
551.619
551.724
551.828
551.932
552.037
552.141
552.245
552.350
552.454
552.558
552.663
552.767
552.871
552.976
553.080
553.185
553.289
553.393
553.498
553.602
553.706
553.811
553.915
554.019
554.124
554.228
554.332
554.437
554.541
554.646
554.750
554.854
554.952
555.010
555.068
555.127
555.185
555.243
555.302
555.360
555.418
555.477
555.535
555.593
555.652
555.710
555.768
555.827
555.885
555.943
556.002
556.060
556.118
556.177
556.556
556.923
557.357
557.724
558.124
558.525
558.925
559.325
559.726
560.093
560.453
560.860
561.261
561.628
562.028
562.395
562.796
563.163
563.563
563.963
564.330
564.697
565.065
565.465
565.832
566.199
566.566
566.933
567.333
567.667
568.034
568.401
568.802
569.169
569.536
569.903
570.270
570.603
570.970
571.337
571.704
572.072
572.439
572.806
573.139
573.506
573.873
574.207
574.574
574.908
575.275
575.642
575.975
576.342
576.676
577.043
577.377
577.710
578.078
578.411
578.778
579.112
579.446
579.779
580.113
580.480
580.814
581.181
581.514
581.848
582.182
582.515
582.849
583.183
583.516
583.850
584.184
584.517
584.851
585.185
585.518
585.852
586.152
586.486
586.820
587.153
587.454
587.787
588.121
588.455
588.788
589.089
589.422
589.722
590.056
590.356
590.690
591.024
591.357
591.658
591.958
592.292
592.592
592.892
593.226
593.526
593.860
594.160
594.461
594.794
595.095
595.395
595.728
596.029
596.329
596.629
596.930
597.230
597.564
597.864
598.164
598.465
598.765
599.065
599.365
599.666
599.966
600.266
600.567
600.867
601.167
601.468
601.734
602.035
602.335
602.602
602.902
603.169
603.436
603.736
604.003
604.270
604.537
604.838
605.105
605.338
605.605
605.872
606.139
606.406
606.639
606.906
607.173
607.407
607.640
607.907
608.141
608.408
608.641
608.875
609.109
609.375
609.609
609.843
610.076
610.310
610.543
610.777
611.010
611.244
611.444
611.678
611.911
612.112
612.345
612.545
612.779
612.979
613.213
613.413
613.646
613.847
614.047
614.280
614.481
614.681
614.881
615.115
615.315
615.515
615.715
615.915
616.116
616.316
616.516
616.683
616.883
617.083
617.283
617.484
617.650
617.851
618.017
618.218
618.418
618.585
618.751
619.119
619.285
619.452
619.619
619.819
619.953
620.153
620.286
620.453
620.653
620.787
620.954
621.121
621.287
621.454
621.588
621.754
621.921
622.055
622.222
622.355
622.522
622.655
622.789
622.956
623.256
623.389
623.556
623.690
623.823
623.957
624.090
624.257
624.390
624.524
624.657
624.791
624.924
625.058
625.191
625.325
625.458
625.592
625.725
625.825
625.959
626.092
626.226
626.359
626.459
626.593
626.726
626.860
626.960
627.093
627.227
627.327
627.460
627.560
627.694
627.827
627.927
628.061
628.161
628.261
628.394
628.495
628.728
628.828
628.962
629.062
629.162
629.262
629.395
629.496
629.596
629.729
629.829
629.929
630.029
630.120
630.200
630.263
630.363
630.463
630.563
630.663
630.763
630.864
630.964
631.064
631.164
631.264
631.364
631.464
631.564
631.664
631.764
631.865
631.965
632.065
632.165
632.265
632.332
632.432
632.532
632.632
632.732
632.799
632.899
632.999
633.099
633.199
633.266
633.366
633.466
633.533
633.633
633.733
633.800
633.900
634.000
634.067
634.167
634.267
634.334
634.434
634.501
634.601
634.667
634.767
634.868
634.934
635.034
635.101
635.201
635.268
635.368
635.435
635.535
635.602
635.702
635.768
635.869
635.935
636.002
636.102
636.169
636.269
636.336
636.402
636.503
636.569
636.636
636.736
636.803
636.870
636.970
637.036
637.103
637.170
637.270
637.337
637.403
637.470
637.570
637.637
637.704
637.770
637.835
637.889
637.937
638.004
638.071
638.138
638.193
638.238
638.304
638.371
638.438
638.505
638.560
638.605
638.671
638.738
638.805
638.872
638.938
639.005
639.072
639.139
639.193
639.255
639.305
639.372
639.439
639.506
639.572
639.639
639.706
639.772
639.839
639.906
639.973
640.039
640.106
640.173
640.240
640.306
640.373
640.440
640.507
640.573
640.640
640.707
640.768
640.821
640.874
640.940
641.007
641.074
641.145
641.217
641.288
641.360
641.432
641.503
641.575
641.646
641.718
641.790
641.861
641.933
642.004
642.076
642.147
642.219
642.291
642.362
642.434
642.505
642.577
642.648
678.111
678.478
678.878
679.245
679.646
680.046
680.413
680.813
681.214
681.581
681.981
682.348
682.749
683.149
683.516
683.917
684.284
684.684
685.084
685.451
685.852
686.252
686.619
687.020
687.387
687.787
688.188
688.555
688.955
689.355
689.722
690.123
690.490
690.890
691.291
691.691
692.091
692.458
692.859
693.226
693.626
694.027
694.394
694.794
695.161
695.562
695.929
696.329
696.729
697.096
697.497
697.897
698.264
698.665
699.032
699.432
699.832
700.233
700.600
701.000
701.367
701.768
702.168
702.535
702.936
703.303
703.703
704.103
704.470
704.871
705.271
705.672
706.039
706.439
706.806
707.207
707.574
707.974
708.374
708.741
709.142
709.542
709.909
710.310
710.710
711.077
711.477
711.844
712.245
712.645
713.012
713.413
713.813
714.180
714.581
714.948
715.348
715.748
716.149
716.516
716.916
717.283
717.684
718.051
718.451
718.851
719.252
719.619
720.019
720.386
720.787
721.187
721.554
721.955
722.355
722.722
723.122
723.489
723.890
724.290
724.691
725.058
725.458
725.825
726.226
726.626
726.993
727.393
727.760
733.499
733.600
733.800
734.000
740.206
740.607
740.974
741.374
741.741
742.141
742.542
742.909
743.309
743.710
744.077
744.477
744.844
745.245
745.645
746.012
746.412
746.813
747.180
747.580
747.981
748.381
748.748
749.148
749.515
749.916
750.316
750.683
751.084
751.451
751.851
752.252
752.619
753.019
753.386
753.786
754.187
754.587
754.954
755.355
755.722
756.122
756.522
756.889
757.290
757.657
758.057
758.458
758.858
759.225
759.626
760.026
760.393
760.793
761.160
761.561
761.961
762.328
762.729
763.129
763.496
765.031
765.431
765.832
766.099
766.199
766.399
766.599
767.000
767.400
767.667
767.767
767.967
768.134
768.568
768.935
769.202
769.302
769.502
769.702
770.003
770.103
770.303
770.470
770.770
770.870
771.070
771.271
771.638
772.038
772.338
772.438
772.639
772.805
773.206
773.606
773.873
773.973
774.173
774.374
774.741
775.141
775.441
775.541
775.742
775.908
776.209
776.309
776.509
776.709
776.976
777.076
777.277
777.477
777.877
778.244
778.544
778.645
778.845
779.012
779.412
779.812
780.079
780.179
780.380
780.580
780.980
781.347
781.648
781.748
781.948
782.148
782.448
782.548
782.749
782.915
783.216
783.316
783.516
783.716
784.083
784.450
784.751
784.851
785.051
785.251
785.618
786.019
786.285
786.386
786.586
786.786
787.086
787.186
787.387
787.587
787.854
787.954
788.254
788.354
788.621
788.721
788.921
789.122
789.288
789.489
789.689
789.856
790.289
790.723
791.090
791.491
791.924
792.291
792.725
793.126
793.526
793.960
794.394
794.794
795.228
795.662
796.062
796.329
796.562
796.996
797.463
797.864
798.331
798.798
799.265
799.732
800.199
800.667
801.167
801.634
802.101
802.602
803.102
803.836
804.103
804.637
805.171
805.672
806.205
806.773
807.273
807.840
808.374
808.941
809.509
810.076
810.710
811.244
812.712
812.979
813.680
814.247
814.881
815.481
816.182
816.816
817.483
818.151
818.818
819.485
820.153
820.553
820.820
821.587
822.388
