15.182
15.651
16.120
16.589
17.058
17.526
17.995
18.464
18.933
19.402
19.871
20.340
20.809
21.278
21.747
22.216
22.685
23.154
23.622
24.091
24.560
25.029
25.498
25.967
26.436
26.905
27.374
27.843
28.312
28.781
29.250
29.718
30.187
30.656
31.125
31.594
32.063
32.532
33.001
33.470
33.939
34.408
34.877
35.346
35.814
36.283
36.752
37.221
37.690
38.159
38.628
39.097
39.566
40.035
40.504
40.973
41.442
41.910
42.379
42.848
43.317
43.786
44.255
44.724
45.193
46.129
47.066
48.003
48.939
49.876
50.812
51.749
52.685
53.622
54.558
55.495
56.432
57.368
58.305
59.241
60.178
61.114
62.051
62.719
63.192
63.666
64.140
64.613
65.087
65.561
66.034
66.508
66.981
67.455
67.929
68.402
68.876
69.350
69.823
70.297
70.771
71.138
71.605
72.072
72.573
72.940
75.208
75.742
76.009
76.610
76.877
77.544
78.011
78.545
78.845
79.379
79.680
80.314
80.814
81.348
81.648
82.683
83.250
83.517
84.084
84.384
85.018
85.519
86.053
86.320
86.887
87.154
87.788
88.322
88.507
88.693
88.879
89.065
89.251
89.437
89.623
90.190
90.724
91.024
91.592
91.892
92.526
92.799
93.073
93.347
93.620
93.894
94.394
94.661
95.262
95.562
96.196
96.763
97.047
97.331
97.614
97.898
98.432
98.699
99.299
99.600
100.233
100.500
100.767
101.034
101.301
101.902
102.202
102.769
103.070
105.205
105.739
106.006
106.607
106.907
107.541
107.975
108.508
108.809
109.376
109.676
110.310
110.811
111.345
111.645
111.945
112.212
112.679
113.213
113.480
114.081
114.381
115.015
115.349
115.616
115.949
116.216
116.883
117.150
117.751
118.018
118.585
118.869
119.152
119.436
119.720
120.187
120.721
120.988
121.588
121.888
122.522
122.789
123.357
123.624
124.591
124.858
125.826
126.393
126.693
126.960
127.260
127.694
128.128
128.428
129.129
129.396
129.997
130.430
130.697
131.431
131.999
132.299
132.566
132.866
133.300
133.734
134.001
136.136
136.604
137.073
137.541
138.010
138.478
138.946
139.415
139.883
140.352
140.820
141.289
141.757
142.225
142.694
143.162
143.631
144.099
144.567
145.036
145.504
145.973
146.441
146.910
147.378
147.846
148.315
150.147
150.967
151.788
152.609
153.429
154.250
155.071
155.892
156.712
157.533
158.354
159.174
159.995
160.816
161.637
162.457
163.278
164.099
164.919
165.740
166.561
167.382
168.202
169.023
169.844
170.664
171.485
172.306
173.127
173.947
174.768
175.589
176.409
177.230
178.051
180.213
180.680
181.148
181.615
182.082
182.549
183.016
183.483
183.950
184.418
184.885
185.352
185.819
186.286
186.753
187.688
188.155
188.622
189.089
189.556
190.023
190.490
190.957
191.425
191.892
192.359
192.826
193.293
193.760
195.195
195.663
196.132
196.600
197.068
197.536
198.005
198.473
198.941
199.410
199.878
200.346
200.814
201.283
201.751
202.219
202.688
203.156
203.624
204.092
204.561
205.029
205.497
205.966
206.434
206.902
207.370
207.839
208.307
208.775
210.210
210.678
211.147
211.615
212.083
212.551
213.020
213.488
213.956
214.425
214.893
215.361
215.829
216.298
216.766
217.234
217.703
218.171
218.639
219.107
219.576
220.044
220.512
220.981
221.449
221.917
222.385
222.854
223.322
223.790
225.225
225.692
226.159
226.626
227.094
227.561
228.028
228.495
228.962
229.429
229.896
230.363
230.831
231.298
231.765
232.699
233.166
233.633
234.101
234.568
235.035
235.502
235.969
236.436
236.903
237.370
237.838
238.305
238.772
240.207
240.674
241.141
241.608
242.075
242.542
243.009
243.477
243.944
244.411
244.878
245.345
245.812
246.280
246.749
247.217
247.685
248.153
248.622
249.090
249.558
250.026
250.495
250.963
251.431
251.899
252.368
252.836
253.304
253.772
254.241
254.709
255.177
255.645
256.114
256.582
257.050
257.518
257.987
258.455
258.923
259.391
259.860
260.770
261.681
262.592
263.502
264.413
265.324
266.235
267.145
268.056
268.967
269.877
270.788
271.699
272.610
273.520
274.431
275.342
275.811
276.279
276.748
277.217
277.686
278.155
278.623
279.092
279.561
280.030
280.499
280.967
281.436
281.905
282.374
282.843
283.311
283.780
284.249
284.718
284.956
285.194
285.433
285.671
285.909
286.148
286.386
286.753
286.937
287.120
287.304
287.487
287.671
287.854
288.038
288.221
290.357
290.824
291.291
291.758
292.225
292.692
293.160
293.627
294.094
294.561
295.028
295.495
295.962
296.429
297.831
298.298
298.765
299.232
299.699
300.167
300.634
301.101
301.568
302.035
302.502
302.969
305.338
305.808
306.278
306.747
307.217
307.687
308.157
308.626
309.096
309.566
310.035
310.505
310.975
311.444
312.879
313.343
313.807
314.272
314.736
315.200
315.664
316.128
316.592
317.056
317.520
317.984
320.353
320.820
321.288
321.755
322.222
322.689
323.156
323.623
324.090
324.558
325.025
325.492
325.959
326.426
327.828
328.297
328.767
329.237
329.707
330.177
330.647
331.117
331.587
332.057
332.527
332.997
333.466
335.335
335.805
336.274
336.744
337.214
337.684
338.153
338.623
339.093
339.562
340.032
340.502
340.971
341.441
342.843
343.310
343.777
344.244
344.711
345.178
345.645
346.112
346.580
347.047
347.514
347.981
350.462
350.695
350.928
351.394
351.627
351.861
352.327
352.560
352.793
353.259
353.492
353.725
354.192
354.425
354.658
355.124
355.357
355.590
356.056
356.289
356.522
356.989
357.222
357.455
357.921
358.154
358.387
358.853
359.087
359.320
359.786
360.019
360.252
360.718
360.951
361.184
361.651
361.884
362.117
362.583
362.816
363.049
363.515
363.748
363.982
364.448
364.681
364.914
365.380
365.613
365.846
366.313
366.546
366.779
367.245
367.478
367.711
368.177
368.410
368.644
369.110
369.343
369.576
370.042
370.275
370.508
370.974
371.208
371.441
371.907
372.140
372.373
372.839
373.072
373.305
373.772
374.005
374.238
374.704
374.937
375.170
375.636
375.869
376.103
376.569
376.802
377.035
377.501
377.734
377.967
380.247
395.262
397.097
399.065
400.967
402.736
404.704
406.539
407.026
407.512
407.998
408.436
408.708
408.942
409.209
409.392
409.576
409.876
410.810
411.278
411.747
412.216
412.685
413.155
413.624
414.093
414.562
415.031
415.501
415.970
416.439
416.908
417.378
417.847
418.316
418.785
419.255
419.724
419.964
420.205
420.445
420.686
420.926
421.167
421.407
421.648
421.888
422.070
422.252
422.434
422.616
422.798
422.980
423.162
423.344
423.526
423.708
423.890
428.461
428.925
429.390
429.854
430.318
430.782
431.246
431.710
432.174
432.638
433.102
433.566
435.869
436.327
436.785
437.243
437.701
438.159
438.617
439.075
439.533
439.991
440.449
440.907
441.408
441.574
441.741
441.908
442.309
443.243
443.704
444.165
444.626
445.088
445.549
446.010
446.471
446.932
447.393
447.855
448.316
448.777
449.238
449.699
450.160
450.622
451.083
451.544
452.005
452.466
452.927
453.389
453.850
454.311
454.772
455.233
455.695
456.156
457.991
458.453
458.915
459.377
459.840
460.302
460.764
461.226
461.688
462.151
462.613
463.075
463.537
463.999
464.462
464.924
465.386
465.848
466.310
466.772
467.235
467.697
468.159
468.621
469.083
469.546
470.008
470.470
472.806
473.267
473.727
474.188
474.649
475.110
475.571
476.032
476.493
476.954
477.415
477.876
478.337
478.798
479.258
479.719
480.180
480.641
481.102
481.563
482.024
482.485
482.946
483.407
483.868
484.328
484.789
485.250
485.711
486.172
486.633
487.094
487.555
488.016
488.477
488.938
489.399
489.859
490.320
490.781
491.242
491.703
492.164
492.625
493.086
493.547
494.008
494.469
494.929
495.390
495.851
496.312
496.773
497.234
497.695
498.156
498.617
499.078
499.539
499.999
502.335
502.796
503.257
503.718
504.179
504.640
505.100
505.561
506.022
506.483
506.944
507.405
507.866
508.327
508.787
509.248
509.709
510.170
510.631
511.092
511.553
512.014
512.474
512.935
513.396
513.857
514.318
514.779
515.240
515.701
516.161
516.622
517.083
