8.505
9.573
10.640
11.708
12.776
13.844
14.911
15.979
17.047
17.581
18.114
18.648
19.182
19.716
20.250
20.784
21.318
21.852
22.385
22.919
23.453
23.987
24.521
25.055
25.589
26.122
26.656
27.190
27.724
28.258
28.792
29.326
29.859
30.393
30.927
31.461
31.995
32.529
33.063
33.597
34.130
34.664
35.198
35.732
36.266
36.800
37.334
37.867
38.401
38.935
39.469
40.003
40.537
41.071
41.605
42.138
42.672
43.206
43.740
44.274
44.808
45.342
45.875
46.409
46.943
47.477
48.011
48.545
49.079
49.613
50.146
51.214
51.481
52.282
52.549
53.350
53.617
54.417
54.684
55.485
55.752
56.553
56.820
57.621
57.887
58.688
58.955
59.756
60.290
60.824
61.091
61.358
61.891
62.425
62.959
63.226
63.493
64.027
64.561
65.095
65.362
65.629
66.162
66.696
67.230
67.497
67.764
68.298
68.832
69.366
69.633
69.899
70.433
70.967
71.501
71.768
72.035
72.569
73.103
73.637
73.903
74.170
74.704
75.238
75.772
76.039
76.306
76.840
77.107
77.374
77.907
78.174
78.441
78.975
79.242
79.509
80.043
80.310
80.577
81.111
81.378
81.645
82.178
82.445
82.712
83.246
83.513
83.780
84.314
84.581
84.848
85.382
85.649
85.915
86.449
86.716
86.983
87.517
87.784
88.051
88.585
88.852
89.119
89.653
89.919
90.186
90.720
90.987
91.254
91.788
92.055
92.322
92.589
92.856
93.123
93.390
93.657
94.457
94.724
96.059
96.326
97.661
97.927
99.262
99.529
100.864
101.131
102.465
102.732
103.266
103.533
104.067
104.334
104.868
105.135
105.668
105.935
106.469
106.736
107.270
107.537
108.071
108.338
108.872
109.139
109.672
109.939
111.007
111.541
111.808
112.075
112.342
112.609
113.143
113.676
113.943
114.210
114.477
114.744
115.278
115.812
116.079
116.346
116.613
116.880
117.414
117.947
118.214
118.481
118.748
119.015
119.549
120.083
120.350
120.617
120.884
121.151
121.684
122.218
122.485
122.752
123.019
123.286
123.820
124.354
124.621
124.888
125.155
125.422
125.955
126.489
126.756
127.023
127.290
127.557
128.091
128.625
128.892
129.159
129.426
129.692
130.226
130.760
131.027
131.294
131.561
131.828
132.362
132.896
133.163
133.430
133.696
133.963
134.497
135.031
135.298
135.565
135.832
136.099
136.633
137.167
137.700
138.234
138.768
139.302
139.836
140.370
140.904
141.438
141.971
142.505
143.039
143.573
144.107
144.641
145.175
145.442
145.708
145.975
146.242
146.509
146.776
147.043
147.310
147.577
147.844
148.111
148.378
148.645
148.912
149.179
149.446
149.712
149.979
150.246
150.513
150.780
151.047
151.314
151.581
151.848
152.115
152.382
152.649
153.716
153.850
153.983
154.117
154.250
154.384
154.517
154.651
154.784
154.918
155.051
155.185
155.318
155.452
155.585
155.718
155.852
155.985
156.119
156.252
156.386
156.519
156.653
156.786
156.920
157.053
157.187
157.320
157.454
157.587
157.720
157.854
157.987
158.121
158.254
158.388
158.521
158.655
158.788
158.922
159.055
159.189
159.322
159.456
159.589
159.722
159.856
159.989
160.123
160.256
160.390
160.523
160.657
160.790
160.924
161.057
161.191
161.324
161.458
161.591
161.724
161.991
162.258
162.525
162.792
163.059
163.326
163.593
163.860
164.127
164.394
164.661
164.928
165.195
165.462
165.728
165.995
166.262
166.529
166.796
167.063
167.330
167.597
167.864
168.131
168.398
168.665
168.932
169.199
169.466
169.732
169.999
170.266
170.533
170.800
171.067
171.334
171.601
171.868
172.135
172.402
172.669
172.936
173.203
173.470
173.736
174.003
174.270
174.537
174.804
175.071
175.338
175.605
175.872
176.139
176.406
176.673
176.940
177.207
177.473
177.740
178.007
178.274
178.541
178.808
179.075
179.209
179.342
179.475
179.609
179.742
179.876
180.009
180.143
180.276
180.410
180.543
180.677
180.810
180.944
181.077
181.211
181.344
181.477
181.611
181.744
181.878
182.011
182.145
182.278
182.412
182.545
182.679
182.812
182.946
183.079
183.213
183.346
183.479
183.613
183.746
183.880
184.013
184.147
184.280
184.414
184.547
184.681
184.814
184.948
185.081
185.215
185.348
185.481
185.615
185.748
185.882
186.015
186.149
186.282
186.416
186.549
186.683
186.816
186.950
187.083
187.350
187.617
187.884
188.151
188.418
188.685
188.952
189.219
189.485
189.752
190.019
190.286
190.553
190.820
191.087
191.354
191.621
191.888
192.155
192.422
192.689
192.956
193.223
193.489
193.756
194.023
194.290
194.557
194.824
195.091
195.358
195.625
195.892
196.159
196.426
196.693
196.960
197.227
197.493
197.760
198.027
198.294
198.561
198.828
199.095
199.362
199.629
199.896
200.163
200.430
200.697
200.964
201.231
201.497
201.764
202.031
202.298
202.565
202.832
203.099
203.366
203.633
203.900
204.167
204.434
204.567
204.701
204.834
204.968
205.101
205.235
205.368
205.501
205.635
205.768
205.902
206.035
206.169
206.302
206.436
206.569
206.703
206.836
206.970
207.103
207.237
207.370
207.503
207.637
207.770
207.904
208.037
208.171
208.304
208.438
208.571
208.705
208.838
208.972
209.105
209.239
209.372
209.505
209.639
209.772
209.906
210.039
210.173
210.306
210.440
210.573
210.707
210.840
210.974
211.107
211.241
211.374
211.507
211.641
211.774
211.908
212.041
212.175
212.308
212.442
212.709
212.976
213.243
213.509
213.776
214.043
214.310
214.577
214.844
215.111
215.378
215.645
215.912
216.179
216.446
216.713
216.980
217.247
217.513
217.780
218.047
218.314
218.581
218.848
219.115
219.382
219.649
219.916
220.183
220.450
220.717
220.984
221.251
