2.009
2.429
2.848
3.268
3.688
4.107
4.527
4.946
5.366
5.786
6.205
6.625
7.044
7.464
7.884
8.303
8.723
9.142
9.562
9.982
10.401
10.821
11.241
11.660
12.080
12.499
12.919
13.339
13.758
14.178
14.597
15.017
15.437
15.856
16.276
16.695
17.115
17.535
17.954
18.374
18.794
19.213
19.633
20.052
20.472
20.892
21.311
21.731
22.150
22.570
22.990
23.409
23.829
24.249
24.668
25.088
25.507
25.927
26.347
26.766
27.186
27.605
28.025
28.445
28.864
29.284
29.703
30.123
30.543
30.962
31.382
31.802
32.221
32.641
33.060
33.480
33.900
34.319
34.739
35.158
35.578
35.998
36.417
36.837
37.256
37.676
38.096
38.515
38.935
39.355
39.774
40.194
40.613
41.033
41.453
41.872
42.292
42.711
43.131
43.551
43.970
44.390
44.809
45.229
45.649
46.068
46.488
46.908
47.327
47.747
48.166
48.586
49.006
49.425
49.845
50.264
50.684
51.104
51.523
51.943
52.362
52.782
53.202
53.515
53.827
54.034
54.241
54.448
54.655
54.862
55.529
55.763
56.116
56.537
56.959
57.381
57.803
58.225
58.647
59.068
59.490
59.912
60.334
60.544
60.753
61.173
61.382
61.592
62.011
62.221
62.430
62.850
63.059
63.269
63.688
63.898
64.108
64.527
64.737
64.946
65.365
65.575
65.785
66.204
66.414
66.623
67.043
67.252
67.462
67.881
68.091
68.300
68.720
68.929
69.139
69.558
69.768
69.978
70.397
70.607
70.816
71.235
71.445
71.655
72.074
72.284
72.493
72.913
73.122
73.332
73.751
73.961
74.170
74.590
74.799
75.009
75.428
75.638
75.848
76.267
76.477
76.686
77.105
77.315
77.525
77.944
78.154
78.363
78.783
78.992
79.202
79.621
79.831
80.041
80.460
80.669
80.879
81.298
81.508
81.718
82.137
82.347
82.556
83.395
84.234
85.073
85.912
86.751
87.590
88.429
88.829
89.029
89.230
90.073
90.917
91.761
92.604
93.448
94.292
95.135
95.553
95.761
95.970
96.812
97.655
98.497
99.340
100.182
101.025
101.867
102.710
103.129
103.549
103.968
104.388
104.807
105.226
105.646
109.416
109.836
110.256
110.675
111.095
111.515
111.934
112.354
112.774
113.193
113.613
114.033
114.452
114.872
115.292
115.711
116.131
116.551
116.970
117.390
117.810
118.229
118.649
119.068
119.488
119.908
120.327
120.747
121.167
121.586
122.006
122.426
122.845
123.265
123.685
124.104
124.524
124.944
125.363
125.783
126.203
126.622
127.042
127.462
127.881
128.301
128.721
129.140
129.560
129.979
130.399
130.819
131.238
131.658
132.078
132.497
132.917
133.337
133.756
134.176
134.596
135.015
135.435
135.855
136.274
136.484
136.694
136.903
137.113
137.322
137.532
137.742
137.951
138.161
138.371
138.580
138.790
139.000
139.209
139.419
139.628
139.838
140.048
140.257
140.467
140.677
140.886
141.096
141.306
141.515
141.725
141.934
142.144
142.354
142.563
142.773
142.983
143.192
143.402
143.611
143.821
144.031
144.240
144.450
144.660
144.869
145.079
145.289
145.498
145.708
145.917
146.127
146.337
146.546
146.756
146.966
147.175
147.385
147.594
147.804
148.014
148.223
148.433
148.643
148.852
149.062
149.272
149.481
149.691
149.900
150.110
150.320
150.529
150.739
150.949
151.158
151.368
151.578
151.787
151.997
152.206
152.416
152.626
152.835
153.045
153.255
153.464
153.674
153.883
154.093
154.303
154.512
154.722
154.932
155.141
155.351
155.561
155.770
155.980
156.189
156.399
156.609
156.818
157.028
157.238
157.447
157.657
157.866
158.076
158.286
158.495
158.705
158.915
159.124
159.334
159.544
159.753
159.963
160.172
160.382
160.592
160.801
161.011
161.221
161.430
161.640
161.850
162.059
162.269
162.478
162.688
162.898
176.583
177.420
178.256
179.092
179.929
180.765
181.601
182.437
183.274
184.110
184.946
185.782
186.619
187.455
188.291
189.127
189.964
190.383
190.802
191.222
191.641
192.061
192.480
192.900
193.319
193.739
194.158
194.578
194.997
195.417
195.836
196.256
196.675
197.095
197.514
197.934
198.353
198.773
199.192
199.611
200.031
200.450
200.870
201.289
201.709
202.128
202.548
202.967
203.387
203.806
204.226
204.645
205.065
205.484
205.904
206.323
206.743
207.162
207.581
208.001
208.420
208.840
209.259
209.679
210.098
210.518
210.937
211.357
211.776
212.196
212.615
213.035
213.454
213.874
214.293
214.713
215.132
215.551
215.971
216.390
216.810
217.229
217.649
218.068
218.488
218.907
219.327
219.746
220.166
220.585
221.005
221.424
221.844
222.263
222.683
223.102
223.522
223.941
224.360
224.780
225.199
225.619
226.038
226.458
226.877
227.297
227.716
228.136
228.555
228.975
229.394
229.814
230.165
230.375
230.585
231.005
231.215
231.425
231.845
232.055
232.265
232.685
232.895
233.105
233.524
233.734
233.944
234.364
234.574
234.784
235.204
235.414
235.624
236.044
236.254
236.464
236.884
237.094
237.304
237.724
237.934
238.144
238.564
238.774
238.984
239.404
239.614
239.824
240.244
240.454
240.664
241.084
241.294
241.504
241.924
242.133
242.343
242.763
242.973
243.183
244.418
244.627
244.837
245.256
245.465
245.675
246.093
246.303
246.512
246.931
247.141
247.350
247.769
247.978
248.188
248.607
248.816
249.025
249.444
249.654
249.863
250.282
250.491
250.701
251.120
251.329
251.539
251.957
252.167
252.376
252.795
253.005
253.214
253.633
253.842
254.052
254.471
254.680
254.889
255.308
255.518
255.727
256.146
256.355
256.565
257.086
257.506
257.927
258.347
258.768
259.188
259.608
260.029
260.449
260.869
261.290
261.710
262.131
262.551
262.971
263.392
263.812
264.233
264.653
265.073
265.494
265.914
266.334
266.755
267.175
267.596
268.016
268.436
268.857
269.277
269.698
270.118
270.538
270.959
271.379
271.799
272.220
272.640
273.061
273.481
273.901
274.322
274.742
275.163
275.583
276.003
276.424
276.844
277.264
277.685
278.105
278.526
278.946
279.366
279.787
280.207
280.628
281.048
281.468
281.889
283.943
284.364
284.784
285.205
285.625
286.046
286.466
286.887
287.307
287.728
288.148
288.569
288.989
289.410
289.830
290.251
290.671
291.092
291.512
291.933
292.353
292.774
293.194
293.615
294.035
294.456
294.876
295.297
295.717
296.138
296.558
296.979
297.371
297.581
297.791
298.211
298.421
298.631
299.051
299.261
299.471
299.892
300.102
300.312
300.732
300.942
301.152
301.572
301.782
301.992
302.412
302.622
302.832
303.252
303.463
303.673
304.093
304.303
304.513
304.933
305.143
305.353
305.773
305.983
306.193
306.613
306.823
307.034
307.454
307.664
307.874
308.294
308.504
308.714
309.134
309.344
309.554
309.974
310.184
310.394
310.814
311.233
311.652
312.072
312.491
312.910
313.330
313.749
314.168
314.587
315.007
315.426
315.845
316.265
316.684
317.103
317.522
317.942
318.361
318.780
319.200
319.619
320.038
320.457
320.877
321.296
321.715
322.135
322.554
322.973
323.392
323.812
324.231
324.441
324.651
324.861
325.071
325.282
325.492
325.702
325.912
326.122
326.332
326.542
326.752
326.963
327.173
327.383
327.593
327.803
328.013
328.223
328.433
328.644
328.854
329.064
329.274
329.484
329.694
329.904
330.114
330.325
330.535
330.745
330.955
331.165
331.375
331.585
331.795
332.006
332.216
332.426
332.636
332.846
333.056
333.266
333.476
333.687
333.897
334.107
334.317
334.527
334.737
334.947
335.157
335.368
335.578
335.788
335.998
336.208
336.418
336.628
336.838
337.049
337.259
337.469
350.791
351.001
351.212
351.423
351.633
351.844
352.055
352.265
352.476
352.686
352.897
353.108
353.318
353.529
353.739
353.950
354.161
354.371
354.582
354.792
355.003
355.214
355.424
355.635
355.846
356.056
356.267
356.477
356.688
356.899
357.109
357.320
357.530
357.741
357.952
358.162
358.373
358.584
358.794
359.005
359.215
359.426
359.637
359.847
360.058
360.268
360.479
360.690
360.900
361.111
361.321
361.532
361.743
361.953
362.164
362.375
362.585
362.796
363.006
363.217
363.428
363.638
363.849
364.059
364.270
364.481
364.872
365.292
365.712
366.133
366.553
366.974
367.394
367.815
368.235
368.655
369.076
369.496
369.917
370.337
370.757
371.178
371.598
372.019
372.439
372.860
373.280
373.700
374.121
374.541
374.962
375.382
375.803
376.223
376.643
377.064
377.484
377.885
378.094
378.304
378.409
378.723
378.933
379.142
379.247
379.561
379.771
379.980
380.085
380.400
380.609
380.819
380.924
381.238
381.448
381.657
381.762
382.076
382.286
382.495
382.600
382.915
383.124
383.334
383.439
383.753
383.963
384.172
384.277
384.591
384.801
385.010
385.115
385.430
385.639
385.849
385.954
386.268
386.478
386.687
386.792
387.106
387.316
387.525
387.630
387.945
388.154
388.364
388.469
388.783
388.993
389.202
389.307
389.621
389.831
390.040
390.145
390.460
390.669
390.879
390.984
391.298
391.718
392.138
392.558
392.978
393.398
393.818
394.238
394.658
395.079
395.499
395.919
396.339
396.759
397.179
397.599
398.019
398.439
398.859
399.279
399.699
400.119
400.539
400.959
401.379
401.800
402.220
402.640
403.060
403.480
403.900
404.320
404.740
405.160
405.580
406.000
406.420
406.840
407.260
407.680
408.100
408.521
408.941
409.361
409.781
410.201
410.621
411.041
411.461
411.881
412.301
412.721
413.141
413.561
413.981
414.401
414.777
414.988
415.198
415.409
415.620
415.831
416.041
416.252
416.463
416.674
416.884
417.095
417.306
417.517
417.727
417.938
418.149
418.559
418.979
419.400
419.821
420.241
420.662
421.083
421.503
421.924
422.344
422.765
423.186
423.606
424.027
424.448
424.868
425.289
425.710
426.130
426.551
426.972
427.392
427.813
428.234
428.654
429.075
429.496
429.916
430.337
430.758
431.178
431.599
432.020
432.440
432.861
433.282
433.702
434.123
434.544
434.964
435.385
435.806
436.226
436.647
437.068
437.488
437.909
438.330
438.750
439.171
439.591
440.012
440.433
440.853
441.274
441.695
442.115
442.325
442.534
442.744
442.953
443.372
443.790
444.000
444.209
444.419
444.628
445.047
445.465
445.675
445.884
446.094
446.303
446.722
447.140
447.350
447.559
447.769
447.978
448.397
448.815
449.025
449.234
449.444
449.653
450.072
450.490
450.700
450.909
451.119
451.328
451.747
452.165
452.375
452.584
452.794
453.003
453.422
453.840
454.050
454.259
454.469
454.678
455.097
455.515
455.725
455.934
456.144
456.353
456.772
457.190
457.400
457.609
457.819
458.028
458.447
458.867
459.286
459.706
460.125
460.545
460.964
461.384
461.803
462.222
462.642
463.061
463.481
463.900
464.320
464.739
465.159
465.578
465.997
466.417
466.836
467.256
467.675
468.095
468.514
468.934
469.353
469.772
470.192
470.611
471.031
471.450
471.870
472.289
472.709
473.128
473.547
473.967
474.386
474.806
475.225
475.645
476.064
476.484
476.903
477.322
477.742
478.161
478.581
479.000
479.420
479.839
480.259
480.678
481.097
481.517
481.936
482.356
482.775
483.195
483.614
484.034
484.453
484.872
485.292
485.502
485.712
485.922
486.132
486.342
486.551
486.761
486.971
487.181
487.391
487.601
487.811
488.021
488.231
488.441
488.651
488.861
489.070
489.280
489.490
489.700
489.910
490.120
490.330
490.540
490.750
490.960
491.170
491.380
491.590
491.799
492.009
492.219
492.429
492.639
492.849
493.059
493.269
493.479
493.689
493.899
494.109
494.319
494.528
494.738
494.948
495.158
495.368
495.578
495.788
495.998
496.208
496.418
496.628
496.838
497.047
497.257
497.467
497.677
497.887
498.097
498.307
498.517
498.727
498.937
499.147
499.357
499.567
499.776
499.986
500.196
500.406
500.616
500.826
501.036
501.246
501.456
501.666
501.876
502.086
502.295
502.505
502.715
502.925
503.135
503.345
503.555
503.765
503.975
504.185
504.395
504.605
504.815
505.024
505.234
505.444
505.654
505.864
506.074
506.284
506.494
506.704
506.914
507.124
507.334
507.544
507.753
507.963
508.173
508.383
508.593
508.803
509.013
509.223
509.433
509.643
509.853
510.063
510.272
510.482
510.692
510.902
511.112
511.322
511.532
511.742
511.952
514.688
515.526
516.365
517.203
518.041
518.880
519.718
520.556
521.395
523.063
524.731
526.400
528.068
531.438
