28.553
29.030
29.507
29.984
30.460
30.937
31.414
31.891
32.367
32.844
33.321
33.798
34.274
34.751
35.228
35.705
36.181
36.658
37.135
37.612
38.088
38.565
39.042
39.519
39.995
40.472
40.949
41.426
41.902
42.379
42.856
43.333
43.809
44.286
44.763
45.240
45.716
46.193
46.670
47.147
47.623
48.100
48.577
49.054
49.530
50.007
50.484
50.961
51.437
51.914
52.391
52.868
53.344
53.821
54.298
54.775
55.251
55.728
56.205
56.682
56.932
57.182
57.641
58.141
58.600
58.850
59.059
59.560
60.018
60.519
60.727
60.978
61.436
61.937
62.396
62.646
62.896
63.355
63.855
64.314
64.565
64.815
65.274
65.732
66.233
66.483
66.692
67.192
67.651
68.110
68.360
68.610
69.069
69.570
70.028
70.269
70.509
70.988
71.446
71.697
71.947
72.197
72.406
72.906
73.365
73.615
73.865
74.074
74.324
74.783
75.284
75.534
75.742
75.993
76.243
76.702
77.202
77.411
77.661
77.911
78.120
78.620
79.079
79.329
79.579
79.788
80.038
80.539
80.998
81.248
81.456
81.707
81.957
82.416
82.916
83.125
83.375
83.625
83.875
84.334
84.793
85.043
85.294
85.544
85.799
86.253
86.962
87.212
87.421
87.671
88.130
88.880
89.089
89.339
89.590
90.048
90.757
91.008
91.258
91.466
91.967
92.676
92.926
93.135
93.385
93.885
94.595
94.803
95.053
95.304
95.762
96.471
96.736
97.000
97.264
97.681
98.140
98.640
99.099
99.599
100.058
100.559
101.018
101.476
101.977
102.436
102.936
103.395
103.870
104.346
104.821
105.297
105.772
106.273
106.481
106.732
107.232
107.691
108.150
108.400
108.650
109.109
109.610
110.068
110.319
110.527
111.028
111.486
111.987
112.195
112.446
112.946
113.405
113.864
114.114
114.364
114.823
115.324
115.782
116.033
116.283
116.742
117.200
117.701
117.951
118.160
118.660
119.119
119.619
120.127
120.353
120.579
121.038
121.288
121.496
121.997
122.247
122.456
122.956
123.165
123.415
123.915
124.124
124.374
124.833
125.083
125.334
125.792
126.043
126.293
126.752
127.002
127.210
127.711
127.961
128.170
128.670
128.879
129.129
129.630
129.838
130.088
130.547
130.797
131.048
131.531
131.757
132.007
132.466
132.966
133.425
133.675
133.884
134.384
134.843
135.344
135.552
135.802
136.303
136.762
137.220
137.471
137.721
138.180
138.680
139.139
139.389
139.639
140.098
140.557
141.058
141.308
141.516
142.017
142.476
142.976
143.185
143.435
143.935
144.394
144.853
145.103
146.801
147.039
147.277
147.515
147.753
147.991
148.229
148.467
148.705
148.944
149.182
149.420
149.658
149.896
150.134
150.372
150.610
150.848
151.086
151.324
151.562
151.800
152.038
152.276
152.514
152.752
152.990
153.228
153.466
153.705
153.943
154.181
154.419
154.657
154.895
155.133
155.371
155.609
155.847
156.085
156.323
156.561
156.799
157.037
157.275
157.513
157.751
157.989
158.227
158.466
158.704
158.942
159.180
159.418
159.656
159.894
160.132
160.370
160.608
160.846
161.084
161.322
161.560
161.798
162.036
162.496
162.996
163.455
163.914
164.414
164.873
165.374
165.832
166.333
166.792
167.250
167.751
168.210
168.710
169.169
169.669
170.128
170.587
171.088
171.546
172.047
172.506
172.964
173.465
173.924
174.424
174.883
175.384
175.842
176.318
176.793
177.269
177.744
178.220
178.720
178.929
179.179
179.679
180.138
180.597
180.847
181.098
181.556
182.057
182.516
182.766
183.016
183.475
183.934
184.434
184.685
184.893
185.394
185.852
186.353
186.561
186.812
187.270
187.771
188.230
188.709
188.939
189.189
189.690
190.148
190.607
190.857
191.108
191.566
192.067
192.526
192.776
193.026
193.485
193.944
194.444
194.694
194.903
195.404
195.862
196.321
196.571
196.822
197.280
197.781
198.240
198.490
198.740
199.199
199.700
200.158
200.409
200.617
201.118
201.576
202.077
202.285
203.991
204.229
204.467
204.705
204.943
205.181
205.419
205.657
205.895
206.133
206.371
206.609
206.848
207.086
207.324
207.562
207.800
208.038
208.276
208.514
208.752
208.990
209.228
209.466
209.704
209.942
210.181
210.419
210.657
210.895
211.133
211.371
211.609
211.847
212.085
212.323
212.561
212.799
213.037
213.275
213.513
213.752
213.990
214.228
214.466
214.704
214.942
215.180
215.418
215.656
215.894
216.132
216.370
216.608
216.846
217.085
217.323
217.561
217.799
218.037
218.275
218.513
218.751
218.989
219.227
219.678
220.178
220.637
221.138
221.596
222.097
222.556
223.014
223.515
223.974
224.474
224.933
225.434
225.892
226.351
226.852
227.310
227.811
228.270
228.770
229.229
229.688
230.188
230.647
231.148
231.606
232.065
232.566
233.024
233.525
233.994
234.463
234.933
235.402
235.902
236.153
236.361
236.862
237.320
237.821
238.029
238.280
238.780
239.239
239.698
239.948
240.198
240.657
241.158
241.616
241.867
242.117
242.576
243.034
243.535
243.785
243.994
244.494
244.953
245.454
245.683
245.912
246.142
246.371
246.872
247.330
247.831
248.039
248.290
248.790
249.249
249.708
249.958
250.208
250.667
251.168
251.626
251.877
252.085
252.586
253.044
253.545
253.754
254.004
254.504
254.963
255.422
255.672
255.922
256.381
256.882
257.349
259.259
261.178
263.054
264.973
266.892
268.769
270.687
272.598
273.064
273.315
273.565
273.774
274.024
274.274
274.524
274.733
274.983
275.233
275.442
275.692
275.942
276.193
276.401
276.902
277.110
277.360
277.611
277.861
278.069
278.320
278.570
278.778
279.029
279.279
279.529
279.738
279.988
280.238
280.697
280.947
281.198
281.406
281.656
281.907
282.115
282.365
282.616
282.866
283.074
283.325
283.575
283.825
284.034
284.534
284.743
284.993
285.243
285.452
285.702
285.952
286.203
286.411
286.661
286.912
287.120
287.370
287.621
287.871
288.330
288.580
288.789
289.039
289.289
289.539
289.748
289.998
290.248
290.457
290.707
290.957
291.208
291.416
291.666
292.125
292.375
292.626
292.876
293.084
293.335
293.585
293.793
294.044
294.294
294.544
294.753
295.003
295.253
295.462
295.962
296.213
296.421
296.671
296.922
297.130
297.380
297.631
297.881
298.089
298.340
298.590
298.799
299.049
299.299
299.758
300.008
300.258
300.467
300.717
300.967
301.218
301.426
301.676
301.927
302.135
302.385
302.636
302.886
303.148
303.595
304.095
304.596
305.096
305.639
306.223
306.765
307.390
307.974
308.600
309.267
309.935
310.644
311.353
312.103
312.896
313.730
314.523
315.357
316.149
316.983
317.776
318.610
319.402
320.237
321.029
321.863
322.656
323.490
324.282
325.077
325.492
325.909
326.326
326.743
327.118
327.536
327.953
328.328
328.745
329.162
329.579
329.996
330.372
330.789
331.206
331.581
331.998
332.415
332.832
333.208
333.625
334.042
334.459
334.835
335.252
335.669
336.086
336.461
336.878
337.295
337.712
338.088
338.505
338.922
339.339
339.714
340.131
340.549
341.338
341.550
341.758
341.967
342.175
342.592
342.968
343.385
343.802
344.219
344.594
345.011
345.428
345.846
346.221
346.638
347.055
347.472
347.847
348.265
348.682
349.099
349.474
349.891
350.308
350.725
351.101
351.518
351.935
352.352
352.727
353.144
353.562
354.359
354.563
354.771
354.980
355.188
355.564
355.981
356.398
356.815
357.190
357.607
358.024
358.441
358.817
359.234
359.651
360.068
360.892
361.069
361.278
361.486
361.695
362.070
362.487
362.904
363.321
363.697
364.114
364.531
364.948
365.323
365.740
366.157
366.575
366.950
367.367
367.784
368.201
368.577
368.994
369.411
369.828
370.203
370.620
371.037
371.413
371.830
372.247
372.664
373.039
373.456
373.874
374.291
374.666
375.083
375.500
375.917
376.293
376.710
377.127
377.544
377.919
378.336
378.753
379.170
379.546
379.963
380.380
380.797
381.172
381.590
382.007
382.424
382.799
383.216
383.633
384.050
384.426
384.843
385.260
385.677
386.052
386.469
386.886
387.304
387.679
388.096
388.513
388.930
389.337
389.744
390.150
390.557
390.963
391.370
391.777
392.183
392.559
392.976
393.393
393.581
393.768
394.185
394.603
395.020
395.395
395.812
396.229
396.646
396.834
397.022
397.439
397.856
398.273
398.648
399.065
399.482
399.900
400.087
400.275
400.692
401.109
401.526
401.901
402.319
402.736
403.153
403.340
403.528
403.945
404.362
404.779
405.155
405.572
405.989
406.406
406.594
406.781
407.198
407.616
408.033
408.408
408.825
409.242
409.659
409.847
410.035
410.452
410.869
411.286
411.661
412.078
412.495
412.912
413.100
413.288
413.705
414.122
414.539
414.915
415.332
415.749
416.124
416.333
416.541
416.946
417.167
417.375
417.751
418.168
418.585
419.002
419.377
419.586
419.794
420.211
420.420
420.629
421.004
421.421
421.838
422.255
422.631
422.839
423.048
423.465
423.673
423.882
424.257
424.674
425.091
425.508
425.884
426.092
426.301
426.718
426.927
427.135
427.510
427.927
428.358
428.762
429.137
429.346
429.554
429.971
430.388
430.764
430.972
431.181
431.598
432.015
432.390
432.599
432.807
433.224
433.642
434.017
434.225
434.434
434.851
435.226
435.644
435.852
436.061
436.478
436.853
437.270
437.479
437.687
438.104
438.480
438.897
439.105
439.314
439.731
440.106
440.523
440.732
440.941
441.381
441.557
441.733
442.150
442.359
442.567
442.984
443.360
443.777
444.194
444.611
444.799
444.986
445.403
445.612
445.820
446.237
446.613
447.030
447.447
447.864
448.052
448.239
448.657
448.865
449.074
449.491
449.866
450.283
450.700
451.076
451.284
451.493
451.910
452.118
452.327
452.702
453.119
453.536
453.954
454.329
454.537
454.746
455.163
455.372
455.580
455.956
456.373
456.790
457.207
457.582
457.791
457.999
458.416
458.625
458.833
459.209
459.626
460.043
460.460
460.835
461.044
461.252
461.670
461.878
462.087
462.462
462.879
463.296
463.713
464.089
464.297
464.506
464.923
465.131
465.340
465.715
466.132
466.549
466.967
467.376
468.176
468.969
469.803
470.595
471.429
472.222
473.056
473.848
474.683
475.475
476.309
477.102
477.936
478.728
479.562
480.357
480.560
480.764
480.967
481.171
481.374
481.578
481.781
481.985
482.188
482.391
482.595
482.798
483.002
483.205
483.409
483.612
483.816
484.019
484.222
484.426
484.629
484.833
485.036
485.240
485.443
485.646
485.850
486.053
486.257
486.460
486.664
486.867
487.071
487.274
487.477
487.681
487.884
488.088
488.291
488.495
488.698
488.902
489.105
489.308
489.512
489.715
489.919
490.122
490.326
490.529
490.732
490.936
491.139
491.343
491.546
491.750
491.953
492.157
492.360
492.563
492.767
492.970
493.174
493.377
496.621
499.874
503.128
506.381
509.634
512.887
516.141
519.410
521.021
522.647
524.274
525.895
526.693
527.527
528.319
529.154
529.946
530.780
531.573
532.407
533.199
534.034
534.826
535.646
535.849
536.052
536.256
536.459
536.662
536.866
537.069
537.272
537.476
537.679
537.882
538.086
538.289
538.492
538.696
538.899
539.102
539.306
539.509
539.712
539.916
540.119
540.322
540.526
540.729
540.933
541.136
541.339
541.543
541.746
541.949
542.153
542.356
542.559
542.763
542.966
543.169
543.373
543.576
543.779
543.983
544.186
544.389
544.593
544.796
544.999
545.203
545.406
545.609
545.813
546.016
546.219
546.423
546.626
546.830
547.033
547.236
547.440
547.643
547.846
548.050
548.253
548.456
548.660
548.863
549.066
549.270
549.473
549.676
549.880
550.083
550.286
550.490
550.693
550.896
551.100
551.303
551.506
551.710
551.913
552.117
552.320
552.523
552.727
552.930
553.133
553.337
553.540
553.743
553.947
554.150
554.353
554.557
554.760
554.963
555.167
555.370
555.573
555.777
555.980
556.183
556.387
556.590
556.793
556.997
557.200
557.403
557.607
557.810
558.014
558.217
558.420
558.624
558.827
559.030
559.234
559.437
559.640
559.844
560.047
560.250
560.454
560.657
560.860
561.064
561.267
561.470
561.674
562.062
562.479
562.854
563.271
563.688
564.105
564.481
564.898
565.315
565.732
566.107
566.524
566.941
567.358
567.734
568.151
568.568
568.985
569.360
569.778
570.195
570.570
570.987
571.404
571.821
572.197
572.614
573.031
573.448
573.823
574.240
574.657
575.074
575.492
575.867
576.284
576.701
577.076
577.494
577.911
578.328
578.703
579.120
579.537
579.954
580.330
580.747
581.164
581.581
581.956
582.373
582.791
583.208
583.583
584.000
584.417
584.834
585.210
585.627
586.044
586.461
586.847
587.050
587.254
587.457
587.660
587.864
588.067
588.270
588.473
588.677
588.880
589.083
589.287
589.490
589.693
589.897
590.100
590.303
590.507
590.710
590.913
591.117
591.320
591.523
591.727
591.930
592.133
592.336
592.540
592.743
592.946
593.150
593.353
593.556
593.760
593.963
594.166
594.370
594.573
594.776
594.980
595.183
595.386
595.590
595.793
595.996
596.199
596.403
596.606
596.809
597.013
597.216
597.419
597.623
597.826
598.029
598.233
598.436
598.639
598.843
599.046
599.249
599.453
599.656
599.859
600.062
600.266
600.469
600.672
600.876
601.079
601.282
601.486
601.689
601.892
602.096
602.299
602.502
602.706
602.909
603.112
603.315
603.519
603.722
603.925
604.129
604.332
604.535
604.739
604.942
605.145
605.349
605.552
605.755
605.959
606.162
606.365
606.569
606.772
606.975
607.178
607.382
607.585
607.788
607.992
608.195
608.398
608.602
608.805
609.008
609.212
609.415
609.618
609.822
610.025
610.228
610.432
610.635
610.838
611.041
611.245
611.448
611.651
611.855
612.058
612.261
612.465
612.668
612.871
613.279
613.655
614.072
614.489
614.906
615.281
615.698
616.116
616.533
616.908
617.325
617.742
618.159
618.535
618.952
619.369
619.786
620.161
620.578
620.995
621.412
621.788
622.205
622.622
623.039
623.414
623.832
624.249
624.666
625.041
625.458
625.883
626.668
627.502
628.294
629.128
629.921
630.755
631.548
632.382
633.174
634.008
634.801
635.635
636.427
637.262
