98.885
99.516
100.148
100.780
101.411
102.043
102.675
103.307
103.938
104.570
105.202
105.833
106.465
107.097
107.728
108.360
108.992
109.624
110.255
110.887
111.203
111.519
112.150
112.782
113.414
113.730
114.045
114.677
115.309
115.940
116.256
116.572
117.204
117.836
118.467
118.783
119.099
119.731
120.362
120.994
121.310
121.626
122.257
122.889
123.521
123.837
124.153
124.784
125.416
126.048
126.363
126.679
127.311
127.943
128.574
128.890
129.206
129.522
129.838
130.154
130.469
130.785
131.101
131.733
132.049
132.365
132.680
132.996
133.312
133.628
134.260
134.576
134.891
135.207
135.523
135.839
136.155
136.786
137.102
137.418
137.734
138.050
138.366
138.682
139.313
139.629
139.945
140.261
140.577
140.892
141.208
141.840
142.156
142.472
142.788
143.103
143.419
143.735
144.367
144.683
144.999
145.314
145.630
145.946
146.262
146.894
147.209
147.525
147.841
148.157
148.473
148.789
149.420
150.684
151.947
153.211
154.474
155.737
157.001
158.264
159.528
160.791
162.054
163.318
164.581
165.844
167.108
168.371
169.635
169.951
170.266
170.582
170.898
171.214
171.530
172.161
172.477
172.793
173.109
173.425
173.741
174.057
174.688
175.004
175.320
175.636
175.952
176.267
176.583
177.215
177.531
177.847
178.163
178.478
178.794
179.110
179.742
180.058
180.374
180.689
181.005
181.321
181.637
182.269
182.584
182.900
183.216
183.532
183.848
184.164
184.795
185.111
185.427
185.743
186.059
186.375
186.690
187.322
187.638
187.954
188.270
188.586
188.901
189.217
189.849
190.165
190.481
190.796
191.112
191.428
191.744
192.060
192.376
192.692
193.007
193.323
193.639
193.955
194.271
194.587
194.903
195.218
195.534
195.850
196.166
196.482
196.798
197.113
197.429
197.745
198.061
198.377
198.693
199.009
199.324
199.640
199.956
200.272
200.588
200.904
201.219
201.535
201.851
202.167
202.483
202.799
203.115
203.430
203.746
204.062
204.378
204.694
205.010
205.326
205.641
205.957
206.273
206.589
206.905
207.221
207.536
207.852
208.168
208.484
208.800
209.116
209.432
209.747
210.063
210.695
211.327
211.958
212.590
213.222
213.853
214.485
215.117
215.749
216.380
217.012
217.644
218.275
218.907
219.539
220.170
220.802
221.434
222.065
222.697
223.329
223.961
224.592
225.224
225.856
226.487
227.119
227.751
228.382
229.014
229.646
230.278
230.909
231.541
232.173
232.804
233.436
234.068
234.699
235.331
235.963
236.594
237.226
237.858
238.490
239.121
239.753
240.385
241.635
242.868
244.085
245.301
246.485
247.651
248.818
249.968
251.085
252.201
253.301
254.401
255.485
256.535
257.585
258.618
259.135
259.652
260.687
261.204
261.721
262.756
263.273
263.790
264.825
265.342
265.859
266.894
267.411
267.928
268.962
269.480
269.997
271.031
271.549
272.066
273.100
273.617
274.135
275.169
275.686
276.204
277.238
277.755
278.273
279.307
279.824
280.341
281.376
281.893
282.410
283.445
283.962
284.479
285.514
286.031
286.548
287.583
288.100
288.617
289.651
290.169
290.686
291.720
292.238
292.755
293.272
293.789
294.306
294.824
295.341
295.858
296.375
296.893
297.410
297.927
298.444
298.961
299.479
299.996
300.513
301.030
301.548
302.065
302.582
303.099
303.616
304.134
304.651
305.168
305.685
306.203
306.720
307.237
307.754
308.272
308.530
308.789
309.306
309.565
309.823
310.340
310.599
310.858
311.375
311.633
311.892
312.409
312.668
312.927
313.444
313.702
313.961
314.478
314.737
314.995
315.513
315.771
316.030
316.547
316.806
317.064
317.582
317.840
318.099
318.616
318.875
319.133
319.650
319.909
320.168
320.685
320.943
321.202
321.719
321.978
322.237
322.754
323.012
323.271
323.788
324.047
324.305
324.823
325.081
325.340
325.857
326.116
326.374
326.892
327.150
327.409
327.926
328.185
328.443
328.960
329.219
329.478
329.995
330.254
330.512
331.029
331.288
331.547
332.064
332.322
332.581
333.098
333.357
333.615
334.133
334.391
334.650
335.167
335.426
335.684
336.202
336.460
336.719
337.236
337.495
337.753
338.270
338.529
338.788
339.305
339.564
339.822
340.339
340.598
340.857
341.374
341.891
342.150
342.408
342.667
342.926
343.184
343.443
343.960
344.219
344.477
344.736
344.994
345.253
345.512
346.029
346.287
346.546
346.805
347.063
347.322
347.581
348.098
348.356
348.615
348.874
349.132
349.391
349.649
350.167
350.425
350.684
350.942
351.201
351.460
351.718
352.236
352.494
352.753
353.011
353.270
353.529
353.787
354.304
354.563
354.822
355.080
355.339
355.598
355.856
356.373
356.632
356.891
357.149
357.408
357.666
357.925
358.442
358.701
358.959
359.218
359.477
359.735
359.994
360.511
360.770
361.028
361.287
361.546
361.804
362.063
362.580
362.839
363.097
363.356
363.614
363.873
364.132
364.649
364.908
365.166
365.425
365.683
365.942
366.201
366.718
366.976
367.235
367.494
367.752
368.011
368.269
368.787
369.045
369.304
369.563
369.821
370.080
370.338
370.856
371.114
371.373
371.631
371.890
372.149
372.407
372.925
373.183
373.442
373.700
373.959
374.218
382.752
383.786
384.821
385.855
386.890
387.924
388.958
389.993
391.027
392.062
393.096
394.131
395.165
396.200
397.234
398.268
399.303
400.337
401.372
402.406
403.441
404.475
405.510
406.544
407.579
408.613
409.647
410.682
411.716
412.751
413.785
414.820
415.854
416.371
416.889
417.406
417.923
418.440
418.957
419.475
419.992
420.509
421.026
421.544
422.061
422.578
423.095
423.612
424.130
424.647
425.164
425.681
426.199
426.716
427.233
427.750
428.267
428.785
429.302
429.819
430.336
430.854
431.371
431.888
432.405
432.922
433.440
433.957
434.474
434.991
435.509
436.026
436.543
437.060
437.578
438.095
438.612
439.129
439.646
440.164
440.681
441.198
441.715
442.233
442.750
443.267
443.784
444.301
444.819
445.336
445.853
446.370
446.888
447.405
447.922
448.439
448.956
449.474
449.991
450.508
451.025
451.543
452.060
452.577
453.094
453.611
454.129
454.646
455.163
455.680
456.198
456.715
457.232
457.749
458.266
458.784
459.301
459.818
460.335
460.853
461.370
461.887
462.404
462.921
463.439
463.956
464.473
464.990
465.508
465.637
465.766
465.896
466.025
466.154
466.283
466.413
466.542
466.801
467.059
467.318
467.576
467.706
467.835
467.964
468.094
468.223
468.352
468.482
468.611
468.870
469.128
469.387
469.645
469.775
469.904
470.033
470.163
470.292
470.421
470.551
470.680
470.938
471.197
471.456
471.714
471.844
471.973
472.102
472.232
472.361
472.490
472.619
472.749
473.007
473.266
473.525
473.783
473.912
474.042
474.171
474.300
474.430
474.559
474.688
474.818
475.076
475.335
475.593
475.852
475.981
476.111
476.240
476.369
476.499
476.628
476.757
476.887
477.145
477.404
477.662
477.921
478.050
478.180
478.309
478.438
478.568
478.697
478.826
478.955
479.214
479.473
479.731
479.990
480.119
480.248
480.378
480.507
480.636
480.766
480.895
481.024
481.283
481.542
481.800
482.059
482.317
482.576
482.835
483.093
483.352
483.610
483.869
484.128
484.386
484.645
484.904
485.162
485.421
485.679
485.938
486.197
486.455
486.714
486.972
487.231
487.490
487.748
488.007
488.265
488.524
488.783
489.041
489.300
489.559
489.817
490.076
490.334
490.593
490.852
491.110
491.369
491.627
491.886
492.145
492.403
492.662
492.920
493.179
493.438
493.696
493.955
494.214
494.472
494.731
494.989
495.248
495.507
495.765
496.024
496.282
496.541
496.800
497.058
497.317
497.575
497.834
498.093
498.351
507.335
509.270
511.206
513.142
515.077
517.013
518.949
520.884
522.820
524.756
526.691
528.627
530.563
532.498
534.434
536.370
538.305
540.241
541.209
542.177
543.144
544.112
545.080
546.048
547.016
547.984
548.951
549.435
549.919
550.403
550.887
551.371
551.855
552.339
552.823
553.307
553.791
554.274
554.758
555.242
555.726
556.210
556.694
556.936
557.178
557.662
557.904
558.146
558.388
558.630
558.872
559.114
559.598
559.839
560.081
560.323
560.565
560.807
561.049
561.533
561.775
562.017
562.259
562.501
562.743
562.985
563.469
563.711
563.953
564.195
564.437
564.679
564.921
565.404
565.646
565.888
566.130
566.372
566.614
566.856
567.340
567.582
567.824
568.066
568.308
568.550
568.792
569.276
569.518
569.760
570.002
570.244
570.486
570.728
570.970
571.211
571.453
571.695
571.937
572.179
572.421
572.663
572.905
573.147
573.389
573.631
573.873
574.115
574.357
574.599
574.841
575.083
575.325
575.567
575.809
576.051
576.293
576.535
576.776
577.018
577.260
577.502
577.744
577.986
578.228
578.470
578.712
578.954
579.196
579.438
579.680
579.922
580.406
580.890
581.374
581.858
582.342
582.825
583.309
583.793
584.277
584.761
585.245
585.729
586.213
586.697
587.181
587.665
588.149
588.632
588.753
588.874
588.995
589.116
589.237
589.358
589.479
589.600
590.084
590.568
591.052
591.536
592.020
592.504
592.625
592.746
592.867
592.988
593.109
593.230
593.351
593.472
593.955
594.439
594.923
595.407
595.891
596.375
596.496
596.617
596.738
596.859
596.980
597.101
597.222
597.343
597.827
598.311
598.795
599.279
599.762
600.246
600.367
600.488
600.609
600.730
600.851
600.972
601.093
601.214
601.698
602.182
602.666
603.150
603.392
603.634
603.876
604.118
604.360
604.602
605.086
605.327
605.569
605.811
606.053
606.295
606.537
607.021
607.263
607.505
607.747
607.989
608.231
608.473
608.957
609.199
609.441
609.683
609.925
610.167
610.409
610.893
611.134
611.376
611.618
611.860
612.102
612.344
612.828
613.070
613.312
613.554
613.796
614.038
614.280
614.764
615.006
615.248
615.490
615.732
615.974
616.216
616.700
616.941
617.183
617.425
617.667
617.909
618.151
634.118
635.086
636.053
637.021
637.989
638.957
639.924
640.892
641.860
642.828
643.795
644.763
645.731
646.699
647.666
648.634
649.602
650.570
651.537
652.505
653.473
654.440
655.408
656.376
657.344
658.311
659.279
660.247
661.215
662.182
663.150
664.118
665.086
666.053
667.021
667.989
668.957
669.924
670.892
671.860
672.828
673.795
674.763
675.247
675.731
676.215
676.698
677.182
677.666
678.150
678.634
679.118
679.602
680.086
680.569
681.053
681.537
682.021
682.505
682.989
683.473
683.956
684.440
684.924
685.408
685.892
686.376
686.860
687.344
687.827
688.311
688.795
689.279
689.763
690.247
690.731
691.215
691.698
692.182
692.666
693.150
693.634
694.118
694.602
695.085
695.569
696.053
696.537
697.021
697.505
697.989
698.473
698.956
699.440
699.924
700.408
700.892
701.376
701.860
702.344
702.827
703.311
703.795
704.279
704.763
705.247
705.731
706.214
706.698
707.182
707.666
707.908
708.150
708.271
708.634
708.876
709.118
709.360
709.602
709.843
710.085
710.206
710.569
710.811
711.053
711.295
711.537
711.779
712.021
712.142
712.505
712.747
712.989
713.231
713.472
713.714
713.956
714.077
714.440
714.682
714.924
715.166
715.408
715.650
715.892
716.013
716.376
716.618
716.860
717.101
717.343
717.585
717.827
717.948
718.311
718.553
718.795
719.037
719.279
719.521
719.763
719.884
720.247
720.489
720.731
720.972
721.214
721.456
721.698
721.940
722.182
722.424
722.666
722.908
723.150
723.392
723.634
723.876
724.118
724.360
724.601
724.843
725.085
725.327
725.569
725.811
726.053
726.295
726.537
726.779
727.021
727.263
727.505
727.747
727.989
728.230
728.472
728.714
728.956
729.198
729.440
729.682
729.924
730.166
730.408
730.650
730.892
731.134
731.376
731.618
731.859
732.101
732.343
732.585
732.827
733.069
733.311
733.553
733.795
734.037
734.279
734.521
734.763
735.005
735.247
735.489
735.730
735.972
736.214
736.456
736.698
736.940
737.182
737.424
737.666
737.908
738.150
738.392
738.634
739.118
739.601
739.722
739.843
739.964
740.085
740.206
740.327
740.448
740.569
741.053
741.537
742.021
742.505
742.988
743.472
743.593
743.714
743.835
743.956
744.077
744.198
744.319
744.440
744.924
745.408
745.892
746.376
746.859
747.343
747.464
747.585
747.706
747.827
747.948
748.069
748.190
748.311
748.795
749.279
749.763
750.247
750.730
751.214
751.335
751.456
751.577
751.698
751.819
751.940
752.061
752.182
752.666
753.150
753.634
754.117
754.359
754.601
754.843
755.085
755.327
755.569
755.811
756.053
756.295
756.537
756.779
757.021
757.263
757.505
757.746
757.988
758.230
758.472
758.714
758.956
759.198
759.440
759.682
759.924
760.166
760.408
760.650
760.892
761.134
761.375
761.617
761.859
762.101
762.343
762.585
762.827
763.069
763.311
763.553
763.795
764.037
764.279
764.521
764.763
765.005
765.246
765.488
765.730
765.972
766.214
766.456
766.698
766.940
767.182
767.424
767.666
767.908
768.150
768.392
768.634
768.875
769.117
769.359
769.601
786.550
787.641
788.732
789.822
790.913
792.004
793.095
794.186
795.277
796.367
797.458
798.549
799.640
800.731
801.821
802.912
804.003
804.548
805.094
805.639
806.185
806.730
807.275
807.821
808.366
808.912
809.457
810.002
810.548
811.093
811.639
812.184
812.730
813.275
813.820
814.366
814.911
815.457
816.002
816.547
817.093
817.638
818.184
818.729
819.274
819.820
820.365
820.911
821.456
821.729
822.001
822.547
822.820
823.092
823.638
823.910
824.183
824.728
825.001
825.274
825.819
826.092
826.365
826.910
827.183
827.456
828.001
828.274
828.546
829.092
829.364
829.637
830.183
830.455
830.728
831.273
831.546
831.819
832.364
832.637
832.910
833.455
833.728
834.000
834.546
834.819
835.091
835.637
835.909
836.182
836.727
837.000
837.273
837.818
838.091
838.364
838.909
839.182
839.454
839.727
840.000
840.273
840.545
841.091
841.363
841.636
841.909
842.181
842.454
842.727
843.272
843.545
843.818
844.090
844.363
844.636
844.909
845.454
845.727
845.999
846.272
846.545
846.817
847.090
847.636
847.908
848.181
848.454
848.726
848.999
849.272
849.817
850.090
850.363
850.635
850.908
851.181
851.453
851.999
852.272
852.544
852.817
853.090
853.362
853.635
854.180
854.453
854.726
854.999
855.271
855.544
855.817
873.817
874.362
874.908
875.453
875.999
876.544
877.090
877.635
878.181
878.726
879.272
879.817
880.363
880.908
881.454
881.999
882.545
883.090
883.635
884.181
884.726
885.272
885.817
886.363
886.908
887.454
887.999
888.545
889.090
889.636
890.181
890.727
891.272
891.409
891.818
891.954
892.363
892.500
892.909
893.045
893.454
893.591
894.000
894.136
894.545
894.682
895.091
895.227
895.636
895.773
896.182
896.318
896.727
896.864
897.273
897.409
897.818
897.955
898.364
898.500
898.909
899.046
899.455
899.591
900.000
900.137
900.546
900.682
901.091
901.228
901.637
901.773
902.182
902.319
902.728
902.864
903.273
903.409
903.819
903.955
904.364
904.500
904.910
905.046
905.455
905.591
906.001
906.137
906.546
906.682
907.092
907.228
907.637
907.773
908.183
908.319
908.728
909.001
909.274
909.546
909.819
910.092
910.364
910.910
911.183
911.455
911.728
912.001
912.274
912.546
913.092
913.365
913.637
913.910
914.183
914.456
914.728
915.274
915.547
915.819
916.092
916.365
916.638
916.910
917.456
917.729
918.001
918.274
918.547
918.820
919.092
919.638
919.911
920.183
920.456
920.729
921.002
921.274
921.820
922.093
922.365
922.638
922.911
923.184
923.456
924.002
924.274
924.547
924.820
925.093
925.365
925.638
926.184
926.456
926.729
927.002
927.275
927.547
927.820
928.093
928.366
928.638
928.911
929.184
929.457
929.729
930.002
930.275
930.548
930.820
931.093
931.366
931.639
931.911
932.184
932.457
932.730
933.002
933.275
933.548
933.821
934.093
934.366
934.639
934.912
935.184
935.457
935.730
936.003
936.275
936.548
936.821
937.094
937.366
937.639
937.912
938.184
938.457
938.730
939.003
939.275
939.548
939.821
940.094
940.366
940.639
940.912
941.185
941.457
941.730
942.003
942.276
942.548
942.821
943.094
943.367
961.100
961.645
962.191
962.736
963.282
963.827
964.373
964.918
965.464
966.009
966.555
967.100
967.646
968.191
968.737
969.282
969.828
970.373
970.919
971.464
972.010
972.555
973.101
973.646
974.192
974.737
975.283
975.828
976.374
976.919
977.465
978.010
978.556
978.828
979.101
979.647
979.919
980.192
980.737
981.010
981.283
981.828
982.101
982.374
982.919
983.192
983.465
984.010
984.283
984.556
985.101
985.374
985.647
986.192
986.465
986.738
987.283
987.556
987.829
988.374
988.647
988.920
989.465
989.738
990.011
990.556
990.829
991.102
991.647
991.920
992.193
992.738
993.011
993.284
993.829
994.102
994.375
994.920
995.193
995.466
996.011
996.284
996.557
996.829
997.102
997.375
997.648
997.920
998.193
998.466
998.739
999.011
999.284
999.557
999.830
1000.102
1000.375
1000.648
1000.920
1001.193
1001.466
1001.739
1002.011
1002.284
1002.557
1002.830
1003.102
1003.375
1003.648
1003.921
1004.193
1004.466
1004.739
1005.012
1005.284
1005.557
1005.830
1006.103
1006.375
1006.648
1006.921
1007.194
1007.466
1007.739
1008.012
1008.285
1008.557
1008.830
1009.103
1009.376
1009.648
1009.921
1010.194
1010.466
1010.739
1011.012
1011.285
1011.557
1011.830
1012.103
1012.376
1012.648
1012.921
1013.194
1013.467
1014.550
1015.637
1016.734
1017.833
1018.933
1020.033
1021.133
1022.234
1023.337
1024.447
1025.553
1026.664
1027.770
1028.884
1030.000
1031.117
1032.233
1033.350
1034.467
1035.587
1036.717
1037.847
1038.970
1040.100
1041.233
1042.367
1043.500
1044.633
1045.767
1046.904
1048.050
1058.318
1060.604
1062.890
1065.176
1067.462
1069.748
1072.034
1074.320
1076.605
1077.177
1077.748
1078.320
1078.891
1079.463
1080.034
1080.606
1081.177
1081.749
1082.320
1082.892
1083.463
1084.035
1084.606
1085.177
1085.749
1086.320
1086.892
1087.463
1088.035
1088.606
1089.178
1089.749
1090.321
1090.892
1091.464
1092.035
1092.607
1093.178
1093.750
1094.321
1094.893
1095.178
1095.464
1095.750
1096.035
1096.321
1096.607
1096.893
1097.178
1097.464
1097.750
1098.036
1098.321
1098.607
1098.893
1099.464
1099.750
1100.036
1100.321
1100.607
1100.893
1101.179
1101.464
1101.750
1102.036
1102.322
1102.607
1102.893
1103.179
1103.465
1104.036
1104.322
1104.608
1104.893
1105.179
1105.465
1105.750
1106.036
1106.322
1106.608
1106.893
1107.179
1107.465
1107.751
1108.036
1108.608
1108.894
1109.179
1109.465
1109.751
1110.036
1110.322
1110.608
1110.894
1111.179
1111.465
1111.751
1112.037
1112.322
1112.608
1113.180
1113.465
1113.751
1114.037
1114.323
1114.608
1114.894
1115.180
1115.465
1115.751
1116.037
1116.323
1116.608
1116.894
1117.180
1117.751
1118.037
1118.323
1118.609
1118.894
1119.180
1119.466
1119.752
1120.037
1120.323
1120.609
1120.894
1121.180
1121.466
1121.752
1136.031
1137.174
1138.316
1139.459
1140.602
1141.745
1142.887
1144.030
1145.173
1146.315
1147.458
1148.601
1149.743
1150.886
1152.029
1153.172
1154.314
1154.886
1155.457
1156.028
1156.600
1157.171
1157.742
1158.314
1158.885
1159.457
1160.028
1160.599
1161.171
1161.742
1162.313
1162.885
1163.456
1164.027
1164.599
1165.170
1165.741
1166.313
1166.884
1167.455
1168.027
1168.598
1169.170
1169.741
1170.312
1170.884
1171.455
1172.026
1172.598
1172.788
1172.979
1173.169
1173.360
1173.550
1173.741
1173.932
1174.122
1174.313
1174.503
1174.694
1174.884
1175.075
1175.265
1175.456
1175.647
1175.837
1176.028
1176.218
1176.409
1176.599
1177.171
1177.362
1177.552
1177.743
1177.933
1178.124
1178.314
1178.505
1178.695
1178.886
1179.077
1179.267
1179.458
1179.648
1179.839
1180.029
1180.220
1180.410
1182.316
1182.507
1182.697
1182.888
1183.078
1183.269
1183.459
1183.650
1183.840
1184.031
1184.222
1184.412
1184.603
1184.793
1184.984
1185.174
1185.365
1185.555
1186.318
1186.508
1186.699
1186.889
1187.080
1187.270
1187.461
1187.652
1187.842
1188.033
1188.223
1188.414
1188.604
1188.795
1188.985
1189.176
1189.367
1189.557
1189.748
1190.031
1190.314
1191.464
1191.607
1191.750
1191.893
1192.035
1192.178
1192.321
1192.464
1192.606
1192.749
1192.892
1193.035
1193.177
1193.320
1193.463
1193.606
1193.748
1193.891
1194.034
1194.177
1194.319
1194.462
1194.605
1194.748
1195.464
1195.607
1195.750
1195.893
1196.037
1196.180
1196.323
1196.466
1196.609
1196.752
1196.895
1197.038
1197.181
1197.324
1197.467
1197.610
1197.753
1197.896
1198.039
1198.182
1198.325
1198.468
1198.612
1198.755
1198.898
1199.181
1199.464
1200.031
1200.174
1200.317
1200.461
1200.604
1200.747
1200.890
1201.033
1201.177
1201.320
1201.463
1201.606
1201.750
1201.893
1202.036
1202.179
1202.322
1202.466
1202.609
1202.752
1202.895
1203.038
1203.182
1203.325
1203.468
1203.611
1203.754
1203.898
1204.598
1204.741
1204.884
1205.027
1205.171
1205.314
1205.457
1205.600
1205.743
1205.887
1206.030
1206.173
1206.316
1206.459
1206.603
1206.746
1206.889
1207.032
1207.175
1207.319
1207.462
1207.605
1207.748
1207.891
1208.035
1208.178
1208.321
1208.464
1230.308
1230.777
1231.246
1231.714
1232.183
1232.652
1233.121
1233.589
1234.058
1234.527
1234.996
1235.464
1235.933
1236.402
1236.871
1237.339
1237.808
1238.277
1238.746
1239.214
1239.683
1240.152
1240.621
1241.089
1241.558
1242.027
1242.496
1242.964
1243.433
1243.902
1244.371
1244.839
1245.308
1247.183
1249.058
1250.933
1252.808
1254.683
1256.558
1258.433
1260.308
1262.183
1264.058
1265.933
1267.808
1269.683
1271.558
1273.433
1275.308
1276.245
1277.183
1278.120
1279.057
1279.995
1280.932
1281.869
1282.807
1283.744
1284.682
1285.619
1286.556
1287.494
1288.431
1289.368
1290.306
1291.243
1292.180
1293.118
1294.055
1294.992
1295.930
1296.867
1297.805
1298.742
1299.679
1300.617
1301.554
1302.491
1305.308
1305.777
1306.245
1306.714
1307.182
1307.651
1308.119
1308.588
1309.057
1309.525
1309.994
1310.462
1310.931
1311.399
1311.868
1312.337
1312.805
1313.274
1313.742
1314.211
1314.679
1315.148
1315.617
1316.085
1316.554
1317.022
1317.491
1317.959
1318.428
1318.897
1319.365
1319.834
1320.302
1320.771
1321.239
1321.708
1321.943
1322.177
1322.646
1323.115
1323.584
1323.819
1324.053
1324.522
1324.991
1325.460
1325.695
1325.929
1326.398
1326.868
1327.337
1327.571
1327.806
1328.275
1328.744
1329.213
1329.447
1329.682
1330.151
1330.620
1331.089
1331.323
1331.558
1332.027
1332.496
1332.965
1333.200
1333.434
1333.903
1334.372
1334.841
1335.075
1335.308
1335.541
1335.775
1336.008
1336.241
1336.475
1336.708
1337.175
1337.409
1337.644
1337.878
1338.113
1338.347
1338.582
1339.051
1339.285
1339.520
1339.754
1339.989
1340.223
1340.458
1340.927
1341.162
1341.396
1341.631
1341.865
1342.100
1342.334
1342.803
1343.038
1343.272
1343.507
1343.741
1343.976
1344.210
1344.679
1344.914
1345.148
1345.383
1345.618
1345.852
1346.087
1346.556
1346.790
1347.025
1347.259
1347.494
1347.728
1347.963
1348.432
1348.666
1348.901
1349.135
1349.370
1349.604
1349.839
1350.306
1350.773
1351.241
1351.708
1351.942
1352.177
1352.646
1353.115
1353.584
1353.818
1354.053
1354.522
1354.991
1355.460
1355.694
1355.929
1356.398
1356.867
1357.336
1357.570
1357.805
1358.274
1358.742
1359.211
1359.446
1359.680
1360.149
1360.618
1361.087
1361.322
1361.556
1362.025
1362.494
1362.963
1363.198
1363.432
1363.901
1364.370
1364.839
1365.074
1365.308
1366.245
1367.183
1368.120
1369.058
1369.995
1370.933
1371.870
1372.808
1373.745
1374.683
1375.620
1376.558
1377.495
1378.433
1379.370
1380.308
1380.777
1381.245
1381.714
1382.183
1382.652
1383.120
1383.589
1384.058
1384.527
1384.995
1385.464
1385.933
1386.402
1386.870
1387.339
1387.808
1388.277
1388.745
1389.214
1389.683
1390.152
1390.620
1391.089
1391.558
1392.027
1392.495
1392.964
1393.433
1393.902
1394.370
1394.839
1395.308
1395.542
1395.777
1396.011
1396.245
1396.480
1396.714
1397.183
1397.417
1397.652
1397.886
1398.120
1398.355
1398.589
1399.058
1399.292
1399.527
1399.761
1399.995
1400.230
1400.464
1400.933
1401.167
1401.402
1401.636
1401.870
1402.105
1402.339
1402.808
1403.042
1403.277
1403.511
1403.745
1403.980
1404.214
1404.683
1404.917
1405.152
1405.386
1405.620
1405.855
1406.089
1406.558
1406.792
1407.027
1407.261
1407.495
1407.730
1407.964
1408.433
1408.667
1408.902
1409.136
1409.370
1409.605
1409.839
1410.308
1410.425
1410.542
1410.660
1410.777
1411.245
1411.363
1411.480
1411.597
1411.714
1412.183
1412.300
1412.417
1412.535
1412.652
1413.120
1413.238
1413.355
1413.472
1413.589
1414.058
1414.175
1414.292
1414.410
1414.527
1414.995
1415.113
1415.230
1415.347
1415.464
1415.933
1416.050
1416.167
1416.285
1416.402
1416.870
1416.988
1417.105
1417.222
1417.339
1417.808
1417.925
1418.042
1418.160
1418.277
1418.745
1418.863
1418.980
1419.097
1419.214
1419.683
1419.800
1419.917
1420.035
1420.152
1420.620
1420.738
1420.855
1420.972
1421.089
1421.558
1421.675
1421.792
1421.910
1422.027
1422.495
1422.613
1422.730
1422.847
1422.964
1423.433
1423.550
1423.667
1423.785
1423.902
1424.370
1424.488
1424.605
1424.722
1424.839
1425.308
1425.542
1425.777
1426.011
1426.245
1426.480
1426.714
1426.949
1427.183
1427.417
1427.652
1427.886
1428.120
1428.355
1428.589
1428.824
1429.058
1429.292
1429.527
1429.761
1429.995
1430.230
1430.464
1430.699
1430.933
1431.167
1431.402
1431.636
1431.870
1432.105
1432.339
1432.574
1432.808
1433.042
1433.277
1433.511
1433.745
1433.980
1434.214
1434.449
1434.683
1434.917
1435.152
1435.386
1435.620
1435.855
1436.089
1436.324
1436.558
1436.792
1437.027
1437.261
1437.495
1437.730
1437.964
1438.199
1438.433
1438.667
1438.902
1439.136
1439.370
1439.605
1439.839
1440.074
1440.308
1440.775
1441.241
1441.476
1441.710
1441.945
1442.179
1442.648
1443.117
1443.351
1443.585
1443.820
1444.054
1444.523
1444.992
1445.226
1445.461
1445.695
1445.930
1446.398
1446.867
1447.102
1447.336
1447.570
1447.805
1448.274
1448.742
1448.977
1449.211
1449.446
1449.680
1450.149
1450.618
1450.852
1451.086
1451.321
1451.555
1452.024
1452.493
1452.727
1452.962
1453.196
1453.431
1453.899
1454.368
1454.603
1454.837
1455.071
1455.306
1455.774
1456.243
1456.712
1457.180
1457.649
1458.117
1458.586
1459.055
1459.523
1459.992
1460.460
1460.929
1461.397
1461.866
1462.335
1462.803
1463.272
1463.740
1464.209
1464.678
1465.146
1465.615
1466.083
1466.552
1467.020
1467.489
1467.958
1468.426
1468.895
1469.363
1469.832
1470.301
1470.769
1471.238
1471.706
1472.175
1472.643
1473.112
1473.581
1474.049
1474.518
1474.986
1475.455
1475.924
1476.392
1476.861
1477.329
1477.798
1478.266
1478.735
1479.204
1479.672
1480.141
1480.609
1481.078
1481.546
1482.015
1482.484
1482.952
1483.421
1483.889
1484.358
1484.825
1485.291
1486.258
1487.208
1488.158
1489.108
