29.279
29.696
30.447
30.948
31.698
32.366
33.367
33.951
34.535
35.202
35.702
36.286
36.870
37.454
38.121
38.789
39.456
40.123
40.541
41.208
41.875
42.459
43.126
43.877
44.628
45.128
45.629
46.213
46.797
51.552
52.052
52.469
53.053
53.554
54.054
54.555
54.972
62.563
63.063
63.730
64.314
64.898
65.399
65.899
66.483
70.070
70.654
71.154
71.738
72.239
72.739
73.240
73.740
74.241
74.741
75.242
75.742
76.159
76.743
77.244
77.744
78.245
78.662
78.996
79.329
79.746
80.163
80.497
80.914
81.331
81.665
81.915
82.165
82.332
82.583
82.833
83.083
83.292
83.458
83.709
83.917
84.084
100.267
100.684
101.018
101.518
102.019
102.436
102.853
103.270
103.770
104.187
104.605
105.105
105.522
105.939
106.356
106.773
107.274
107.691
108.025
108.442
108.859
109.276
109.610
110.027
110.444
110.861
111.361
111.778
112.195
112.696
113.030
113.447
113.864
114.281
115.365
115.866
116.283
116.783
117.284
117.701
118.201
118.702
120.996
121.538
121.955
122.456
123.123
123.624
124.124
124.541
125.042
125.542
125.959
126.460
126.877
127.377
127.961
128.378
128.879
131.048
131.465
131.965
132.466
132.883
133.467
133.884
134.301
134.801
135.385
135.802
136.386
136.887
137.387
137.888
138.388
139.056
139.473
139.890
140.390
140.807
141.308
141.725
142.142
142.643
149.900
150.400
150.901
151.401
151.985
152.402
153.153
153.737
154.321
154.821
155.322
155.906
156.406
156.907
157.491
160.243
160.911
161.578
162.245
162.746
163.246
163.664
164.831
165.332
165.749
166.166
166.583
167.668
168.168
168.669
170.087
170.921
171.505
172.005
172.506
173.006
173.423
173.924
174.341
174.758
175.258
175.759
176.259
176.760
177.260
178.512
178.929
179.346
179.763
180.180
180.597
181.014
181.682
182.265
182.683
185.102
185.936
186.353
186.853
187.354
187.771
188.271
188.939
189.606
190.190
190.774
191.191
191.608
192.025
192.359
192.776
193.193
193.527
193.944
194.361
194.778
195.112
195.529
195.946
196.279
196.697
197.280
197.698
198.115
198.532
198.949
199.449
199.866
200.283
200.701
201.201
201.618
202.119
202.536
203.036
203.453
203.870
204.287
204.705
205.205
205.622
206.039
206.456
206.873
207.374
207.791
208.291
208.709
209.126
209.960
210.377
210.877
211.294
211.795
212.212
212.713
213.130
213.630
213.964
214.381
218.552
218.969
219.386
219.886
220.303
220.721
221.221
221.805
222.139
222.639
223.140
223.473
223.974
224.474
224.891
225.308
225.809
226.059
226.309
226.560
226.893
227.644
228.061
228.562
229.062
230.981
231.481
232.149
232.649
233.567
234.317
234.985
235.569
249.583
250.751
251.334
252.085
252.586
253.044
253.503
254.004
254.463
254.963
255.464
255.922
256.423
256.923
257.424
257.966
258.467
258.967
259.468
259.968
260.469
260.969
261.470
261.970
262.554
263.263
263.805
264.473
265.182
265.807
266.433
267.684
268.101
268.602
269.102
269.603
270.103
270.520
271.021
271.521
275.609
276.276
276.943
277.694
278.361
279.196
279.863
280.530
281.281
281.865
282.199
282.616
283.200
283.700
284.201
284.701
285.202
285.786
286.203
286.620
287.037
287.454
287.871
288.288
288.705
289.122
289.539
289.956
290.373
290.791
291.208
291.625
292.042
292.459
292.876
293.293
293.710
294.127
294.461
294.878
295.253
295.629
295.962
296.379
296.797
297.214
297.631
298.048
298.465
298.882
299.299
299.716
300.133
300.550
300.967
301.384
301.802
302.219
302.636
302.969
303.386
303.804
304.221
304.638
305.055
305.472
305.889
306.306
306.723
307.140
307.557
307.974
308.391
308.809
309.226
309.643
310.060
310.393
310.894
311.311
311.812
312.229
312.646
313.063
313.563
314.064
314.481
314.940
315.398
315.816
316.316
316.817
317.234
317.567
318.068
318.527
318.944
319.402
319.820
320.237
320.654
321.071
321.655
322.072
322.489
322.906
323.323
323.824
324.324
324.825
325.242
325.742
326.159
326.660
327.077
327.494
327.911
328.411
328.829
329.246
329.746
330.330
330.664
330.997
331.498
331.915
332.332
332.833
333.250
333.667
334.084
334.584
335.001
335.418
335.919
336.336
336.837
337.254
337.671
338.088
338.505
339.005
339.422
339.840
340.340
340.841
341.258
341.758
342.175
342.676
343.093
343.510
344.761
345.679
346.012
346.429
346.680
347.013
347.430
347.764
348.098
348.431
348.765
349.182
349.599
349.933
350.350
350.684
351.101
351.434
351.852
352.686
353.019
353.436
353.770
354.187
354.437
354.771
355.105
355.438
355.772
356.273
356.690
357.023
357.357
357.691
358.024
358.358
358.692
358.942
359.276
359.693
360.026
360.360
360.694
361.027
361.361
361.778
362.112
362.445
362.696
363.280
363.613
363.947
364.281
364.614
364.948
365.282
365.615
365.949
366.283
366.533
366.950
367.367
367.784
368.118
368.535
368.952
369.286
369.619
370.036
370.370
370.745
371.121
371.454
371.788
372.122
372.372
372.706
373.039
373.373
373.790
374.124
374.541
375.208
375.625
376.293
376.793
377.127
377.544
378.128
378.628
379.045
379.462
379.880
380.297
380.714
381.131
381.464
381.798
382.215
382.549
382.966
383.300
383.717
384.134
384.467
384.885
385.218
385.635
385.969
386.386
386.803
387.220
387.637
387.971
388.388
388.722
389.055
389.472
389.806
390.140
390.640
391.057
391.391
392.058
392.475
392.809
393.226
393.643
393.977
394.394
394.728
395.228
395.645
395.979
396.396
396.813
397.230
397.564
397.981
398.315
398.648
398.982
399.482
399.900
400.400
400.817
401.234
401.735
402.152
402.569
402.986
403.403
403.820
404.321
404.738
405.238
405.655
406.072
406.573
406.990
407.324
407.741
408.158
408.575
409.075
409.492
409.910
410.410
410.827
411.244
411.745
412.162
412.579
413.246
413.830
414.497
415.248
415.749
416.499
417.167
417.834
418.418
419.002
419.753
420.503
421.171
421.755
422.339
422.839
423.340
424.925
426.676
428.345
429.846
430.347
430.847
431.514
433.433
433.850
434.267
434.684
435.101
435.602
436.019
436.436
436.937
437.437
437.854
438.271
438.688
439.189
439.606
440.023
440.440
440.690
441.024
441.358
441.691
441.942
442.275
442.609
442.943
443.276
443.610
443.944
444.277
444.611
444.945
445.278
445.612
445.946
446.279
446.613
446.905
447.447
447.781
448.114
448.698
449.032
449.282
449.616
449.866
450.200
450.450
450.784
451.034
451.368
451.701
451.952
452.243
452.619
452.869
453.203
453.453
453.703
454.037
454.371
454.621
454.955
455.288
455.622
455.872
456.206
456.539
456.790
457.123
457.374
457.707
457.958
458.291
458.625
458.959
459.292
459.542
459.876
460.210
460.543
460.877
461.211
461.544
461.878
462.212
462.545
462.879
463.213
463.546
463.880
464.214
464.506
464.798
465.048
465.382
465.715
466.049
471.137
472.973
473.640
474.140
474.557
475.558
476.393
476.893
477.310
477.811
478.228
478.728
479.145
479.646
480.063
480.480
480.981
481.398
481.898
482.315
482.816
483.233
483.650
484.067
484.567
485.235
485.652
486.069
486.569
486.987
487.487
489.322
489.739
490.240
490.657
491.157
491.574
492.075
492.492
492.909
493.410
493.827
494.327
494.744
495.161
495.662
496.079
496.496
496.997
497.497
497.914
498.415
498.832
499.332
499.749
500.250
500.667
501.167
501.584
502.002
502.502
502.919
503.420
504.004
504.504
504.921
505.422
505.839
506.339
506.756
507.257
507.674
508.174
508.591
509.092
509.509
509.926
510.427
510.844
511.344
511.761
512.262
512.679
513.096
513.596
514.014
514.514
514.931
515.432
516.182
516.683
517.267
517.767
518.435
518.935
519.519
520.103
520.770
521.354
521.938
522.439
522.772
523.273
523.773
524.357
524.858
525.358
525.859
526.443
526.943
527.527
528.028
528.528
529.029
529.612
530.113
530.697
531.281
531.781
532.282
532.782
533.366
533.867
534.451
534.951
535.452
536.036
536.536
537.037
537.537
538.204
538.788
539.289
539.789
540.373
540.874
541.374
541.958
542.459
543.043
543.376
543.877
544.377
544.878
545.462
545.962
546.546
547.047
547.630
548.214
549.632
549.966
550.383
550.717
551.134
551.468
551.801
552.135
552.552
552.886
553.303
553.636
553.970
554.471
556.890
557.390
557.807
558.224
558.641
559.059
559.559
559.976
560.310
560.727
561.144
561.644
562.062
562.479
562.896
563.313
563.730
564.147
564.564
565.065
565.482
565.899
566.316
566.733
567.150
567.567
567.984
568.401
568.818
569.235
569.652
570.070
570.487
570.904
571.321
571.738
572.155
572.655
573.073
573.490
573.990
574.449
575.075
575.575
575.992
576.409
576.826
577.243
577.660
578.078
578.495
578.912
579.329
579.746
580.163
580.580
580.997
581.414
581.831
582.248
582.665
583.166
583.500
584.000
584.417
584.834
585.251
585.668
586.086
586.503
586.920
587.337
587.754
588.171
588.588
589.005
589.422
589.839
590.256
590.673
591.174
591.591
592.092
592.425
592.842
593.259
593.676
594.094
594.511
594.928
595.595
596.012
596.429
596.846
597.263
597.680
598.098
598.515
598.932
599.349
599.849
600.266
600.683
601.101
601.518
601.935
602.352
602.769
603.186
603.603
604.020
604.437
604.854
605.271
605.688
606.106
606.523
606.940
607.357
607.774
608.191
608.608
609.025
609.526
609.943
610.360
610.735
611.194
611.611
612.028
612.445
612.862
613.279
613.696
614.114
614.531
614.948
615.365
615.949
616.324
616.699
617.033
617.450
617.867
618.284
618.785
619.202
619.619
620.036
620.537
620.954
621.371
621.788
622.205
622.622
623.039
623.456
623.873
624.207
624.624
624.874
625.208
625.542
625.875
626.042
626.376
626.626
626.876
627.127
627.377
627.627
627.877
628.128
628.378
628.628
628.878
629.129
629.379
629.629
629.879
630.088
630.296
630.630
630.880
631.131
631.381
631.631
631.881
632.132
632.340
632.549
632.799
633.049
633.216
633.466
633.716
634.134
634.467
634.884
635.218
635.552
635.885
636.302
636.636
637.053
637.387
637.804
638.138
638.555
638.888
639.305
639.681
640.014
640.390
640.723
641.057
641.474
641.891
642.225
642.642
642.976
643.309
643.726
680.180
680.930
687.353
688.021
688.771
689.439
690.190
691.357
692.108
696.613
697.447
698.114
700.116
701.034
701.534
702.118
702.785
703.453
704.204
704.787
705.580
706.206
706.706
707.290
707.790
708.208
708.625
709.042
709.459
710.043
710.543
711.002
711.461
711.878
712.378
712.879
713.296
713.630
714.130
714.631
715.006
715.381
715.798
716.216
716.633
717.133
717.634
718.051
718.468
718.885
720.887
721.387
721.804
722.305
722.722
723.139
723.556
724.057
724.474
724.974
725.475
730.063
731.314
731.814
732.315
732.815
733.316
733.816
734.317
734.817
735.235
735.735
736.236
736.653
737.153
737.570
738.071
738.488
738.988
739.405
740.073
740.740
741.241
741.824
742.325
742.909
743.409
743.826
744.244
744.577
745.078
745.411
745.828
746.246
746.746
747.163
747.580
748.081
748.498
748.915
749.332
749.666
750.166
750.750
751.334
751.834
752.335
752.752
753.253
753.670
754.087
778.194
778.695
779.195
779.696
780.280
780.863
781.364
781.864
782.282
782.782
783.199
783.616
783.950
784.367
784.867
785.368
785.868
786.286
786.703
787.203
787.620
788.121
788.538
788.955
789.539
790.039
790.456
790.957
791.457
792.041
792.458
792.875
793.293
793.710
794.210
794.627
795.044
797.714
798.214
798.631
799.132
799.549
799.966
800.383
800.800
801.217
801.551
802.051
802.468
802.969
803.386
804.220
804.637
805.138
805.638
806.139
806.639
807.140
807.557
808.057
808.558
809.058
809.559
809.976
810.476
810.893
811.394
811.978
812.395
812.812
813.229
813.563
814.063
814.564
814.981
815.398
816.566
817.066
817.483
817.900
818.401
818.818
819.319
819.736
820.236
820.737
821.154
821.654
822.071
822.655
823.072
823.406
825.575
826.075
826.659
827.076
827.493
827.910
828.328
828.828
829.412
829.912
830.413
830.997
831.497
831.914
832.332
832.999
834.584
835.001
835.501
836.002
836.419
836.919
837.503
838.004
838.504
839.088
839.505
840.006
840.673
841.174
841.758
842.592
843.092
843.593
844.010
844.510
844.927
845.428
845.845
846.262
846.679
847.180
847.597
848.014
848.514
849.098
849.682
850.183
850.683
851.100
851.601
852.101
852.602
853.019
853.519
854.020
854.354
854.771
855.271
855.688
856.189
856.606
857.106
857.523
857.940
858.441
858.858
859.359
859.776
860.193
860.860
861.277
861.778
862.278
862.779
863.196
863.613
863.946
864.364
864.781
865.281
865.698
866.199
866.616
867.116
867.533
868.034
868.451
868.951
869.452
869.869
870.286
870.703
871.079
871.537
871.871
872.372
872.789
873.206
873.623
874.040
874.374
874.791
875.291
875.792
876.209
876.626
877.043
877.377
877.794
878.211
878.628
879.045
881.964
882.382
882.799
883.216
883.633
884.384
885.134
885.802
886.302
886.886
887.387
887.887
888.388
888.888
889.389
889.806
890.223
890.723
891.307
891.808
892.308
893.059
893.476
893.893
894.310
894.727
895.061
895.478
895.812
896.229
896.646
902.151
902.652
903.152
903.736
904.487
908.408
908.908
909.409
913.579
914.080
914.664
915.164
915.748
916.249
916.833
917.417
917.834
918.334
918.751
919.252
919.669
920.169
920.753
921.337
921.838
922.338
922.839
923.339
923.840
924.424
924.924
925.591
926.092
926.592
927.009
927.427
927.927
928.428
929.011
929.512
929.929
930.346
930.847
931.431
931.931
932.432
932.932
933.349
933.766
934.267
934.934
935.435
935.935
936.352
936.853
937.270
937.687
938.187
938.688
939.105
939.605
940.106
940.606
941.107
941.607
942.024
942.442
942.859
943.276
946.028
946.696
947.113
947.530
947.947
948.364
948.865
949.365
949.866
950.450
950.950
951.367
951.868
952.285
952.785
953.202
953.786
954.370
954.871
955.288
955.705
956.289
956.747
957.290
957.790
958.207
958.624
975.725
976.309
976.893
977.643
978.311
978.978
979.645
980.313
980.980
981.647
982.315
983.399
984.066
984.734
985.318
985.902
986.402
986.819
987.403
987.904
988.404
988.821
989.155
992.241
992.825
993.409
993.910
994.243
999.165
999.665
1000.082
1000.500
1001.000
1001.501
1001.918
1002.418
1002.835
1003.252
1003.669
1004.003
1004.587
1005.087
1005.588
1006.506
1007.089
1007.673
1008.090
1008.758
1009.258
1009.759
1011.093
1011.594
1012.094
1012.678
1013.179
1013.846
1014.347
1014.847
1015.348
1015.765
1016.182
1016.599
1017.016
1017.433
1017.767
1018.267
1018.768
1019.185
1019.685
1020.186
1020.686
1021.187
1021.687
1022.188
1022.688
1023.189
1023.689
1024.190
1024.690
1025.191
1025.691
1026.192
1026.776
1027.193
1027.693
1028.361
1028.861
1029.362
1029.779
1030.279
1030.780
1031.280
1031.864
1032.281
1032.865
1033.366
1033.783
1034.367
1034.784
1035.201
1035.618
1036.035
1036.452
1038.871
1039.372
1039.872
1040.456
1040.957
1041.541
1042.124
1042.625
1043.125
1044.710
1045.127
1045.628
1046.128
1046.629
1047.046
1047.630
1048.130
1048.631
1049.048
1049.632
1050.216
1050.716
1051.300
1051.801
1052.301
1052.885
1053.386
1053.886
1054.554
1055.137
1055.638
1056.138
1056.639
1057.139
1057.640
1058.391
1058.808
1059.308
1059.725
1060.142
1060.643
1061.060
1061.477
1061.894
1062.395
1062.895
1063.396
1063.729
1064.313
1064.647
1065.147
1065.648
1065.898
1066.232
1066.566
1066.983
1067.316
1067.650
1068.067
1068.401
1068.818
1069.151
1069.569
1069.819
1070.152
1070.403
1070.736
1073.072
1073.739
1074.407
1074.991
1075.783
1076.450
1077.118
1077.743
1078.411
1078.995
1079.662
1080.329
1081.163
1081.831
1082.582
1083.165
1083.833
1084.500
1085.167
1085.835
1086.502
1087.169
1087.837
1088.254
1088.921
1089.589
1090.256
1090.923
1091.591
1092.174
1092.842
1093.426
1094.176
1094.760
1095.511
1096.262
1096.929
1097.513
1098.180
1098.848
1099.432
1100.016
1100.600
1101.183
1101.851
1102.518
1103.436
1104.186
1104.854
1105.605
1106.272
1107.023
1108.024
1108.691
1109.358
1110.026
1110.610
1111.110
1111.611
1112.278
1113.029
1113.696
1114.363
1115.114
1115.781
1116.532
1117.199
1117.950
1118.951
1119.702
1120.369
1121.203
1121.871
1122.622
1123.456
1124.123
1124.957
1125.625
1126.709
1127.376
1128.044
1128.794
1129.378
1130.046
1130.713
1131.380
1132.048
1133.466
1134.300
1135.134
1135.885
1136.719
1137.637
1138.387
1139.305
1140.056
1141.307
1142.141
1143.059
1143.893
1144.977
1145.895
1146.812
1147.563
1149.649
1150.399
1150.983
1151.651
1152.318
1152.985
1153.736
1154.403
1154.904
1155.821
1156.489
1157.239
1157.990
1158.824
1159.158
1159.742
1160.493
1161.243
1161.994
1162.828
1163.663
1163.996
1164.413
1164.830
1165.247
1165.665
1166.082
1166.499
1166.999
1167.333
1167.750
1168.167
1168.584
1169.001
1169.502
1170.002
1170.586
1171.170
1171.754
1172.338
1172.922
1173.506
1174.090
1174.924
1175.591
1176.092
1176.676
1177.176
1177.760
1178.260
1178.678
1179.095
1179.512
1180.012
1180.429
1180.846
1181.347
1181.764
1182.264
1182.765
1183.182
1184.100
1184.517
1185.685
1186.185
1186.686
1187.186
1187.687
1188.187
1188.688
1189.188
1189.689
1190.189
1190.690
1191.190
1191.691
1192.191
1192.608
1193.109
1193.609
1194.110
1194.610
1195.111
1195.611
1196.112
1196.612
1197.113
1197.613
1198.030
1198.531
1199.031
1199.448
1199.949
1200.616
1201.117
1201.534
1201.951
1202.368
1202.702
1203.119
1203.619
1204.036
1204.537
1205.037
1205.371
1205.788
1206.205
1206.706
1207.206
1207.707
1208.207
1208.708
1209.208
1209.792
1210.292
1210.793
1211.293
1211.711
1212.211
1212.628
1213.045
1213.546
1213.963
1214.380
1214.797
1215.131
1215.548
1216.132
1216.632
1217.133
1217.550
1217.967
1218.384
1218.884
1219.468
1220.052
1220.553
1221.137
1221.637
1222.138
1224.640
1225.141
1225.725
1226.225
1226.726
1227.309
1227.810
1228.310
1228.811
1230.479
1231.063
1231.564
1232.148
1232.648
1233.149
1233.649
1234.150
1238.154
1238.654
1239.071
1242.324
1242.658
1243.159
1250.166
1250.666
1251.167
1251.667
1252.168
1252.752
1253.335
1253.753
1254.336
1255.004
1255.588
1256.088
1256.589
1257.173
1257.673
1258.174
1258.674
1259.175
1259.675
1260.176
1260.760
1261.260
1261.761
1262.178
1262.595
1263.095
1263.512
1264.013
1264.513
1264.930
1265.431
1265.848
1266.348
1266.766
1267.183
1267.683
1268.267
1268.768
1269.185
1269.769
1270.186
1270.603
1271.020
1271.437
1271.854
1272.354
1272.855
1273.355
1273.773
1274.190
1274.607
1275.107
1275.524
1275.941
1276.358
1276.859
1277.276
1277.777
1278.277
1278.694
1279.195
1279.612
1280.112
1280.529
1281.030
1281.447
1281.864
1282.364
1282.782
1283.282
1283.783
1284.116
1284.450
1284.867
1285.284
1285.701
1286.118
1286.535
1286.869
1287.286
1287.620
1288.037
1288.788
1289.205
1289.705
1290.122
1290.790
1291.290
1291.707
1292.208
1292.708
1293.292
1293.793
1294.376
1294.877
1295.461
1295.961
1296.378
1296.796
1297.213
1297.630
1298.130
1298.547
1298.964
1299.465
1299.882
1300.299
1300.800
1301.217
1301.717
1302.134
1302.635
1303.135
1303.636
1304.053
1304.553
1305.054
1305.471
1305.971
1306.388
1306.806
1307.306
1307.723
1308.140
1308.641
1309.058
1309.558
1309.975
1310.476
1310.893
1311.393
1311.894
1312.311
1312.812
1313.229
1313.646
1314.063
1314.480
1314.897
1315.397
1315.815
1316.315
1316.732
1317.149
1317.566
1317.983
1318.484
1318.901
1319.318
1319.652
1319.985
1320.236
1321.403
1321.904
1322.404
1322.905
1323.405
1323.906
1324.406
1324.907
1325.407
1325.908
1326.408
1327.076
1327.576
1328.160
1328.577
1329.078
1329.495
1329.995
1330.412
1330.913
1331.413
1331.914
1332.414
1332.915
1333.415
1333.916
1334.416
1335.000
1335.501
1336.252
1336.752
1337.169
1337.670
1338.170
1338.587
1339.171
1339.672
1340.172
1340.673
1341.173
1341.674
1342.091
1342.591
1343.008
1344.093
1344.677
1345.261
1345.845
1346.428
1347.012
1347.596
1348.180
1348.764
1349.181
1349.682
1350.099
1350.599
1351.100
1351.600
1352.101
1352.518
1353.018
1353.519
1353.936
1354.436
1354.854
1355.354
1355.771
1356.188
1356.689
1357.189
1357.690
1358.190
1358.691
1359.108
1359.608
1360.109
1360.609
1361.110
1361.610
1362.111
1362.611
1363.112
1363.612
1364.113
1364.697
1365.197
1365.614
1366.031
1366.532
1366.949
1367.533
1368.033
1368.534
1369.034
1369.535
1370.035
1370.536
1371.036
1371.537
1372.121
1372.621
1373.122
1373.706
1374.206
1374.790
1375.291
1375.791
1376.375
1376.959
1377.459
1377.960
1378.460
1378.961
1379.461
1379.962
1380.462
1380.963
1381.463
1382.047
1382.464
1382.965
1383.465
1383.966
1384.466
1384.967
1385.467
1385.968
1386.468
1386.969
1387.469
1387.970
1388.470
1388.888
1389.388
1389.889
1390.389
1390.890
1391.390
1391.891
1392.391
1392.892
1393.392
1393.893
1394.393
1394.894
1395.394
1395.895
1396.395
1396.979
1397.479
1397.980
1398.480
1398.981
1399.481
1399.982
1400.482
1400.983
1401.483
1401.984
1402.484
1402.943
1403.235
1403.736
1404.153
1404.737
1405.154
1405.654
1406.155
1406.655
1407.239
1407.740
1408.198
1408.657
1409.158
1409.658
1410.242
1410.743
1411.493
1411.994
1412.494
1412.995
1413.579
1414.079
1414.580
1415.080
1415.664
1416.165
1416.665
1417.166
1417.666
1418.125
1418.667
1419.251
1419.752
1420.252
1420.753
1421.253
1421.754
1422.254
1422.755
1423.255
1423.839
1424.340
1424.840
1425.507
1426.008
1426.508
1427.009
1427.426
1427.843
1428.177
1428.594
1429.011
1429.345
1429.845
1430.346
1430.846
1431.263
1433.015
1434.850
1436.769
1438.604
1440.731
1441.106
1441.523
1442.024
1442.608
1443.192
1443.776
1444.360
1444.902
1445.527
1446.028
1446.695
1447.112
1447.529
1447.947
1448.447
1448.864
1449.365
1449.782
1450.282
1450.699
1451.200
1451.617
1452.117
1452.534
1452.952
1453.369
1453.869
1454.286
1454.703
1455.120
1455.537
1455.955
1456.372
1456.789
1457.206
1457.623
1458.040
1458.457
1458.874
1459.291
1459.792
1460.209
1460.709
1461.293
1461.710
1462.127
1462.544
1462.962
1463.379
1463.879
1464.296
1464.797
1465.047
1465.547
1465.965
1466.465
1466.882
1467.299
1467.716
1468.217
1500.916
1501.250
1501.583
1501.917
1502.334
1502.668
1503.002
1503.335
1503.669
1504.003
1504.420
1504.753
1505.087
1505.462
1505.838
1506.171
1506.505
1506.839
1507.256
1507.923
1508.674
1509.341
1510.092
1510.426
1510.759
1511.093
1511.510
1511.844
1512.177
1512.511
1512.928
1513.262
1513.595
1513.971
1514.346
1514.680
1515.014
1515.347
1515.764
1516.098
1516.432
1516.765
1517.182
1517.516
1517.850
1518.267
1518.934
1519.685
1520.352
1521.103
1521.770
1522.521
1523.188
1523.897
1524.606
1525.357
1526.025
1526.775
1527.526
1528.235
1528.944
1529.611
1530.362
1531.030
1531.780
1532.489
1533.198
1533.866
1534.616
1535.367
1536.035
1536.410
1541.373
1541.707
1542.041
1542.458
1542.875
1543.208
1543.584
1543.959
1544.293
1544.626
1544.960
1545.377
1545.711
1546.045
1546.378
1546.795
1547.129
1547.463
1550.299
1550.716
1551.050
1551.383
1551.759
1552.134
1552.468
1552.801
1553.135
1553.552
1553.886
1554.219
1554.553
1554.970
1555.304
1555.637
1556.013
1556.388
1556.722
1557.056
1557.389
1557.806
1558.223
1558.557
1558.891
1559.224
1559.641
1559.975
1560.309
1560.642
1561.060
1561.393
1561.727
1562.102
1562.478
1562.811
1563.145
1563.479
1563.896
1564.229
1564.563
1564.897
1565.314
1565.647
1565.981
1566.398
1566.732
1567.399
1568.150
1568.484
1568.817
1569.193
1569.568
1569.902
1570.277
1570.652
1570.986
1571.320
1571.653
1572.071
1572.404
1577.076
1577.409
1577.826
1578.160
1578.494
1578.827
1579.244
1579.578
1579.912
1580.287
1580.662
1580.996
1581.330
1581.663
1582.081
1582.414
1582.748
1583.165
1583.499
1583.832
1584.208
1584.583
1584.917
1585.250
1585.584
1586.001
1586.335
1586.668
1587.002
1587.419
1587.753
1588.087
1588.462
1588.837
1589.171
1589.505
1589.838
1590.255
1590.672
1591.006
1591.340
1591.673
1592.091
1592.424
1592.758
1593.092
1593.509
1593.842
1594.176
1594.551
1594.927
1604.520
1605.521
1606.605
1607.773
1608.857
1609.900
1610.943
1612.027
1612.361
1612.694
1613.112
1613.445
1613.779
1614.154
1614.530
1614.863
1615.197
1615.614
1615.948
1616.281
1616.615
1617.032
1617.366
1617.699
1618.075
1618.450
1618.784
1619.118
1619.451
1619.827
1620.202
1620.536
1620.869
1621.286
1621.620
1621.954
1622.371
1622.704
1623.122
1623.455
1623.789
1624.164
1624.540
1624.873
1625.207
1625.541
1625.958
1626.291
1626.625
1626.959
1627.376
1627.709
1628.043
1628.418
1628.794
1629.128
1629.461
1629.795
1630.212
1630.546
1630.879
1631.296
1631.630
1631.964
1632.339
1632.714
1633.048
1633.382
1633.715
1634.133
1634.466
1634.800
1635.134
1635.551
1635.884
1636.218
1636.593
1636.969
1637.302
1637.636
1637.970
1638.387
1638.804
1639.138
1639.471
1639.805
1640.222
1640.556
1640.889
1641.265
1641.640
1641.974
1642.307
1642.641
1643.058
1643.392
1643.725
1644.059
1644.476
1644.810
1645.144
1645.561
1645.894
1646.311
1646.645
1646.979
1647.354
1647.729
1648.063
1648.397
1648.730
1649.148
1649.481
1649.815
1650.149
1650.566
1650.899
1651.233
1651.608
1651.942
1652.317
1652.651
1652.985
1653.360
1653.735
1654.069
1654.486
1654.820
1655.154
1655.529
1655.863
1656.196
1656.572
1656.905
1657.322
1657.656
1657.990
1658.323
1658.699
1659.074
1659.408
1659.783
1660.159
1660.492
1660.826
1661.160
1661.577
1661.994
1662.327
1662.661
1662.995
1663.412
1663.745
1664.079
1664.454
1664.830
1665.164
1665.497
1665.831
1666.248
