23.267
24.000
24.783
25.150
25.533
26.283
26.667
27.033
27.417
27.817
28.200
28.583
28.967
29.350
29.733
30.100
30.500
30.867
31.233
31.633
32.017
32.400
32.783
33.167
33.550
33.917
34.317
34.683
35.083
35.450
35.850
36.233
36.633
37.000
37.383
37.767
38.150
90.350
90.833
91.300
91.767
92.233
92.683
93.183
93.650
94.117
94.583
95.050
95.517
95.983
96.450
96.900
97.383
97.833
98.317
98.800
99.250
99.733
100.200
100.650
101.133
101.600
102.050
102.550
103.033
103.500
103.967
104.433
104.900
105.367
105.833
106.317
106.783
107.250
107.717
108.167
108.650
109.117
109.567
110.050
110.517
110.983
111.450
111.917
112.400
112.867
113.317
113.800
114.250
114.717
115.200
115.650
116.133
116.600
117.067
117.533
118.017
118.483
118.933
119.433
119.900
120.367
120.833
121.317
121.783
122.250
122.700
123.183
123.650
124.117
124.567
125.050
125.500
125.983
126.450
126.933
127.400
127.850
128.333
128.800
129.267
129.717
130.183
130.667
131.133
131.600
132.067
132.533
133.000
133.467
133.933
134.417
134.883
135.350
135.817
136.317
136.783
137.250
137.717
138.183
138.650
139.117
139.567
140.050
140.500
140.983
141.450
141.917
142.400
142.867
143.317
143.800
144.267
144.733
145.200
145.667
146.133
146.600
147.067
147.550
148.017
148.483
148.950
149.417
149.883
150.350
150.800
151.300
151.767
152.233
152.717
153.167
153.650
154.117
154.583
155.067
155.533
156.000
156.467
156.933
157.400
157.867
158.333
158.800
159.250
159.717
160.200
160.683
161.150
161.617
162.083
162.550
163.017
163.483
163.950
164.433
164.900
165.350
165.833
166.300
166.767
167.233
167.700
168.150
168.633
169.100
169.583
170.067
170.533
171.000
171.467
171.933
172.400
172.867
173.333
173.800
174.267
174.733
175.200
175.683
176.150
176.617
177.083
177.550
178.017
178.483
178.950
179.433
179.900
180.350
180.833
181.300
181.767
182.233
182.683
183.167
183.633
184.100
184.567
185.033
185.517
185.983
186.450
186.933
187.400
187.867
188.317
188.817
189.283
189.750
190.217
190.667
191.133
191.617
192.083
192.550
193.017
193.467
193.950
194.417
194.900
195.367
195.833
196.300
196.767
197.233
197.700
198.183
198.650
199.100
199.583
200.050
200.517
200.983
201.450
201.917
202.383
202.867
203.333
203.817
204.267
204.750
205.217
205.683
206.133
206.600
207.083
207.567
208.033
208.500
208.967
209.433
209.900
210.367
210.833
211.317
211.783
212.250
212.717
213.183
213.650
214.100
214.583
215.050
215.517
215.983
216.450
216.933
217.400
217.867
218.333
218.800
219.267
219.750
220.217
220.683
221.150
221.617
222.083
222.567
223.033
223.500
223.967
224.433
224.900
225.367
225.833
226.317
226.783
227.250
227.717
228.183
228.650
229.117
229.583
230.050
230.517
230.983
231.450
231.933
232.400
232.867
233.333
233.800
234.267
234.733
235.183
235.667
236.150
236.617
237.083
237.550
238.017
238.483
238.950
239.433
239.900
240.367
240.833
241.317
241.783
242.250
242.717
243.183
243.650
244.100
244.583
245.050
245.517
245.983
246.450
246.933
247.400
247.867
248.333
248.800
249.267
249.733
250.200
250.667
251.133
251.600
252.067
252.550
253.033
253.500
253.967
254.433
254.900
255.367
255.833
256.317
256.783
257.250
257.717
258.183
258.650
259.117
259.567
260.050
260.533
261.000
261.467
261.933
262.400
262.867
263.333
263.800
264.267
264.733
265.183
265.683
266.150
266.617
267.083
267.550
268.017
268.483
268.950
269.450
269.917
270.383
270.850
271.317
271.783
272.233
272.717
273.167
273.650
274.117
274.583
275.067
275.533
276.000
276.467
276.933
277.400
277.867
278.333
278.800
279.267
279.733
280.200
280.683
281.150
281.617
282.083
282.550
283.017
283.483
283.950
284.433
284.900
285.367
285.817
286.317
286.783
287.233
287.717
288.183
288.650
289.117
289.583
290.067
290.533
291.000
291.467
291.933
292.400
292.867
293.333
293.817
294.283
294.750
295.217
295.683
296.150
296.617
297.083
297.550
298.017
298.483
298.950
299.433
299.900
300.367
300.833
301.300
301.767
302.233
302.700
303.200
303.667
304.133
304.600
305.067
305.533
306.000
306.467
306.933
307.400
307.867
308.333
308.817
309.283
309.750
310.217
310.683
311.150
311.617
312.083
312.550
313.033
313.500
313.967
314.417
314.900
315.367
315.833
316.317
316.783
317.250
317.717
318.183
318.650
319.117
319.600
320.067
320.533
321.000
321.467
321.950
322.417
322.883
323.350
323.817
324.283
324.750
325.200
325.683
326.133
326.617
327.083
327.567
328.017
328.483
328.950
329.417
329.900
330.367
330.833
331.317
331.767
332.250
332.717
333.183
333.650
334.117
334.583
335.050
335.517
335.983
336.467
336.950
337.417
337.883
338.350
338.817
339.283
339.750
340.217
340.683
341.150
341.617
342.083
342.550
343.017
343.483
343.933
344.433
344.900
345.367
345.817
346.317
346.767
347.250
347.717
348.183
348.650
349.117
349.583
350.050
350.517
350.983
351.450
351.933
352.400
352.883
353.350
353.817
354.283
354.750
355.217
355.683
356.150
356.617
357.083
357.567
358.033
358.500
358.967
359.433
359.900
360.350
360.833
361.317
361.783
362.250
362.717
363.183
363.650
364.117
364.567
365.067
365.533
366.000
366.467
366.933
367.400
367.867
368.333
368.800
369.267
369.750
370.217
392.683
393.150
393.633
394.100
394.583
395.050
395.533
396.000
396.500
397.000
397.467
397.933
398.417
398.900
399.367
399.850
400.300
400.783
401.250
401.733
402.217
402.683
403.167
403.633
404.117
404.583
405.067
405.533
406.017
406.483
406.967
407.433
407.933
408.867
409.817
410.767
411.717
412.667
413.650
414.600
415.550
416.500
417.450
418.400
419.350
420.300
421.250
422.200
423.150
423.633
424.100
424.583
425.067
425.533
426.017
426.483
426.967
427.433
427.917
428.383
428.900
429.367
429.850
430.317
430.783
431.267
431.733
432.217
432.683
433.167
433.633
434.117
434.583
435.083
435.533
436.017
436.500
436.967
437.450
437.917
438.400
438.867
439.350
439.583
439.817
440.300
440.767
441.250
441.483
441.717
442.200
442.683
443.167
443.400
443.633
444.100
444.583
445.050
445.300
445.533
446.017
446.500
446.983
447.217
447.450
447.950
448.417
448.883
449.117
449.350
449.833
450.300
450.783
451.017
451.250
451.733
452.200
452.683
452.917
453.150
453.633
454.117
454.600
455.083
455.550
456.033
456.483
456.983
457.433
457.917
458.400
458.867
459.350
459.817
460.300
460.767
461.250
461.717
462.200
462.683
463.167
463.650
464.117
464.600
465.067
465.567
466.017
466.500
466.967
467.467
467.917
468.400
468.900
469.833
470.783
471.733
472.683
473.633
474.583
475.533
476.483
477.433
478.383
479.333
480.300
481.267
482.217
483.167
484.117
484.600
485.067
485.533
486.017
486.500
486.967
487.450
487.917
488.400
488.867
489.350
489.817
490.300
490.767
491.250
491.733
492.200
492.683
493.150
493.633
494.100
494.583
495.050
495.533
496.000
496.500
496.983
497.450
497.933
498.400
498.883
499.367
499.833
500.317
500.550
500.783
501.267
501.733
502.217
502.450
502.683
503.183
503.650
504.133
504.367
504.600
505.067
505.550
506.017
506.250
506.483
506.983
507.450
507.950
508.183
508.417
508.883
509.367
509.850
510.083
510.317
510.800
511.250
511.733
511.967
512.217
512.706
512.940
513.175
513.409
513.643
513.877
514.112
514.346
514.617
515.550
516.500
517.450
518.400
519.350
520.300
521.250
522.200
523.150
524.100
525.083
526.017
526.967
527.917
528.867
529.833
530.317
530.783
531.267
531.733
532.217
532.683
533.167
533.650
534.117
534.583
535.083
535.550
536.017
536.500
536.983
537.479
537.714
537.949
538.183
538.418
538.653
538.887
539.122
539.357
539.591
539.826
540.061
540.295
540.530
540.765
540.999
541.281
541.398
541.515
541.632
541.749
541.866
541.983
542.100
542.217
542.334
542.451
542.568
542.685
542.802
542.919
543.036
543.153
543.269
543.386
543.503
543.620
543.737
543.854
543.971
545.067
545.533
546.017
546.250
546.500
546.983
547.450
547.933
548.167
548.400
548.883
549.367
549.833
550.067
550.317
550.783
551.250
551.733
551.967
552.200
552.683
553.167
553.650
553.900
554.117
554.583
555.067
555.550
555.783
556.017
556.500
556.967
557.450
557.683
557.917
558.417
558.883
559.367
559.600
559.833
560.300
560.767
561.250
561.483
561.717
562.217
562.683
563.183
563.433
563.667
564.117
564.600
565.083
565.317
565.550
566.033
566.517
566.983
567.217
567.450
567.917
568.400
568.883
569.117
569.350
569.833
570.300
570.783
571.017
571.250
571.733
572.217
572.683
572.917
573.150
573.650
574.133
574.617
574.850
575.067
575.550
576.500
577.433
578.383
579.350
580.317
581.267
582.217
583.183
584.117
585.083
586.017
586.983
587.917
588.867
589.817
616.517
617.450
618.383
619.317
620.250
621.200
622.117
623.067
624.017
624.950
625.883
626.800
627.733
628.700
629.617
630.567
631.517
631.983
632.450
632.917
633.367
633.850
634.317
634.783
635.250
635.717
636.183
636.650
637.133
637.617
638.083
638.550
639.000
639.233
639.467
639.683
639.933
640.150
640.383
640.633
640.883
641.117
641.333
641.567
641.800
642.050
642.267
642.517
642.750
642.850
642.983
643.100
643.217
643.333
643.450
643.550
643.683
643.783
643.917
644.017
644.150
644.250
644.383
644.500
644.617
644.717
644.850
644.967
645.083
645.217
645.317
645.450
645.567
645.683
645.800
645.917
646.033
646.150
646.267
646.383
646.500
646.950
647.433
647.900
648.383
648.833
649.317
649.783
650.233
650.717
651.183
651.650
652.133
652.600
653.067
653.533
654.017
654.483
654.950
655.400
655.900
656.367
656.833
657.283
657.767
658.233
658.683
659.167
659.617
660.100
660.567
661.033
661.517
661.983
662.450
662.917
663.383
663.850
664.317
664.783
665.267
665.733
666.200
666.667
667.117
667.583
668.067
668.533
669.000
669.467
669.933
670.400
670.883
671.367
671.833
672.300
672.767
673.233
673.700
674.167
674.650
675.117
675.583
676.050
676.517
676.967
677.433
677.917
678.383
678.850
679.317
679.783
680.267
680.717
681.200
681.667
682.117
682.600
683.067
683.533
684.000
684.483
684.933
685.417
685.883
686.333
686.817
687.300
687.767
688.233
688.700
689.150
689.633
690.100
690.567
691.033
691.517
691.983
692.450
692.917
693.383
693.850
694.317
694.550
694.783
695.267
695.733
696.200
696.433
696.667
697.117
697.583
698.067
698.300
698.533
699.017
699.467
699.950
700.167
700.417
700.883
701.350
701.817
702.050
702.283
702.750
703.217
703.683
703.933
704.167
704.650
705.117
705.583
705.817
706.050
706.517
706.983
707.450
707.683
707.917
708.383
708.867
709.333
709.567
709.800
710.267
710.733
711.200
711.417
711.667
712.133
712.600
713.067
713.283
713.533
714.000
714.483
714.950
715.167
715.417
715.883
716.350
716.817
717.050
717.283
717.767
718.233
718.700
718.933
719.167
719.633
720.100
720.567
720.817
721.033
721.517
721.983
722.450
722.683
722.917
723.400
724.333
725.267
726.200
727.133
728.083
729.017
729.950
730.883
731.817
732.733
733.683
734.633
735.567
736.483
737.433
738.400
738.867
739.333
739.800
740.267
740.733
741.200
741.667
742.150
742.617
743.083
743.550
744.017
744.483
744.933
745.417
745.883
746.117
746.350
746.583
746.817
747.050
747.283
747.517
747.750
747.983
748.217
748.450
748.683
748.917
749.150
749.383
749.617
749.734
749.851
749.968
750.085
750.203
750.320
750.437
750.554
750.671
750.789
750.906
751.023
751.140
751.257
751.374
751.492
751.609
751.726
751.843
751.960
752.078
752.195
752.312
752.429
752.546
752.664
752.781
752.898
753.015
753.132
753.249
753.367
753.833
754.317
754.767
755.250
755.717
756.183
756.417
756.650
757.150
757.617
758.067
758.317
758.550
759.017
759.483
759.933
760.183
760.417
760.867
761.100
761.333
761.567
761.800
762.033
762.267
762.750
763.217
763.683
763.917
764.150
764.617
765.083
765.550
765.783
766.017
766.500
766.983
767.450
767.667
767.917
768.350
768.600
768.833
769.067
769.283
769.533
769.750
770.250
770.483
770.733
771.183
771.433
771.667
772.133
772.383
772.600
773.083
773.317
773.533
774.017
774.250
774.483
774.950
775.183
775.417
775.883
776.117
776.350
776.583
776.817
777.050
777.283
777.767
778.000
778.233
778.700
778.933
779.167
779.633
779.867
780.100
780.550
780.800
781.033
781.500
781.750
781.983
782.450
782.683
782.900
783.367
783.583
783.833
784.050
784.300
784.533
784.767
785.250
785.717
786.183
786.650
787.133
787.617
788.083
788.550
789.000
789.483
789.933
790.417
790.883
791.350
791.817
792.283
792.767
793.217
793.700
794.167
794.633
795.100
795.567
796.017
796.517
796.983
797.450
797.917
798.367
798.833
799.317
799.783
800.267
801.200
802.133
803.067
848.183
849.117
850.033
850.983
851.917
852.867
853.800
854.717
855.700
856.167
856.633
857.100
857.567
858.017
858.500
858.967
859.433
859.900
860.367
860.833
861.317
861.783
862.250
862.717
863.183
863.633
864.117
864.567
865.050
865.517
865.983
866.450
866.933
867.400
867.850
868.333
868.800
869.267
869.750
870.217
870.700
871.167
871.633
872.100
872.567
873.033
873.500
873.967
874.433
874.900
875.367
875.833
876.317
876.783
877.250
877.717
878.183
878.650
879.100
879.583
880.050
880.517
880.983
881.450
881.917
882.383
882.867
883.333
883.783
884.250
884.717
885.200
885.683
886.167
886.617
887.100
887.550
888.033
888.500
888.967
889.450
889.917
890.383
890.850
891.317
891.783
892.250
892.717
893.167
893.400
893.633
893.850
894.100
894.333
894.567
894.783
895.017
895.250
895.500
895.717
895.967
896.200
896.433
896.650
896.900
897.017
897.133
897.250
897.367
897.483
897.600
897.717
897.833
897.950
898.067
898.183
898.300
898.417
898.533
898.650
900.683
901.150
901.617
902.083
902.550
903.033
903.500
903.967
904.433
904.917
905.383
905.850
906.317
906.783
907.250
907.717
908.183
908.650
909.117
909.583
910.067
910.517
911.000
911.450
911.933
912.400
912.850
913.333
913.800
914.283
914.750
915.200
915.683
916.133
916.617
917.083
917.550
918.017
918.467
918.950
919.450
919.917
920.383
920.850
921.317
921.783
922.250
922.717
923.200
923.667
924.133
924.600
925.067
925.533
926.000
926.467
926.933
927.400
927.867
928.333
928.817
929.283
929.750
930.217
930.683
931.150
931.600
932.083
932.550
933.017
933.483
933.950
934.417
934.650
934.883
935.117
935.350
935.567
935.800
936.067
936.317
936.550
936.783
937.017
937.250
937.483
937.717
937.950
938.183
938.417
938.650
938.867
939.117
939.350
939.583
939.817
940.050
940.283
940.517
940.750
940.967
941.217
941.450
941.667
941.933
942.050
942.167
942.283
942.400
942.517
942.633
942.750
942.867
942.983
943.100
943.217
943.333
943.450
943.567
943.683
943.800
943.917
944.033
944.150
944.250
944.383
944.500
944.617
944.733
944.850
944.967
945.083
945.183
945.300
945.417
945.533
949.433
950.367
951.300
952.233
953.183
954.100
955.067
956.000
956.933
957.400
957.867
958.333
958.817
959.283
959.750
960.217
960.683
961.133
961.617
962.083
962.567
963.033
963.500
963.967
964.417
964.900
965.367
965.833
966.283
966.767
967.233
967.700
968.183
968.650
969.117
969.600
970.067
970.533
971.000
971.467
971.950
972.417
972.883
973.350
973.817
974.283
974.750
975.217
975.700
976.167
976.633
977.100
977.567
978.017
978.500
978.967
979.433
979.883
980.367
980.833
981.317
981.783
982.250
982.717
983.183
983.650
984.117
984.583
985.050
985.517
985.983
986.467
986.950
987.417
987.883
988.350
988.817
989.283
989.750
990.217
990.683
991.150
991.617
992.083
992.567
993.033
993.500
993.967
994.433
994.883
995.133
995.367
995.833
996.067
996.317
996.783
997.000
997.250
997.717
997.950
998.183
998.650
998.883
999.117
999.583
999.817
1000.050
1000.517
1000.750
1000.983
1001.450
1001.683
1001.917
1002.150
1002.383
1002.617
1002.867
1003.100
1003.333
1003.567
1003.800
1004.033
1004.267
1004.500
1004.717
1004.967
1005.200
1005.417
1005.683
1005.800
1005.917
1006.033
1006.150
1006.267
1006.383
1006.500
1006.617
1006.733
1006.850
1006.966
1007.083
1007.200
1007.316
1007.433
1009.433
1009.900
1010.367
1011.317
1011.783
1012.250
1013.183
1013.650
1014.117
1015.067
1015.533
1016.000
1016.933
1017.400
1017.867
1018.333
1018.783
1019.267
1019.750
1020.200
1020.683
1021.167
1021.633
1022.083
1022.567
1023.033
1023.500
1023.950
1024.433
1024.650
1024.900
1025.133
1025.367
1026.300
1026.550
1026.783
1027.017
1027.250
1028.183
1028.400
1028.650
1028.883
1029.117
1030.067
1030.300
1030.517
1030.750
1031.000
1031.900
1032.150
1032.400
1032.633
1032.867
1033.333
1033.817
1034.050
1034.267
1034.517
1034.733
1035.217
1035.683
1035.917
1036.150
1036.400
1036.617
1037.100
1037.567
1037.800
1038.033
1038.267
1038.500
1038.967
1039.417
1039.667
1039.883
1040.133
1040.350
1040.600
1040.817
1041.283
1041.517
1041.750
1041.983
1042.217
1042.450
1042.683
1043.167
1043.400
1043.633
1043.867
1044.083
1044.317
1044.567
1045.050
1045.283
1045.517
1045.750
1045.967
1046.217
1046.450
1046.900
1047.133
1047.367
1047.600
1047.850
1048.067
1048.317
1048.767
1049.017
1049.233
1049.467
1049.700
1049.933
1050.167
1050.667
1050.900
1051.133
1051.367
1051.600
1051.833
1052.067
1052.517
1052.750
1053.017
1053.250
1053.483
1053.700
1053.950
1054.433
1054.667
1054.900
1055.117
1055.367
1055.600
1055.833
1056.067
1056.300
1056.533
1056.767
1056.983
1057.217
1057.450
1057.700
1057.933
1058.183
1058.417
1058.633
1058.883
1059.117
1059.350
1059.583
1059.817
1060.067
1060.283
1060.517
1060.750
1060.983
1061.217
1061.450
1061.683
1061.917
1062.150
1062.383
1062.617
1062.850
1063.083
1063.317
1063.550
1063.800
1064.033
1064.250
1064.500
1064.717
1064.967
1065.200
1065.433
1065.667
1065.900
1066.117
1066.367
1066.600
1066.817
1067.067
1067.283
1067.533
1067.767
1068.000
1068.233
1068.467
1068.700
1068.933
1069.167
1069.417
1069.667
1069.900
1070.133
1070.367
1070.600
1070.817
1071.067
1071.300
1071.533
1071.767
1072.000
1072.233
1072.467
1072.700
1072.933
1073.183
1073.417
1073.650
1073.883
1074.117
1074.350
1074.583
1074.817
1075.050
1075.267
1075.517
1075.733
1075.967
1076.217
1076.450
1076.683
1076.900
1077.150
1077.367
1077.617
1077.833
1078.067
1078.317
1078.550
1078.783
1079.033
1079.267
1079.500
1079.733
1079.967
1080.200
1080.433
1080.667
1080.900
1081.133
1081.367
1081.600
1081.833
1082.067
1082.300
1082.550
1082.783
1083.017
1083.250
1083.483
1083.717
1083.950
1084.183
1119.700
1120.167
1120.617
1121.100
1121.567
1122.033
1122.500
1122.967
1123.433
1123.900
1124.350
1124.833
1125.317
1125.783
1126.233
1126.717
1127.183
1127.650
1128.117
1128.567
1129.067
1129.533
1130.000
1130.467
1130.933
1131.400
1131.867
1132.333
1132.800
1133.267
1133.733
1134.217
1134.700
1134.933
1135.167
1135.633
1135.867
1136.100
1136.567
1136.800
1137.033
1137.500
1137.733
1137.967
1138.450
1138.683
1138.917
1139.367
1139.617
1139.833
1140.317
1140.550
1140.767
1141.250
1141.483
1141.717
1142.167
1142.417
1142.633
1143.117
1143.350
1143.583
1144.067
1144.300
1144.533
1145.000
1145.233
1145.467
1145.933
1146.167
1146.400
1146.867
1147.100
1147.333
1147.800
1148.017
1148.267
1148.733
1148.967
1149.200
1149.667
1149.900
1150.133
1150.367
1150.617
1150.850
1151.083
1151.550
1151.783
1152.017
1152.250
1152.483
1152.717
1152.950
1153.433
1153.667
1153.883
1154.117
1154.367
1154.583
1154.833
1155.300
1155.533
1155.767
1155.983
1156.233
1156.467
1156.700
1157.183
1157.400
1157.633
1157.867
1158.117
1158.333
1158.567
1158.800
1159.050
1159.283
1159.517
1159.750
1159.967
1160.200
1160.433
1160.667
1160.900
1161.033
1161.133
1161.267
1161.367
1161.483
1161.600
1161.733
1161.850
1161.967
1162.083
1162.200
1162.317
1162.433
1162.550
1162.650
1162.767
1163.017
1163.117
1163.350
1163.467
1163.700
1163.817
1163.933
1164.050
1164.283
1164.517
1166.550
1167.017
1167.483
1167.967
1168.433
1168.883
1169.367
1169.833
1170.300
1170.767
1171.250
1171.717
1172.183
1172.650
1173.100
1173.583
1174.067
1174.283
1174.517
1174.983
1175.217
1175.450
1175.917
1176.150
1176.383
1176.850
1177.083
1177.317
1177.817
1178.050
1178.283
1178.733
1178.983
1179.217
1179.683
1179.900
1180.150
1180.617
1180.850
1181.067
1181.550
1181.783
1182.017
1182.250
1182.483
1182.717
1182.950
1183.433
1183.667
1183.917
1184.383
1184.617
1184.850
1185.317
1185.550
1185.783
1186.017
1186.250
1186.483
1186.717
1187.200
1187.433
1187.667
1188.133
1188.367
1188.600
1189.067
1189.300
1189.533
1189.767
1190.000
1190.233
1190.467
1190.933
1191.167
1191.400
1191.867
1192.100
1192.333
1192.800
1193.033
1193.267
1193.500
1193.733
1193.967
1194.200
1194.683
1194.917
1195.150
1195.617
1195.850
1196.083
1196.550
1197.017
1197.483
1197.950
1198.433
1198.900
1199.367
1199.833
1200.300
1200.783
1201.250
1201.700
1202.200
1202.650
1203.133
1203.600
1204.067
1204.517
1204.983
1205.467
1205.933
1206.400
1206.867
1207.333
1207.817
1208.283
1208.750
1209.200
1209.683
1210.150
1210.600
1211.067
1211.567
1211.800
1212.033
1212.483
1212.733
1212.967
1213.417
1213.650
1213.900
1214.350
1214.583
1214.817
1215.333
1215.550
1215.800
1216.267
1216.500
1216.733
1217.183
1217.450
1217.683
1218.150
1218.383
1218.617
1219.067
1219.300
1219.533
1219.767
1220.000
1220.233
1220.467
1220.933
1221.167
1221.400
1221.867
1222.100
1222.333
1222.817
1223.050
1223.283
1223.517
1223.750
1223.983
1224.217
1224.683
1224.917
1225.150
1225.617
1225.850
1226.083
1226.567
1226.800
1227.033
1227.267
1227.500
1227.733
1227.967
1228.433
1228.667
1228.900
1229.367
1229.600
1229.833
1230.317
1230.550
1230.783
1231.017
1231.250
1231.483
1231.717
1232.183
1232.417
1232.650
1233.117
1233.350
1233.583
1234.033
1234.267
1234.517
1234.733
1234.983
1235.200
1235.450
1235.933
1236.167
1236.383
1236.633
1236.850
1237.083
1237.333
1237.783
1238.033
1238.250
1238.483
1238.733
1238.967
1239.200
1239.683
1239.900
1240.150
1240.383
1240.617
1240.850
1241.083
1241.567
1242.033
1242.500
1242.967
1243.417
1243.900
1244.367
1244.833
1245.317
1245.550
1245.783
1246.250
1246.483
1246.717
1247.183
1247.417
1247.650
1247.883
1248.117
1248.350
1248.583
1249.067
1249.300
1249.533
1250.000
1250.233
1250.467
1250.950
1251.183
1251.417
1251.650
1251.883
1252.117
1252.350
1252.817
1253.050
1253.283
1253.750
1253.983
1254.217
1254.700
1254.933
1255.167
1255.400
1255.633
1255.867
1256.100
1256.567
1257.033
1257.500
1257.967
1258.433
1258.900
1259.350
1259.833
1260.317
1260.783
1261.250
1261.717
1262.167
1262.650
1263.117
1263.583
1264.050
1264.267
1264.517
1264.967
1265.200
1265.450
1265.933
1266.167
1266.400
1266.867
1267.100
1267.333
1267.817
1268.050
1268.283
1268.750
1268.983
1269.217
1269.700
1269.933
1270.167
1270.633
1270.867
1271.083
1271.567
1271.800
1272.033
1272.267
1272.500
1272.733
1272.967
1273.450
1273.683
1273.917
1274.383
1274.617
1274.850
1275.317
1275.550
1275.783
1276.017
1276.250
1276.483
1276.717
1277.183
1277.417
1277.650
1278.117
1278.350
1278.583
1279.067
1279.300
1279.533
1279.767
1280.000
1280.233
1280.467
1280.933
1281.167
1281.400
1281.867
1282.100
1282.333
1282.800
1283.033
1283.267
1283.500
1283.733
1283.983
1284.217
1284.700
1284.933
1285.167
1285.633
1285.867
1286.100
1286.550
1286.767
1287.017
1287.250
1287.483
1287.717
1287.950
1288.433
1288.650
1288.900
1289.117
1289.350
1289.600
1289.833
1290.300
1290.533
1290.767
1291.000
1291.233
1291.467
1291.683
1292.167
1292.400
1292.633
1292.867
1293.100
1293.317
1293.567
1294.050
1294.283
1294.517
1294.750
1294.983
1295.217
1295.433
1295.683
1295.900
1296.133
1296.383
1296.617
1296.850
1297.083
1297.317
1297.550
1297.800
1297.917
1298.033
1298.150
1298.267
1298.367
1298.500
1298.617
1298.717
1298.850
1298.967
1299.083
1299.200
1299.317
1299.433
1299.550
1303.450
1303.683
1303.917
1304.150
1304.383
1304.617
1304.850
1305.317
1305.550
1305.783
1306.250
1306.483
1306.717
1307.183
1307.417
1307.650
1307.883
1308.117
1308.350
1308.583
1309.067
1309.300
1309.533
1310.000
1310.233
1310.467
1310.933
1311.167
1311.400
1311.633
1311.867
1312.100
1312.333
1312.817
1313.050
1313.283
1313.750
1313.983
1314.217
1314.683
1314.917
1315.150
1315.383
1315.617
1315.850
1316.083
1316.550
1316.783
1317.017
1317.500
1317.733
1317.967
1318.433
1318.667
1318.900
1319.117
1319.367
1319.583
1319.833
1320.300
1320.533
1320.767
1321.000
1321.217
1321.467
1321.700
1322.167
1322.400
1322.633
1322.867
1323.100
1323.333
1323.567
1324.050
1324.267
1324.517
1324.750
1324.983
1325.217
1325.450
1325.917
1326.150
1326.383
1326.617
1326.850
1327.083
1327.317
1327.800
1328.033
1328.267
1328.483
1328.733
1328.967
1329.200
1329.667
1329.900
1330.133
1330.367
1330.600
1330.817
1331.067
1331.533
1331.767
1332.000
1332.233
1332.467
1332.683
1332.933
1333.433
1333.883
1334.383
1334.833
1335.317
1335.783
1336.250
1336.717
1337.200
1337.667
1338.133
1338.600
1339.067
1339.533
1340.000
1340.450
1340.950
1341.183
1341.417
1341.650
1341.883
1342.117
1342.350
1342.817
1343.050
1343.283
1343.750
1343.983
1344.217
1344.683
1344.917
1345.150
1345.383
1345.617
1345.850
1346.083
1346.567
1346.800
1347.033
1347.500
1347.733
1347.967
1348.433
1348.667
1348.900
1349.133
1349.367
1349.600
1349.833
1350.300
1350.533
1350.767
1351.250
1351.483
1351.717
1352.200
1352.433
1352.667
1352.900
1353.133
1353.367
1353.600
1354.067
1354.300
1354.533
1355.000
1355.233
1355.467
1355.917
1356.150
1356.383
1356.617
1356.850
1357.083
1357.317
1357.800
1358.033
1358.267
1358.500
1358.733
1358.967
1359.183
1359.667
1359.900
1360.133
1360.367
1360.600
1360.833
1361.067
1361.550
1361.783
1362.000
1362.250
1362.483
1362.717
1362.933
1363.417
1363.633
1363.883
1364.117
1364.350
1364.583
1364.817
1365.283
1365.517
1365.750
1365.983
1366.217
1366.450
1366.683
1367.167
1367.400
1367.650
1367.883
1368.117
1368.350
1368.567
1369.050
1369.283
1369.517
1369.733
1369.983
1370.217
1370.450
1417.533
1418.633
1419.717
1420.800
1421.883
1422.983
1424.083
1425.150
1426.233
1427.350
1428.417
1429.517
1430.633
1431.183
1431.717
1432.267
1432.817
1433.350
1433.900
1434.450
1434.983
1435.517
1436.083
1436.633
1437.167
1437.417
1437.700
1438.267
1438.533
1438.800
1439.350
1439.617
1439.883
1440.433
1440.717
1440.983
1441.517
1441.800
1442.050
1442.617
1442.883
1443.133
1443.717
1443.983
1444.233
1444.817
1445.083
1445.350
1445.883
1446.150
1446.417
1447.000
1447.267
1447.533
1448.083
1448.350
1448.617
1449.183
1449.450
1449.717
1450.250
1450.533
1450.800
1451.367
1451.633
1451.900
1452.450
1452.717
1452.983
1453.533
1453.800
1454.067
1454.617
1455.167
1455.433
1455.700
1455.950
1456.250
1456.800
1457.350
1457.617
1457.883
1458.150
1458.433
1458.983
1459.517
1459.817
1460.083
1460.350
1460.617
1461.150
1461.717
1461.983
1462.250
1462.517
1462.783
1463.333
1463.900
1464.150
1464.433
1464.700
1464.983
1465.533
1466.083
1466.350
1466.617
1466.883
1467.167
1467.700
1468.250
1468.533
1468.800
1469.067
1469.350
1469.900
1470.450
1470.717
1470.983
1471.250
1471.517
1472.083
1472.333
1472.617
1473.167
1473.433
1473.717
1474.267
1474.517
1474.800
1475.350
1475.617
1475.883
1476.417
1476.700
1476.967
1477.533
1477.783
1478.050
1478.600
1478.883
1479.150
1479.717
1479.983
1480.250
1480.817
1481.083
1481.350
1481.900
1482.167
1482.417
1483.000
1483.267
1483.533
1484.083
1484.367
1484.633
1485.167
1485.450
1485.717
1486.250
1486.533
1486.800
1487.333
1487.600
1487.867
1488.450
1488.700
1488.983
1489.533
1489.800
1490.067
1490.333
1490.617
1490.883
1491.150
1491.700
1491.967
1492.233
1492.500
1492.767
1493.033
1493.300
1493.883
1494.150
1494.417
1494.683
1494.950
1495.217
1495.500
1496.067
1496.317
1496.600
1496.883
1497.150
1497.400
1497.667
1498.250
1498.500
1498.783
1499.050
1499.317
1499.600
1499.867
1500.417
1500.667
1500.950
1501.217
1501.483
1501.733
1502.017
1502.617
1502.883
1503.150
1503.417
1503.683
1503.950
1504.233
1504.767
1505.050
1505.317
1505.583
1505.850
1506.117
1506.383
1506.983
1508.083
1509.167
1510.250
1511.350
1511.617
1511.883
1512.433
1512.700
1512.950
1513.533
1513.800
1514.083
1514.617
1514.883
1515.150
1515.700
1515.967
1516.233
1516.800
1517.083
1517.333
1517.900
1518.167
1518.433
1518.983
1519.250
1519.533
1520.067
1520.350
1520.617
1521.150
1521.433
1521.700
1522.267
1522.533
1522.800
1523.350
1523.617
1523.883
1524.433
1524.700
1524.950
1525.517
1525.800
1526.067
1526.600
1526.867
1527.150
1527.700
1527.967
1528.233
1528.800
1529.350
1529.600
1529.883
1530.133
1530.433
1531.000
1531.533
1531.800
1532.083
1532.333
1532.617
1533.167
1533.733
1533.983
1534.267
1534.533
1534.817
1535.350
1535.900
1536.167
1536.433
1536.683
1536.983
1537.533
1538.083
1538.367
1538.633
1538.900
1539.150
1539.717
1540.267
1540.517
1540.783
1541.067
1541.333
1541.900
1542.450
1542.717
1542.967
1543.250
1543.517
1544.067
1544.633
1544.900
1545.167
1545.433
1545.700
1546.233
1546.500
1546.767
1547.050
1547.333
1547.600
1547.867
1548.417
1548.683
1548.950
1549.217
1549.500
1549.767
1550.017
1550.617
1550.883
1551.150
1551.417
1551.683
1551.933
1552.233
1552.800
1553.067
1553.333
1553.600
1553.867
1554.133
1554.383
1554.967
1555.233
1555.500
1555.767
1556.050
1556.317
1556.583
1557.133
1557.417
1557.683
1557.950
1558.200
1558.483
1558.750
1559.333
1559.600
1559.867
1560.133
1560.400
1560.667
1560.950
1561.517
1561.783
1562.050
1562.317
1562.583
1562.850
1563.100
1563.717
1563.983
1564.233
1564.817
1565.083
1565.333
1565.900
1566.167
1566.433
1567.000
1567.267
1567.533
1568.067
1568.350
1568.600
1569.150
1569.433
1569.700
1570.267
1570.517
1570.783
1571.333
1571.600
1571.867
1572.450
1572.717
1572.983
1573.533
1573.800
1574.067
1574.617
1574.867
1575.150
1575.717
1575.983
1576.233
1576.800
1577.067
1577.333
1577.900
1578.167
1578.433
1578.983
1579.250
1579.517
1580.067
1580.333
1580.617
1581.167
1581.717
1582.000
1582.267
1582.517
1582.783
1583.350
1583.917
1584.167
1584.433
1584.700
1584.983
1585.533
1586.067
1586.367
1586.633
1586.900
1587.167
1587.717
1588.267
1588.533
1588.800
1589.067
1589.333
1589.900
1590.450
1590.717
1590.983
1591.250
1591.517
1592.067
1592.633
1592.900
1593.167
1593.433
1593.700
1594.250
1594.800
1595.067
1595.333
1595.600
1595.883
1596.417
1596.983
1597.250
1597.550
1597.817
1598.083
1598.633
1599.183
1599.717
1600.267
1600.817
1601.350
1601.900
1602.450
1602.983
1603.533
1604.083
1604.633
1605.167
1605.717
1606.250
1606.800
1607.350
1607.617
1607.883
1608.450
1608.717
1608.983
1609.533
1609.800
1610.050
1610.617
1610.883
1611.150
1611.717
1611.983
1612.250
1612.800
1613.067
1613.333
1613.900
1614.167
1614.433
1615.000
1615.250
1615.517
1616.083
1616.633
1616.900
1617.167
1617.433
1617.700
1618.267
1618.800
1619.067
1619.350
1619.617
1619.883
1620.450
1620.983
1621.283
1621.550
1621.817
1622.067
1622.617
1623.150
1623.450
1623.717
1623.983
1624.250
1624.783
1625.350
1625.617
1625.900
1626.167
1626.433
1626.967
1627.517
1627.783
1628.067
1628.317
1628.600
1629.150
1629.717
1629.967
1630.250
1630.533
1630.800
1631.367
1631.917
1632.183
1632.450
1632.700
1632.967
1633.517
1633.783
1634.033
1634.317
1634.600
1634.850
1635.117
1635.700
1635.967
1636.233
1636.483
1636.750
1637.017
1637.300
1637.883
1638.150
1638.417
1638.667
1638.950
1639.217
1639.500
1640.067
1640.333
1640.600
1640.850
1641.133
1641.400
1641.650
1642.233
1642.500
1642.767
1643.033
1643.317
1643.583
1643.850
1644.417
1644.683
1644.950
1645.217
1645.483
1645.750
1646.017
1646.583
1646.867
1647.150
1647.417
1647.683
1647.950
1648.233
1648.800
1649.067
1649.333
1649.600
1649.867
1650.133
1650.400
1650.983
1651.250
1651.517
1651.783
1652.050
1652.317
1652.567
1652.850
1653.150
1653.417
1653.667
1653.950
1654.217
1654.483
1654.750
1655.017
1655.333
1655.600
1655.867
1656.133
1656.400
1656.667
1656.933
1657.200
1657.517
1657.783
1658.050
1658.300
1658.583
1658.833
1659.100
1659.367
1659.700
1659.967
1660.233
1660.500
1660.767
1661.033
1661.300
1661.567
1661.883
1662.150
1662.417
1662.683
1662.950
1663.217
1663.483
1663.750
1664.067
1664.333
1664.600
1664.867
1665.133
1665.400
1665.667
1665.933
1666.250
1666.517
1666.783
1667.067
1667.317
1667.583
1667.850
1668.117
1733.933
1734.400
1734.833
1735.300
1735.767
1736.233
1736.683
1737.167
1737.617
1738.067
1738.550
1739.000
1739.467
1739.917
1740.383
1740.850
1741.317
1741.783
1742.233
1742.683
1743.167
1743.617
1744.083
1744.550
1744.983
1745.467
1745.950
1746.400
1746.867
1747.317
1747.783
1748.250
1748.700
1749.167
1749.600
1750.083
1750.550
1751.000
1751.467
1751.933
1752.383
1752.850
1753.317
1753.767
1754.233
1754.700
1755.167
1755.617
1756.083
1756.550
1757.000
1757.467
1757.900
1758.367
1758.833
1759.283
1759.767
1760.233
1760.683
1761.150
1761.617
1762.067
1762.550
1763.017
1763.467
1763.917
1764.367
1764.850
1765.317
1765.550
1765.767
1766.233
1766.467
1766.700
1767.150
1767.383
1767.617
1768.083
1768.317
1768.550
1769.000
1769.233
1769.467
1769.917
1770.150
1770.383
1770.833
1771.067
1771.317
1771.767
1772.000
1772.233
1772.683
1772.917
1773.133
1773.617
1773.850
1774.067
1774.533
1774.767
1775.000
1775.450
1775.683
1775.917
1776.383
1776.617
1776.850
1777.300
1777.533
1777.767
1778.217
1778.667
1779.167
1779.617
1780.050
1780.283
1780.517
1780.750
1780.983
1781.233
1781.450
1781.883
1782.117
1782.367
1782.600
1782.817
1783.050
1783.283
1783.733
1783.983
1784.217
1784.450
1784.683
1784.917
1785.150
1785.583
1785.817
1786.050
1786.283
1786.517
1786.750
1786.983
1787.450
1787.683
1787.917
1788.150
1788.383
1788.617
1788.850
1789.283
1789.500
1789.733
1789.983
1790.200
1790.433
1790.683
1791.133
1791.367
1791.600
1791.833
1792.067
1792.300
1792.533
1792.967
1793.217
1793.433
1793.683
1793.917
1794.133
1794.367
1794.817
1794.933
1795.033
1795.167
1795.267
1795.717
1795.850
1795.967
1796.083
1796.200
1796.433
1796.550
1796.667
1796.800
1796.917
1797.033
1797.150
1797.583
1797.700
1797.817
1797.933
1798.050
1798.283
1798.400
1798.517
1798.650
1798.750
1798.883
1799.000
1799.450
1799.550
1799.683
1799.783
1799.917
1800.150
1800.250
1800.383
1800.500
1800.617
1800.717
1800.850
1801.283
1801.400
1801.500
1801.633
1801.750
1801.983
1802.099
1802.215
1802.331
1802.447
1802.563
1802.678
1802.794
1802.910
1803.026
1803.142
1803.258
1803.373
1803.489
1803.605
1803.721
1803.837
1803.953
1804.069
1804.184
1804.300
1804.416
1804.532
1804.648
1804.764
1804.880
1804.995
1805.111
1805.227
1805.343
1805.459
1805.575
1805.690
1805.806
1805.922
1806.038
1806.154
1806.270
1806.386
1806.501
1806.617
1806.733
1806.849
1806.965
1807.081
1807.196
1807.312
1807.428
1807.544
1807.660
1807.776
1807.892
1808.007
1808.123
1808.239
1808.355
1808.471
1808.587
1808.702
1808.818
1808.934
1809.050
1809.617
1810.083
1810.533
1810.883
1811.233
1811.450
1811.917
1812.367
1812.733
1813.083
1813.317
1813.783
1814.233
1814.583
1814.933
1815.167
1815.633
1816.083
1816.433
1816.783
1817.017
1817.483
1817.933
1818.283
1818.633
1818.850
1819.317
1819.767
1820.117
1820.467
1820.700
1821.167
1821.617
1821.967
1822.317
1822.550
1823.017
1823.467
1823.933
1824.383
1824.617
1824.850
1825.300
1825.533
1825.767
1826.217
1826.450
1826.683
1827.150
1827.383
1827.617
1828.067
1828.300
1828.517
1828.983
1829.233
1829.467
1829.933
1830.167
1830.400
1830.850
1831.083
1831.317
1831.733
1831.850
1831.966
1832.082
1832.199
1832.315
1832.431
1832.548
1832.664
1832.780
1832.896
1833.013
1833.129
1833.245
1833.362
1833.478
1833.594
1833.711
1833.827
1833.943
1834.060
1834.176
1834.292
1834.409
1834.525
1834.641
1834.757
1834.874
1834.990
1835.106
1835.223
1835.339
1835.455
1835.572
1835.688
1835.804
1835.921
1836.037
1836.153
1836.269
1836.386
1836.502
1836.618
1836.735
1836.851
1836.967
1837.084
1837.200
1839.150
1839.383
1839.617
1840.050
1840.300
1840.533
1840.983
1841.217
1841.450
1841.917
1842.150
1842.367
1842.833
1843.067
1843.300
1843.767
1844.000
1844.233
1844.683
1844.900
1845.133
1845.600
1845.833
1846.067
1846.533
1846.767
1847.000
1847.450
1847.683
1847.933
1848.383
1848.617
1848.850
1849.317
1849.550
1849.783
1850.233
1850.467
1850.700
1851.150
1851.383
1851.617
1852.067
1852.300
1852.533
1853.000
1853.233
1853.467
1853.917
1854.150
1854.383
1854.850
1855.083
1855.300
1855.767
1856.000
1856.233
1856.683
1856.917
1857.150
1857.600
1857.833
1858.067
1858.533
1858.767
1859.000
1859.433
1859.683
1859.917
1860.383
1860.617
1860.850
1861.250
1861.367
1861.483
1861.600
1861.717
1861.833
1861.950
1862.067
1862.183
1862.300
1862.417
1862.533
1862.650
1862.767
1862.883
1863.000
1863.117
1863.233
1863.350
1863.467
1863.583
1863.700
1863.817
1863.933
1864.050
1864.167
1864.283
1864.400
1864.517
1864.633
1864.750
1864.867
1864.983
1865.100
1865.217
1865.333
1865.450
1865.567
1865.683
1865.800
1865.917
1866.033
1866.150
1866.267
1866.383
1866.500
1866.617
1866.733
1868.700
1868.933
1869.167
1869.617
1869.850
1870.083
1870.533
1870.767
1871.000
1871.467
1871.700
1871.933
1872.383
1872.600
1872.850
1873.300
1873.533
1873.767
1874.233
1874.467
1874.700
1875.150
1875.383
1875.617
1876.067
1876.300
1876.533
1877.000
1877.233
1877.467
1877.917
1878.150
1878.383
1878.833
1879.067
1879.317
1879.783
1880.000
1880.250
1880.700
1880.933
1881.167
1881.617
1881.850
1882.083
1882.317
1882.533
1882.650
1882.767
1882.883
1882.983
1883.117
1883.217
1883.350
1883.467
1883.933
1884.400
1884.833
1885.317
1885.767
1886.233
1886.683
1887.167
1887.617
1888.083
1888.550
1889.000
1889.467
1889.917
1890.383
1890.850
1891.317
1891.767
1892.233
1892.700
1893.150
1893.600
1894.083
1894.533
1895.000
1895.467
1895.933
1896.400
1896.850
1897.317
1897.783
1898.233
1898.467
1898.700
1899.150
1899.383
1899.617
1900.067
1900.300
1900.533
1901.000
1901.233
1901.467
1901.917
1902.150
1902.383
1902.833
1903.050
1903.300
1903.767
1904.000
1904.233
1904.683
1904.917
1905.150
1905.600
1905.833
1906.067
1906.533
1906.767
1907.000
1907.450
1907.683
1907.917
1908.367
1908.600
1908.833
1909.300
1909.517
1909.767
1910.200
1910.450
1910.683
1911.150
1911.617
1912.083
1912.550
1912.983
1913.217
1913.450
1913.683
1913.900
1914.133
1914.383
1914.833
1915.067
1915.283
1915.517
1915.767
1916.000
1916.217
1916.683
1916.917
1917.150
1917.383
1917.600
1917.833
1918.083
1918.517
1918.733
1918.983
1919.200
1919.450
1919.667
1919.900
1920.350
1920.583
1920.817
1921.050
1921.283
1921.533
1921.767
1922.200
1922.433
1922.667
1922.883
1923.117
1923.350
1923.600
1924.050
1924.283
1924.500
1924.750
1924.983
1925.217
1925.450
1925.900
1926.133
1926.367
1926.600
1926.833
1927.067
1927.300
1927.733
1927.867
1927.983
1928.083
1928.217
1928.667
1928.767
1928.883
1929.000
1929.117
1929.367
1929.500
1929.600
1929.733
1929.850
1929.967
1930.083
1930.533
1930.633
1930.767
1930.883
1931.000
1931.217
1931.350
1931.483
1931.583
1931.700
1931.817
1931.917
1932.383
1932.500
1932.617
1932.733
1932.850
1933.083
1933.200
1933.317
1933.417
1933.550
1933.650
1933.767
1934.200
1934.333
1934.450
1934.550
1934.667
1934.917
1935.032
1935.147
1935.263
1935.378
1935.493
1935.608
1935.724
1935.839
1935.954
1936.070
1936.185
1936.300
1936.416
1936.531
1936.646
1936.761
1936.877
1936.992
1937.107
1937.223
1937.338
1937.453
1937.569
1937.684
1937.799
1937.914
1938.030
1938.145
1938.260
1938.376
1938.491
1938.606
1938.722
1938.837
1938.952
1939.067
1939.183
1939.298
1939.413
1939.529
1939.644
1939.759
1939.875
1939.990
1940.105
1940.220
1940.336
1940.451
1940.566
1940.682
1940.797
1940.912
1941.028
1941.143
1941.258
1941.373
1941.489
1941.604
1941.719
1941.835
1941.950
1942.533
1943.000
1943.450
1943.800
1944.150
1944.383
1944.850
1945.300
1945.650
1946.017
1946.250
1946.717
1947.167
1947.517
1947.867
1948.083
1948.550
1949.000
1949.350
1949.700
1949.933
1950.400
1950.850
1951.200
1951.550
1951.783
1952.250
1952.700
1953.050
1953.400
1953.617
1954.083
1954.533
1954.883
1955.233
1955.467
1955.933
1956.383
1956.850
1957.317
1957.533
1957.783
1958.233
1958.467
1958.700
1959.133
1959.383
1959.617
1960.083
1960.300
1960.533
1961.000
1961.217
1961.467
1961.917
1962.150
1962.367
1962.867
1963.100
1963.333
1963.783
1964.017
1964.250
1964.683
1964.799
1964.915
1965.031
1965.147
1965.263
1965.379
1965.495
1965.611
1965.727
1965.843
1965.959
1966.075
1966.191
1966.307
1966.423
1966.539
1966.655
1966.771
1966.887
1967.002
1967.118
1967.234
1967.350
1967.466
1967.582
1967.698
1967.814
1967.930
1968.046
1968.162
1968.278
1968.394
1968.510
1968.626
1968.742
1968.858
1968.974
1969.090
1969.206
1969.322
1969.438
1969.554
1969.670
1969.785
1969.901
1970.017
1970.133
1972.083
1972.317
1972.550
1973.000
1973.217
1973.467
1973.917
1974.150
1974.383
1974.850
1975.067
1975.317
1975.767
1976.000
1976.217
1976.700
1976.933
1977.167
1977.617
1977.850
1978.083
1978.533
1978.750
1979.000
1979.483
1979.717
1979.950
1980.383
1980.617
1980.867
1981.317
1981.550
1981.783
1982.250
1982.483
1982.717
1983.167
1983.400
1983.633
1984.083
1984.317
1984.550
1985.000
1985.233
1985.467
1985.933
1986.167
1986.400
1986.850
1987.083
1987.317
1987.783
1988.017
1988.250
1988.700
1988.933
1989.167
1989.617
1989.850
1990.083
1990.533
1990.767
1991.000
1991.450
1991.683
1991.917
1992.367
1992.600
1992.833
1993.300
1993.533
1993.767
1994.200
1994.316
1994.433
1994.549
1994.665
1994.782
1994.898
1995.014
1995.130
1995.247
1995.363
1995.479
1995.596
1995.712
1995.828
1995.945
1996.061
1996.177
1996.294
1996.410
1996.526
1996.643
1996.759
1996.875
1996.991
1997.108
1997.224
1997.340
1997.457
1997.573
1997.689
1997.806
1997.922
1998.038
1998.155
1998.271
1998.387
1998.504
1998.620
1998.736
1998.852
1998.969
1999.085
1999.201
1999.318
1999.434
1999.550
1999.667
2001.617
2002.083
2002.550
2003.000
2003.467
2003.933
2004.383
2004.850
2005.317
2005.767
2006.233
2006.700
2007.150
2007.600
2008.083
2008.533
2008.908
2009.078
2009.249
2009.420
2009.590
2009.761
2009.932
2010.102
2010.273
2010.443
2010.614
2010.785
2010.955
2011.126
2011.297
2011.467
2011.638
2011.808
2011.979
2012.150
2012.320
2012.491
2012.662
2012.832
2013.003
2013.174
2013.344
2013.515
2013.685
2013.856
2014.027
2014.197
2014.368
2014.539
2014.709
2014.880
2015.050
2015.221
2015.392
2015.562
2015.733
2015.904
2016.074
2016.245
2016.416
2016.586
2016.757
2016.927
2017.098
2017.269
2017.439
2017.610
2017.781
2017.951
2018.122
2018.293
2018.463
2018.634
2018.804
2018.975
2019.146
2019.316
2019.487
2019.658
2019.828
2019.999
2020.169
2020.340
2020.511
2020.681
2020.852
2021.023
2021.193
2021.364
2021.535
2021.705
2021.876
2022.046
2022.217
2022.388
2022.558
2022.729
2022.900
2023.070
2023.241
2023.411
2023.582
2023.753
2023.923
2024.094
2024.265
2024.435
2024.606
2024.777
2024.947
2025.118
2025.288
2025.459
2025.630
2025.800
2025.971
2026.142
2026.312
2026.483
2026.653
2026.824
2026.995
2027.165
2027.336
2027.507
2027.677
2027.848
2028.019
2028.189
2028.360
2028.530
2028.701
2028.872
2029.042
2029.213
2029.384
2029.554
2029.725
2029.896
2030.066
2030.237
2030.407
2030.578
2030.749
2030.919
2031.090
2031.261
2031.431
2031.602
2031.772
2031.943
2032.114
