154.779
155.249
155.718
156.188
156.658
157.128
157.598
158.068
158.538
159.007
159.477
159.947
160.417
160.887
161.357
161.826
162.296
162.766
163.236
163.706
164.176
164.646
165.115
165.585
166.055
166.525
166.995
167.465
167.935
168.404
168.874
169.344
169.814
170.284
170.754
171.224
171.693
172.163
172.633
173.103
173.573
174.043
174.513
174.982
175.452
175.922
176.392
176.862
177.332
177.801
178.271
178.741
179.211
179.681
180.151
180.621
181.090
181.560
182.030
182.500
184.833
185.311
185.789
186.267
186.744
187.222
187.700
188.178
188.656
189.133
189.611
190.089
190.567
191.044
191.522
192.000
192.478
192.956
193.433
193.911
194.389
194.867
195.344
195.822
196.300
196.778
197.256
197.733
198.211
198.689
199.167
199.644
200.122
200.600
201.078
201.556
202.033
202.511
202.989
203.467
203.944
204.422
204.900
205.378
205.856
206.333
206.811
207.289
207.767
208.244
208.722
209.200
209.678
210.156
210.633
211.111
211.589
212.067
212.544
213.022
213.500
213.978
214.456
214.933
215.411
215.889
216.367
216.844
217.322
217.800
218.278
218.756
219.233
219.711
220.189
220.667
221.144
221.622
222.100
222.578
223.056
223.533
224.011
224.489
224.967
225.444
225.922
226.400
226.878
227.356
227.833
228.311
228.789
229.267
229.744
230.222
230.700
231.178
231.656
232.133
232.611
233.089
233.567
234.044
234.522
235.000
235.478
235.956
236.433
236.911
237.389
237.867
238.344
238.822
239.300
239.778
240.256
240.733
241.211
241.689
242.167
242.644
243.122
243.600
244.078
244.556
245.033
245.511
245.989
246.467
246.944
247.422
247.900
248.378
248.856
249.333
249.811
250.289
250.767
251.244
251.722
252.200
252.678
253.156
253.633
254.111
254.589
255.067
255.544
256.022
256.500
256.978
257.456
257.933
258.411
258.889
259.367
259.844
260.322
260.800
261.278
261.756
262.233
262.711
263.189
263.667
263.900
264.134
264.368
264.602
264.835
265.069
265.537
265.771
266.004
266.238
266.472
266.706
266.939
267.407
267.641
267.874
268.108
268.342
268.576
268.810
269.277
269.511
269.745
269.978
270.212
270.446
270.680
271.147
271.381
271.615
271.849
272.082
272.316
273.017
273.251
273.485
273.719
273.952
274.186
274.420
274.888
275.357
275.826
276.295
276.763
277.232
277.701
278.170
278.639
279.108
279.577
280.046
280.515
280.984
281.453
281.922
282.391
282.860
283.329
283.798
284.267
284.736
285.205
285.674
286.143
286.612
287.081
287.550
288.019
288.488
288.957
289.426
289.895
290.364
290.833
291.302
291.771
292.240
292.709
293.178
293.647
294.116
294.585
295.054
295.523
295.992
296.461
296.930
297.399
297.868
298.337
298.806
299.275
299.744
300.213
300.681
301.150
301.619
302.088
302.557
303.026
303.495
303.964
304.433
312.400
312.634
313.336
313.570
314.271
314.505
315.207
315.441
316.143
316.377
317.078
317.312
318.014
318.248
318.950
319.184
319.885
320.119
320.821
321.055
321.757
321.991
322.692
322.926
323.628
323.862
324.564
324.798
325.499
325.733
326.233
326.433
327.400
327.869
328.339
328.808
329.277
329.746
330.216
330.685
331.154
331.623
332.093
332.562
333.031
333.501
333.970
334.439
334.908
335.378
335.847
336.316
336.785
337.255
337.724
338.193
338.662
339.132
339.601
340.070
340.540
341.009
341.478
341.947
342.417
342.886
343.355
343.824
344.294
344.763
345.232
345.702
346.171
346.640
347.109
347.579
348.048
348.517
348.986
349.456
349.925
350.394
350.864
351.333
351.802
352.271
352.741
353.210
353.679
354.148
354.618
355.087
355.556
356.026
356.495
356.964
357.433
357.903
358.372
358.841
359.310
359.780
360.249
360.718
361.187
361.657
362.126
362.595
363.065
363.534
364.003
364.472
364.942
365.411
365.880
366.349
366.819
367.288
367.757
368.227
368.696
369.165
369.634
370.104
370.573
371.042
371.511
371.981
372.450
372.919
373.389
373.858
374.327
374.796
375.266
375.735
376.204
376.673
377.143
377.612
378.081
378.551
379.020
379.489
379.958
380.428
380.897
381.366
381.835
382.305
382.774
383.243
383.712
384.182
384.651
385.120
385.590
386.059
386.528
386.997
387.467
389.300
391.200
393.067
394.933
395.402
395.871
396.340
396.808
397.277
397.746
398.215
398.683
399.152
399.621
400.090
400.559
401.027
401.496
401.965
402.434
402.902
403.371
403.840
404.309
404.777
405.246
405.715
406.184
406.652
407.121
407.590
408.059
408.528
408.996
409.465
409.934
410.403
410.871
411.340
411.809
412.278
412.746
413.215
413.684
414.153
414.622
415.090
415.559
416.028
416.497
416.965
417.434
417.903
418.372
418.840
419.309
419.778
420.247
420.715
421.184
421.653
422.122
422.591
423.059
423.528
423.997
424.466
424.934
425.403
425.872
426.341
426.809
427.278
427.747
428.216
428.684
429.153
429.622
430.091
430.560
431.028
431.497
431.966
432.435
432.903
433.372
433.841
434.310
434.778
435.247
435.716
436.185
436.654
437.122
437.591
438.060
438.529
438.997
439.466
439.935
440.404
440.872
441.341
441.810
442.279
442.747
443.216
443.685
444.154
444.623
445.091
445.560
446.029
446.498
446.966
447.435
447.904
448.373
448.841
449.310
449.779
450.248
450.716
451.185
451.654
452.123
452.592
453.060
453.529
453.998
454.467
454.933
455.168
455.872
456.107
456.811
457.045
457.749
457.984
458.688
458.922
459.626
459.861
460.565
460.800
461.504
461.738
462.442
462.677
463.381
463.615
464.319
464.554
465.258
465.493
466.197
466.431
467.135
467.370
468.074
468.308
529.533
529.962
530.392
530.821
531.250
531.679
532.108
532.537
532.967
533.396
533.825
534.254
534.683
535.112
535.542
535.971
536.400
536.829
537.258
537.687
538.117
538.546
538.975
539.404
539.833
540.262
540.692
541.121
541.550
541.979
542.408
542.837
543.267
543.696
544.125
544.554
544.983
545.412
545.842
546.271
546.700
547.129
547.558
547.987
548.417
548.846
549.275
549.704
550.133
550.562
550.992
551.421
551.850
552.279
552.708
553.137
553.567
553.779
553.992
554.204
554.417
554.629
554.842
555.054
555.267
555.479
555.692
555.904
556.117
556.329
556.542
556.754
556.967
557.395
557.823
558.251
558.680
559.108
559.536
559.964
560.393
560.821
561.249
561.677
562.106
562.534
562.962
563.390
563.819
564.247
564.675
565.103
565.532
565.960
566.388
566.816
567.245
567.673
568.101
568.529
568.958
569.386
569.814
570.242
570.671
571.099
571.527
571.955
572.384
572.812
573.240
573.668
574.097
574.525
574.953
575.381
575.810
576.238
576.666
577.094
577.523
577.951
578.379
578.807
579.236
579.664
580.092
580.520
580.949
581.377
581.805
582.233
582.733
582.931
583.128
583.326
583.524
583.721
583.919
584.116
584.433
584.861
585.289
585.716
586.144
586.571
586.999
587.426
587.854
588.282
588.709
589.137
589.564
589.992
590.420
590.847
591.275
591.702
592.130
592.557
592.985
593.413
593.840
594.268
594.695
595.123
595.551
595.978
596.406
596.833
597.013
597.193
597.553
597.733
598.133
598.562
598.990
599.419
599.848
600.276
600.705
601.133
601.562
601.990
602.419
602.848
603.276
603.705
604.133
604.562
604.990
605.419
605.848
606.276
606.705
607.133
607.562
607.990
608.419
608.848
609.276
609.705
610.133
610.350
610.567
610.783
611.000
611.217
611.433
611.650
611.867
612.300
612.729
613.158
613.586
614.015
614.444
614.873
615.302
615.731
616.159
616.588
617.017
617.446
617.875
618.303
618.732
619.161
619.590
620.019
620.447
620.876
621.305
621.734
622.163
622.592
623.020
623.449
623.878
624.307
624.736
625.164
625.593
626.022
626.451
626.880
627.308
627.737
628.166
628.595
629.024
629.453
629.881
630.310
630.739
631.168
631.597
632.025
632.454
632.883
633.312
633.741
634.169
634.598
635.027
635.456
635.885
636.314
636.742
637.171
637.600
637.817
638.033
638.250
638.467
638.683
638.900
639.117
639.333
639.733
639.947
640.160
640.588
641.015
641.442
641.656
641.869
642.296
642.723
643.151
643.364
643.578
644.005
644.432
644.859
645.073
645.286
645.714
646.141
646.568
646.781
646.995
647.422
647.849
648.277
648.490
648.704
649.131
649.558
649.985
650.199
650.412
650.840
651.267
651.487
651.708
651.929
652.150
652.371
652.592
652.812
653.033
653.433
653.864
654.294
654.725
655.155
655.586
656.016
656.446
656.877
657.307
657.738
658.168
658.599
659.029
659.459
659.890
660.320
660.751
661.181
661.612
662.042
662.472
662.903
663.333
663.545
663.757
663.969
664.181
664.393
664.605
664.817
665.029
665.240
665.452
665.664
665.876
666.088
666.300
666.700
667.130
667.345
667.560
667.991
668.421
668.636
668.851
669.066
669.281
669.496
669.711
670.142
670.572
670.787
671.002
671.432
671.862
672.078
672.293
672.508
672.723
672.938
673.153
673.583
674.014
674.229
674.444
674.874
675.304
675.519
675.734
675.949
676.165
676.380
676.595
677.025
677.455
677.670
677.885
678.316
678.746
678.961
679.176
679.391
679.606
679.821
680.036
680.467
680.681
681.109
681.323
681.537
681.965
682.179
682.393
682.822
683.036
683.250
683.678
683.892
684.106
684.534
684.748
684.962
685.391
685.605
685.819
686.247
686.461
686.675
687.333
687.549
687.979
688.195
688.410
688.841
689.056
689.272
689.703
689.918
690.133
690.733
690.946
691.372
691.585
691.797
692.223
692.436
692.649
693.074
693.287
693.500
694.167
694.382
694.813
695.028
695.244
695.674
695.890
696.105
696.536
696.751
696.967
697.600
697.815
698.246
698.462
698.677
699.108
699.323
699.538
699.969
700.185
700.400
704.467
704.683
705.115
705.331
705.547
706.195
706.411
706.844
707.060
707.276
707.924
708.140
708.572
708.789
709.005
709.653
709.869
710.301
710.517
710.733
713.033
713.367
713.667
713.900
714.233
714.533
714.767
719.900
720.109
720.526
720.734
721.200
721.626
722.051
722.477
722.903
723.328
723.754
724.179
724.605
725.031
725.456
725.882
726.308
726.733
726.933
727.133
727.333
727.600
727.800
728.000
728.200
728.400
728.833
729.263
729.693
730.122
730.552
730.981
731.411
731.841
732.270
732.700
733.130
733.559
733.989
734.419
734.848
735.278
735.707
736.137
736.567
736.996
737.426
737.856
738.285
738.715
739.144
739.574
740.004
740.433
740.667
741.067
741.300
741.533
741.967
742.233
742.633
743.064
743.495
743.926
744.357
744.788
745.219
745.650
746.081
746.512
746.943
747.374
747.805
748.236
748.667
749.033
749.462
749.890
750.319
750.748
751.176
751.605
752.033
752.462
752.890
753.319
753.748
754.176
754.605
755.033
755.462
755.890
756.319
756.748
757.176
757.605
758.033
758.462
758.890
759.319
759.748
760.176
760.605
761.033
761.233
761.433
761.633
761.833
762.167
762.367
762.567
762.767
763.200
763.628
764.057
764.485
764.914
765.342
765.770
766.199
766.627
767.056
767.484
767.912
768.341
768.769
769.198
769.626
770.054
770.483
770.911
771.340
771.768
772.196
772.625
773.053
773.481
773.910
774.338
774.767
774.983
775.200
775.417
775.633
775.850
776.067
776.283
776.500
776.900
777.329
777.757
778.186
778.614
779.043
779.471
779.900
780.329
780.757
781.186
781.614
782.043
782.471
782.900
783.329
783.757
784.186
784.614
785.043
785.471
785.900
786.329
786.757
787.186
787.614
788.043
788.471
788.900
789.329
789.757
790.186
790.614
791.043
791.471
791.900
792.329
792.757
793.186
793.614
794.043
794.471
794.900
795.329
795.757
796.186
796.614
797.043
797.471
797.900
798.329
798.757
799.186
799.614
800.043
800.471
800.900
801.329
801.757
802.186
802.614
803.043
803.471
803.900
804.115
804.329
804.544
804.758
804.973
805.187
805.402
805.617
805.831
806.046
806.260
806.475
806.689
806.904
807.118
807.333
807.548
807.762
807.977
808.191
808.406
808.620
808.835
809.050
809.264
809.479
809.693
809.908
810.122
810.337
810.552
810.766
810.981
811.195
811.410
811.624
811.839
812.053
812.268
812.483
812.697
812.912
813.126
813.341
813.555
813.770
813.985
814.199
814.414
814.628
814.843
815.057
815.272
815.487
815.701
815.916
816.130
816.345
816.559
816.774
816.989
817.203
817.418
817.632
817.847
818.061
818.276
818.490
818.705
818.920
819.134
819.349
819.563
819.778
819.992
820.207
820.422
820.636
820.851
821.065
821.280
821.494
821.709
821.924
822.138
822.353
822.567
822.782
822.996
823.211
823.425
823.640
823.855
824.069
824.284
824.498
824.713
824.927
825.142
825.357
825.571
825.786
826.000
826.215
826.429
826.644
826.859
827.073
827.288
827.502
827.717
827.931
828.146
828.360
828.575
828.790
829.004
829.219
829.433
831.333
831.763
832.193
832.623
833.052
833.482
833.912
834.342
834.771
835.201
835.631
836.061
836.490
836.920
837.350
837.780
838.210
838.639
839.069
839.499
839.929
840.358
840.788
841.218
841.648
842.077
842.507
842.937
843.367
843.567
843.767
843.967
844.233
844.433
844.633
844.833
845.033
846.833
847.260
847.686
848.112
848.538
848.964
849.390
849.817
850.243
850.669
851.095
851.521
851.948
852.374
852.800
853.226
853.652
854.079
854.505
854.931
855.357
855.783
856.210
856.636
857.062
857.488
857.914
858.340
858.767
858.976
859.186
859.395
859.605
859.814
860.024
860.233
860.500
860.929
861.358
861.787
862.216
862.645
863.074
863.504
863.933
864.362
864.791
865.220
865.649
866.078
866.507
866.936
867.365
867.794
868.223
868.652
869.082
869.511
869.940
870.369
870.798
871.227
871.656
872.085
872.514
872.943
873.372
873.801
874.230
874.660
875.089
875.518
875.947
876.376
876.805
877.234
877.663
878.092
878.521
878.950
879.379
879.809
880.238
880.667
881.100
881.316
881.532
881.748
881.964
882.180
882.397
882.613
882.829
883.045
883.261
883.477
883.693
883.909
884.125
884.341
884.557
884.774
884.990
885.206
885.422
885.638
885.854
886.070
886.286
886.502
886.718
886.934
887.151
887.367
887.967
888.823
889.680
890.537
891.394
892.251
893.107
893.964
894.821
895.678
896.535
897.391
898.248
899.105
899.962
900.819
901.675
902.532
903.389
904.246
905.102
905.959
906.816
907.673
908.530
909.386
910.243
911.100
911.967
912.181
912.396
912.610
912.825
913.040
913.254
913.469
913.683
913.898
914.112
914.327
914.542
914.756
914.971
915.185
915.400
915.833
916.262
916.691
917.120
917.548
917.977
918.406
918.835
919.263
919.692
920.121
920.550
920.978
921.407
921.836
922.265
922.693
923.122
923.551
923.980
924.408
924.837
925.266
925.695
926.124
926.552
926.981
927.410
927.839
928.267
928.696
929.125
929.554
929.982
930.411
930.840
931.269
931.697
932.126
932.555
932.984
933.412
933.841
934.270
934.699
935.127
935.556
935.985
936.414
936.842
937.271
937.700
937.914
938.127
938.341
938.555
938.768
938.982
939.196
939.409
939.623
939.837
940.050
940.264
940.478
940.691
940.905
941.119
941.332
941.546
941.760
941.974
942.187
942.401
942.615
942.828
943.042
943.256
943.469
943.683
943.897
944.110
944.324
944.538
944.751
944.965
945.179
945.392
945.606
945.820
946.033
1007.333
1009.200
1011.033
1012.900
1014.767
1016.600
1018.433
1020.267
1022.133
1023.967
1025.800
1027.633
1029.500
1031.333
1033.167
1034.088
1035.009
1035.930
1036.852
1037.773
1038.694
1039.615
1040.536
1041.458
1042.379
1043.300
1044.221
1045.142
1046.064
1046.985
1047.906
1048.827
1049.748
1050.670
1051.591
1052.512
1053.433
1054.355
1055.276
1056.197
1057.118
1058.039
1058.961
1059.882
1060.803
1061.724
1062.645
1063.567
1064.027
1064.488
1064.948
1065.409
1065.869
1066.330
1066.790
1067.251
1067.711
1068.171
1068.632
1069.092
1069.553
1070.013
1070.474
1070.934
1071.395
1071.855
1072.316
1072.776
1073.237
1073.697
1074.158
1074.618
1075.079
1075.539
1076.000
1076.460
1076.921
1077.381
1077.842
1078.302
1078.763
1079.223
1079.684
1080.144
1080.604
1081.065
1081.525
1081.986
1082.446
1082.907
1083.367
1083.828
1084.288
1084.749
1085.209
1085.670
1086.130
1086.591
1087.051
1087.512
1087.972
1088.433
1088.893
1089.354
1089.814
1090.275
1090.735
1091.196
1091.656
1092.116
1092.577
1093.037
1093.498
1093.958
1094.419
1094.879
1095.340
1095.800
1096.261
1096.721
1097.182
1097.642
1098.103
1098.563
1099.024
1099.484
1099.945
1100.405
1100.866
1101.326
1101.787
1102.247
1102.708
1103.168
1103.629
1104.089
1104.549
1105.010
1105.470
1105.931
1106.391
1106.852
1107.312
1107.773
1108.233
1108.694
1109.154
1109.615
1110.075
1110.536
1110.996
1111.457
1111.917
1112.378
1112.838
1113.299
1113.759
1114.220
1114.680
1115.141
1115.601
1116.062
1116.522
1116.982
1117.443
1117.903
1118.364
1118.824
1119.285
1119.745
1120.206
1120.666
1121.127
1121.587
1122.048
1122.508
1122.969
1123.429
1123.890
1124.350
1124.811
1125.271
1125.732
1126.192
1126.653
1127.113
1127.574
1128.034
1128.495
1128.955
1129.415
1129.876
1130.336
1130.797
1131.257
1131.718
1132.178
1132.639
1133.099
1133.560
1134.020
1134.481
1134.941
1135.402
1135.862
1136.323
1136.783
1137.244
1137.704
1138.165
1138.625
1139.086
1139.546
1140.007
1140.467
1140.927
1141.388
1141.848
1142.309
1142.769
1143.230
1143.690
1144.151
1144.611
1145.072
1145.532
1145.993
1146.453
1146.914
1147.374
1147.835
1148.295
1148.756
1149.216
1149.677
1150.137
1150.598
1151.058
1151.519
1151.979
1152.440
1152.900
1153.130
1153.821
1154.051
1154.742
1154.972
1155.662
1155.893
1156.583
1156.813
1157.504
1157.734
1158.425
1158.655
1159.346
1159.576
1160.266
1160.497
1161.187
1161.417
1162.108
1162.338
1163.029
1163.259
1163.950
1164.180
1164.870
1165.101
1165.791
1166.021
1166.712
1166.942
1167.633
1167.863
1168.554
1168.784
1169.474
1169.705
1170.395
1170.625
1171.316
1171.546
1172.237
1172.467
1173.158
1173.388
1174.078
1174.309
1174.999
1175.229
1175.920
1176.150
1176.841
1177.071
1177.762
1177.992
1178.682
1178.913
1179.603
1179.833
1180.267
1180.500
1181.000
1181.233
1181.433
1181.900
1182.361
1182.821
1183.282
1183.742
1184.203
1184.663
1185.124
1185.584
1186.045
1186.506
1186.966
1187.427
1187.887
1188.348
1188.808
1189.269
1189.729
1190.190
1190.651
1191.111
1191.572
1192.032
1192.493
1192.953
1193.414
1193.875
1194.335
1194.796
1195.256
1195.717
1196.177
1196.638
1197.098
1197.559
1198.020
1198.480
1198.941
1199.401
1199.862
1200.322
1200.783
1201.243
1201.704
1202.165
1202.625
1203.086
1203.546
1204.007
1204.467
1204.928
1205.388
1205.849
1206.310
1206.770
1207.231
1207.691
1208.152
1208.612
1209.073
1209.533
1209.994
1210.455
1210.915
1211.376
1211.836
1212.297
1212.757
1213.218
1213.678
1214.139
1214.600
1215.060
1215.521
1215.981
1216.442
1216.902
1217.363
1217.824
1218.284
1218.745
1219.205
1219.666
1220.126
1220.587
1221.047
1221.508
1221.969
1222.429
1222.890
1223.350
1223.811
1224.271
1224.732
1225.192
1225.653
1226.114
1226.574
1227.035
1227.495
1227.956
1228.416
1228.877
1229.337
1229.798
1230.259
1230.719
1231.180
1231.640
1232.101
1232.561
1233.022
1233.482
1233.943
1234.404
1234.864
1235.325
1235.785
1236.246
1236.706
1237.167
1237.627
1238.088
1238.549
1239.009
1239.470
1239.930
1240.391
1240.851
1241.312
1241.773
1242.233
1242.694
1243.154
1243.615
1244.075
1244.536
1244.996
1245.457
1245.918
1246.378
1246.839
1247.299
1247.760
1248.220
1248.681
1249.141
1249.602
1250.063
1250.523
1250.984
1251.444
1251.905
1252.365
1252.826
1253.286
1253.747
1254.208
1254.668
1255.129
1255.589
1256.050
1256.510
1256.971
1257.431
1257.892
1258.353
1258.813
1259.274
1259.734
1260.195
1260.655
1261.116
1261.576
1262.037
1262.498
1262.958
1263.419
1263.879
1264.340
1264.800
1265.261
1265.722
1266.182
1266.643
1267.103
1267.564
1268.024
1268.485
1268.945
1269.406
1269.867
1270.327
1270.788
1271.248
1271.709
1272.169
1272.630
1273.090
1273.551
1274.012
1274.472
1274.933
1275.393
1275.854
1276.314
1276.775
1277.235
1277.696
1278.157
1278.617
1279.078
1279.538
1279.999
1280.459
1280.920
1281.380
1281.841
1282.302
1282.762
1283.223
1283.683
1284.144
1284.604
1285.065
1285.525
1285.986
1286.447
1286.907
1287.368
1287.828
1288.289
1288.749
1289.210
1289.671
1290.131
1290.592
1291.052
1291.513
1291.973
1292.434
1292.894
1293.355
1293.816
1294.276
1294.737
1295.197
1295.658
1296.118
1296.579
1297.039
1297.500
1299.300
1299.761
1300.223
1300.684
1301.145
1301.606
1302.068
1302.529
1302.990
1303.451
1303.913
1304.374
1304.835
1305.297
1305.758
1306.219
1306.680
1307.142
1307.603
1308.064
1308.525
1308.987
1309.448
1309.909
1310.371
1310.832
1311.293
1311.754
1312.216
1312.677
1313.138
1313.600
1314.061
1314.522
1314.983
1315.445
1315.906
1316.367
1316.828
1317.290
1317.751
1318.212
1318.674
1319.135
1319.596
1320.057
1320.519
1320.980
1321.441
1321.902
1322.364
1322.825
1323.286
1323.748
1324.209
1324.670
1325.131
1325.593
1326.054
1326.515
1326.976
1327.438
1327.899
1328.360
1328.822
1329.283
1329.744
1330.205
1330.667
1330.897
1331.587
1331.817
1332.508
1332.738
1333.428
1333.658
1334.349
1334.579
1335.269
1335.500
1336.190
1336.420
1337.111
1337.341
1338.031
1338.261
1338.952
1339.182
1339.872
1340.102
1340.793
1341.023
1341.713
1341.944
1342.634
1342.864
1343.555
1343.785
1344.475
1344.705
1345.396
1345.626
1346.316
1346.546
1347.237
1347.467
1348.157
1348.387
1349.078
1349.308
1349.998
1350.229
1350.900
1351.130
1351.361
1351.821
1352.052
1352.282
1352.743
1352.973
1353.204
1353.664
1353.895
1354.125
1354.586
1354.816
1355.046
1355.507
1355.737
1355.968
1356.429
1356.659
1356.889
1357.350
1357.580
1357.811
1358.271
1358.502
1358.732
1359.193
1359.423
1359.654
1360.114
1360.345
1360.575
1361.036
1361.266
1361.496
1361.957
1362.187
1362.418
1362.879
1363.109
1363.339
1363.800
1364.030
1364.261
1364.721
1364.952
1365.182
1365.643
1365.873
1366.104
1366.564
1366.795
1367.025
1367.486
1367.716
1367.946
1368.407
1368.637
1368.868
1369.329
1369.559
1369.789
1370.250
1370.480
1370.711
1371.171
1371.402
1371.632
1372.093
1372.323
1372.554
1373.014
1373.245
1373.475
1373.936
1374.166
1374.396
1374.857
1375.087
1375.318
1375.779
1376.009
1376.239
1376.700
1376.932
1377.164
1377.396
1377.628
1377.860
1378.092
1378.324
1378.556
1378.788
1379.020
1379.252
1379.484
1379.716
1379.948
1380.180
1380.412
1380.644
1380.876
1381.108
1381.340
1381.572
1381.804
1382.036
1382.268
1382.500
1382.732
1382.964
1383.196
1383.428
1383.660
1383.892
1384.124
1384.356
1384.588
1384.820
1385.052
1385.284
1385.516
1385.748
1385.980
1386.212
1386.444
1386.676
1386.908
1387.140
1387.372
1387.604
1387.836
1388.068
1388.300
1388.733
1389.100
1389.567
1390.433
1391.333
1392.300
1393.500
1394.533
1395.833
1397.033
1398.767
1464.867
1465.336
1465.806
1466.275
1466.745
1467.214
1467.684
1468.154
1468.623
1469.093
1469.562
1470.032
1470.501
1470.971
1471.440
1471.910
1472.380
1472.849
1473.319
1473.788
1474.258
1474.727
1475.197
1475.666
1476.136
1476.606
1477.075
1477.545
1478.014
1478.484
1478.953
1479.423
1479.892
1480.362
1480.831
1481.301
1481.771
1482.240
1482.710
1483.179
1483.649
1484.118
1484.588
1485.057
1485.527
1485.997
1486.466
1486.936
1487.405
1487.875
1488.344
1488.814
1489.283
1489.753
1490.223
1490.692
1491.162
1491.631
1492.101
1492.570
1493.040
1493.509
1493.979
1494.449
1494.918
1495.388
1495.857
1496.327
1496.796
1497.266
1497.735
1498.205
1498.675
1499.144
1499.614
1500.083
1500.553
1501.022
1501.492
1501.961
1502.431
1502.901
1503.370
1503.840
1504.309
1504.779
1505.248
1505.718
1506.187
1506.657
1507.127
1507.596
1508.066
1508.535
1509.005
1509.474
1509.944
1510.413
1510.883
1511.352
1511.822
1512.292
1512.761
1513.231
1513.700
1514.170
1514.639
1515.109
1515.578
1516.048
1516.518
1516.987
1517.457
1517.926
1518.396
1518.865
1519.335
1519.804
1520.274
1520.744
1521.213
1521.683
1522.152
1522.622
1523.091
1523.561
1524.030
1524.500
1524.933
1525.200
1525.533
1525.900
1526.400
1526.600
1526.800
1527.067
1527.433
1527.767
1528.000
1528.233
1528.700
1528.933
1529.300
1529.633
1530.100
1530.333
1530.600
1530.833
1531.167
1531.500
1531.967
1532.233
1532.467
1532.700
1533.100
1533.400
1533.867
1534.100
1534.300
1534.567
1534.900
1535.267
1535.733
1535.967
1536.200
1536.433
1536.800
1537.167
1537.633
1537.900
1538.100
1538.333
1538.700
1539.067
1539.500
1539.767
1540.000
1540.467
1540.934
1541.402
1541.870
1542.337
1542.805
1543.273
1543.740
1544.208
1544.675
1545.143
1545.611
1546.078
1546.546
1547.014
1547.481
1547.949
1548.417
1548.884
1549.352
1549.820
1550.287
1550.755
1551.223
1551.690
1552.158
1552.625
1553.093
1553.561
1554.028
1554.496
1554.964
1555.431
1555.899
1556.367
1556.600
1556.833
1557.300
1557.767
1558.233
1558.468
1558.702
1559.171
1559.641
1560.110
1560.579
1561.048
1561.517
1561.986
1562.220
1562.455
1562.924
1563.393
1563.862
1564.331
1564.800
1565.269
1565.739
1565.973
1566.208
1566.677
1567.146
1567.615
1568.084
1568.553
1569.022
1569.491
1569.726
1569.960
1570.429
1570.898
1571.367
1571.837
1572.306
1572.775
1573.244
1573.478
1573.713
1574.182
1574.651
1575.120
1575.589
1576.058
1576.527
1576.996
1577.231
1577.465
1577.935
1578.404
1578.873
1579.342
1579.811
1580.280
1580.749
1580.983
1581.218
1581.687
1582.156
1582.625
1583.094
1583.563
1584.032
1584.502
1584.736
1588.267
1588.735
1589.204
1589.673
1590.141
1590.610
1591.079
1591.547
1592.016
1592.485
1592.954
1593.422
1593.891
1594.360
1594.828
1595.297
1595.766
1596.234
1596.703
1597.172
1597.640
1598.109
1598.578
1599.046
1599.515
1599.984
1600.453
1600.921
1601.390
1601.859
1602.327
1602.796
1603.265
1603.733
1603.968
1604.202
1604.436
1604.671
1604.905
1605.139
1605.374
1605.608
1605.842
1606.077
1606.311
1606.545
1606.780
1607.014
1607.248
1607.483
1607.717
1607.952
1608.186
1608.420
1608.655
1608.889
1609.123
1609.358
1609.592
1609.826
1610.061
1610.295
1610.529
1610.764
1610.998
1611.232
1611.467
1611.833
1612.167
1612.667
1612.903
1613.139
1613.376
1613.612
1613.730
1613.967
1614.085
1614.321
1614.558
1614.794
1615.030
1615.267
1615.600
1615.933
1616.433
1616.667
1616.867
1617.100
1617.342
1617.462
1617.704
1617.825
1618.067
1618.267
1618.500
1618.733
1618.967
1619.200
1619.317
1619.667
1620.067
1620.167
1620.367
1620.600
1620.867
1621.067
1621.333
1621.458
1621.583
1621.833
1622.033
1622.267
1622.500
1622.767
1622.967
1623.122
1623.433
1623.767
1623.900
1624.167
1624.400
1624.600
1624.833
1624.950
1625.183
1625.300
1625.533
1625.800
1626.000
1633.267
1633.736
1634.205
1634.674
1635.144
1635.613
1636.082
1636.552
1637.021
1637.490
1637.959
1638.429
1638.898
1639.367
1639.836
1640.306
1640.775
1641.244
1641.714
1642.183
1642.652
1643.121
1643.591
1644.060
1644.529
1644.998
1645.468
1645.937
1646.406
1646.876
1647.345
1647.814
1648.283
1648.753
1649.222
1649.691
1650.160
1650.630
1651.099
1651.568
1652.037
1652.507
1652.976
1653.445
1653.915
1654.384
1654.853
1655.322
1655.792
1656.261
1656.730
1657.199
1657.669
1658.138
1658.607
1659.077
1659.546
1660.015
1660.484
1660.954
1661.423
1661.892
1662.361
1662.831
1663.300
1665.633
1666.000
1666.233
1666.600
1666.833
1667.300
1667.533
1667.867
1668.100
1668.467
1668.700
1669.167
1669.400
1669.733
1669.967
1670.333
1670.567
1671.033
1671.267
1671.633
1671.867
1672.200
1672.433
1672.933
1673.133
1673.500
1673.700
1674.100
1674.300
1674.800
1675.033
1675.367
1675.600
1675.967
1676.200
1676.667
1676.867
1677.200
1677.433
1677.833
1678.067
1678.767
1679.235
1679.704
1680.173
1680.641
1681.110
1681.579
1682.047
1682.516
1682.985
1683.454
1683.922
1684.391
1684.860
1685.328
1685.797
1686.266
1686.734
1687.203
1687.672
1688.140
1688.609
1689.078
1689.546
1690.015
1690.484
1690.953
1691.421
1691.890
1692.359
1692.827
1693.296
1693.765
1694.233
1694.702
1695.171
1695.639
1696.108
1696.577
1697.045
1697.514
1697.983
1698.452
1698.920
1699.389
1699.858
1700.326
1700.795
1701.264
1701.732
1702.201
1702.670
1703.138
1703.607
1704.076
1704.544
1705.013
1705.482
1705.951
1706.419
1706.888
1707.357
1707.825
1708.294
1708.763
1709.231
1709.700
1710.169
1710.637
1711.106
1711.575
1712.043
1712.512
1712.981
1713.449
1713.918
1714.387
1714.856
1715.324
1715.793
1716.262
1716.730
1717.199
1717.668
1718.136
1718.605
1719.074
1719.542
1720.011
1720.480
1720.948
1721.417
1721.886
1722.355
1722.823
1723.292
1723.761
1724.229
1724.698
1725.167
1725.401
1725.636
1726.106
1726.341
1726.576
1727.045
1727.280
1727.515
1727.984
1728.219
1728.454
1728.924
1729.159
1729.393
1729.863
1730.098
1730.333
1730.802
1731.037
1731.272
1731.742
1731.976
1732.211
1732.681
1732.916
1733.151
1733.620
1733.855
1734.090
1734.559
1734.794
1735.029
1735.499
1735.734
1735.968
1736.438
1736.673
1736.908
1737.377
1737.612
1737.847
1738.317
1738.551
1738.786
1739.256
1739.491
1739.725
1740.195
1740.430
1740.665
1741.134
1741.369
1741.604
1742.074
1742.308
1742.543
1743.013
1743.248
1743.483
1743.952
1744.187
1744.422
1744.891
1745.126
1745.361
1745.831
1746.066
1746.300
1746.770
1747.005
1747.240
1747.709
1747.944
1748.179
1748.649
1748.883
1749.118
1749.588
1749.823
1750.058
1750.527
1750.762
1750.997
1751.466
1751.701
1751.936
1752.406
1752.641
1752.875
1753.345
1753.580
1753.815
1851.567
1852.031
1852.495
1852.960
1853.424
1853.889
1854.353
1854.817
1855.282
1855.746
1856.211
1856.675
1857.139
1857.604
1858.068
1858.533
1858.997
1859.461
1859.926
1860.390
1860.855
1861.319
1861.783
1862.248
1862.712
1863.177
1863.641
1864.105
1864.570
1865.034
1865.498
1865.963
1866.427
1866.892
1867.356
1867.820
1868.285
1868.749
1869.214
1869.678
1870.142
1870.607
1871.071
1871.536
1872.000
1873.833
1874.300
1874.600
1875.233
1875.433
1875.667
1876.567
1877.033
1877.467
1878.200
1878.867
1879.133
1879.367
1880.267
1880.733
1881.200
1881.867
1882.600
1882.800
1883.033
1883.867
1884.400
1884.900
1885.600
1886.300
1886.500
1886.733
1886.967
1887.233
1887.467
1887.800
1888.167
1888.400
1888.600
1889.067
1889.528
1889.990
1890.451
1890.913
1891.374
1891.836
1892.297
1892.759
1893.221
1893.682
1894.144
1894.605
1895.067
1895.528
1895.990
1896.451
1896.913
1897.374
1897.836
1898.297
1898.759
1899.221
1899.682
1900.144
1900.605
1901.067
1902.900
1903.004
1903.108
1903.212
1903.316
1903.833
1904.295
1904.756
1905.218
1905.679
1906.141
1906.602
1907.064
1907.525
1907.987
1908.448
1908.910
1909.371
1909.833
1910.294
1910.756
1911.217
1911.679
1912.140
1912.602
1913.063
1913.525
1913.986
1914.448
1914.909
1915.371
1915.832
1916.294
1916.755
1917.217
1917.678
1918.140
1918.601
1919.063
1919.524
1919.986
1920.447
1920.909
1921.370
1921.832
1922.293
1922.755
1923.216
1923.678
1924.139
1924.601
1925.062
1925.524
1925.985
1926.447
1926.908
1927.370
1927.831
1928.293
1928.754
1929.216
1929.677
1930.139
1930.600
1932.423
1932.538
1932.652
1932.767
1932.881
1933.367
1933.828
1934.290
1934.752
1935.213
1935.675
1936.137
1936.599
1937.060
1937.522
1937.984
1938.445
1938.907
1939.369
1939.830
1940.292
1940.754
1941.216
1941.677
1942.139
1942.601
1943.062
1943.524
1943.986
1944.448
1944.909
1945.371
1945.833
1946.294
1946.756
1947.218
1947.679
1948.141
1948.603
1949.065
1949.526
1949.988
1950.450
1950.911
1951.373
1951.835
1952.296
1952.758
1953.220
1953.682
1954.143
1954.605
1955.067
1962.000
1962.107
1962.214
1962.321
1962.427
1962.933
1963.393
1963.852
1964.311
1964.771
1965.230
1965.690
1966.149
1966.608
1967.068
1967.527
1967.987
1968.446
1968.905
1969.365
1969.824
1970.283
1970.743
1971.202
1971.662
1972.121
1972.580
1973.040
1973.499
1973.959
1974.418
1974.900
1975.017
1975.133
1975.367
1975.483
1975.600
1975.833
1976.066
1976.300
1976.416
1976.533
1976.766
1976.883
1977.000
1977.116
1977.233
1977.667
1978.128
1978.590
1979.052
1979.514
1979.976
1980.438
1980.899
1981.361
1981.823
1982.285
1982.747
1983.209
1983.670
1984.132
1984.594
1985.056
1985.518
1985.980
1986.441
1986.903
1987.365
1987.827
1988.289
1988.751
1989.212
1989.674
1990.136
1990.598
1991.060
1991.522
1991.983
1992.445
1992.907
1993.369
1993.831
1994.292
1994.754
1995.216
1995.678
1996.140
1996.602
1997.063
1997.525
1997.987
1998.449
1998.911
1999.373
1999.834
2000.296
2000.758
2001.220
2001.682
2002.144
2002.605
2003.067
2003.529
2003.991
2004.453
2004.915
2005.376
2005.838
2006.300
2007.214
2007.330
2007.446
2007.679
2007.795
2007.911
2008.144
2008.260
2008.377
2008.609
2008.726
2008.842
2009.074
2009.191
2009.307
2009.540
2009.656
2009.772
2010.005
2010.121
2010.237
2010.470
2010.586
2010.703
2010.819
2010.935
2011.051
2011.168
2011.284
2011.400
2011.517
2011.633
2011.749
2011.866
2011.982
2012.098
2012.214
2012.331
2012.447
2012.563
2012.680
2012.796
2012.912
2013.028
2013.145
2013.261
2013.377
2013.494
2013.610
2013.726
2013.843
2013.959
2014.075
2014.191
2014.633
2015.096
2015.558
2016.020
2016.482
2016.944
2017.407
2017.869
2018.331
2018.793
2019.256
2019.718
2020.180
2020.642
2021.104
2021.567
2022.029
2022.491
2022.953
2023.416
2023.878
2024.340
2024.802
2025.264
2025.727
2026.189
2026.651
2027.113
2027.576
2028.038
2028.500
2028.962
2029.424
2029.887
2030.349
2030.811
2031.273
2031.736
2032.198
2032.660
2033.122
2033.584
2034.047
2034.509
2034.971
2035.433
2036.300
2036.763
2037.225
2037.688
2038.150
2038.613
2039.075
2039.538
2040.000
2040.463
2040.925
2041.388
2041.850
2042.313
2042.775
2043.238
2043.700
2044.163
2044.625
2045.088
2045.550
2046.013
2046.475
2046.938
2047.400
2047.863
2048.325
2048.788
2049.250
2049.713
2050.175
2050.638
2051.100
2051.216
2051.563
2051.678
2052.025
2052.141
2052.488
2052.603
2052.950
2053.066
2053.413
2053.528
2053.875
2053.991
2054.338
2054.453
2054.800
2054.916
2055.263
2055.378
2055.725
2055.841
2056.188
2056.303
2056.650
2056.766
2057.113
2057.228
2057.575
2057.691
2058.038
2058.153
2058.500
2058.613
2058.726
2058.839
2058.952
2059.065
2059.177
2059.290
2059.403
2059.516
2059.629
2059.742
2059.855
2059.968
2060.081
2060.194
2060.306
2060.419
2060.532
2060.645
2060.758
2060.871
2060.984
2061.097
2061.210
2061.323
2061.435
2061.548
2061.661
2061.774
2061.887
2062.000
2062.113
2062.226
2062.339
2062.452
2062.564
2062.677
2062.790
2062.903
2063.016
2063.129
2063.242
2063.355
2063.468
2063.581
2063.693
2063.806
2063.919
2064.032
2064.145
2064.258
2064.371
2064.484
2064.597
2064.710
2064.822
2064.935
2065.048
2065.161
2065.274
2065.387
2065.500
2065.613
2065.726
2065.839
2065.951
2066.064
2066.177
2066.290
2066.403
2066.516
2066.629
2066.742
2066.855
2066.968
2067.080
2067.193
2067.306
2067.419
2067.532
2067.645
2067.758
2067.871
2067.984
2068.097
2068.209
2068.322
2068.435
2068.548
2068.661
2068.774
2068.887
2069.000
2069.113
2069.226
2069.339
2069.451
2069.564
2070.033
2070.495
2070.957
2071.419
2071.881
2072.342
2072.804
2073.266
2073.728
2074.190
2074.652
2075.113
2075.575
2076.037
2076.499
2076.961
2077.423
2077.884
2078.346
2078.808
2079.270
2079.732
2080.194
2080.655
2081.117
2081.579
2082.041
2082.503
2082.965
2083.426
2083.888
2084.350
2084.812
2085.274
2085.735
2086.197
2086.659
2087.121
2087.583
2088.045
2088.506
2088.968
2089.430
2089.892
2090.354
2090.816
2091.277
2091.739
2092.201
2092.663
2093.125
2093.587
2094.048
2094.510
2094.972
2095.434
2095.896
2096.358
2096.819
2097.281
2097.743
2098.205
2098.667
2098.785
2098.902
2099.020
2099.138
2099.600
2100.061
2100.523
2100.984
2101.446
2101.907
2102.369
2102.830
2103.292
2103.753
2104.215
2104.676
2105.138
2105.599
2106.061
2106.522
2106.984
2107.445
2107.906
2108.368
2108.829
2109.291
2109.752
2110.214
2110.675
2111.137
2111.598
2112.060
2112.521
2112.983
2113.444
2113.906
2114.367
2114.829
2115.290
2115.752
2116.213
2116.674
2117.136
2117.597
2118.059
2118.520
2118.982
2119.443
2119.905
2120.366
2120.828
2121.289
2121.751
2122.212
2122.674
2123.135
2123.597
2124.058
2124.519
2124.981
2125.442
2125.904
2126.365
2126.827
2127.288
2127.750
2128.211
2128.673
2129.134
2129.596
2130.057
2130.519
2130.980
2131.442
2131.903
2132.364
2132.826
2133.287
2133.749
2134.210
2134.672
2135.133
2135.363
2135.592
2135.822
2136.051
2136.281
2136.510
2136.740
2136.970
2137.199
2137.429
2137.658
2137.888
2138.117
2138.347
2138.576
2138.806
2139.035
2139.265
2139.494
2139.724
2139.953
2140.183
2140.412
2140.642
2140.871
2141.101
2141.330
2141.560
2141.790
2142.019
2142.249
2142.478
2142.708
2142.937
2143.167
2199.100
2199.320
2199.981
2200.201
2200.862
2201.082
2201.742
2201.963
2202.623
2202.843
2203.504
2203.724
2204.385
2204.605
2205.266
2205.486
2206.146
2206.367
2206.800
2207.233
2207.900
2208.533
2208.967
2209.833
2210.267
2210.700
2211.567
2212.000
2212.467
2215.100
2215.317
2215.752
2215.970
2216.187
2216.622
2216.840
2217.057
2217.492
2217.710
2217.927
2218.362
2218.579
2218.797
2219.232
2219.449
2219.667
2220.100
2220.533
2220.967
2221.400
2221.833
2222.267
2222.700
2223.133
2223.567
2224.000
2224.433
2224.867
2227.000
2227.435
2227.871
2228.306
2228.742
2229.177
2229.612
2230.048
2230.483
2230.919
2231.354
2231.790
2232.225
2232.660
2233.096
2233.531
2233.967
2234.402
2234.837
2235.273
2235.708
2236.144
2236.579
2237.015
2237.450
2237.885
2238.321
2238.756
2239.192
2239.627
2240.062
2240.498
2240.933
2241.369
2241.804
2242.240
2242.675
2243.110
2243.546
2243.981
2244.417
2244.852
2245.287
2245.723
2246.158
2246.594
2247.029
2247.465
2247.900
2248.335
2248.771
2249.206
2249.642
2250.077
2250.512
2250.948
2251.383
2251.819
2252.254
2252.690
2253.125
2253.560
2253.996
2254.431
2254.867
2255.084
2255.737
2255.954
2256.607
2256.825
2257.477
2257.695
2258.347
2258.565
2259.218
2259.435
2260.088
2260.305
2260.958
2261.175
2261.828
2262.046
2262.698
2262.916
2263.568
2263.786
2264.439
2264.656
2265.309
2265.526
2266.179
2266.396
2267.049
2267.267
2268.767
2269.202
2269.637
2270.073
2270.508
2270.944
2271.379
2271.815
2272.250
2272.685
2273.121
2273.556
2273.992
2274.427
2274.862
2275.298
2275.733
2276.169
2276.604
2277.040
2277.475
2277.910
2278.346
2278.781
2279.217
2279.652
2280.087
2280.523
2280.958
2281.394
2281.829
2282.265
2282.700
2283.135
2283.571
2284.006
2284.442
2284.877
2285.312
2285.748
2286.183
2286.619
2287.054
2287.490
2287.925
2288.360
2288.796
2289.231
2289.667
2290.102
2290.537
2290.973
2291.408
2291.844
2292.279
2292.715
2293.150
2293.585
2294.021
2294.456
2294.892
2295.327
2295.762
2296.198
2296.633
2297.467
2297.902
2298.338
2298.774
2299.210
2299.645
2300.081
2300.517
2300.952
2301.388
2301.824
2302.260
2302.695
2303.131
2303.567
2304.002
2304.438
2304.874
2305.310
2305.745
2306.181
2306.617
2307.052
2307.488
2307.924
2308.360
2308.795
2309.231
2309.667
2310.533
2310.969
2311.405
2311.840
2312.276
2312.712
2313.148
2313.583
2314.019
2314.455
2314.890
2315.326
2315.762
2316.198
2316.633
2317.069
2317.505
2317.940
2318.376
2318.812
2319.248
2319.683
2320.119
2320.555
2320.990
2321.426
2321.862
2322.298
2322.733
2324.433
2324.869
2325.087
2325.304
2325.740
2326.175
2326.611
2326.828
2327.046
2327.481
2327.917
2328.352
2328.570
2328.788
2329.223
2329.659
2330.094
2330.312
2330.530
2330.965
2331.401
2331.836
2332.054
2332.271
2332.707
2333.142
2333.578
2333.795
2334.013
2334.449
2334.884
2335.320
2335.537
2335.755
2336.190
2336.626
2337.061
2337.279
2337.497
2337.932
2338.368
2338.803
2339.021
2339.239
2339.674
2340.110
2340.545
2340.763
2340.980
2341.416
2341.851
2342.287
2342.504
2342.722
2343.158
2343.593
2344.029
2344.246
2344.464
2344.899
2345.335
2345.770
2345.988
2346.206
2346.641
2347.077
2347.512
2347.730
2347.948
2348.383
2348.819
2349.254
2349.472
2349.689
2350.125
2350.560
2350.996
2351.213
2351.431
2351.867
2366.200
2366.635
2367.070
2367.504
2367.939
2368.374
2368.809
2369.243
2369.678
2370.113
2370.548
2370.983
2371.417
2371.852
2372.287
2372.722
2373.157
2373.591
2374.026
2374.461
2374.896
2375.330
2375.765
2376.200
2376.635
2377.070
2377.504
2377.939
2378.374
2378.809
2379.243
2379.678
2380.113
2380.548
2380.983
2381.417
2381.852
2382.287
2382.722
2383.157
2383.591
2384.026
2384.461
2384.896
2385.330
2385.765
2386.200
2386.635
2387.070
2387.504
2387.939
2388.374
2388.809
2389.243
2389.678
2390.113
2390.548
2390.983
2391.417
2391.852
2392.287
2392.722
2393.157
2393.591
2394.026
2394.461
2394.896
2395.330
2395.765
2396.200
2396.635
2397.070
2397.504
2397.939
2398.374
2398.809
2399.243
2399.678
2400.113
2400.548
2400.983
2401.417
2401.852
2402.287
2402.722
2403.157
2403.591
2404.026
2404.461
2404.896
2405.330
2405.765
2406.200
2407.933
2408.368
2408.804
2409.239
2409.674
2410.109
2410.544
2410.979
2411.414
2411.849
2412.284
2412.720
2413.155
2413.590
2414.025
2414.460
2414.895
2415.330
2415.765
2416.200
2416.635
2417.071
2417.506
2417.941
2418.376
2418.811
2419.246
2419.681
2420.116
2420.551
2420.987
2421.422
2421.857
2422.292
2422.727
2423.162
2423.597
2424.032
2424.467
2424.902
2425.338
2425.773
2426.208
2426.643
2427.078
2427.513
2427.948
2428.383
2428.818
2429.254
2429.689
2430.124
2430.559
2430.994
2431.429
2431.864
2432.299
2432.734
2433.169
2433.605
2434.040
2434.475
2434.910
2435.780
2436.215
2436.650
2437.085
2437.521
2437.956
2438.391
2438.826
2439.261
2439.696
2440.131
2440.566
2441.001
2441.437
2441.872
2442.307
2442.742
2443.177
2443.612
2444.047
2444.482
2444.917
2445.352
2445.788
2446.223
2446.658
2447.093
2447.528
2447.963
2448.398
2448.833
2449.400
2449.633
2450.167
2450.367
2450.600
2450.800
2451.867
2452.067
2452.300
2452.500
2452.767
2453.200
2453.633
2453.833
2454.067
2454.300
2454.500
2454.933
2455.333
2455.600
2455.767
2456.033
2456.200
2456.633
