39.913
40.373
40.834
41.294
41.755
42.216
42.676
43.137
43.597
44.058
44.519
44.979
45.440
45.900
46.361
46.821
47.282
47.743
48.203
48.664
49.124
49.585
50.046
50.506
50.967
51.427
51.888
52.348
52.809
53.270
53.730
54.191
54.651
55.112
55.572
56.033
56.494
56.954
57.415
57.875
58.336
58.797
59.257
59.718
60.178
60.639
61.099
61.560
62.021
62.481
62.942
63.402
63.863
64.323
64.784
65.245
65.705
66.166
66.626
67.087
67.548
68.008
68.469
83.733
84.194
84.655
85.115
85.576
86.037
86.497
86.958
87.419
87.879
88.340
88.801
89.261
89.722
90.183
90.643
91.104
91.565
92.025
92.486
92.947
93.407
93.868
94.329
94.789
95.250
95.711
96.171
96.632
97.092
97.553
98.014
98.474
98.935
99.396
99.856
100.317
100.778
101.238
101.699
102.160
102.620
103.081
103.542
104.002
104.463
104.924
105.384
105.845
106.306
106.766
107.227
107.688
108.148
108.609
109.070
109.530
109.991
110.452
110.912
111.373
111.834
112.294
112.755
142.800
143.261
143.722
144.183
144.644
145.105
145.566
146.027
146.488
146.949
147.410
147.871
148.332
148.793
149.254
149.715
150.176
150.637
151.098
151.559
152.020
152.481
152.942
153.403
153.864
154.325
154.786
155.247
155.708
156.169
156.630
157.091
157.552
158.012
158.473
158.934
159.395
159.856
160.317
160.778
161.239
161.700
162.161
162.622
163.083
163.544
164.005
164.466
164.927
165.388
165.849
166.310
166.771
167.232
167.693
168.154
168.615
169.076
169.537
169.998
170.459
170.920
171.381
171.842
172.303
172.764
173.225
173.686
174.146
174.607
175.068
175.529
175.990
176.451
176.912
177.373
177.834
178.295
178.756
179.217
179.678
180.139
180.600
181.061
181.522
181.983
182.444
182.905
183.366
183.827
184.288
184.749
185.210
185.671
186.132
186.593
187.054
187.515
187.976
188.437
188.898
189.359
189.820
190.280
190.741
191.202
191.663
192.124
192.585
193.046
193.507
193.968
194.429
194.890
195.351
195.812
196.273
196.734
197.195
197.656
198.117
198.578
199.039
199.500
199.961
200.422
200.883
201.344
201.805
202.266
202.727
203.188
203.649
204.110
204.571
205.032
205.493
205.954
206.414
206.875
207.336
207.797
208.258
208.719
209.180
209.641
210.102
210.563
211.024
211.485
211.946
212.407
212.868
213.329
213.790
214.251
214.712
215.173
215.634
216.095
216.556
217.017
217.478
217.939
218.400
218.861
219.322
219.783
220.244
220.705
221.166
221.627
222.088
222.548
223.009
223.470
223.931
224.392
224.853
225.314
225.775
226.236
226.697
227.158
227.619
228.080
228.541
229.002
229.463
229.924
230.385
230.846
231.307
231.768
232.229
232.690
233.151
233.612
234.073
234.534
234.995
235.456
235.917
236.378
236.839
237.300
237.761
238.222
238.682
239.143
239.604
240.065
240.526
240.987
241.448
241.909
242.370
242.831
243.292
243.753
244.214
244.675
245.136
245.597
255.797
256.265
256.733
257.200
257.668
258.136
258.604
259.071
259.539
260.007
260.475
260.942
261.410
261.878
262.346
262.813
263.281
263.749
264.217
264.684
265.152
265.620
266.088
266.555
267.023
267.491
267.959
268.426
268.894
269.362
269.830
270.297
270.765
271.233
271.701
272.168
272.636
273.104
273.572
274.039
274.507
274.975
275.443
275.910
276.378
276.846
277.314
277.781
278.249
278.717
279.185
279.652
280.120
280.588
281.056
281.523
281.991
282.459
282.927
283.394
283.862
284.330
284.798
285.265
285.733
308.312
308.781
309.250
309.718
310.187
310.656
311.125
311.593
312.062
312.531
312.999
313.468
313.937
314.406
314.874
315.343
315.812
316.280
316.749
317.218
317.686
318.155
318.624
319.093
319.561
320.030
320.499
320.967
321.436
321.905
322.374
322.842
323.311
323.780
324.248
324.717
325.186
325.654
326.123
326.592
327.061
327.529
327.998
328.467
328.935
329.404
329.873
330.342
330.810
331.279
331.748
332.216
332.685
333.154
333.622
334.091
334.560
335.029
335.497
335.966
336.435
336.903
337.372
337.841
338.310
338.778
339.247
339.716
340.184
340.653
341.122
341.590
342.059
342.528
342.997
343.465
343.934
344.403
344.871
345.340
345.809
346.278
346.746
347.215
347.684
348.152
348.621
349.090
349.558
350.027
350.496
350.965
351.433
351.902
352.371
352.839
353.308
353.777
354.246
354.714
355.183
355.652
356.120
356.589
357.058
357.526
357.995
358.464
358.933
359.401
359.870
360.339
360.807
361.276
361.745
362.214
362.682
363.151
363.620
364.088
364.557
365.026
365.494
365.963
366.432
366.901
367.369
367.838
368.307
368.775
369.244
369.713
370.182
370.650
371.119
371.588
372.056
372.525
372.994
373.462
373.931
374.400
374.869
375.337
375.806
376.275
376.743
377.212
377.681
378.150
378.618
379.087
379.556
380.024
380.493
380.962
381.431
381.899
382.368
382.837
383.305
383.774
384.243
384.711
385.180
385.649
386.118
386.586
387.055
387.524
387.992
388.461
388.930
389.399
389.867
390.336
390.805
391.273
391.742
392.211
392.679
393.148
393.617
394.086
394.554
395.023
395.492
395.960
396.429
396.898
397.367
397.835
398.304
398.773
399.241
399.710
400.179
400.647
401.116
401.585
402.054
402.522
402.991
403.460
403.928
404.397
404.866
405.335
405.803
406.272
406.741
407.209
407.678
408.147
408.615
409.084
409.553
410.022
410.490
410.959
411.428
411.896
412.365
412.834
413.303
413.771
414.240
414.709
415.177
415.646
416.115
416.583
417.052
417.521
417.990
418.458
418.927
419.396
419.864
420.333
420.802
421.271
421.739
422.208
422.677
423.145
423.614
424.083
424.551
425.020
425.489
425.958
426.426
426.895
427.364
427.832
428.301
428.770
429.239
429.707
430.176
430.645
431.113
431.582
432.051
432.519
432.988
433.457
433.926
434.394
434.863
435.332
435.800
456.133
456.990
457.848
458.705
459.562
460.419
461.276
462.133
462.990
463.847
464.704
465.561
466.419
467.276
468.133
468.990
469.847
470.061
470.276
470.490
470.704
470.918
471.133
471.347
471.561
471.775
471.990
472.204
472.418
472.633
472.847
473.061
473.275
473.490
473.704
473.918
474.133
474.347
474.561
474.775
474.990
475.204
475.418
475.632
475.847
476.061
476.275
476.490
476.704
476.918
477.132
477.347
477.561
477.775
477.989
478.204
478.418
478.632
478.847
479.061
479.275
479.489
479.704
479.918
480.132
480.347
480.561
480.775
480.989
481.204
481.418
481.632
481.846
482.061
482.275
482.489
482.704
482.918
483.132
483.346
483.561
483.775
483.989
484.203
484.418
484.632
484.846
485.061
485.275
485.489
485.703
485.918
486.132
486.346
486.561
486.775
486.989
487.203
487.418
487.632
487.846
488.060
488.275
488.489
488.703
488.918
489.132
489.346
489.560
489.775
489.989
490.203
490.417
490.632
490.846
491.060
491.275
491.489
491.703
491.917
492.132
492.346
492.560
492.775
492.989
493.203
493.417
493.632
493.846
494.060
494.274
494.489
494.703
494.917
495.132
495.346
495.560
495.774
495.989
496.203
496.417
496.631
496.846
497.060
497.274
497.489
497.703
497.917
498.131
498.346
498.560
498.774
498.989
499.203
499.417
499.631
499.846
500.060
500.274
500.488
500.703
500.917
501.131
501.346
501.560
501.774
501.988
502.203
502.417
502.631
502.845
503.060
503.274
503.488
503.703
503.917
504.131
504.345
504.560
504.774
504.988
505.203
505.417
505.631
505.845
506.060
506.274
506.488
506.702
506.917
507.131
507.345
507.560
507.774
507.988
508.202
508.417
508.631
508.845
509.059
509.274
524.702
524.916
525.130
525.344
525.559
525.773
525.987
526.202
526.416
526.630
526.844
527.059
527.273
527.487
527.702
527.916
528.130
528.344
528.559
528.773
528.987
529.201
529.416
529.630
529.844
530.059
530.273
530.487
530.701
530.916
531.130
531.344
531.558
531.773
531.987
532.201
532.416
532.630
532.844
533.058
533.273
533.487
533.701
533.916
534.130
534.344
534.558
534.773
534.987
535.201
535.415
535.630
535.844
536.058
536.273
536.487
536.701
536.915
537.130
537.344
537.558
537.772
537.987
538.201
538.415
538.630
538.844
539.058
539.272
539.487
539.701
539.915
540.130
540.344
540.558
540.772
540.987
541.201
541.415
541.629
541.844
542.058
542.272
542.487
542.701
542.915
543.129
543.344
543.558
543.772
543.986
544.201
544.415
544.629
544.844
545.058
545.272
545.486
545.701
545.915
546.129
546.344
546.558
546.772
546.986
547.201
547.415
547.629
547.843
548.058
548.272
548.486
548.701
548.915
549.129
549.343
549.558
549.772
549.986
550.200
550.415
550.629
550.843
551.058
551.272
551.486
551.700
551.915
552.129
552.343
552.558
552.772
552.986
553.200
553.415
553.629
553.843
554.057
554.272
554.486
554.700
554.915
555.129
555.343
555.557
555.772
555.986
556.200
556.414
556.629
556.843
557.057
557.272
557.486
557.700
557.914
558.129
558.343
558.557
558.772
558.986
559.200
559.414
559.629
559.843
560.057
560.271
560.486
560.700
560.914
561.129
561.343
561.557
561.771
561.986
562.200
562.414
562.628
562.843
563.057
563.271
563.486
563.700
563.914
564.128
564.343
564.557
564.771
564.986
565.200
565.414
565.628
565.843
566.057
566.271
566.485
566.700
566.914
567.128
567.343
567.557
567.771
567.985
568.200
568.414
568.628
568.842
569.057
569.271
569.485
569.700
569.914
570.128
570.342
570.557
570.771
570.985
571.200
571.414
571.628
571.842
572.057
572.271
572.485
572.699
572.914
573.128
573.342
573.557
573.771
573.985
574.199
574.414
574.628
574.842
575.056
575.271
575.485
575.699
575.914
576.128
576.342
576.556
576.771
576.985
577.199
577.414
577.628
577.842
578.056
578.271
578.485
578.699
578.913
579.128
579.342
579.556
579.771
579.985
580.199
580.413
580.628
580.842
581.056
581.271
581.485
581.699
581.913
582.128
582.342
582.556
582.770
582.985
583.199
583.413
583.628
583.842
584.056
584.270
584.485
584.699
584.913
585.127
585.342
585.556
585.770
585.985
586.199
586.413
586.627
586.842
587.056
587.270
587.485
587.699
587.913
588.127
588.342
588.556
588.770
588.984
589.199
589.413
589.627
589.842
590.056
590.270
590.484
590.699
590.913
591.127
591.341
591.556
591.770
591.984
592.199
592.413
592.627
592.841
593.056
593.270
593.484
593.699
593.913
594.127
594.341
594.556
594.770
594.984
595.198
595.413
595.627
595.841
596.056
596.270
596.484
596.698
596.913
597.127
597.341
597.555
597.770
597.984
598.198
598.413
598.627
598.841
599.055
599.270
599.484
599.698
599.913
600.127
600.341
600.555
600.770
600.984
601.198
601.412
601.627
601.841
602.055
602.270
602.484
602.698
602.912
603.127
603.341
603.555
603.769
603.984
604.198
604.412
604.627
604.841
605.055
605.269
605.484
605.698
605.912
606.127
606.341
606.555
606.769
606.984
607.841
608.698
609.555
610.412
611.269
612.126
612.983
613.840
614.698
615.555
616.412
617.269
618.126
618.983
619.840
620.697
621.126
621.554
621.983
622.411
622.840
623.269
623.697
624.126
624.554
624.983
625.411
625.840
626.268
626.697
627.126
627.554
627.983
628.411
628.840
629.268
629.697
630.125
630.554
630.983
631.411
631.840
632.268
632.697
633.125
633.554
633.982
634.411
634.840
635.268
635.697
636.125
636.554
636.982
637.411
637.839
638.268
638.696
639.125
639.554
639.982
640.411
640.839
641.268
641.696
642.125
642.553
642.982
643.411
643.839
660.505
660.719
660.934
661.148
661.362
661.577
661.791
662.005
662.220
662.434
662.648
662.863
663.077
663.292
663.506
663.720
663.935
664.149
664.363
664.578
664.792
665.006
665.221
665.435
665.650
665.864
666.078
666.293
666.507
666.721
666.936
667.150
667.365
667.579
667.793
668.008
668.222
668.436
668.651
668.865
669.079
669.294
669.508
669.723
669.937
670.151
670.366
670.580
670.794
671.009
671.223
671.438
671.652
671.866
672.081
672.295
672.509
672.724
672.938
673.152
673.367
673.581
673.796
674.010
674.224
674.439
674.653
674.867
675.082
675.296
675.510
675.725
675.939
676.154
676.368
676.582
676.797
677.011
677.225
677.440
677.654
677.869
678.083
678.297
678.512
678.726
678.940
679.155
679.369
679.583
679.798
680.012
680.227
680.441
680.655
680.870
681.084
681.298
681.513
681.727
681.942
682.156
682.370
682.585
682.799
683.013
683.228
683.442
683.656
683.871
684.085
684.300
684.514
684.728
684.943
685.157
685.371
685.586
685.800
686.015
686.229
686.443
686.658
686.872
687.086
708.372
710.227
712.082
713.938
715.793
717.648
719.504
721.359
723.214
723.678
724.142
724.606
725.070
725.534
725.998
726.461
726.925
727.389
727.853
728.317
728.781
729.244
729.708
730.172
730.636
731.100
731.564
732.027
732.491
732.955
733.419
733.883
734.347
734.810
735.274
735.738
736.202
736.666
737.130
737.593
738.057
738.521
738.985
739.449
739.913
740.377
740.840
741.304
741.768
742.232
742.696
743.160
743.623
744.087
744.551
745.015
745.479
745.943
746.406
746.870
747.334
747.798
748.262
748.726
749.189
749.653
750.117
750.581
751.045
751.509
751.973
752.436
752.900
802.141
802.375
802.610
802.845
803.079
803.314
803.549
803.783
804.018
804.253
804.488
804.722
804.957
805.192
805.426
805.661
805.896
806.130
806.365
806.600
806.834
807.069
807.304
807.539
807.773
808.008
808.243
808.477
808.712
808.947
809.181
809.416
809.651
809.886
810.120
810.355
810.590
810.824
811.059
811.294
811.528
811.763
811.998
812.233
812.467
812.702
812.937
813.171
813.406
813.641
813.875
814.110
814.345
814.579
814.814
815.049
815.284
815.518
815.753
815.988
816.222
816.457
816.692
816.926
817.161
817.396
817.631
817.865
818.100
818.335
818.569
818.804
819.039
819.273
819.508
819.743
819.978
820.212
820.447
820.682
820.916
821.151
821.386
821.620
821.855
822.090
822.325
822.559
822.794
823.029
823.263
823.498
823.733
823.967
824.202
824.437
824.671
824.906
825.141
825.376
825.610
825.845
826.080
826.314
826.549
826.784
827.018
827.253
827.488
827.723
827.957
828.192
828.427
828.661
828.896
829.131
829.365
829.600
829.835
860.613
861.080
861.547
862.014
862.482
862.949
863.416
863.883
864.350
864.817
865.284
865.751
866.218
866.686
867.153
867.620
868.087
868.554
869.021
869.488
869.955
870.422
870.890
871.357
871.824
872.291
872.758
873.225
873.692
874.159
874.626
875.094
875.561
876.028
876.495
876.962
877.429
877.896
878.363
878.830
879.297
879.765
880.232
880.699
881.166
881.633
882.100
882.567
883.034
883.501
883.969
884.436
884.903
885.370
885.837
886.304
886.771
887.238
887.705
888.173
888.640
889.107
889.574
890.041
890.508
890.975
891.442
891.909
892.377
892.844
893.311
893.778
894.245
894.712
895.179
895.646
896.113
896.581
897.048
897.515
897.982
898.916
899.850
900.784
901.719
902.653
903.587
904.521
905.456
906.390
907.324
908.258
909.192
922.571
923.596
924.622
925.647
926.673
927.699
928.724
929.750
930.775
931.801
932.826
933.852
934.877
936.928
937.185
937.954
938.210
938.979
939.236
940.005
940.261
941.031
941.287
942.056
942.312
943.082
943.338
944.107
944.364
945.133
945.389
946.158
946.415
947.184
947.440
948.209
948.466
949.235
949.491
950.260
950.517
951.286
951.542
952.311
952.568
953.337
953.593
953.850
954.106
954.363
954.619
954.875
955.132
955.388
955.644
956.414
956.670
957.439
957.696
958.465
958.721
959.490
959.747
960.516
960.772
961.541
961.798
962.567
962.823
963.592
963.849
964.618
964.874
965.644
965.900
966.669
966.925
967.695
967.951
968.720
968.977
969.746
970.002
970.771
971.028
971.797
972.053
972.822
973.079
973.848
974.104
974.873
975.130
975.899
976.155
976.924
977.181
977.950
978.206
978.976
979.232
980.001
980.257
981.027
981.283
982.052
982.309
983.078
983.334
984.103
984.360
985.129
985.385
986.154
986.411
987.180
987.436
988.205
988.462
988.718
988.975
989.231
989.487
989.744
990.000
990.256
990.513
990.769
991.026
991.282
991.538
991.795
992.051
992.308
992.564
993.333
993.589
994.359
994.615
995.384
995.641
996.410
996.666
997.435
997.692
998.461
998.717
999.486
999.743
1000.512
1000.768
1001.537
1001.794
1002.563
1002.819
1003.589
1003.845
1004.614
1004.870
1005.640
1005.896
1006.665
1006.922
1007.691
1007.947
1008.716
1008.844
1008.973
1009.229
1009.357
1009.485
1009.742
1009.870
1009.998
1010.255
1010.383
1010.511
1010.767
1010.895
1011.024
1011.280
1011.408
1011.536
1011.793
1011.921
1012.049
1012.306
1012.434
1012.562
1012.818
1013.075
1013.844
1014.100
1014.869
1015.126
1015.895
1016.151
1016.921
1017.177
1017.946
1018.202
1018.972
1019.228
1019.997
1020.254
1021.023
1021.279
1022.048
1022.305
1023.074
1023.330
1024.099
1024.356
1025.125
1025.381
1026.150
1026.407
1027.176
1027.432
1028.201
1028.458
1029.227
1029.483
1030.253
1030.509
1031.278
1031.535
1032.304
1032.560
1033.329
1033.586
1034.355
1034.611
1035.380
1035.637
1036.406
1036.662
1037.431
1037.688
1038.457
1038.713
1039.482
1039.739
1040.508
1040.764
1041.534
1041.790
1042.559
1042.815
1043.585
1043.841
1044.610
1044.867
1045.636
1045.892
1046.661
1046.918
1047.687
1047.943
1048.712
1048.969
1049.738
1049.994
1050.763
1051.020
1051.789
1052.045
1052.814
1053.071
1053.840
1054.096
1054.866
1055.122
1055.891
1056.147
1056.917
1057.173
1057.942
1058.199
1058.968
1059.224
1059.993
1060.250
1061.019
1061.275
1062.044
1062.301
1063.070
1063.326
1064.095
1064.352
1065.121
1065.377
1066.147
1066.403
1067.172
1067.428
1068.198
1068.454
1069.223
1069.480
1070.249
1070.505
1071.274
1071.531
1072.300
1072.556
1073.325
1073.582
1074.351
1074.607
1075.376
1075.633
1076.402
1076.658
1077.427
1077.684
1078.453
1082.555
1082.812
1083.581
1083.837
1084.606
1084.863
1085.632
1085.888
1086.657
1086.914
1087.683
1087.939
1088.708
1088.965
1089.734
1089.990
1090.759
1091.016
1091.785
1092.041
1092.811
1093.067
1093.836
1094.092
1094.862
1095.118
1095.887
1096.144
1096.913
1097.169
1097.938
1098.195
1098.964
1099.220
1099.989
1100.246
1101.015
1101.271
1102.040
1102.297
1103.066
1103.322
1104.092
1104.348
1105.117
1105.373
1106.143
1106.399
1107.168
1107.425
1108.194
1108.450
1109.219
1109.476
1110.245
1110.501
1111.270
1111.527
1112.296
1112.552
1113.321
1113.578
1114.347
1114.603
1115.372
1115.629
1116.398
1116.654
1117.424
1117.594
1118.449
1118.620
1119.475
1119.646
1120.500
1120.671
1121.526
1121.697
1122.551
1122.722
1123.577
1123.748
1124.602
1124.773
1125.628
1125.799
1126.653
1126.824
1127.679
1127.850
1128.704
1128.875
1129.730
1129.901
1130.756
1130.926
1131.781
1131.952
1132.807
1132.978
1133.832
1134.003
1134.858
1135.029
1135.883
1136.054
1136.909
1137.080
1137.934
1138.105
1138.960
1139.131
1139.985
1140.156
1141.011
1141.182
1142.037
1142.207
1143.062
1143.233
1144.088
1144.259
1145.113
1145.284
1146.139
1146.310
1195.328
1195.542
1195.756
1195.970
1196.184
1196.399
1196.613
1196.827
1197.041
1197.255
1197.469
1197.684
1197.898
1198.112
1198.326
1198.540
1198.755
1198.969
1199.183
1199.397
1199.611
1199.825
1200.040
1200.254
1200.468
1200.682
1200.896
1201.110
1201.325
1201.539
1201.753
1201.967
1202.181
1202.396
1202.610
1202.824
1203.038
1203.252
1203.466
1203.681
1203.895
1204.109
1204.323
1204.537
1204.752
1204.966
1205.180
1205.394
1205.608
1205.822
1206.037
1206.251
1206.465
1206.679
1206.893
1207.108
1207.322
1207.536
1207.750
1207.964
1208.178
1208.393
1208.607
1208.821
1209.035
1209.249
1209.464
1209.678
1209.892
1210.106
1210.320
1210.534
1210.749
1210.963
1211.177
1211.391
1211.605
1211.819
1212.034
1212.248
1212.462
1212.676
1212.890
1213.105
1213.319
1213.533
1213.747
1213.961
1214.175
1214.390
1214.604
1214.818
1215.032
1215.246
1215.461
1215.675
1215.889
1216.103
1216.317
1216.531
1216.746
1216.960
1217.174
1217.388
1217.602
1217.817
1218.031
1218.245
1218.459
1218.673
1218.887
1219.102
1219.316
1219.530
1219.744
1219.958
1220.173
1220.387
1220.601
1220.815
1221.029
1221.243
1221.458
1221.672
1221.886
1222.100
1222.314
1222.529
1222.743
1222.957
1223.171
1223.385
1223.599
1223.814
1224.028
1224.242
1224.456
1224.670
1224.884
1225.099
1225.313
1225.527
1225.741
1225.955
1226.170
1226.384
1226.598
1226.812
1227.026
1227.240
1227.455
1227.669
1227.883
1228.097
1228.311
1228.526
1228.740
1228.954
1229.168
1229.382
1229.596
1229.811
1230.025
1230.239
1230.453
1230.667
1230.882
1231.096
1231.310
1231.524
1231.738
1231.952
1232.167
1232.381
1232.595
1232.809
1233.023
1233.238
1233.452
1233.666
1233.880
1234.094
1234.308
1234.523
1234.737
1234.951
1235.165
1235.379
1235.594
1235.808
1236.022
1236.236
1236.450
1236.664
1236.879
1237.093
1237.307
1237.521
1237.735
1237.949
1238.164
1238.378
1238.592
1238.806
1239.020
1239.235
1239.449
1239.663
1239.877
1240.091
1240.305
1240.520
1240.734
1240.948
1241.162
1241.376
1241.591
1241.805
1242.019
1242.233
1242.447
1242.661
1242.876
1243.090
1243.304
1243.518
1243.732
1243.947
1244.161
1244.375
1244.589
1244.803
1245.017
1245.232
1245.446
1245.660
1245.874
1246.088
1246.303
1246.517
1246.731
1246.945
1247.159
1247.373
1247.588
1247.802
1248.016
1248.230
1248.444
1248.658
1248.873
1249.087
1249.301
1249.515
1249.729
1249.944
1250.158
1250.372
1250.586
1250.800
1251.014
1251.229
1251.443
1251.657
1251.871
1252.085
1252.300
1252.514
1252.728
1252.942
1253.156
1253.370
1253.585
1253.799
1254.013
1254.227
1254.441
1254.656
1254.870
1255.084
1255.298
1255.512
1255.726
1255.941
1256.155
1256.369
1256.583
1256.797
1257.012
1257.226
1257.440
1257.654
1257.868
1258.082
1258.297
1258.511
1258.725
1258.939
1259.153
1259.368
1259.582
1259.796
1260.010
1260.224
1260.438
1260.653
1260.867
1261.081
1261.295
1261.509
1261.723
1261.938
1262.152
1262.366
1262.580
1262.794
1263.009
1263.223
1263.437
1263.651
1263.865
1264.079
1264.294
1264.508
1264.722
1264.936
1265.150
1265.365
1265.579
1265.793
1266.007
1266.221
1266.435
1266.650
1266.864
1267.078
1267.292
1267.506
1267.721
1267.935
1268.149
1268.363
1268.577
1268.791
1269.006
1269.220
1269.434
1269.648
1269.862
1270.077
1270.291
1270.505
1270.719
1270.933
1271.147
1271.362
1271.576
1271.790
1272.004
1272.218
1272.432
1272.647
1272.861
1273.075
1273.289
1273.503
1273.718
1273.932
1274.146
1274.360
1274.574
1274.788
1275.003
1275.217
1275.431
1275.645
1275.859
1276.074
1276.288
1276.502
1276.716
1276.930
1277.144
1277.359
1277.573
1277.787
1278.001
1278.215
1278.430
1278.644
1278.858
1279.072
1279.286
1279.500
1279.715
1279.929
1280.143
1280.357
1280.571
1280.786
1281.000
1281.214
1281.428
1281.642
1281.856
1282.071
1282.285
1282.499
1282.713
1282.927
1283.142
1283.356
1283.570
1283.784
1283.998
1284.212
1284.427
1284.641
1284.855
1285.069
1285.283
1285.497
1285.712
1285.926
1286.140
1286.354
1286.568
1286.783
1286.997
1287.211
1287.425
1287.639
1287.853
1288.068
1288.282
1288.496
1288.710
1288.924
1289.139
1289.353
1289.567
1289.781
1289.995
1290.209
1290.424
1290.638
1290.852
1291.066
1291.280
1291.495
1291.709
1291.923
1292.137
1292.351
1292.565
1292.780
1292.994
1293.208
1293.422
1293.636
1293.851
1294.065
1294.279
1294.493
1294.707
1294.921
1295.136
1295.350
1295.564
1295.778
1295.992
1296.206
1296.421
1296.635
1296.849
1297.063
1297.277
1297.492
1297.706
1297.920
1298.134
1298.348
1298.562
1298.777
1298.991
1299.205
1299.419
1299.633
1299.848
1300.062
1300.276
1300.490
1300.704
1300.918
1301.133
1301.347
1301.561
1301.775
1301.989
1302.204
1302.418
1302.632
1302.846
1303.060
1303.274
1303.489
1303.703
1303.917
1304.131
1304.345
1304.560
1304.774
1304.988
1305.202
1305.416
1305.630
1305.845
1306.059
1306.273
1306.487
1306.701
1306.916
1307.130
1307.344
1307.558
1307.772
1307.986
1308.201
1308.415
1308.629
1308.843
1309.057
1309.271
1309.486
1309.700
1309.914
1310.128
1310.342
1310.557
1310.771
1310.985
1311.199
1311.413
1311.627
1311.842
1312.056
1312.270
1312.484
1312.698
1312.913
1313.127
1313.341
1313.555
1313.769
1313.983
1314.198
1314.412
1314.626
1314.840
1315.054
1315.269
1315.483
1315.697
1315.911
1316.125
1316.339
1316.554
1316.768
1316.982
1317.196
1317.410
1317.625
1317.839
1318.053
1318.267
1318.481
1318.695
1318.910
1319.124
1319.338
1319.552
1319.766
1319.980
1320.195
1320.409
1320.623
1320.837
1321.051
1321.266
1321.480
1321.694
1321.908
1322.122
1322.336
1322.551
1322.765
1322.979
1323.193
1323.407
1323.622
1323.836
1324.050
1324.264
1324.478
1324.692
1324.907
1325.121
1325.335
1325.549
1325.763
1325.978
1326.192
1326.406
1326.620
1326.834
1327.048
1327.263
1327.477
1327.691
1327.905
1328.119
1328.334
1328.548
1328.762
1328.976
1329.190
1329.404
1329.619
1329.833
1330.047
1330.261
1330.475
1330.690
1330.904
1331.118
1331.332
1331.546
1331.760
1331.975
1332.189
1332.403
1332.617
1332.831
1333.045
1333.260
1333.474
1333.688
1333.902
1334.116
1334.331
1334.545
1334.759
1334.973
1335.187
1335.401
1335.616
1335.830
1336.044
1336.258
1336.472
1336.687
1336.901
1337.115
1337.329
1337.543
1337.757
1337.972
1338.186
1338.400
1338.614
1338.828
1339.043
1339.257
1339.471
1339.685
1339.899
1340.113
1340.328
1340.542
1340.756
1340.970
1341.184
1341.399
1341.613
1341.827
1342.041
1342.255
1342.469
1342.684
1342.898
1343.112
1343.326
1343.540
1343.755
1343.969
1344.183
1344.397
1344.611
1344.825
1345.040
1345.254
1345.468
1345.682
1345.896
1346.110
1346.325
1346.539
1346.753
1346.967
1347.181
1347.396
1347.610
1347.824
1348.038
1348.252
1348.466
1348.681
1348.895
1349.109
1349.323
1349.537
1349.752
1349.966
1350.180
1350.394
1350.608
1350.822
1351.037
1351.251
1351.465
1351.679
1351.893
1352.108
1352.322
1352.536
1352.750
1352.964
1353.178
1353.393
1353.607
1353.821
1354.035
1354.249
1354.464
1354.678
1354.892
1355.106
1355.320
1355.534
1355.749
1355.963
1356.177
1356.391
1356.605
1356.819
1357.034
1357.248
1357.462
1357.676
1357.890
1358.105
1358.319
1358.533
1358.747
1358.961
1359.175
1359.390
1359.604
1359.818
1373.526
1373.954
1374.382
1374.811
1375.239
1375.667
1376.096
1376.524
1376.952
1377.381
1377.809
1378.238
1378.666
1379.094
1379.523
1379.951
1380.379
1380.808
1381.236
1381.664
1382.093
1382.521
1382.950
1383.378
1383.806
1384.235
1384.663
1385.091
1385.520
1385.948
1386.376
1386.805
1387.233
1387.661
1388.090
1388.518
1388.947
1389.375
1389.803
1390.232
1390.660
1391.088
1391.517
1391.945
1392.373
1392.802
1393.230
1393.659
1394.087
1394.515
1394.944
1395.372
1395.800
1396.229
1396.657
1397.085
1397.514
1397.942
1398.371
1398.799
1399.227
1399.656
1400.084
1400.512
1400.941
1401.155
1401.369
1401.583
1401.797
1402.012
1402.226
1402.440
1402.654
1402.868
1403.082
1403.297
1403.511
1403.725
1403.939
1404.153
1404.368
1404.582
1404.796
1405.010
1405.224
1405.438
1405.653
1405.867
1406.081
1406.295
1406.509
1406.724
1406.938
1407.152
1407.366
1407.580
1407.794
1408.009
1408.223
1408.437
1408.651
1408.865
1409.080
1409.294
1409.508
1409.722
1409.936
1410.150
1410.365
1410.579
1410.793
1411.007
1411.221
1411.436
1411.650
1411.864
1412.078
1412.292
1412.506
1412.721
1412.935
1413.149
1413.363
1413.577
1413.791
1414.006
1414.220
1414.434
1414.648
1414.862
1415.077
1415.291
1415.505
1415.719
1415.933
1416.147
1416.362
1416.576
1416.790
1417.004
1417.218
1417.433
1417.647
1417.861
1418.075
1418.289
1418.503
1418.718
1418.932
1419.146
1419.360
1419.574
1419.789
1420.003
1420.217
1420.431
1420.645
1420.859
1421.074
1421.288
1421.502
1421.716
1421.930
1422.145
1422.359
1422.573
1422.787
1423.001
1423.215
1423.430
1423.644
1423.858
1424.072
1424.286
1424.501
1424.715
1424.929
1425.143
1425.357
1425.571
1425.786
1426.000
1426.214
1426.428
1426.642
1426.856
1427.071
1427.285
1427.499
1427.713
1427.927
1428.142
1428.356
1428.570
1428.784
1428.998
1429.212
1429.427
1429.641
1429.855
1430.069
1430.283
1430.498
1430.712
1430.926
1431.140
1431.354
1431.568
1431.783
1431.997
1432.211
1432.425
1432.639
1432.854
1433.068
1433.282
1433.496
1433.710
1433.924
1434.139
1434.353
1434.567
1434.781
1434.995
1435.210
1435.424
1435.638
1435.852
1436.066
1436.280
1436.495
1436.709
1436.923
1437.137
1437.351
1437.565
1437.780
1437.994
1438.208
1438.422
1438.636
1438.851
1439.065
1439.279
1439.493
1439.707
1439.921
1440.136
1440.350
1440.564
1440.778
1440.992
1441.207
1441.421
1441.635
1441.849
1442.063
1442.277
1442.492
1442.706
1442.920
1443.134
1443.348
1443.563
1443.777
1443.991
1444.205
1444.419
1444.633
1444.848
1445.062
1445.276
1445.490
1445.704
1445.919
1446.133
1446.347
1446.561
1446.775
1446.989
1447.204
1447.418
1447.632
1447.846
1448.060
1448.275
1448.489
1448.703
1448.917
1449.131
1449.345
1449.560
1449.774
1449.988
1450.202
1450.416
1450.630
1450.845
1451.059
1451.273
1451.487
1451.701
1451.916
1452.130
1452.344
1452.558
1452.772
1452.986
1453.201
1453.415
1453.629
1453.843
1454.057
1454.272
1454.486
1454.700
1454.914
1455.128
1455.342
1455.557
1455.771
1455.985
1456.199
1456.413
1456.628
1456.842
1457.056
1457.270
1457.484
1457.698
1457.913
1458.127
1458.341
1458.555
1458.769
1458.984
1459.198
1459.412
1459.626
1459.840
1460.054
1460.269
1460.483
1460.697
1460.911
1461.125
1461.340
1461.554
1461.768
1461.982
1462.196
1462.410
1462.625
1462.839
1463.053
1463.267
1463.481
1463.695
1463.910
1464.124
1464.338
1464.552
1464.766
1464.981
1465.195
1465.409
1465.623
1465.837
1466.051
1466.266
1466.480
1466.694
1466.908
1467.122
1467.337
1467.551
1467.765
1467.979
1468.193
1468.407
1468.622
1468.836
1469.050
1469.264
1469.478
1469.693
1469.907
1470.121
1470.335
1470.549
1470.763
1470.978
1471.192
1471.406
1471.620
1471.834
1472.049
1472.263
1472.477
1472.691
1472.905
1473.119
1473.334
1473.548
1473.762
1473.976
1474.190
1474.405
1474.619
1474.833
1475.047
1475.261
1475.475
1475.690
1475.904
1476.118
1476.332
1476.546
1476.760
1476.975
1477.189
1477.403
1477.617
1477.831
1478.046
1478.260
1478.474
1478.688
1478.902
1479.116
1479.331
1479.545
1479.759
1479.973
1480.187
1480.402
1480.616
1480.830
1481.044
1481.258
1481.472
1481.687
1481.901
1482.115
1482.329
1482.543
1482.758
1482.972
1483.186
1483.400
1483.614
1483.828
1484.043
1484.257
1484.471
1484.685
1484.899
1485.114
1485.328
1485.542
1485.756
1485.970
1486.184
1486.399
1486.613
1486.827
1487.041
1487.255
1487.470
1487.684
1487.898
1488.112
1488.326
1507.784
1508.737
1509.689
1510.641
1511.593
1512.545
1513.497
1514.449
1515.401
1516.353
1517.305
1518.257
1519.209
1520.161
1521.113
1522.065
1523.017
1523.255
1523.493
1523.731
1523.969
1524.207
1524.445
1524.683
1524.921
1525.159
1525.397
1525.635
1525.873
1526.112
1526.350
1526.588
1526.826
1527.064
1527.302
1527.540
1527.778
1528.016
1528.254
1528.492
1528.730
1528.968
1529.206
1529.444
1529.682
1529.920
1530.158
1530.396
1530.634
1530.872
1531.110
1531.348
1531.586
1531.824
1532.062
1532.300
1532.538
1532.776
1533.014
1533.252
1533.490
1533.728
1533.966
1534.204
1534.442
1534.680
1534.918
1535.156
1535.394
1535.632
1535.870
1536.108
1536.346
1536.584
1536.822
1537.060
1537.298
1537.536
1537.774
1538.012
1538.250
1538.488
1538.726
1538.964
1539.202
1539.440
1539.678
1539.916
1540.154
1540.392
1540.630
1540.868
1541.106
1541.344
1541.582
1541.820
1542.058
1542.296
1542.534
1542.772
1543.010
1543.248
1543.486
1543.724
1543.963
1544.201
1544.439
1544.677
1544.915
1545.153
1545.391
1545.629
1545.867
1546.105
1546.343
1546.581
1546.819
1547.057
1547.295
1547.533
1547.771
1548.009
1548.247
1548.485
1548.723
1548.961
1549.199
1549.437
1549.675
1549.913
1550.151
1550.389
1550.627
1550.865
1551.103
1551.341
1551.579
1551.817
1552.055
1552.293
1552.531
1552.769
1553.007
1553.245
1553.483
1553.721
1553.959
1554.197
1554.435
1554.673
1554.911
1555.149
1555.387
1555.625
1555.863
1556.101
1556.339
1556.577
1556.815
1557.053
1557.291
1557.529
1557.767
1558.005
1558.243
1558.481
1558.719
1558.957
1559.195
1559.433
1559.671
1559.909
1560.147
1560.385
1560.623
1560.861
1561.099
1561.337
1561.575
1561.814
1562.052
1562.290
1562.528
1562.766
1563.004
1563.242
1563.480
1563.718
1563.956
1564.194
1564.432
1564.670
1564.908
1565.146
1565.384
1565.622
1565.860
1566.098
1566.336
1566.574
1566.812
1567.050
1567.288
1567.526
1567.764
1568.002
1568.240
1568.478
1568.716
1568.954
1569.192
1569.430
1569.668
1569.906
1570.144
1570.382
1570.620
1570.858
1571.096
1571.334
1571.572
1571.810
1572.048
1572.286
1572.524
1572.762
1573.000
1573.238
1573.476
1573.714
1573.952
1574.190
1574.428
1574.666
1574.904
1575.142
1575.380
1575.618
1575.856
1576.094
1576.332
1576.570
1576.808
1577.046
1577.284
1577.522
1577.760
1577.998
1578.236
1578.474
1578.712
1578.950
1579.188
1579.427
1579.665
1579.903
1580.141
1580.379
1580.617
1580.855
1581.093
1581.331
1581.569
1581.807
1582.045
1582.283
1582.521
1582.759
1582.997
1583.235
1583.473
1583.711
1583.949
1591.565
1592.041
1592.517
1592.993
1593.469
1593.945
1594.421
1594.897
1595.373
1595.849
1596.325
1596.801
1597.278
1597.754
1598.230
1598.706
1599.182
1599.658
1600.134
1600.610
1601.086
1601.562
1602.038
1602.514
1602.990
1603.466
1603.942
1604.418
1604.894
1605.370
1605.846
1606.322
1606.798
1607.274
1607.750
1608.226
1608.702
1609.178
1609.654
1610.130
1610.606
1611.082
1611.558
1612.034
1612.510
1612.986
1613.462
1613.938
1614.414
1614.891
1615.367
1615.843
1616.319
1616.795
1617.271
1617.747
1618.223
1618.699
1619.175
1619.651
1620.127
1620.603
1621.079
1621.555
1622.031
1622.269
1622.507
1622.745
1622.983
1623.221
1623.459
1623.697
1623.935
1624.173
1624.411
1624.649
1624.887
1625.125
1625.363
1625.601
1625.839
1626.077
1626.315
1626.553
1626.791
1627.029
1627.267
1627.505
1627.743
1627.981
1628.219
1628.457
1628.695
1628.933
1629.171
1629.409
1629.647
1629.885
1630.123
1630.361
1630.599
1630.837
1631.075
1631.313
1631.551
1631.789
1632.027
1632.265
1632.504
1632.742
1632.980
1633.218
1633.456
1633.694
1633.932
1634.170
1634.408
1634.646
1634.884
1635.122
1635.360
1635.598
1635.836
1636.074
1636.312
1636.550
1636.788
1637.026
1637.264
1637.502
1637.740
1637.978
1638.216
1638.454
1638.692
1638.930
1639.168
1639.406
1639.644
1639.882
1640.120
1640.358
1640.596
1640.834
1641.072
1641.310
1641.548
1641.786
1642.024
1642.262
1642.500
1642.738
1642.976
1643.214
1643.452
1643.690
1643.928
1644.166
1644.404
1644.642
1644.880
1645.118
1645.356
1645.594
1645.832
1646.070
1646.308
1646.546
1646.784
1647.022
1647.260
1647.498
1647.736
1647.974
1648.212
1648.450
1648.688
1648.926
1649.164
1649.402
1649.640
1649.878
1650.117
1650.355
1650.593
1650.831
1651.069
1651.307
1651.545
1651.783
1652.021
1652.259
1652.497
1652.735
1652.973
1653.211
1653.449
1653.687
1653.925
1654.163
1654.401
1654.639
1654.877
1655.115
1655.353
1655.591
1655.829
1656.067
1656.305
1656.543
1656.781
1657.019
1657.257
1657.495
1657.733
1657.971
1658.209
1658.447
1658.685
1658.923
1659.161
1659.399
1659.637
1659.875
1660.113
1660.351
1660.589
1660.827
1661.065
1661.303
1661.541
1661.779
1662.017
1662.255
1662.493
1662.731
1662.969
1663.207
1663.445
1663.683
1663.921
1664.159
1664.397
1664.635
1664.873
1665.111
1665.349
1665.587
1665.825
1666.063
1666.301
1666.539
1666.777
1667.015
1667.253
1667.491
1667.730
1667.968
1668.206
1668.444
1668.682
1668.920
1669.158
1669.396
1669.634
1669.872
1670.110
1670.348
1670.586
1670.824
1671.062
1671.300
1671.538
1671.776
1672.014
1672.252
1672.490
1672.728
1672.966
1673.204
1673.442
1673.680
1673.918
1674.156
1674.394
1674.632
1674.870
1675.108
1675.346
1675.584
1675.822
1676.060
1676.298
1676.536
1676.774
1677.012
1677.250
1677.488
1677.726
1677.964
1678.202
1678.440
1678.678
1678.916
1679.154
1679.392
1679.630
1679.868
1680.106
1680.344
1680.582
1680.820
1681.058
1681.296
1681.534
1681.772
1682.010
1682.248
1682.486
1682.724
1682.962
1683.200
1683.438
1683.676
1683.914
1684.152
1684.390
1684.628
1684.866
1685.104
1685.342
1685.581
1685.819
1686.057
1686.295
1686.533
1686.771
1687.009
1687.247
1687.485
1687.723
1687.961
1688.199
1688.437
1688.675
1688.913
1689.151
1689.389
1689.627
1689.865
1690.103
1690.341
1690.579
1690.817
1691.055
1691.293
1691.531
1691.769
1692.007
1692.245
1692.483
1692.721
1692.959
1693.197
1693.435
1693.673
1693.911
1694.149
1694.387
1694.625
1694.863
1695.101
1695.339
1695.577
1695.815
1696.053
1696.291
1696.529
1696.767
1697.005
1697.243
1697.481
1697.719
1697.957
1698.195
1698.433
1698.671
1698.909
1699.147
1699.385
1699.623
1699.861
1700.099
1700.337
1700.575
1700.813
1701.051
1701.289
1701.527
1701.765
1702.003
1702.241
1702.479
1702.717
1702.955
1703.194
1703.432
1703.670
1703.908
1704.146
1704.384
1704.622
1704.860
1705.098
1705.336
1705.574
1705.812
1706.050
1706.288
1706.526
1706.764
1707.002
1707.240
1707.478
1707.716
1707.954
1708.192
1708.430
1708.668
1708.906
1709.144
1709.382
1709.620
1709.858
1710.096
1710.334
1710.572
1710.810
1711.048
1711.286
1711.524
1711.762
1712.000
1712.238
1712.476
1712.714
1712.952
1713.190
1713.428
1738.402
1739.340
1740.278
1741.216
1742.154
1743.092
1744.030
1744.265
1744.499
1744.734
1744.968
1745.203
1745.437
1745.672
1745.906
1746.141
1746.376
1746.610
1746.845
1747.079
1747.314
1747.548
1747.783
1748.017
1748.252
1748.486
1748.721
1748.955
1749.190
1749.424
1749.659
1749.893
1750.128
1750.362
1750.597
1750.831
1751.066
1751.300
1751.535
1751.769
1752.004
1752.238
1752.473
1752.708
1752.942
1753.177
1753.411
1753.646
1753.880
1754.115
1754.349
1754.584
1754.818
1755.053
1755.287
1755.522
1755.756
1755.991
1756.225
1756.460
1756.694
1756.929
1757.163
1757.398
1757.632
1757.867
1758.101
1758.336
1758.571
1758.805
1759.040
1759.274
1759.509
1759.743
1759.978
1760.212
1760.447
1760.681
1760.916
1761.150
1761.385
1761.619
1761.854
1762.088
1762.323
1762.557
1762.792
1763.026
1763.261
1763.495
1763.730
1763.964
1764.199
1764.434
1764.668
1764.903
1765.137
1765.372
1765.606
1765.841
1766.075
1766.310
1766.544
1766.779
1767.013
1767.248
1767.482
1767.717
1767.951
1768.186
1768.420
1768.655
1768.889
1769.124
1769.358
1769.593
1769.827
1770.062
1770.296
1770.531
1770.766
1771.000
1771.235
1771.469
1771.704
1771.938
1772.173
1772.407
1772.642
1772.876
1773.111
1773.345
1773.580
1773.814
1774.049
1774.283
1774.518
1774.752
1774.987
1775.221
1775.456
1775.690
1775.925
1776.159
1776.394
1776.629
1776.863
1777.098
1777.332
1777.567
1777.801
1778.036
1778.270
1778.505
1778.739
1778.974
1779.208
1779.443
1779.677
1779.912
1780.146
1780.381
1780.615
1780.850
1781.084
1781.319
1781.553
1781.788
1782.022
1782.257
1782.492
1782.726
1782.961
1783.195
1783.430
1783.664
1783.899
1784.133
1784.368
1784.602
1784.837
1785.071
1785.306
1785.540
1785.775
1786.009
1786.244
1786.478
1786.713
1786.947
1787.182
1787.416
1787.651
1787.885
1788.120
1788.354
1788.589
1788.824
1789.058
1789.293
1789.527
1789.762
1789.996
1790.231
1790.465
1790.700
1790.934
1791.169
1791.403
1791.638
1791.872
1792.107
1792.341
1792.576
1792.810
1793.045
1793.279
1793.514
1793.748
1793.983
1794.217
1794.452
1794.687
1794.921
1795.156
1795.390
1795.625
1795.859
1796.094
1796.328
1796.563
1796.797
1797.032
1797.266
1797.501
1797.735
1797.970
1798.204
1798.439
1798.673
1798.908
1799.142
1799.377
1799.611
1799.846
1800.080
1800.315
1800.550
1800.784
1801.019
1801.253
1801.488
1801.722
1801.957
1802.191
1802.426
1802.660
1802.895
1803.129
1803.364
1803.598
1803.833
1804.067
1804.302
1804.536
1804.771
1805.005
1805.240
1805.474
1805.709
1805.943
1806.178
1806.412
1806.647
1806.882
1807.116
1807.351
1807.585
1807.820
1808.054
1808.289
1808.523
1808.758
1808.992
1809.227
1809.461
1809.696
1809.930
1810.165
1810.399
1810.634
1810.868
1811.103
1811.337
1811.572
1811.806
1812.041
1812.275
1812.510
1812.745
1812.979
1813.214
1813.448
1813.683
1813.917
1814.152
1814.386
1814.621
1814.855
1815.090
1815.324
1815.559
1815.793
1816.028
1816.262
1816.497
1816.731
1816.966
1817.200
1817.435
1817.669
1817.904
1818.138
1818.373
1818.608
1818.842
1819.077
1819.311
1819.546
1819.780
1820.015
1820.249
1820.484
1820.718
1820.953
1821.187
1821.422
1821.656
1821.891
1822.125
1822.360
1822.594
1822.829
1823.063
1823.298
1823.532
1823.767
1824.001
1824.236
1824.470
1824.705
1824.940
1825.174
1825.409
1825.643
1825.878
1826.112
1826.347
1826.581
1826.816
1827.050
1827.285
1827.519
1827.754
1827.988
1828.223
1828.457
1828.692
1828.926
1829.161
1829.395
1829.630
1829.864
1830.099
1830.333
1830.568
1830.803
1831.037
1831.272
1831.506
1831.741
1831.975
1832.210
1832.444
1832.679
1832.913
1833.148
1833.382
1833.617
1833.851
1834.086
1834.320
1834.555
1834.789
1835.024
1835.258
1835.493
1835.727
1835.962
1836.196
1836.431
1836.666
1836.900
1837.135
1837.369
1837.604
1837.838
1838.073
1838.307
1838.542
1838.776
1839.011
1839.245
1839.480
1839.714
1839.949
1840.183
1840.418
1840.652
1840.887
1841.121
1841.356
1841.590
1841.825
1842.059
1842.294
1842.529
1842.763
1842.998
1858.476
1858.945
1859.414
1859.883
1860.352
1860.821
1861.290
1861.759
1862.228
1862.697
1863.166
1863.635
1864.104
1864.573
1865.042
1865.511
1865.980
1866.449
1866.919
1867.388
1867.857
1868.326
1868.795
1869.264
1869.733
1870.202
1870.671
1871.140
1871.609
1872.078
1872.547
1873.016
1873.485
1873.954
1874.423
1874.892
1875.361
1875.830
1876.299
1876.768
1877.237
1877.706
1878.175
1878.645
1879.114
1879.583
1880.052
1880.521
1880.990
1881.459
1881.928
1882.397
1882.866
1883.335
1883.804
1884.273
1884.742
1885.211
1885.680
1886.149
1886.618
1887.087
1887.556
1888.025
1888.494
1888.729
1888.963
1889.198
1889.432
1889.667
1889.901
1890.136
1890.370
1890.605
1890.840
1891.074
1891.309
1891.543
1891.778
1892.012
1892.247
1892.481
1892.716
1892.950
1893.185
1893.419
1893.654
1893.888
1894.123
1894.357
1894.592
1894.826
1895.061
1895.295
1895.530
1895.764
1895.999
1896.233
1896.468
1896.703
1896.937
1897.172
1897.406
1897.641
1897.875
1898.110
1898.344
1898.579
1898.813
1899.048
1899.282
1899.517
1899.751
1899.986
1900.220
1900.455
1900.689
1900.924
1901.158
1901.393
1901.627
1901.862
1902.096
1902.331
1902.566
1902.800
1903.035
1903.269
1903.504
1903.738
1903.973
1904.207
1904.442
1904.676
1904.911
1905.145
1905.380
1905.614
1905.849
1906.083
1906.318
1906.552
1906.787
1907.021
1907.256
1907.490
1907.725
1907.959
1908.194
1908.428
1908.663
1908.898
1909.132
1909.367
1909.601
1909.836
1910.070
1910.305
1910.539
1910.774
1911.008
1911.243
1911.477
1911.712
1911.946
1912.181
1912.415
1912.650
1912.884
1913.119
1913.353
1913.588
1913.822
1914.057
1914.291
1914.526
1914.761
1914.995
1915.230
1915.464
1915.699
1915.933
1916.168
1916.402
1916.637
1916.871
1917.106
1917.340
1917.575
1917.809
1918.044
1918.278
1918.513
1918.747
1918.982
1919.216
1919.451
1919.685
1919.920
1920.154
1920.389
1920.624
1920.858
1921.093
1921.327
1921.562
1921.796
1922.031
1922.265
1922.500
1922.734
1922.969
1923.203
1923.438
1923.672
1923.907
1924.141
1924.376
1924.610
1924.845
1925.079
1925.314
1925.548
1925.783
1926.017
1926.252
1926.486
1926.721
1926.956
1927.190
1927.425
1927.659
1927.894
1928.128
1928.363
1928.597
1928.832
1929.066
1929.301
1929.535
1929.770
1930.004
1930.239
1930.473
1930.708
1930.942
1931.177
1931.411
1931.646
1931.880
1932.115
1932.349
1932.584
1932.819
1933.053
1933.288
1933.522
1933.757
1933.991
1934.226
1934.460
1934.695
1934.929
1935.164
1935.398
1935.633
1935.867
1936.102
1936.336
1936.571
1936.805
1937.040
1937.274
1937.509
1937.743
1937.978
1938.212
1938.447
1938.682
1938.916
1939.151
1939.385
1939.620
1939.854
1940.089
1940.323
1940.558
1940.792
1941.027
1941.261
1941.496
1941.730
1941.965
1942.199
1942.434
1942.668
1942.903
1943.137
1943.372
1943.606
1943.841
1944.075
1944.310
1944.544
1944.779
1945.014
1945.248
1945.483
1945.717
1945.952
1946.186
1946.421
1946.655
1970.584
1970.818
1971.052
1971.286
1971.520
1971.754
1971.988
1972.222
1972.457
1972.691
1972.925
1973.159
1973.393
1973.627
1973.861
1974.095
1974.329
1974.563
1974.798
1975.032
1975.266
1975.500
1975.734
1975.968
1976.202
1976.436
1976.670
1976.904
1977.139
1977.373
1977.607
1977.841
1978.075
1978.309
1978.543
1978.777
1979.011
1979.245
1979.480
1979.714
1979.948
1980.182
1980.416
1980.650
1980.884
1981.118
1981.352
1981.586
1981.821
1982.055
1982.289
1982.523
1982.757
1982.991
1983.225
1983.459
1983.693
1983.928
1984.162
1984.396
1984.630
1984.864
1985.098
1985.332
1985.566
1985.800
1986.034
1986.269
1986.503
1986.737
1986.971
1987.205
1987.439
1987.673
1987.907
1988.141
1988.375
1988.610
1988.844
1989.078
1989.312
1989.546
1989.780
1990.014
1990.248
1990.482
1990.716
1990.951
1991.185
1991.419
1991.653
1991.887
1992.121
1992.355
1992.589
1992.823
1993.058
1993.292
1993.526
1993.760
1993.994
1994.228
1994.462
1994.696
1994.930
1995.164
1995.399
1995.633
1995.867
1996.101
1996.335
1996.569
1996.803
1997.037
1997.271
1997.505
1997.740
1997.974
1998.208
1998.442
1998.676
1998.910
1999.144
1999.378
1999.612
1999.846
2000.081
2000.315
2000.549
2000.783
2001.017
2001.251
2001.485
2001.719
2001.953
2002.188
2002.422
2002.656
2002.890
2003.124
2003.358
2003.592
2003.826
2004.060
2004.294
2004.529
2004.763
2004.997
2005.231
2005.465
2005.699
2005.933
2006.167
2006.401
2006.635
2006.870
2007.104
2007.338
2007.572
2007.806
2008.040
2008.274
2008.508
2008.742
2008.976
2009.211
2009.445
2009.679
2009.913
2010.147
2010.381
2010.615
2010.849
2011.083
2011.317
2011.552
2011.786
2012.020
2012.254
2012.488
2012.722
2012.956
2013.190
2013.424
2013.659
2013.893
2014.127
2014.361
2014.595
2014.829
2015.063
2015.297
2015.531
2015.765
2016.000
2016.234
2016.468
2016.702
2016.936
2017.170
2017.404
2017.638
2017.872
2018.106
2018.341
2018.575
2018.809
2019.043
2019.277
2019.511
2019.745
2019.979
2020.213
2020.447
2020.682
2020.916
2021.150
2021.384
2021.618
2021.852
2022.086
2022.320
2022.554
2022.789
2023.023
2023.257
2023.491
2023.725
2023.959
2024.193
2024.427
2024.661
2024.895
2025.130
2025.364
2025.598
2025.832
2026.066
2026.300
2026.534
2026.768
2027.002
2027.236
2027.471
2027.705
2027.939
2028.173
2028.407
2028.641
2028.875
2029.109
2029.343
2029.577
2029.812
2030.046
2030.280
2030.514
2030.748
2030.982
2031.216
2031.450
2031.684
2031.919
2032.153
2032.387
2032.621
2032.855
2033.089
2033.323
2033.557
2033.791
2034.025
2034.260
2034.494
2034.728
2034.962
2035.196
2035.430
2035.664
2035.898
2036.132
2036.366
2036.601
2036.835
2037.069
2037.303
2037.537
2037.771
2038.005
2038.239
2038.473
2038.707
2038.942
2039.176
2039.410
2039.644
2039.878
2040.112
2040.346
2040.580
2040.814
2041.049
2041.283
2041.517
2041.751
2041.985
2042.219
2042.453
2042.687
2042.921
2043.155
2043.390
2043.624
2043.858
2044.092
2044.326
2044.560
2044.794
2045.028
2045.262
2045.496
2045.731
2045.965
2046.199
2046.433
2046.667
2046.901
2047.135
2047.369
2047.603
2047.837
2048.072
2048.306
2048.540
2048.774
2049.008
2049.242
2049.476
2049.710
2049.944
2050.178
2050.413
2050.647
2050.881
2051.115
2051.349
2051.583
2051.817
2052.051
2052.285
2052.520
2052.754
2052.988
2053.222
2053.456
2053.690
2053.924
2054.158
2054.392
2054.626
2054.861
2055.095
2055.329
2055.563
2055.797
2056.031
2056.265
2056.499
2056.733
2056.967
2057.202
2057.436
2057.670
2057.904
2058.138
2058.372
2058.606
2058.840
2059.074
2059.308
2059.543
2059.777
2060.011
2060.245
2060.479
2060.713
2060.947
2061.181
2061.415
2061.650
2061.884
2062.118
2062.352
2062.586
2062.820
2063.054
2063.288
2063.522
2063.756
2063.991
2064.225
2064.459
2064.693
2064.927
2065.161
2065.395
2065.629
2065.863
2066.097
2066.332
2066.566
2066.800
2067.034
2067.268
2067.502
2067.736
2067.970
2068.204
2068.438
2068.673
2068.907
2069.141
2069.375
2069.609
2069.843
2070.077
2070.311
2070.545
2070.780
2071.014
2071.248
2071.482
2071.716
2071.950
2072.184
2072.418
2072.652
2072.886
2073.121
2073.355
2073.589
2073.823
2074.057
2074.291
2074.525
2074.759
2074.993
2075.227
2075.462
2075.696
2075.930
2076.164
2076.398
2076.632
2076.866
2077.100
2077.334
2077.568
2077.803
2078.037
2078.271
2078.505
2078.739
2078.973
2079.207
2079.441
2079.675
2079.910
2080.144
2080.378
2080.612
2080.846
2081.080
2081.314
2081.548
2081.782
2082.016
2082.251
2082.485
2082.719
2082.953
2083.187
2083.421
2083.655
2083.889
2084.123
2084.357
2084.592
2084.826
2085.060
2085.294
2085.528
2085.762
2085.996
2086.230
2086.464
2086.698
2086.933
2087.167
2087.401
2087.635
2087.869
2088.103
2088.337
2088.571
2088.805
2089.039
2089.274
2089.508
2089.742
2089.976
2090.210
2090.444
2090.678
2090.912
2091.146
2091.381
2091.615
2091.849
2092.083
2092.317
2092.551
2092.785
2093.019
2093.253
2093.487
2093.722
2093.956
2094.190
2094.424
2094.658
2094.892
2095.126
2095.360
2095.594
2095.828
2096.063
2096.297
2096.531
2096.765
2096.999
2097.233
2097.467
2097.701
2097.935
2098.169
2098.404
2098.638
2098.872
2099.106
2099.340
2099.574
2099.808
2100.042
2100.276
2100.511
2100.745
2100.979
2101.213
2101.447
2101.681
2101.915
2102.149
2102.383
2102.617
2102.852
2103.086
2103.320
2103.554
2103.788
2104.022
2104.256
2104.490
2104.724
2104.958
2105.193
2105.427
2105.661
2105.895
2106.129
2106.363
2106.597
2106.831
2107.065
2107.299
2107.534
2107.768
2108.002
2108.236
2108.470
2108.704
2108.938
2109.172
2109.406
2109.641
2109.875
2110.109
2110.343
2110.577
2110.811
2111.045
2111.279
2111.513
2111.747
2111.982
2112.216
2112.450
2112.684
2112.918
2113.152
2113.386
2113.620
2113.854
2114.088
2114.323
2114.557
2114.791
2115.025
2115.259
2115.493
2115.727
2115.961
2116.195
2116.429
2116.664
2116.898
2117.132
2117.366
2117.600
2117.834
2118.068
2118.302
2118.536
2118.771
2119.005
2119.239
2119.473
2119.707
2119.941
2120.175
2120.409
2120.643
2120.877
2121.112
2121.346
2121.580
2121.814
2122.048
2122.282
2122.516
2122.750
2122.984
2123.218
2123.453
2123.687
2123.921
2124.155
2124.389
2124.623
2124.857
2125.091
2125.325
2125.559
2125.794
2126.028
2126.262
2126.496
2131.646
2131.880
2132.114
2132.348
2132.583
2132.817
2133.051
2133.285
2133.519
2133.753
2133.987
2134.221
2134.455
2134.689
2134.924
2135.158
2135.392
2135.626
2135.860
2136.094
2136.328
2136.562
2136.796
2137.031
2137.265
2137.499
2137.733
2137.967
2138.201
2138.435
2138.669
2138.903
2139.137
2139.372
2139.606
2139.840
2140.074
2140.308
2140.542
2140.776
2141.010
2141.244
2141.478
2141.713
2141.947
2142.181
2142.415
2142.649
2142.883
2143.117
2143.351
2143.585
2143.819
2144.054
2144.288
2144.522
2144.756
2144.990
2145.224
2145.458
2145.692
2145.926
2146.161
2146.395
2146.629
2146.863
2147.097
2147.331
2147.565
2147.799
2148.033
2148.267
2148.502
2148.736
2148.970
2149.204
2149.438
2149.672
2149.906
2150.140
2150.374
2150.608
2150.843
2151.077
2151.311
2151.545
2151.779
2152.013
2152.247
2152.481
2152.715
2152.949
2153.184
2153.418
2153.652
2153.886
2154.120
2154.354
2154.588
2154.822
2155.056
2155.291
2155.525
2155.759
2155.993
2156.227
2156.461
2156.695
2156.929
2157.163
2157.397
2157.632
2157.866
2158.100
2158.334
2158.568
2158.802
2159.036
2159.270
2159.504
2159.738
2159.973
2160.207
2160.441
2160.675
2160.909
2161.143
2161.377
2161.611
2161.845
2162.079
2162.314
2162.548
2162.782
2163.016
2163.250
2163.484
2163.718
2163.952
2164.186
2164.421
2164.655
2164.889
2165.123
2165.357
2165.591
2165.825
2166.059
2166.293
2166.527
2166.762
2166.996
2167.230
2167.464
2167.698
2167.932
2168.166
2168.400
2168.634
2168.868
2169.103
2169.337
2169.571
2169.805
2170.039
2170.273
2170.507
2170.741
2170.975
2171.209
2171.444
2171.678
2171.912
2172.146
2172.380
2172.614
2172.848
2173.082
2173.316
2173.550
2173.785
2174.019
2174.253
2174.487
2174.721
2174.955
2175.189
2175.423
2175.657
2175.892
2176.126
2176.360
2176.594
2176.828
2177.062
2177.296
2177.530
2177.764
2177.998
2178.233
2178.467
2178.701
2178.935
2179.169
2179.403
2179.637
2179.871
2180.105
2180.339
2180.574
2180.808
2181.042
2181.276
2181.510
2181.744
2181.978
2182.212
2182.446
2182.680
2182.915
2183.149
2183.383
2183.617
2183.851
2184.085
2184.319
2184.553
2184.787
2185.022
2185.256
2185.490
2185.724
2185.958
2186.192
2186.426
2186.660
2186.894
2187.128
2187.363
2187.597
2187.831
2188.065
2188.299
2188.533
2188.767
2189.001
2189.235
2189.469
2189.704
2189.938
2190.172
2190.406
2190.640
2190.874
2191.108
2191.342
2191.576
2191.810
2192.045
2192.279
2192.513
2192.747
2192.981
2193.215
2193.449
2193.683
2193.917
2194.152
2194.386
2194.620
2194.854
2195.088
2195.322
2195.556
2195.790
2196.024
2196.258
2196.493
2196.727
2196.961
2197.195
2197.429
2197.663
2197.897
2198.131
2198.365
2198.599
2198.834
2199.068
2199.302
2199.536
2199.770
2200.004
2200.238
2200.472
2200.706
2200.940
2201.175
2201.409
2201.643
2201.877
2202.111
2202.345
2202.579
2202.813
2203.047
2203.282
2203.516
2203.750
2203.984
2204.218
2204.452
2204.686
2204.920
2205.154
2205.388
2205.623
2205.857
2206.091
2206.325
2206.559
2206.793
2207.027
2207.261
2207.495
2207.729
2207.964
2208.198
2208.432
2208.666
2208.900
2209.134
2209.368
2209.602
2209.836
2210.070
2210.305
2210.539
2210.773
2211.007
2211.241
2211.475
2211.709
2211.943
2212.177
2212.411
2212.646
2212.880
2213.114
2213.348
2213.582
2213.816
2214.050
2214.284
2214.518
2214.753
2214.987
2215.221
2215.455
2215.689
2215.923
2216.157
2216.391
2216.625
2216.859
2217.094
2217.328
2217.562
2217.796
2218.030
2218.264
2218.498
2218.732
2218.966
2219.200
2219.435
2219.669
2219.903
2220.137
2220.371
2220.605
2220.839
2221.073
2221.307
2221.541
2221.776
2222.010
2222.244
2222.478
2222.712
2222.946
2223.180
2223.414
2223.648
2223.883
2224.117
2224.351
2224.585
2224.819
2225.053
2225.287
2225.521
2225.755
2225.989
2226.224
2226.458
2226.692
2226.926
2227.160
2227.394
2227.628
2227.862
2228.096
2228.330
2228.565
2228.799
2229.033
2229.267
2229.501
2229.735
2229.969
2230.203
2230.437
2230.671
2230.906
2231.140
2231.374
2231.608
2231.842
2232.076
2232.310
2232.544
2232.778
2233.013
2233.247
2233.481
2233.715
2233.949
2234.183
2234.417
2234.651
2234.885
2235.119
2235.354
2235.588
2235.822
2236.056
2236.290
2236.524
2236.758
2236.992
2237.226
2237.460
2237.695
2237.929
2238.163
2238.397
2238.631
2238.865
2239.099
2239.333
2239.567
2239.801
2240.036
2240.270
2240.504
2240.738
2240.972
2241.206
2241.440
2241.674
2241.908
2242.143
2242.377
2242.611
2242.845
2243.079
2243.313
2243.547
2243.781
2244.015
2244.249
2244.484
2244.718
2244.952
2245.186
2245.420
2245.654
2245.888
2246.122
2246.356
2246.590
2246.825
2247.059
2247.293
2247.527
2247.761
2247.995
2248.229
2248.463
2248.697
2248.931
2249.166
2249.400
2249.634
2249.868
2250.102
2250.336
2250.570
2250.804
2251.038
2251.272
2251.507
2251.741
2251.975
2252.209
2252.443
2252.677
2252.911
2253.145
2253.379
2253.614
2253.848
2254.082
2254.316
2254.550
2254.784
2255.018
2255.252
2255.486
2255.720
2255.955
2256.189
2256.423
2256.657
2256.891
2257.125
2257.359
2257.593
2257.827
2258.061
2258.296
2258.530
2258.764
2258.998
2259.232
2259.466
2259.700
2259.934
2260.168
2260.402
2260.637
2260.871
2261.105
2261.339
2261.573
2261.807
2262.041
2262.275
2262.509
2262.744
2262.978
2263.212
2263.446
2263.680
2263.914
2264.148
2264.382
2264.616
2264.850
2265.085
2265.319
2265.553
2265.787
2266.021
2266.255
2266.489
2266.723
2266.957
2267.191
2267.426
2267.660
2267.894
2268.128
2268.362
2268.596
2268.830
2269.064
2269.298
2269.532
2269.767
2270.001
2270.235
2270.469
2270.703
2270.937
2271.171
2271.405
2271.639
2271.874
2272.108
2272.342
2272.576
2272.810
2273.044
2273.278
2273.512
2273.746
2273.980
2274.215
2274.449
2274.683
2274.917
2275.151
2275.385
2275.619
2275.853
2276.087
2276.321
2276.556
2276.790
2277.024
2277.258
2277.492
2277.726
2277.960
2278.194
2278.428
2278.662
2278.897
2279.131
2279.365
2279.599
2279.833
2280.067
2280.301
2280.535
2280.769
2281.003
2281.238
2281.472
2281.706
2281.940
2282.174
2282.408
2282.642
2282.876
2283.110
2283.345
2283.579
2283.813
2284.047
2284.281
2284.515
2284.749
2284.983
2285.217
2285.451
2285.686
2285.920
2286.154
2286.388
2286.622
2286.856
2287.090
2287.324
2287.558
2287.792
2288.027
2288.261
2288.495
2288.729
2288.963
2289.197
2289.431
2289.665
2289.899
2290.133
2290.368
2290.602
2290.836
2291.070
2291.304
2291.538
2291.772
2292.006
2292.240
2292.475
2292.709
2292.943
2293.177
2293.411
2293.645
2293.879
2294.113
2294.347
2294.581
2294.816
2295.050
2295.284
2295.518
2295.752
2295.986
2296.220
2296.454
2296.688
2296.922
2297.157
2297.391
2297.625
2297.859
2298.093
2298.327
2298.561
2298.795
2299.029
2299.263
2299.498
2299.732
2299.966
2300.200
2300.434
2300.668
2300.902
2301.136
2301.370
2301.605
2301.839
2302.073
2302.307
2302.541
2302.775
2303.009
2303.243
2303.477
2303.711
2303.946
2304.180
2304.414
2304.648
2304.882
2305.116
2305.350
2305.584
2305.818
2306.052
2306.287
2306.521
2306.755
2306.989
2307.223
2307.457
2307.691
2307.925
2308.159
2308.393
2308.628
2308.862
2309.096
2309.330
2309.564
2309.798
2310.032
2310.266
2310.500
2310.735
2310.969
2312.841
2313.076
2313.310
2313.544
2313.778
2314.012
2314.246
2314.480
2314.714
2314.948
2315.182
2315.417
2315.651
2315.885
2316.119
2316.353
2316.587
2316.821
2317.055
2317.289
2317.524
2317.758
2317.992
2318.226
2318.460
2318.694
2318.928
2319.162
2319.396
2319.630
2319.865
2320.099
2320.333
2320.567
2320.801
2321.035
2321.269
2321.503
2321.737
2321.971
2322.206
2322.440
2322.674
2322.908
2323.142
2323.376
2323.610
2323.844
2324.078
2324.312
2324.547
2324.781
2325.015
2325.249
2325.483
2325.717
2325.951
2326.185
2326.419
2326.654
2326.888
2327.122
2327.356
2327.590
2327.824
2328.058
2328.292
2328.526
2328.760
2328.995
2329.229
2329.463
2329.697
2329.931
2330.165
2330.399
2330.633
2330.867
2331.101
2331.336
2331.570
2331.804
2332.038
2332.272
2332.506
2332.740
2332.974
2333.208
2333.442
2333.677
2333.911
2334.145
2334.379
2334.613
2334.847
2335.081
2335.315
2335.549
2335.783
2336.018
2336.252
2336.486
2336.720
2336.954
2337.188
2337.422
2337.656
2337.890
2338.125
2338.359
2338.593
2338.827
2339.061
2339.295
2339.529
2339.763
2339.997
2340.231
2340.466
2340.700
2340.934
2341.168
2341.402
2341.636
2341.870
2342.104
2342.338
2342.572
2342.807
2343.041
2343.275
2343.509
2343.743
2343.977
2344.211
2344.445
2344.679
2344.913
2345.148
2345.382
2345.616
2345.850
2346.084
2346.318
2346.552
2346.786
2347.020
2347.255
2347.489
2347.723
2347.957
2348.191
2348.425
2348.659
2348.893
2349.127
2349.361
2349.596
2349.830
2350.064
2350.298
2350.532
2350.766
2351.000
2351.234
2351.468
2351.702
2351.937
2352.171
2352.405
2352.639
2352.873
2353.107
2353.341
2353.575
2353.809
2354.043
2354.278
2354.512
2354.746
2354.980
2355.214
2355.448
2355.682
2355.916
2356.150
2356.385
2356.619
2356.853
2357.087
2357.321
2357.555
2357.789
2358.023
2358.257
2358.491
2358.726
2358.960
2359.194
2359.428
2359.662
2359.896
2360.130
2360.364
2360.598
2360.832
2361.067
2361.301
2361.535
2361.769
2362.003
2362.237
2362.471
2362.705
2362.939
2363.173
2363.408
2363.642
2363.876
2364.110
2364.344
2364.578
2364.812
2365.046
2365.280
2365.515
2365.749
2365.983
2366.217
2366.451
2366.685
2366.919
2367.153
2367.387
2367.621
2367.856
2368.090
2368.324
2368.558
2368.792
2369.026
2369.260
2369.494
2369.728
2369.962
2370.197
2370.431
2370.665
2370.899
2371.133
2371.367
2371.601
2371.835
2372.069
2372.303
2372.538
2372.772
2373.006
2373.240
2373.474
2373.708
2373.942
2374.176
2374.410
2374.644
2374.879
2375.113
2375.347
2375.581
2375.815
2376.049
2376.283
2376.517
2376.751
2376.986
2377.220
2377.454
2377.688
2377.922
2378.156
2378.390
2378.624
2378.858
2379.092
2379.327
2379.561
2379.795
2380.029
2380.263
2380.497
2380.731
2380.965
2381.199
2381.433
2381.668
2381.902
2382.136
2382.370
2382.604
2382.838
2383.072
2383.306
2383.540
2383.774
2384.009
2384.243
2384.477
2384.711
2384.945
2385.179
2385.413
2385.647
2385.881
2386.116
2386.350
2386.584
2386.818
2387.052
2387.286
2387.520
2387.754
2387.988
2388.222
2388.457
2388.691
2388.925
2389.159
2389.393
2389.627
2389.861
2390.095
2390.329
2390.563
2390.798
2391.032
2391.266
2391.500
2391.734
2391.968
2392.202
2392.436
2392.670
2392.904
2393.139
2393.373
2393.607
2393.841
2394.075
2394.309
2394.543
2394.777
2395.011
2395.246
2395.480
2395.714
2395.948
2396.182
2396.416
2396.650
2396.884
2397.118
2397.352
2397.587
2397.821
2398.055
2398.289
2398.523
2398.757
2398.991
2399.225
2399.459
2399.693
2399.928
2400.162
2400.396
2400.630
2400.864
2401.098
2401.332
2401.566
2401.800
2402.034
2402.269
2402.503
2402.737
2402.971
2403.205
2403.439
2403.673
2403.907
2404.141
2404.376
2404.610
2404.844
2405.078
2405.312
2405.546
2405.780
2406.014
2406.248
2406.482
2406.717
2406.951
2407.185
2407.419
2407.653
2407.887
2408.121
2408.355
2408.589
2408.823
2409.058
2409.292
2409.526
2409.760
2409.994
2410.228
2410.462
2410.696
2410.930
2411.164
2411.399
2411.633
2411.867
2412.101
2412.335
2412.569
2412.803
2413.037
2413.271
2413.505
2413.740
2413.974
2414.208
2414.442
2414.676
2414.910
2415.144
2415.378
2415.612
2415.847
2416.081
2416.315
2416.549
2416.783
2417.017
2417.251
2417.485
2417.719
2417.953
2418.188
2418.422
2418.656
2418.890
2419.124
2419.358
2419.592
2419.826
2420.060
2420.294
2420.529
2420.763
2420.997
2421.231
2421.465
2421.699
2421.933
2422.167
2422.401
2422.635
2422.870
2423.104
2423.338
2423.572
2423.806
2424.040
2424.274
2424.508
2424.742
2424.977
2425.211
2425.445
2425.679
2425.913
2426.147
2426.381
2426.615
2426.849
2427.083
2427.318
2427.552
2427.786
2428.020
2428.254
2428.488
2428.722
2428.956
2429.190
2429.424
2429.659
2429.893
2430.127
2430.361
2430.595
2430.829
2431.063
2431.297
2431.531
2431.765
2432.000
2432.234
2432.468
2432.702
2432.936
2433.170
2433.404
2433.638
2433.872
2434.107
2434.341
2434.575
2434.809
2435.043
2435.277
2435.511
2435.745
2435.979
2436.213
2436.448
2436.682
2436.916
2437.150
2437.384
2437.618
2437.852
2438.086
2438.320
2438.554
2438.789
2439.023
2439.257
2439.491
2439.725
2439.959
2440.193
2440.427
2440.661
2440.895
2441.130
2441.364
2441.598
2441.832
2442.066
2442.300
2442.534
2442.768
2443.002
2443.237
2443.471
2443.705
2443.939
2444.173
2444.407
2458.708
2459.153
2459.597
2460.042
2460.486
2460.930
2461.375
2461.819
2462.263
2462.708
2463.152
2463.597
2464.041
2464.485
2464.930
2465.374
2465.818
2466.263
2466.707
2467.151
2467.596
2468.040
2468.485
2468.929
2469.373
2469.818
2470.262
2470.706
2471.151
2471.595
2472.040
2472.484
2472.928
2473.373
2473.817
2474.261
2474.706
2475.150
2475.594
2476.039
2476.483
2476.928
2477.372
2477.816
2478.261
2478.705
2479.149
2479.594
2480.038
2480.482
2480.927
2481.371
2481.816
2482.260
2482.704
2483.149
2483.593
2484.037
2484.482
2484.926
2485.371
2485.815
2486.259
2486.704
2487.148
2487.592
2488.037
2488.481
2488.925
2489.370
2489.814
2490.259
2490.703
2491.147
2491.592
2492.036
2492.480
2492.925
2493.369
2493.814
2494.258
2494.480
2494.702
2495.147
2495.369
2495.591
2496.035
2496.258
2496.480
2496.924
2497.146
2497.368
2497.813
2498.035
2498.257
2498.702
2498.924
2499.146
2499.590
2499.812
2500.035
2500.479
2500.701
2500.923
2501.368
2501.590
2501.812
2502.256
2502.479
2502.701
2503.145
2503.367
2503.590
2504.034
2504.256
2504.478
2504.923
2505.145
2505.367
2505.811
2506.034
2506.256
2506.700
2506.922
2507.145
2507.589
2507.811
2508.033
2508.478
2508.700
2508.922
2509.366
2509.589
2509.811
2510.255
2510.477
2510.699
2511.144
2511.366
2511.588
2512.033
2512.255
2512.477
2512.921
2513.143
2513.366
2513.810
2514.032
2514.254
2514.699
2514.921
2515.143
2515.587
2515.810
2516.032
2516.476
2516.698
2516.921
2517.365
2517.587
2517.809
2518.254
2518.476
2518.698
2519.142
2519.365
2519.587
2520.031
2520.253
2520.476
2520.920
2521.142
2521.364
2521.809
2522.031
2522.253
2522.697
2522.920
2523.142
2523.364
2523.586
2523.808
2524.030
2524.253
2524.475
2524.697
2524.919
2525.141
2525.364
2525.586
2525.808
2526.030
2526.252
2526.474
2526.697
2526.919
2527.141
2527.363
2527.585
2527.808
2528.030
2528.252
2528.474
2528.696
2528.919
2529.141
2529.363
2529.585
2529.807
2530.029
2530.252
2530.474
2530.696
2530.918
2531.140
2531.363
2531.585
2531.807
2532.029
2532.251
2532.473
2532.696
2532.918
2533.140
2533.362
2533.584
2533.807
2534.029
2534.251
2534.473
2534.695
2534.917
2535.140
2535.362
2535.584
2535.806
2536.028
2536.251
2536.473
2536.695
2536.917
2537.139
2537.361
2537.584
2537.806
2538.250
2538.695
2538.917
2539.139
2539.361
2539.583
2540.028
2540.472
2540.694
2540.916
2541.139
2541.361
2541.805
2542.250
2542.472
2542.694
2542.916
2543.138
2543.583
2544.027
2544.249
2544.471
2544.694
2544.916
2545.360
2545.804
2546.027
2546.249
2546.471
2546.693
2547.138
2547.582
2547.804
2548.026
2548.248
2548.471
2548.915
2549.359
2549.582
2549.804
2550.026
2550.248
2550.692
2551.137
2551.581
2552.026
2552.470
2552.914
2553.359
2553.803
2554.247
2554.692
2555.136
2555.581
2556.025
2556.469
2556.914
2557.358
2557.802
2558.247
2558.691
2559.135
2559.580
2560.024
2560.469
2560.913
2561.357
2561.802
2562.246
2562.690
2563.135
2563.579
2564.024
2564.468
2564.912
2567.134
2567.578
2568.023
2568.467
2568.912
2569.356
2569.800
2570.245
2570.689
2571.133
2571.578
2572.022
2572.466
2572.911
2573.355
2573.800
2574.244
2574.688
2575.133
2575.577
2576.021
2576.466
2576.910
2577.355
2577.799
2578.243
2578.688
2579.132
2579.576
2580.021
2580.465
2580.909
2581.354
2582.243
2583.131
2584.020
2584.909
2585.798
2586.686
2587.575
2588.464
2589.352
2590.241
2591.130
2592.019
2592.907
2593.796
2594.685
2595.574
2596.018
2596.462
2596.907
2597.351
2597.795
2598.240
2598.684
2599.129
2599.573
2600.017
2600.462
2600.906
2601.350
2601.795
2602.239
2602.683
2603.128
2603.572
2604.017
2604.461
2604.905
2605.350
2605.794
2606.238
2606.683
2607.127
2607.571
2608.016
2608.460
2608.905
2609.349
2609.793
2611.571
2613.348
2615.126
2616.903
2617.125
2617.348
2617.792
2618.014
2618.236
2618.681
2618.903
2619.125
2619.569
2619.792
2620.014
2620.458
2620.680
2620.903
2621.347
2621.569
2621.791
2622.236
2622.458
2622.680
2623.124
2623.347
2623.569
2624.013
2624.235
2624.457
2624.902
2625.124
2625.346
2625.791
2626.013
2626.235
2626.679
2626.901
2627.124
2627.568
2627.790
2628.012
2628.457
2628.679
2628.901
2629.345
2629.568
2629.790
2630.234
2630.456
2630.679
2631.123
2631.345
2631.567
2632.012
2632.234
2632.456
2632.900
2633.123
2633.345
2633.789
2634.011
2634.234
2634.678
2634.900
2635.122
2635.567
2635.789
2636.011
2636.455
2636.678
2636.900
2637.344
2637.566
2637.788
2638.233
2638.455
2638.677
2639.122
2639.344
2639.566
2640.010
2640.232
2640.455
2640.899
2641.121
2641.343
2641.788
2642.010
2642.232
2642.677
2642.899
2643.121
2643.565
2643.787
2644.010
2644.454
2644.676
2644.898
2645.343
2645.787
2646.231
2646.676
2647.120
2647.565
2648.009
2648.453
2648.898
2649.342
2649.786
2650.231
2650.675
2651.119
2651.564
2652.008
2652.453
2652.897
2653.341
2653.786
2654.230
2654.674
2655.119
2655.563
2656.008
2656.452
2656.896
2657.341
2657.785
2658.229
2658.674
2659.118
2659.562
2660.007
2660.451
2660.896
2661.340
2661.784
2662.229
2662.673
2663.117
2663.562
2664.006
2664.450
2664.895
2665.339
2665.784
2666.228
2666.672
2666.895
2667.117
2667.339
2667.561
2667.783
2668.005
2668.228
2668.450
2668.672
2668.894
2669.116
2669.339
2669.561
2669.783
2670.005
2670.227
2670.449
2670.672
2670.894
2671.116
2671.338
2671.560
2671.783
2672.005
2672.227
2672.449
2672.671
2672.893
2673.116
2673.338
2673.560
2673.782
2698.429
2698.804
2699.179
2699.554
2699.930
2700.305
2700.680
2701.055
2701.430
2701.805
2702.180
2702.555
2702.930
2703.305
2703.680
2704.055
2704.430
2704.805
2705.180
2705.555
2705.930
2706.305
2706.681
2707.056
2707.431
2707.806
2708.181
2708.556
2708.931
2709.306
2709.681
2710.056
2710.431
2710.619
2710.806
2711.181
2711.369
2711.556
2711.931
2712.119
2712.306
2712.681
2712.869
2713.056
2713.432
2713.619
2713.807
2714.182
2714.369
2714.557
2714.932
2715.119
2715.307
2715.682
2715.869
2716.057
2716.432
2716.620
2716.807
2717.182
2717.370
2717.557
2717.932
2718.120
2718.307
2718.682
2718.870
2719.057
2719.432
2719.620
2719.808
2720.183
2720.370
2720.558
2720.933
2721.120
2721.308
2721.683
2721.870
2722.058
2722.433
2722.620
2722.808
2722.995
2723.183
2723.558
2723.933
2724.121
2724.308
2724.496
2724.683
2725.058
2725.433
2725.621
2725.808
2725.996
2726.183
2726.559
2726.934
2727.121
2727.309
2727.496
2727.684
2728.059
2728.434
2728.621
2728.809
2728.996
2729.184
2729.559
2729.934
2730.122
2730.309
2730.497
2730.684
2731.059
2731.434
2731.622
2731.809
2731.997
2732.184
2732.559
2732.934
2733.122
2733.310
2733.497
2733.685
2734.060
2734.435
2734.622
2734.810
2734.997
2735.185
2735.560
2735.935
2736.122
2736.310
2736.498
2736.685
2737.060
2737.435
2737.623
2737.810
2737.998
2738.185
2738.560
2738.935
2739.123
2739.310
2739.498
2739.685
2740.061
2740.436
2740.623
2740.811
2740.998
2741.186
2741.561
2741.936
2742.123
2742.311
2742.498
2742.686
2743.061
2743.436
2743.624
2743.811
2743.999
2744.186
2744.561
2744.936
2745.124
2745.311
2745.499
2745.686
2746.061
2746.437
2746.812
2747.187
2747.562
2747.937
2748.312
2748.687
2749.062
2749.437
2749.812
2750.187
2750.562
2750.937
2751.312
2751.687
2752.062
2752.437
2752.812
2753.188
2753.563
2753.938
2754.313
2754.688
2755.063
2755.438
2755.813
2756.188
2756.563
2756.938
2757.313
2757.688
2758.063
2758.438
2758.813
2759.188
2759.563
2759.939
2760.314
2760.689
2761.064
2761.439
2761.814
2762.189
2762.564
2762.939
2763.314
2763.689
2764.064
2764.439
2765.939
2767.440
2768.940
2770.440
2771.940
2773.441
2774.941
2776.441
2777.941
2779.441
2780.942
2782.442
2782.817
2783.942
2784.317
2785.442
2785.817
2786.943
2787.318
2788.443
2788.818
2789.943
2790.318
2791.443
2791.818
2792.944
2793.319
2794.444
2806.446
2807.946
2809.446
2810.946
2812.446
2813.947
2815.447
2816.947
2818.447
2819.948
2821.448
2821.635
2821.823
2822.198
2822.385
2822.573
2822.948
2823.136
2823.323
2823.698
2823.886
2824.073
2824.448
2824.636
2824.823
2825.198
2825.386
2825.573
2825.948
2826.136
2826.324
2826.699
2826.886
2827.074
2827.449
2827.636
2827.824
2828.199
2828.386
2828.574
2828.949
2829.136
2829.324
2829.699
2829.887
2830.074
2830.449
2830.637
2830.824
2831.199
2831.387
2831.574
2831.949
2832.137
2832.324
2832.700
2832.887
2833.075
2833.450
2833.637
2833.825
2834.200
2834.387
2834.575
2834.950
2835.137
2835.325
2835.700
2835.887
2836.075
2836.450
2836.638
2836.825
2837.200
2837.388
2837.575
2837.950
2838.138
2838.325
2838.700
2838.888
2839.075
2839.451
2839.638
2839.826
2840.201
2840.388
2840.576
2840.951
2841.138
2841.326
2841.701
2841.888
2842.076
2842.451
2842.638
2842.826
2843.201
2843.389
2843.576
2843.951
2845.451
2845.639
2845.826
2846.014
2846.202
2846.389
2846.577
2846.952
2847.139
2847.327
2847.514
2847.702
2847.889
2848.077
2848.452
2848.639
2848.827
2849.014
2849.202
2849.390
2849.577
2849.952
2850.140
2850.327
2850.515
2850.702
2850.890
2851.077
2851.452
2851.640
2851.827
2852.015
2852.202
2852.390
2852.577
2852.953
2853.140
2853.328
2853.515
2853.703
2853.890
2854.078
2854.453
2854.640
2854.828
2855.015
2855.203
2855.390
2855.578
2855.953
2856.141
2856.328
2856.516
2856.703
2856.891
2857.078
2857.453
2857.641
2857.828
2858.016
2858.203
2858.391
2858.578
2858.953
2859.141
2859.329
2859.516
2859.704
2859.891
2860.079
2860.454
2860.641
2860.829
2861.016
2861.204
2861.391
2861.579
2861.954
2862.141
2862.329
2862.516
2862.704
2862.892
2863.079
2863.454
2863.642
2863.829
2864.017
2864.204
2864.392
2864.579
2864.954
2865.142
2865.329
2865.517
2865.704
2865.892
2866.080
2866.455
2866.642
2866.830
2867.017
2867.205
2867.392
2867.580
2867.955
2868.142
2868.330
2868.517
2868.705
2868.892
2869.080
2869.455
2869.830
2870.205
2870.580
2870.955
2871.330
2871.705
2872.080
2872.455
2872.831
2873.206
2873.581
2873.956
2874.331
2874.706
2875.081
2875.456
2875.831
2876.206
2876.581
2876.956
2877.331
2877.706
2878.081
2878.456
2878.831
2879.207
2879.582
2879.957
2880.332
2880.707
2881.082
2881.457
2881.644
2881.832
2882.207
2882.394
2882.582
2882.957
2883.145
2883.332
2883.707
2883.895
2884.082
2884.457
2884.645
2884.832
2885.207
2885.395
2885.582
2885.958
2886.145
2886.333
2886.708
2886.895
2887.083
2887.458
2887.645
2887.833
2888.208
2888.395
2888.583
2888.958
2889.146
2889.333
2889.708
2889.896
2890.083
2890.458
2890.646
2890.833
2891.208
2891.396
2891.583
2891.958
2892.146
2892.333
2892.709
2892.896
2893.084
2893.459
2893.646
2893.834
2894.209
2894.396
2894.584
2894.959
2895.146
2895.334
2895.709
2895.897
2896.084
2896.459
2896.647
2896.834
2897.209
2897.397
2897.584
2897.959
2898.147
2898.334
2898.709
2898.897
2899.084
2899.460
2899.647
2899.835
2900.210
2900.397
2900.585
2900.960
2901.147
2901.335
2901.710
2901.897
2902.085
2902.460
2902.648
2902.835
2903.210
2903.398
2903.585
2903.960
2904.148
2904.335
2904.710
2904.898
2905.085
2905.460
2906.211
2906.961
2907.711
2908.461
2909.211
2909.961
2910.711
2911.461
2912.211
2912.962
2913.712
2914.462
2915.212
2915.962
2916.712
2917.462
2917.837
2918.212
2918.587
2918.962
2919.338
2919.713
2920.088
2920.463
2920.838
2921.213
2921.588
2921.963
2922.338
2922.713
2923.088
2923.463
2923.838
2924.213
2924.588
2924.963
2925.338
2925.714
2926.089
2926.464
2926.839
2927.214
2927.589
2927.964
2928.339
2928.714
2929.089
2929.464
2929.652
2929.839
2930.214
2930.402
2930.589
2930.964
2931.152
2931.339
2931.714
2931.902
2932.089
2932.465
2932.652
2932.840
2933.215
2933.402
2933.590
2933.965
2934.152
2934.340
2934.715
2934.902
2935.090
2935.465
2935.653
2935.840
2936.215
2936.403
2936.590
2936.965
2937.153
2937.340
2937.715
2937.903
2938.090
2938.465
2938.653
2938.840
2939.216
2939.403
2939.591
2939.966
2940.153
2940.341
2940.716
2940.903
2941.091
2941.466
2941.841
2942.216
2942.591
2942.966
2943.341
2943.716
2944.091
2944.466
2944.841
2945.216
2945.592
2945.967
2946.342
2946.717
2947.092
2947.467
2947.842
2948.217
2948.592
2948.967
2949.342
2949.717
2950.092
2950.467
2950.842
2951.217
2951.592
2951.967
2952.343
2952.718
2953.093
2953.697
2954.125
2954.554
2954.768
2954.983
2955.411
2955.840
2956.268
2956.483
2956.697
2957.125
2957.554
2957.983
2958.197
2958.411
2958.840
2959.268
2959.697
2959.911
2960.125
2960.554
2960.982
2961.411
2961.625
2961.840
2962.268
2962.697
2963.125
2963.340
2963.554
2963.982
2964.411
2964.840
2965.054
2965.268
2965.697
2966.125
2966.554
2966.768
2966.982
2967.411
2967.839
2968.268
2968.482
2968.697
2969.125
2969.554
2969.982
2970.197
2970.411
2970.839
2971.268
2971.696
2971.911
2972.125
2972.554
2972.982
2973.411
2973.625
2973.839
2974.268
2974.696
2975.125
2975.339
2975.554
2975.982
2976.411
2976.839
2977.054
2977.268
2977.696
2978.125
2978.553
2978.768
2978.982
2979.411
2979.839
2980.268
2980.482
2980.696
2981.125
2981.553
2981.768
2981.982
2982.411
2982.625
2982.839
2983.268
2983.482
2983.696
2984.125
2984.339
2984.553
2984.982
2985.196
2985.410
2985.839
2986.053
2986.268
2986.696
2986.910
2987.125
2987.553
2987.768
2987.982
2988.410
2988.625
2988.839
2989.268
2989.482
2989.696
2990.125
2990.339
2990.553
2990.982
2991.196
2991.410
2991.839
2992.053
2992.267
2992.696
2992.910
2993.125
2993.553
2993.767
2993.982
2994.410
2994.625
2994.839
2995.267
2995.696
2996.125
2996.553
2996.982
2997.410
2997.839
2998.267
2998.696
2999.124
2999.553
2999.982
3000.410
3000.839
3001.267
3001.696
3002.124
3002.553
3002.982
3003.410
3003.839
3004.267
3004.696
3005.124
3005.553
3005.981
3006.410
3006.839
3007.267
3007.696
3008.124
3008.553
3008.981
3009.410
3009.839
3010.267
3010.696
3011.124
3011.553
3011.981
3012.410
3012.838
3013.267
3013.696
3014.124
3014.553
3014.981
3015.410
3015.838
3016.267
3016.696
3017.124
3017.553
3017.981
3018.410
3018.838
3019.267
3019.695
3020.124
3020.553
3020.981
3021.410
3021.838
3022.267
3022.695
3023.124
3023.553
3023.981
3024.410
3024.838
3025.267
3025.695
3026.124
3026.552
3026.981
3027.410
3027.838
3028.267
3028.695
3029.124
3029.552
3029.981
3030.410
3030.838
3031.267
3031.695
3032.124
3032.552
3032.981
3033.409
3033.838
3034.267
3034.695
3035.124
3035.552
3035.981
3036.409
3036.838
3037.695
3038.124
3038.552
3039.409
3039.838
3040.266
3041.124
3041.552
3041.981
3042.838
3043.266
3043.695
3044.552
3044.981
3045.409
3046.266
3046.695
3047.123
3047.981
3048.409
3048.838
3049.695
3050.123
3050.552
3051.409
3051.838
3052.266
3053.123
3053.552
3053.980
3054.838
3055.266
3055.695
3056.552
3056.980
3057.409
3058.266
3058.695
3059.123
3059.980
3060.409
3060.837
3061.695
3062.123
3062.552
3062.980
3063.195
3063.409
3063.837
3064.266
3064.695
3065.123
3065.552
3065.980
3066.409
3066.837
3067.266
3067.694
3068.123
3068.552
3068.980
3069.409
3069.837
3070.266
3070.694
3071.123
3071.552
3071.980
3072.409
3072.837
3073.266
3073.694
3074.123
3074.551
3074.980
3075.409
3075.837
3076.266
3076.694
3077.123
3077.551
3077.980
3078.409
3078.837
3079.266
3079.694
3080.123
3080.551
3080.980
3081.408
3081.837
3082.266
3082.694
3083.123
3083.551
3083.980
3084.408
3084.837
3085.266
3085.694
3086.123
3086.551
3086.980
3087.408
3087.837
3088.265
3088.694
3089.123
3089.551
3089.980
3090.408
3090.837
3091.265
3091.694
3092.123
3092.551
3092.980
3093.408
3093.837
3094.265
3094.694
3095.122
3095.551
3095.980
3096.408
3096.837
3097.265
3097.694
3098.122
3098.551
3098.980
3099.408
3099.837
3100.265
3100.694
3101.122
3101.551
3101.979
3102.408
3102.837
3103.265
3103.694
3104.122
3104.337
3104.551
3104.979
3105.408
3105.836
3106.265
3106.694
3107.122
3107.551
3107.979
3108.408
3108.836
3109.265
3109.694
3110.122
3110.551
3110.979
3111.408
3111.836
3112.265
3112.693
3113.122
3113.551
3113.979
3114.408
3114.836
3115.265
3115.693
3116.122
3116.551
3116.979
3117.408
3117.836
3118.265
3118.479
3118.693
3118.908
3119.122
3119.336
3119.550
3119.765
3119.979
3120.193
3120.408
3120.622
3120.836
3121.050
3121.265
3121.479
3121.693
3121.908
3122.122
3122.336
3122.550
3122.765
3122.979
3123.193
3123.408
3123.622
3123.836
3124.050
3124.265
3124.479
3124.693
3124.908
3125.122
3125.336
3125.550
3125.765
3125.979
3126.193
3126.407
3126.622
3126.836
3127.050
3127.265
3127.479
3127.693
3127.907
3128.122
3128.336
3128.550
3128.765
3128.979
3129.193
3129.407
3129.622
3129.836
3130.050
3130.265
3130.479
3130.693
3130.907
3131.122
3131.336
3131.550
3131.765
3131.979
3132.193
3132.407
3132.622
3132.836
3133.050
3133.264
3133.479
3133.693
3133.907
3134.122
3134.336
3134.550
3134.764
3134.979
3135.193
3135.407
3135.622
3135.836
3136.050
3136.264
3136.479
3136.693
3136.907
3137.122
3137.336
3137.550
3137.764
3137.979
3138.193
3138.407
3138.622
3138.836
3139.050
3139.264
3139.479
3139.693
3139.907
3140.121
3140.336
3140.550
3140.764
3140.979
3141.193
3141.407
3141.621
3141.836
3142.050
3142.264
3142.479
3142.693
3142.907
3143.121
3143.336
3143.550
3143.764
3143.979
3144.193
3144.407
3144.621
3144.836
3145.050
3145.264
3145.479
3145.693
3145.836
3146.121
3146.264
3146.550
3146.693
3146.978
3147.121
3147.407
3147.550
3147.836
3147.978
3148.264
3148.407
3148.693
3148.836
3149.121
3149.264
3149.550
3149.693
3149.978
3150.121
3150.407
3150.550
3150.836
3150.978
3151.264
3151.407
3151.693
3151.836
3152.121
3152.264
3152.550
3152.693
3152.978
3153.121
3153.407
3153.550
3153.835
3153.978
3154.264
3154.407
3154.693
3154.835
3155.121
3155.264
3155.550
3155.693
3155.978
3156.121
3156.407
3156.550
3156.835
3156.978
3157.264
3157.407
3157.693
3157.835
3158.121
3158.264
3158.550
3158.693
3158.978
3159.121
3159.407
3159.835
3160.264
3160.692
3161.121
3161.550
3161.978
3162.407
3162.835
3163.264
3163.692
3164.121
3164.550
3164.978
3165.407
3165.835
3166.264
3166.692
3167.121
3167.549
3167.978
3168.407
3168.835
3169.264
3169.692
3170.121
3170.549
3170.978
3171.407
3171.835
3172.264
3172.692
3173.121
3173.549
3173.978
3174.406
3174.835
3175.264
3175.692
3176.121
3176.549
3176.978
3177.406
3177.835
3178.264
3178.692
3179.121
3179.549
3179.978
3180.406
3180.835
3181.263
3181.692
3182.121
3182.549
3182.978
3183.406
3183.835
3184.263
3184.692
3185.121
3185.549
3185.978
3186.406
3186.835
3187.263
3187.692
3188.120
3188.549
3188.978
3189.406
3189.835
3190.263
3190.692
3191.120
3191.549
3191.978
3192.406
3192.835
3193.263
3193.692
3194.120
3194.549
3194.977
3195.406
3195.835
3196.263
3196.692
3197.120
3197.549
3197.977
3198.406
3198.835
3199.263
3199.692
3200.120
3200.549
3200.763
3200.977
3201.406
3201.620
3201.834
3202.263
3202.477
3202.692
3203.120
3203.334
3203.549
3203.977
3204.192
3204.406
3204.834
3205.049
3205.263
3205.692
3205.906
3206.120
3206.549
3206.763
3206.977
3207.406
3207.620
3207.834
3208.263
3208.477
3208.691
3209.120
3209.334
3209.549
3209.977
3210.191
3210.406
3210.834
3211.049
3211.263
3211.691
3211.906
3212.120
3212.549
3212.763
3212.977
3213.406
3213.620
3213.834
3214.263
3214.477
3214.691
3215.120
3215.334
3215.548
3215.977
3216.191
3216.406
3216.834
3217.048
3217.263
3217.691
3217.906
3218.120
3218.548
3218.763
3218.977
3219.406
3219.620
3219.834
3220.263
3220.477
3220.691
3221.120
3221.334
3221.548
3221.977
3222.191
3222.405
3222.834
3223.048
3223.263
3223.691
3223.905
3224.120
3224.548
3224.763
3224.977
3225.405
3225.620
3225.834
3226.263
3226.477
3226.691
3227.120
3227.334
3227.548
3227.977
3228.191
3228.405
3228.834
3229.048
3229.262
3229.691
3229.905
3230.120
3230.548
3230.762
3230.977
3231.405
3231.834
3232.262
3232.691
3233.120
3233.548
3233.977
3234.405
3234.834
3235.262
3235.691
3236.119
3236.548
3236.977
3237.405
3237.834
3238.262
3238.691
3239.119
3239.548
3239.976
3240.405
3240.834
3241.262
3241.691
3242.119
3242.548
3242.976
3243.405
3243.834
3244.262
3244.691
3245.119
3245.548
3245.976
3246.405
3246.619
3246.833
3247.984
3248.464
3248.944
3249.424
3249.904
3250.384
3250.864
3251.344
3251.824
3252.304
3252.784
3253.264
3253.744
3254.224
3254.704
3255.184
3255.424
3255.664
3256.144
3256.624
3257.104
3257.584
3258.064
3258.544
3259.024
3259.504
3259.984
3260.464
3260.944
3261.424
3261.904
3262.384
3262.864
3263.104
3265.264
3265.648
3265.840
3266.032
3266.224
3266.608
3266.800
3266.992
3267.184
3267.568
3267.760
3267.952
3268.144
3268.528
3268.720
3268.912
3269.104
3269.488
3269.680
3269.872
3270.064
3270.448
3270.640
3270.832
3272.944
3273.424
3273.664
3273.904
3274.384
3274.864
3275.344
3275.584
3275.824
3276.304
3276.784
3277.264
3277.504
3277.744
3278.224
3278.704
3279.184
3279.424
3279.664
3280.144
3280.624
3281.104
3281.344
3281.584
3282.064
3282.544
3283.024
3283.264
3283.504
3283.984
3284.464
3284.944
3285.184
3285.424
3285.904
3286.384
3286.864
3287.104
3287.344
3287.824
3288.304
3288.784
3289.024
3289.264
3289.744
3290.224
3290.704
3290.944
3291.184
3291.664
3292.144
3292.624
3292.864
3293.104
3293.584
3294.064
3294.544
3294.784
3295.024
3295.504
3295.984
3296.464
3296.704
3296.944
3297.424
3297.904
3298.384
3298.624
3298.864
3299.344
3299.824
3300.304
3300.544
3300.784
3301.264
3301.744
3303.664
3304.144
3304.384
3304.624
3305.104
3305.344
3305.584
3306.064
3306.304
3306.544
3307.024
3307.264
3307.504
3307.984
3308.224
3308.464
3308.944
3309.184
3311.344
3311.584
3311.824
3312.064
3312.304
3312.544
3312.784
3313.024
3313.264
3313.504
3313.744
3313.984
3314.224
3314.464
3314.704
3314.944
3315.184
3315.424
3315.664
3315.904
3316.144
3316.384
3316.624
3316.864
3317.104
3317.344
3317.584
3317.824
3318.064
3318.304
3318.544
3318.784
3319.024
3319.264
3319.504
3319.744
3319.984
3320.224
3320.464
3320.704
3320.944
3321.184
3321.424
3321.664
3321.904
3322.144
3322.384
3322.624
3322.864
3323.104
3323.344
3323.584
3323.824
3324.064
3324.304
3324.544
3324.784
3325.024
3325.264
3325.504
3325.744
3325.984
3326.224
3326.464
3326.704
3326.944
3327.184
3327.424
3327.664
3327.904
3328.144
3328.384
3328.624
3328.864
3329.104
3329.344
3329.584
3329.824
3330.064
3330.304
3330.544
3330.784
3331.024
3331.264
3331.504
3331.744
3331.984
3332.224
3332.464
3332.704
3332.944
3333.184
3333.424
3333.664
3333.904
3334.144
3334.384
3334.624
3334.864
3335.104
3335.344
3335.584
3335.824
3336.064
3336.304
3336.544
3336.784
3337.024
3337.264
3337.504
3337.744
3337.984
3338.224
3338.464
3338.704
3338.944
3339.184
3339.424
3339.664
3339.904
3340.144
3340.384
3340.624
3340.864
3341.104
3341.344
3341.584
3341.824
3343.984
3344.464
3344.704
3344.944
3345.184
3345.424
3345.904
3346.384
3346.624
3346.864
3347.104
3347.344
3347.824
3348.304
3348.544
3348.784
3349.024
3349.264
3349.744
3350.224
3350.464
3350.704
3350.944
3351.184
3351.664
3352.144
3352.384
3352.624
3352.864
3353.104
3353.584
3354.064
3354.304
3354.544
3354.784
3355.024
3355.504
3355.984
3356.224
3356.464
3356.704
3356.944
3357.424
3357.904
3358.144
3358.384
3358.624
3358.864
3359.344
3359.824
3360.064
3360.304
3360.544
3360.784
3361.264
3361.744
3361.984
3362.224
3362.464
3362.704
3363.184
3363.664
3363.904
3364.144
3364.384
3364.624
3365.104
3365.584
3365.824
3366.064
3366.304
3366.544
3367.024
3367.504
3367.744
3367.984
3368.224
3368.464
3368.944
3369.424
3369.664
3369.904
3370.144
3370.384
3370.864
3371.344
3371.584
3371.824
3372.064
3372.304
3372.784
3373.264
3373.504
3373.744
3373.984
3374.224
3374.704
3375.184
3375.424
3375.664
3375.904
3376.144
3376.624
3377.104
3377.344
3377.584
3377.824
3378.064
3378.544
3379.024
3379.264
3379.504
3379.744
3379.984
3382.384
3382.864
3383.344
3383.824
3384.304
3384.784
3385.264
3385.744
3386.224
3386.704
3387.184
3387.664
3390.064
3390.304
3390.544
3391.024
3391.264
3391.504
3391.984
3392.224
3392.464
3392.944
3393.184
3393.424
3393.904
3394.144
3394.384
3394.864
3395.104
3395.344
3395.824
3396.064
3396.304
3396.784
3397.024
3397.264
3397.744
3397.984
3398.224
3398.704
3398.944
3399.184
3399.664
3399.904
3400.144
3400.624
3400.864
3401.104
3401.584
3401.824
3402.064
3402.544
3402.784
3403.024
3403.504
3403.744
3403.984
3404.464
3404.704
3404.944
3405.424
3405.664
3405.904
3406.384
3406.624
3406.864
3407.344
3407.584
3407.824
3408.304
3408.544
3408.784
3409.264
3409.504
3409.744
3410.224
3410.464
3410.704
3411.184
3411.424
3411.664
3412.144
3412.384
3412.624
3413.104
3413.344
3413.584
3414.064
3414.304
3414.544
3415.024
3415.264
3415.504
3415.984
3416.224
3416.464
3416.944
3417.184
3417.424
3417.904
3418.144
3418.384
3418.864
3419.104
3419.344
3419.824
3420.064
3420.304
3420.784
3421.264
3421.744
3422.224
3422.704
3423.184
3423.664
3424.144
3424.624
3425.104
3425.584
3426.064
3426.544
3427.024
3427.504
3427.984
3428.464
3428.944
3429.424
3429.904
3430.384
3430.864
3431.344
3431.824
3432.304
3432.784
3433.264
3433.744
3434.224
3434.704
3435.184
3435.664
3436.144
3436.624
3437.104
3437.584
3438.064
3438.544
3439.024
3439.504
3439.984
3440.464
3440.944
3441.424
3441.904
3442.384
3442.864
3443.344
3443.824
3444.304
3444.784
3445.264
3445.744
3446.224
3446.704
3447.184
3447.664
3448.144
3448.624
3449.104
3449.584
3450.064
3450.544
3451.024
3451.504
3451.984
3452.464
3452.944
3453.424
3453.904
3454.384
3454.864
3455.344
3455.824
3456.304
3456.784
3457.264
3457.744
3458.224
3458.704
3459.184
3459.664
3460.144
3460.624
3461.104
3461.584
3462.064
3462.544
3463.024
3463.504
3463.984
3464.464
3464.944
3465.424
3465.904
3466.384
3466.864
3467.344
3467.824
3468.304
3468.784
3469.264
3469.744
3470.224
3470.704
3471.184
3471.664
3472.144
3472.624
3473.104
3473.584
3474.064
3474.544
3475.024
3475.504
3475.984
3476.464
3476.944
3477.424
3477.904
3478.384
3478.864
3479.344
3479.824
3480.304
3480.784
3481.264
3481.744
3482.224
3482.704
3483.184
3483.664
3484.144
3484.624
3485.104
3485.584
3486.064
3486.544
3487.024
3487.504
3487.984
3488.464
3488.944
3489.424
3489.904
3490.384
3490.864
3491.344
3491.824
3492.304
3492.784
3493.264
3493.744
3494.224
3494.704
3495.184
3495.664
3496.144
3496.624
3497.104
3497.584
3498.064
3498.544
3499.024
3499.504
3499.984
3500.464
3500.944
3501.424
3501.904
3502.384
3502.864
3503.344
3503.824
3504.304
3504.784
3505.264
