68.384
68.851
69.318
69.785
70.252
70.720
71.187
71.654
72.121
72.588
73.055
73.522
73.989
74.457
74.924
75.858
76.328
76.797
77.267
77.736
78.206
78.675
79.145
79.614
80.084
80.553
81.023
81.492
81.962
82.431
83.369
84.308
85.246
86.184
87.122
88.060
88.999
89.937
90.875
91.813
92.751
93.690
94.628
95.566
96.504
97.442
98.380
98.848
99.315
99.782
100.249
100.716
101.183
101.650
102.118
102.585
103.052
103.519
103.986
104.453
104.920
105.855
106.324
106.794
107.263
107.733
108.202
108.672
109.141
109.611
110.080
110.550
111.019
111.489
111.958
112.427
113.365
113.834
114.304
115.242
115.711
116.180
117.118
117.587
118.057
118.995
119.464
119.933
120.871
121.340
121.809
122.748
123.217
123.686
124.624
125.093
125.562
126.501
126.970
127.439
128.375
129.312
130.248
131.185
132.121
133.058
133.994
134.931
135.867
136.804
137.740
138.676
139.613
140.549
141.486
142.422
143.359
143.828
144.298
144.767
145.237
145.706
146.176
146.645
147.115
147.584
148.054
148.523
148.993
149.462
149.932
150.866
151.336
151.805
152.275
152.744
153.214
153.683
154.153
154.622
155.092
155.561
156.031
156.500
156.970
157.439
158.376
159.312
160.248
161.184
162.121
163.057
163.993
164.929
165.866
166.802
167.738
168.674
169.610
170.547
171.483
172.419
173.355
173.825
174.294
174.764
175.233
175.703
176.172
176.642
177.112
177.581
178.051
178.520
178.990
179.459
179.929
180.863
181.332
181.802
182.271
182.741
183.210
183.680
184.150
184.619
185.089
185.558
186.028
186.497
186.967
187.436
188.370
188.840
189.309
189.779
190.248
190.718
191.187
191.657
192.127
192.596
193.066
193.535
194.005
194.474
194.944
195.878
196.347
196.817
197.286
197.756
198.225
198.695
199.165
199.634
200.104
200.573
201.043
201.512
201.982
202.451
233.382
233.849
234.316
234.783
235.251
235.718
236.185
236.652
237.119
237.586
238.053
238.520
238.988
239.455
239.922
240.856
241.326
241.795
242.265
242.734
243.204
243.673
244.143
244.612
245.082
245.551
246.021
246.490
246.960
247.429
248.330
248.800
249.269
249.739
250.208
250.678
251.147
251.617
252.086
252.556
253.025
253.495
253.964
254.434
254.904
255.844
256.784
257.724
258.664
259.604
260.544
261.485
262.425
263.365
264.305
265.245
266.185
267.126
268.066
269.006
269.946
270.886
271.353
271.820
272.288
272.755
273.222
273.689
274.156
274.623
275.090
275.557
276.025
276.492
276.959
277.426
278.362
279.298
280.234
281.170
282.106
283.042
283.977
284.913
285.849
286.785
287.721
288.657
289.593
290.529
291.465
292.401
293.337
353.369
353.782
354.196
354.609
355.023
355.436
355.850
356.263
356.677
357.090
357.504
357.917
358.331
358.744
359.158
359.571
359.985
360.398
360.812
361.225
361.639
362.052
362.466
362.879
363.293
363.706
364.120
364.533
364.947
366.582
366.996
367.410
367.617
367.824
368.239
368.653
369.067
369.274
369.481
369.895
370.310
370.724
370.931
371.138
371.552
371.966
372.381
372.588
372.795
373.209
373.623
374.037
374.245
374.452
374.866
375.280
375.694
375.901
376.109
376.523
376.937
377.351
377.558
377.765
378.180
378.594
379.828
380.242
380.656
381.070
381.483
381.897
382.311
382.725
383.138
383.552
383.966
384.380
384.793
385.207
385.621
386.035
386.448
386.862
387.276
387.690
388.103
388.517
388.931
389.345
389.758
390.172
390.586
390.999
391.413
391.827
392.241
392.654
393.068
393.482
393.896
394.309
394.723
395.137
395.551
395.964
396.378
396.792
397.206
397.619
398.033
398.447
398.861
399.274
399.688
400.102
400.516
400.929
401.343
401.757
402.171
402.584
402.998
403.412
403.826
404.239
404.653
419.569
419.984
420.398
420.605
420.812
421.226
421.640
422.054
422.261
422.468
422.883
423.297
423.711
423.918
424.125
424.539
424.953
425.368
425.575
425.782
426.196
426.610
427.024
427.231
427.438
427.853
428.267
428.681
428.888
429.095
429.509
429.923
430.338
430.545
430.752
431.166
431.580
432.815
433.228
433.642
434.056
434.470
434.883
435.297
435.711
436.125
436.538
436.952
437.366
437.780
438.193
438.607
439.021
439.435
439.848
440.262
440.676
441.090
441.503
441.917
442.331
442.745
443.158
443.572
443.986
444.400
444.813
445.227
445.641
446.054
446.468
446.882
447.296
447.709
448.123
448.537
448.951
449.364
449.778
450.192
450.606
451.019
451.433
451.847
452.261
452.674
453.088
453.502
453.916
454.329
454.743
455.157
455.571
455.984
456.398
456.812
457.226
457.639
459.308
460.134
460.959
461.785
462.611
463.437
464.263
465.089
465.914
466.740
467.566
468.392
469.218
470.043
470.869
471.695
472.521
485.768
486.182
486.596
487.011
487.425
487.839
488.254
488.668
489.083
489.497
489.911
490.326
490.740
491.155
491.569
491.983
492.398
492.812
493.227
493.641
494.055
494.470
494.884
495.299
495.713
496.127
496.542
496.956
497.370
497.785
498.199
498.614
512.227
512.641
513.055
513.468
513.882
514.296
514.709
515.123
515.537
515.951
516.364
516.778
517.192
517.605
518.019
518.433
518.846
519.260
519.674
520.087
520.501
520.915
521.329
521.742
522.156
522.570
522.983
523.397
523.811
524.224
524.638
525.052
525.465
525.879
526.293
526.707
527.120
527.534
527.948
528.361
528.775
529.189
529.602
530.016
530.430
530.843
531.257
531.671
532.085
532.498
532.912
533.326
533.739
534.153
534.567
534.980
535.394
535.808
536.221
536.635
537.049
537.463
537.876
538.290
539.120
539.949
540.779
541.609
542.438
543.268
544.097
544.927
545.757
546.586
547.416
548.246
549.075
549.905
550.735
551.564
618.333
619.268
620.202
621.136
622.070
623.005
623.939
624.873
625.807
626.742
627.676
628.610
629.544
630.479
631.413
632.347
633.282
633.751
634.220
634.690
635.159
635.628
636.098
636.567
637.036
637.506
637.975
638.444
638.914
639.383
639.853
640.322
640.791
641.261
641.730
642.199
642.669
643.138
643.607
644.077
644.546
645.015
645.485
645.954
646.424
646.893
647.362
648.297
650.198
651.133
652.067
653.001
653.935
654.870
655.804
656.738
657.673
658.607
659.541
660.475
661.410
662.344
663.278
665.182
665.416
665.651
666.120
666.589
667.058
667.293
667.527
667.996
668.466
668.935
669.169
669.404
669.873
670.342
670.811
671.046
671.280
671.748
672.215
672.683
673.150
673.618
674.086
674.553
675.021
675.488
675.956
676.423
676.891
677.358
677.826
680.177
680.411
680.645
681.112
681.346
681.580
682.048
682.282
682.516
682.984
683.218
683.451
683.919
684.153
684.387
684.855
685.089
685.323
685.791
686.024
686.258
686.726
686.960
687.194
687.662
687.896
688.130
688.597
688.831
689.065
689.533
689.767
690.001
690.469
690.703
690.936
691.404
691.638
691.872
692.340
692.574
692.808
695.177
695.645
696.113
696.581
697.050
697.518
697.986
698.454
698.923
699.391
699.859
700.327
700.796
701.264
701.732
702.200
702.669
703.137
703.605
704.073
704.542
705.010
705.478
705.946
706.415
706.883
707.351
707.819
708.288
708.756
709.224
710.162
711.099
712.037
712.974
713.912
714.849
715.787
716.724
717.662
718.599
719.537
720.474
721.412
722.349
723.287
724.224
725.161
726.099
727.036
727.974
728.911
729.849
730.786
731.724
732.661
733.599
734.536
735.474
736.411
737.349
738.286
740.182
740.417
740.651
741.120
741.589
742.058
742.293
742.527
742.996
743.465
743.934
744.168
744.403
744.872
745.341
745.810
746.044
746.279
746.747
747.216
747.685
747.920
748.154
748.623
749.092
749.561
749.796
750.030
750.499
750.968
751.437
751.671
751.906
752.375
752.844
753.313
753.547
753.782
755.198
755.431
755.665
756.132
756.366
756.600
757.067
757.301
757.534
758.002
758.235
758.469
758.936
759.170
759.404
759.871
760.105
760.338
760.806
761.040
761.273
761.741
761.974
762.208
762.675
762.909
763.143
763.610
763.844
764.077
764.545
764.778
765.012
765.479
765.713
765.947
766.414
766.648
766.881
767.349
767.582
767.816
770.185
770.654
771.124
771.593
772.063
772.532
773.002
773.471
773.941
774.410
774.880
775.349
775.819
776.288
776.758
777.227
777.697
778.166
778.636
779.105
779.575
780.044
780.514
780.983
781.453
781.922
782.392
782.861
783.331
783.800
784.270
785.201
786.132
787.064
787.995
788.927
789.858
790.789
791.721
792.652
793.584
794.515
795.446
796.378
797.309
798.241
799.172
848.113
848.581
849.049
849.517
849.985
850.452
850.920
851.388
851.856
852.324
852.792
853.259
853.727
854.195
854.663
855.131
855.599
856.067
856.534
857.002
857.470
857.938
858.406
858.874
863.111
863.345
864.984
865.218
866.857
867.091
868.729
868.963
870.602
870.836
872.475
872.709
874.347
874.581
876.220
876.454
878.093
878.561
879.030
879.498
879.966
880.435
880.903
881.371
881.840
882.308
882.776
883.245
883.713
884.182
884.650
885.118
885.587
886.055
886.523
886.992
887.460
887.929
888.397
888.865
889.334
889.802
890.270
890.739
893.108
894.042
894.976
895.911
896.845
897.779
898.713
899.648
900.582
901.516
902.450
903.385
904.319
905.253
906.187
907.122
908.056
908.526
908.997
909.467
909.937
910.407
910.877
911.348
911.818
912.288
912.758
913.229
913.699
914.169
914.639
915.110
915.580
916.050
916.520
916.991
917.461
917.931
918.401
918.871
919.342
919.812
920.282
920.752
921.223
921.693
922.163
922.633
923.104
923.574
924.044
924.514
924.985
925.455
925.925
926.395
926.866
927.336
927.806
928.276
930.614
930.731
930.848
931.081
931.549
932.016
932.483
932.599
932.716
932.950
933.417
933.884
934.351
934.468
934.584
934.818
935.285
935.752
936.219
936.336
936.452
936.686
937.153
937.620
938.087
938.204
938.321
938.554
939.021
939.488
939.955
940.072
940.189
940.422
940.889
941.356
941.823
941.940
942.057
942.290
942.758
943.225
943.692
944.626
945.560
946.076
946.310
947.014
947.249
947.953
948.187
948.891
949.126
949.830
950.064
950.768
951.003
951.707
951.941
952.645
952.880
953.584
953.818
954.522
954.757
955.461
955.695
956.399
956.634
957.338
957.572
958.723
959.649
960.575
961.058
961.175
961.292
961.527
961.996
962.465
962.934
963.051
963.168
963.403
963.872
964.341
964.810
964.927
965.045
965.279
965.748
966.217
966.686
966.803
966.921
967.155
967.624
968.093
968.562
968.680
968.797
969.031
969.500
969.969
970.438
970.556
970.673
970.907
971.376
971.845
972.315
972.432
972.549
972.784
973.253
973.722
974.639
975.557
976.026
976.496
976.965
977.435
977.904
978.374
978.843
979.313
979.782
980.252
980.721
981.191
981.661
982.130
982.600
983.069
983.539
984.008
984.478
984.947
985.417
985.886
986.356
986.825
987.295
987.764
988.234
988.703
989.641
990.579
991.517
992.455
993.393
994.331
995.269
996.207
997.145
998.083
999.021
999.959
1000.897
1001.835
1002.773
1003.711
1004.649
1005.587
1005.821
1006.056
1006.291
1006.525
1006.995
1007.464
1007.699
1007.933
1008.168
1008.403
1008.872
1009.341
1009.576
1009.810
1010.045
1010.280
1010.749
1011.218
1011.453
1011.688
1011.922
1012.157
1012.626
1013.095
1013.330
1013.565
1013.799
1014.034
1014.503
1014.973
1015.207
1015.442
1015.676
1015.911
1016.380
1016.850
1017.084
1017.319
1017.554
1017.788
1018.258
1018.727
1018.961
1019.196
1019.431
1019.665
1020.135
1021.069
1021.304
1022.009
1022.244
1022.949
1023.184
1023.889
1024.124
1024.829
1025.064
1025.769
1026.005
1026.710
1026.945
1027.650
1027.885
1028.590
1028.825
1029.530
1029.765
1030.470
1030.705
1031.410
1031.645
1032.350
1032.585
1033.290
1033.525
1035.587
1035.821
1036.055
1036.523
1036.757
1036.991
1037.460
1037.694
1037.928
1038.396
1038.630
1038.864
1039.333
1039.567
1039.801
1040.269
1040.503
1040.737
1041.206
1041.440
1041.674
1042.142
1042.376
1042.610
1043.079
1043.313
1043.547
1044.015
1044.249
1044.483
1044.952
1045.186
1045.420
1045.888
1046.122
1046.356
1046.825
1047.059
1047.293
1047.761
1047.995
1048.229
1049.175
1050.120
1051.066
1051.534
1052.002
1052.237
1052.471
1052.939
1053.408
1053.876
1054.110
1054.344
1054.813
1055.281
1055.750
1055.984
1056.218
1056.687
1057.155
1057.623
1057.858
1058.092
1058.560
1059.029
1059.497
1059.731
1059.965
1060.434
1060.902
1061.371
1061.605
1061.839
1062.308
1062.776
1063.244
1064.189
1065.133
1066.078
1066.195
1066.311
1066.544
1067.011
1067.477
1067.944
1068.061
1068.177
1068.410
1068.877
1069.343
1069.810
1069.927
1070.043
1070.276
1070.743
1071.209
1071.444
1071.678
1071.913
1072.147
1072.382
1072.616
1072.850
1073.085
1073.319
1073.554
1073.788
1074.023
1074.257
1074.491
1074.726
1074.960
1075.195
1075.429
1075.664
1075.898
1076.132
1076.367
1076.601
1076.836
1077.070
1077.304
1077.539
1077.773
1078.008
1078.242
1078.706
1079.650
1080.593
1080.828
1081.063
1081.297
1081.532
1082.002
1082.471
1082.706
1082.940
1083.175
1083.410
1083.879
1084.349
1084.584
1084.818
1085.053
1085.288
1085.757
1086.227
1086.461
1086.696
1086.931
1087.166
1087.635
1088.104
1088.339
1088.574
1088.809
1089.043
1089.513
1089.982
1090.217
1090.452
1090.686
1090.921
1091.391
1091.860
1092.095
1092.329
1092.564
1092.799
1093.268
1093.738
1094.668
1095.599
1095.833
1096.067
1096.300
1096.534
1096.768
1097.002
1097.469
1097.703
1097.937
1098.170
1098.404
1098.638
1098.872
1099.339
1099.573
1099.807
1100.041
1100.274
1100.508
1100.742
1101.209
1101.443
1101.677
1101.911
1102.144
1102.378
1102.612
1103.079
1103.313
1103.547
1103.781
1104.015
1104.248
1104.482
1104.950
1105.183
1105.417
1105.651
1105.885
1106.118
1106.352
1106.820
1107.053
1107.287
1107.521
1107.755
1107.989
1108.222
1108.690
1108.929
1109.647
1109.886
1110.604
1110.721
1110.838
1110.955
1111.072
1111.189
1111.306
1111.422
1111.539
1111.656
1111.773
1111.890
1112.007
1112.124
1112.240
1112.357
1112.474
1112.591
1112.708
1112.825
1112.942
1113.058
1113.175
1113.292
1113.409
1113.526
1113.643
1113.760
1113.876
1113.993
1114.110
1114.227
1114.344
1114.461
1114.578
1114.694
1114.811
1114.928
1115.045
1115.162
1115.279
1115.396
1115.512
1115.629
1115.746
1115.863
1115.980
1116.097
1116.214
1116.331
1116.447
1116.564
1116.681
1116.798
1116.915
1117.032
1117.149
1117.265
1117.382
1117.499
1117.616
1117.733
1117.850
1117.967
1118.083
1118.200
1118.317
1118.434
1118.551
1118.668
1118.785
1118.901
1119.018
1119.135
1119.252
1119.369
1119.486
1119.603
1119.719
1119.836
1119.953
1120.070
1120.187
1120.304
1120.421
1120.537
1120.654
1120.771
1120.888
1121.005
1121.122
1121.239
1121.355
1121.472
1121.589
1121.706
1121.823
1121.940
1122.057
1122.173
1122.290
1122.407
1122.524
1122.641
1122.758
1122.875
1122.992
1123.108
1123.225
