42.877
43.815
44.752
45.690
46.627
47.565
48.503
49.440
50.378
50.847
51.315
52.253
52.722
53.190
54.128
54.597
55.066
56.003
56.472
56.941
57.878
58.347
58.816
59.285
59.753
60.222
60.691
61.160
61.629
62.097
62.566
63.035
63.504
63.973
64.441
64.910
65.379
65.848
66.316
66.785
67.254
67.723
68.192
68.660
69.129
69.598
70.067
70.536
71.004
71.473
71.942
72.411
72.879
73.348
73.583
73.817
74.286
74.755
75.223
75.458
75.692
76.161
76.630
77.099
77.333
77.567
78.036
78.505
78.974
79.208
79.442
79.911
80.380
80.849
81.083
81.318
81.786
82.255
82.724
82.958
83.193
83.662
84.130
84.365
84.599
84.833
85.068
85.302
85.537
85.771
86.005
86.123
86.240
86.357
86.474
86.591
86.709
86.826
86.943
87.060
87.177
87.295
87.412
87.529
87.646
87.763
88.818
89.756
90.693
91.162
91.396
91.631
92.568
93.506
94.444
94.912
95.147
95.381
96.319
97.256
98.194
98.663
98.897
99.131
100.069
101.007
101.944
102.413
102.882
103.350
103.819
104.054
104.288
104.522
104.757
105.226
105.694
105.929
106.163
106.632
107.101
107.570
107.804
108.038
108.273
108.507
108.976
109.445
109.913
110.382
110.851
111.320
111.554
111.789
112.023
112.257
112.726
113.195
113.429
113.664
114.133
114.601
115.070
115.305
115.539
115.773
116.008
116.476
116.945
117.180
117.414
117.648
117.883
118.117
118.352
118.586
118.820
118.938
119.055
119.289
119.524
119.641
119.758
119.992
120.227
120.461
120.578
120.696
120.930
121.164
121.399
121.633
121.868
122.102
122.336
122.571
122.688
122.805
123.039
123.274
123.391
123.508
123.743
123.977
124.211
124.329
124.446
124.680
124.915
125.149
125.383
125.618
125.852
126.087
126.321
126.438
126.555
126.790
127.024
127.141
127.259
127.493
127.727
127.962
128.079
128.196
128.431
128.665
128.899
129.134
129.368
129.602
129.837
130.071
130.188
130.306
130.540
130.774
130.892
131.009
131.243
131.478
131.712
131.829
131.946
132.415
132.884
133.118
133.353
133.822
134.290
134.759
134.994
135.228
135.697
136.165
136.634
136.869
137.103
137.572
138.041
138.509
138.744
138.978
139.447
139.681
139.916
140.033
140.385
140.619
140.853
140.971
141.322
141.556
141.791
141.908
142.260
142.494
142.728
142.846
143.197
143.432
143.666
143.783
144.135
144.369
144.604
144.721
145.072
145.307
145.541
145.776
146.010
146.244
146.479
146.713
146.948
147.065
147.182
147.299
147.416
147.885
148.354
148.588
148.823
149.291
149.760
149.995
150.229
150.698
150.932
151.167
151.635
152.104
152.339
152.573
153.042
153.511
153.745
153.979
154.448
154.682
154.917
155.386
155.854
156.089
156.323
156.558
156.792
157.261
157.730
157.964
158.198
158.433
158.667
159.136
159.605
159.839
160.074
160.308
160.542
161.011
161.245
161.480
161.714
161.949
162.183
162.417
162.652
162.886
163.355
163.824
164.293
164.761
164.996
165.230
165.699
165.933
166.168
166.637
167.105
167.574
168.043
168.512
168.746
168.980
169.449
169.684
169.918
170.387
170.856
171.324
171.793
172.262
172.496
172.731
173.199
173.434
173.668
174.137
174.606
175.075
175.543
176.012
176.247
176.481
176.715
176.950
177.184
177.419
177.653
177.887
178.122
178.356
178.473
178.825
179.059
179.294
179.411
179.762
179.997
180.231
180.700
180.934
181.169
181.638
181.872
182.106
182.575
182.810
183.044
183.513
183.747
183.982
184.450
184.685
184.919
185.388
185.622
185.857
186.325
186.560
186.794
187.263
187.497
187.732
188.201
188.435
188.669
189.138
189.373
189.607
190.076
190.310
190.545
191.013
191.482
191.951
192.420
192.888
193.357
193.592
193.826
194.060
194.295
194.764
194.998
195.232
195.701
195.936
196.170
196.639
197.108
197.342
197.576
197.811
198.045
198.514
198.748
198.983
199.451
199.686
199.920
200.389
200.858
201.092
201.327
201.561
201.795
202.264
202.499
202.733
203.202
203.436
203.671
204.139
204.608
204.843
205.077
205.311
205.546
206.014
206.249
206.483
206.952
207.186
207.421
207.890
208.358
208.827
209.296
209.765
210.702
211.640
212.577
213.046
213.163
213.281
213.515
214.453
214.921
215.039
215.156
215.390
216.328
216.797
216.914
217.031
217.265
218.203
218.672
218.789
218.906
219.140
220.078
220.547
220.664
220.781
221.016
221.953
222.422
222.539
222.656
222.891
223.828
224.297
224.414
224.531
224.766
225.703
226.172
226.289
226.407
226.641
227.110
227.579
228.047
228.516
228.985
229.454
229.922
230.391
230.860
231.329
231.798
232.266
232.735
233.204
233.438
233.673
234.141
234.610
235.079
235.548
236.016
236.485
236.954
237.188
237.423
237.892
238.360
238.829
239.298
239.767
240.235
240.704
240.939
241.173
241.642
242.111
242.345
242.579
243.048
243.517
243.986
244.220
244.454
244.923
245.392
245.861
246.095
246.329
246.798
247.267
247.736
247.970
248.205
248.673
249.142
249.611
249.845
250.080
250.548
251.017
251.486
251.720
251.955
252.424
252.892
253.361
253.595
253.830
254.299
254.767
255.236
255.471
255.705
256.174
256.642
256.877
257.111
257.580
257.814
258.049
258.518
258.752
258.986
259.455
259.689
259.924
260.393
260.627
260.861
261.330
261.565
261.799
262.268
262.502
262.737
263.205
263.440
263.674
264.143
264.377
264.612
264.846
265.080
265.315
265.549
265.784
266.018
266.252
266.487
266.721
266.955
267.190
267.424
267.659
267.893
268.010
268.127
268.245
268.362
268.479
268.596
268.713
268.831
268.948
269.065
269.182
269.299
269.417
269.534
269.651
269.768
269.885
270.002
270.237
270.471
270.588
270.706
270.940
271.174
271.409
271.526
271.643
271.878
272.112
272.346
272.581
272.815
273.050
273.167
273.284
273.401
273.518
273.753
273.987
274.221
274.456
274.690
274.925
275.042
275.159
275.276
275.393
275.628
275.862
276.097
276.331
276.565
276.800
276.917
277.034
277.151
277.268
277.503
277.737
277.972
278.206
278.440
278.675
278.792
278.909
279.026
279.144
279.378
279.612
279.847
280.081
280.315
280.550
280.667
280.784
280.901
281.019
281.253
281.487
281.722
281.956
282.191
282.425
282.542
282.659
282.777
282.894
283.128
283.363
283.597
283.831
284.066
284.300
284.417
284.534
284.652
284.769
285.003
285.238
285.472
285.706
285.941
286.175
286.410
286.644
286.878
287.113
287.230
287.581
287.816
288.050
288.167
288.519
288.753
288.988
289.105
289.457
289.691
289.925
290.043
290.394
290.628
290.863
290.980
291.332
291.566
291.800
291.918
292.269
292.504
292.738
292.855
293.207
293.441
293.676
293.793
294.144
294.613
294.847
295.082
295.316
295.551
296.019
296.488
296.723
296.957
297.191
297.426
297.894
298.363
298.598
298.832
299.066
299.301
299.770
300.004
300.238
300.473
300.707
300.941
301.176
301.410
303.520
303.754
303.989
304.223
304.457
304.692
304.926
305.395
305.629
305.864
306.332
306.567
306.801
307.270
307.504
307.739
307.973
308.207
308.442
308.676
309.145
309.379
309.614
310.083
310.317
310.551
311.020
311.254
311.489
311.723
311.958
312.192
312.426
312.895
313.130
313.364
313.598
313.833
314.067
314.302
314.770
315.005
315.239
315.473
315.708
315.942
316.177
316.411
316.645
316.880
317.114
317.349
317.583
317.817
318.052
318.286
318.520
318.638
318.755
318.989
319.224
319.341
319.458
319.692
319.927
320.161
320.278
320.396
320.630
320.864
321.099
321.333
321.567
321.802
322.036
322.271
322.388
322.505
322.739
322.974
323.091
323.208
323.443
323.677
323.911
324.029
324.146
324.380
324.615
324.849
325.083
325.318
325.552
325.786
326.021
326.138
326.255
326.490
326.724
326.841
326.958
327.193
327.427
327.662
327.779
327.896
328.130
328.365
328.599
328.833
329.068
329.302
329.537
329.771
330.005
330.240
330.474
330.709
331.177
331.646
331.880
332.115
332.349
332.584
332.818
333.052
333.287
333.521
333.756
333.990
334.224
334.459
334.927
335.396
335.631
335.865
336.099
336.334
336.568
336.803
337.037
337.271
337.506
337.740
337.975
338.209
338.678
339.146
339.381
339.615
339.850
340.084
340.318
340.553
340.787
341.022
341.139
341.256
341.373
341.490
341.608
341.725
341.842
341.959
342.076
342.193
342.311
342.428
342.545
342.662
342.779
342.897
343.014
343.131
343.248
343.365
343.483
343.600
343.717
343.834
343.951
344.069
344.186
344.303
344.420
344.537
344.655
344.772
344.889
345.006
345.123
345.240
345.358
345.475
345.592
345.709
345.826
345.944
346.061
346.178
346.295
346.412
346.530
349.928
350.397
350.866
351.803
352.272
352.741
353.678
354.147
354.616
355.553
356.022
356.257
356.491
357.429
357.897
358.366
359.304
359.772
360.241
361.179
361.648
361.882
362.116
363.054
363.991
364.929
365.866
366.804
367.273
367.507
367.742
368.679
369.617
370.554
371.492
372.429
372.898
373.132
373.367
374.304
376.179
407.442
407.911
408.379
408.848
409.317
409.786
410.254
410.723
411.192
411.661
412.129
412.598
413.067
413.536
414.004
414.473
414.942
415.411
415.879
416.348
416.817
417.286
417.754
418.223
418.692
419.161
419.629
420.098
420.567
421.036
421.504
421.973
422.442
422.911
423.145
423.379
424.317
424.786
425.254
425.723
426.192
426.661
426.895
427.129
428.067
428.536
429.004
429.473
429.942
430.411
430.645
430.879
431.817
432.286
432.754
433.223
433.692
434.160
434.395
434.629
435.567
436.035
436.504
436.973
437.442
437.910
438.145
438.379
438.848
439.317
439.785
440.020
440.254
440.723
441.192
441.660
441.895
442.129
442.598
443.067
443.535
443.770
444.004
444.473
444.942
445.410
445.879
446.817
447.285
447.754
448.692
449.160
449.629
450.567
451.504
452.442
453.379
454.317
455.254
456.192
457.129
458.067
459.004
459.942
460.879
461.817
463.692
465.567
467.442
468.379
469.317
470.254
471.192
472.129
473.067
474.004
474.942
475.879
482.441
482.910
483.379
483.848
484.316
484.785
485.254
485.723
486.191
486.660
487.129
487.598
488.066
488.535
489.004
489.238
489.473
489.941
490.410
490.879
491.348
491.816
492.285
492.754
493.223
493.691
494.160
494.629
494.863
495.098
495.566
496.035
496.504
496.973
497.441
497.676
497.910
498.379
498.848
499.316
499.551
499.785
500.254
500.723
501.191
501.426
501.660
502.129
502.598
503.066
503.301
503.535
504.004
504.473
504.941
505.176
505.410
505.879
506.348
506.816
507.051
507.285
507.754
508.223
508.691
508.926
509.160
509.277
509.629
509.863
510.098
510.215
510.566
510.801
511.035
511.269
511.504
511.738
511.973
512.090
512.207
512.324
512.441
512.910
513.144
513.379
513.848
514.316
514.551
514.785
514.902
515.254
515.488
515.723
515.840
516.191
516.660
516.894
517.129
517.598
518.066
518.301
518.535
518.652
519.004
519.238
519.473
519.590
519.941
520.410
520.644
520.879
521.347
521.816
522.051
522.285
522.402
522.754
522.988
523.222
523.340
523.691
524.160
524.394
524.629
525.097
525.566
526.035
526.504
526.972
527.441
527.910
528.379
528.613
528.847
529.316
529.785
530.254
530.488
530.722
531.191
531.660
532.129
532.363
532.597
533.066
533.535
534.004
534.238
534.472
534.941
535.410
535.879
536.113
536.347
536.816
537.285
537.754
537.988
538.222
538.691
539.160
539.629
539.863
540.097
540.566
541.035
541.504
541.972
542.441
542.675
543.379
543.613
543.853
544.316
544.785
545.254
545.722
546.191
546.425
547.129
547.363
548.066
548.535
549.004
549.472
549.941
550.175
550.879
551.113
551.816
552.285
552.754
553.222
553.639
553.847
554.629
554.863
555.566
556.035
556.504
556.972
557.441
557.675
558.144
558.613
558.847
559.316
559.550
560.019
560.488
560.722
561.191
561.425
561.894
562.363
562.597
563.066
563.535
564.003
564.472
564.941
565.175
565.644
566.113
566.347
566.816
567.050
567.519
567.988
568.222
568.691
568.925
569.394
569.863
570.097
570.566
571.035
571.503
571.972
572.441
573.378
574.316
576.191
578.066
579.941
581.816
583.691
584.628
585.566
586.035
586.503
586.972
587.441
587.675
587.910
588.378
588.847
589.316
589.550
589.785
590.253
590.722
591.191
591.660
592.128
592.597
593.066
593.300
593.535
594.003
594.472
594.941
595.175
595.410
595.878
596.347
596.816
597.285
597.753
598.222
598.691
598.925
599.160
599.628
600.097
600.566
600.800
601.035
601.503
601.972
602.441
602.910
603.378
603.847
604.316
604.550
604.785
605.253
605.722
606.191
606.425
606.659
607.128
607.597
608.066
608.534
609.003
609.472
609.941
610.409
610.644
610.878
611.113
611.347
611.816
612.284
612.753
613.222
613.691
614.159
614.394
614.628
614.863
615.097
615.566
616.034
616.503
616.972
617.441
617.909
618.144
618.378
618.613
618.847
619.316
619.784
620.253
620.722
621.191
621.659
621.894
622.128
622.363
622.597
623.066
623.534
624.003
624.472
624.941
625.878
626.816
627.753
628.691
629.159
629.628
630.097
630.566
630.800
631.034
631.269
631.503
631.737
631.972
632.089
632.206
632.323
632.441
632.909
633.144
633.378
633.847
634.316
634.784
635.019
635.253
635.722
636.191
636.659
636.894
637.128
637.597
638.066
638.534
638.769
639.003
639.472
639.941
640.409
640.644
640.878
641.112
641.347
641.816
642.050
642.284
642.753
642.987
643.222
643.691
644.159
644.628
645.097
645.566
646.034
646.269
646.503
646.737
646.972
647.441
647.675
647.909
648.378
648.612
648.847
649.316
649.784
650.253
650.722
651.190
651.659
651.894
652.128
652.362
652.597
653.065
653.300
653.534
654.003
654.237
654.472
654.940
655.409
655.878
656.347
656.815
657.284
657.519
657.753
657.987
658.222
658.690
658.925
659.159
659.628
659.862
660.097
660.565
661.034
661.503
661.972
662.440
662.909
663.378
663.612
663.847
664.315
664.784
665.253
665.487
665.722
666.190
666.659
667.128
667.362
667.597
668.065
668.534
669.003
669.472
669.940
670.409
670.878
671.112
671.347
671.815
672.284
672.753
672.987
673.222
673.690
674.159
674.628
674.862
675.097
675.565
676.034
676.503
676.972
677.440
677.675
677.909
678.378
678.612
678.847
679.315
679.550
679.784
680.253
680.487
680.722
681.190
681.425
681.659
682.128
682.362
682.597
683.065
683.534
684.003
684.472
684.940
685.409
685.643
685.878
686.112
686.347
686.815
687.284
687.518
687.753
687.987
688.222
688.690
688.925
689.159
689.393
689.628
689.862
690.097
690.331
690.565
690.682
690.800
691.034
691.268
691.386
691.503
691.737
691.972
692.206
692.323
692.440
692.909
693.378
693.846
694.315
694.784
695.018
695.253
695.487
695.721
696.190
696.659
697.128
697.596
698.065
698.534
698.768
699.003
699.237
699.471
699.940
700.409
700.878
701.346
701.815
702.284
702.518
702.753
702.987
703.221
703.690
704.159
704.628
705.096
705.565
706.034
706.268
706.503
706.737
706.971
707.440
707.909
708.378
708.846
709.315
709.784
710.018
710.253
710.487
710.721
711.190
711.659
712.128
712.596
713.065
713.534
713.768
714.003
714.237
714.471
714.940
715.409
715.878
716.346
716.815
717.284
717.518
717.753
717.987
718.221
718.690
719.159
719.628
720.096
720.565
721.503
722.440
722.909
723.143
723.378
724.315
724.549
724.784
724.901
725.253
725.487
725.721
725.839
726.190
726.659
726.893
727.128
728.065
728.299
728.534
728.651
729.003
729.237
729.471
729.588
729.940
730.409
730.643
730.878
731.815
732.049
732.284
732.401
732.753
732.987
733.221
733.338
733.690
734.159
734.393
734.628
735.565
736.034
736.503
736.971
737.440
738.377
738.846
738.963
739.081
739.315
740.252
741.190
742.127
742.596
742.713
742.831
743.065
744.002
744.940
745.877
746.346
746.463
746.581
746.815
747.752
748.690
750.565
752.440
774.451
777.210
779.968
782.726
783.416
784.106
784.795
785.485
786.174
786.864
787.554
788.243
788.933
789.622
790.312
791.001
792.381
792.553
792.898
793.243
793.415
793.760
794.105
794.449
794.794
795.139
795.484
795.829
796.173
796.346
796.518
796.863
797.208
797.553
797.897
798.242
798.587
798.932
799.104
799.277
799.621
799.966
800.311
800.656
801.001
801.345
801.690
801.863
802.035
802.380
802.725
803.069
803.242
803.587
803.931
804.104
804.449
804.621
804.793
805.138
805.483
805.828
806.173
806.517
806.862
807.207
807.379
807.552
807.897
808.241
808.586
808.931
809.276
809.621
809.965
810.138
810.310
810.655
811.000
811.345
811.689
812.034
812.379
812.724
812.896
813.069
813.413
813.758
814.103
814.275
814.620
814.965
815.137
815.482
815.827
815.999
816.172
816.517
816.861
817.551
818.241
818.930
820.309
820.482
820.654
820.826
820.999
821.171
821.344
821.430
821.516
821.602
821.688
821.861
822.033
822.206
822.378
822.550
822.723
822.895
823.068
823.412
823.757
824.102
824.447
824.619
824.792
824.964
825.136
825.309
825.481
825.567
825.654
825.740
825.826
826.171
826.516
826.860
827.205
827.464
827.722
827.981
828.240
828.412
828.584
828.843
829.102
829.360
829.619
829.791
829.964
830.222
830.481
830.739
830.998
831.170
831.343
831.601
831.860
832.119
832.377
832.550
832.722
832.894
833.067
833.239
833.412
833.584
833.756
833.929
834.101
834.274
834.446
834.618
834.791
834.963
835.136
835.308
835.480
835.567
835.653
835.739
835.825
835.911
835.998
836.084
836.170
836.256
836.342
836.429
836.515
836.601
836.687
836.773
836.860
836.946
837.032
837.118
837.204
837.291
837.377
837.463
837.549
837.635
837.722
837.808
837.894
837.980
838.066
838.153
838.239
838.325
838.411
838.584
838.670
838.756
838.928
839.015
839.101
839.273
839.359
839.446
839.618
839.704
839.790
839.963
840.049
840.135
840.308
840.394
840.480
840.652
840.739
840.825
840.997
841.083
841.170
841.342
841.428
841.514
841.687
841.773
841.859
842.032
842.118
842.204
842.376
842.463
842.549
842.721
842.807
842.894
843.066
843.152
843.238
843.411
843.583
843.756
843.928
844.100
844.273
844.445
844.618
844.790
844.962
845.135
845.307
845.480
845.652
845.824
845.997
846.169
846.255
846.342
846.428
846.514
846.600
846.686
846.773
846.859
846.945
847.031
847.117
847.203
847.290
847.376
847.462
847.548
847.893
848.238
848.583
848.927
849.100
849.272
849.617
849.962
850.307
850.651
850.996
851.341
851.686
851.858
852.031
852.375
852.720
853.065
853.410
853.755
854.099
854.444
854.617
854.789
855.134
855.479
855.823
856.168
856.513
856.858
857.203
857.375
857.547
857.892
858.065
858.237
858.582
858.754
858.927
859.271
859.616
859.961
860.306
860.651
860.995
861.340
861.685
862.030
862.375
862.719
862.892
863.064
863.409
863.581
863.754
864.099
864.271
864.443
864.788
864.961
865.133
865.478
865.823
866.167
866.512
866.857
867.029
867.202
867.547
867.719
867.891
868.236
868.409
868.581
868.926
869.098
869.271
869.615
869.788
869.960
870.133
870.305
870.477
870.650
870.822
870.995
871.339
871.684
871.857
872.029
872.374
872.719
873.063
873.408
873.753
874.098
874.443
874.615
874.787
875.132
875.477
875.822
876.166
876.511
876.856
877.201
877.373
877.546
877.890
878.235
878.580
878.925
879.270
879.614
879.959
880.132
880.304
882.028
882.200
882.373
882.545
882.718
882.890
883.062
883.235
883.407
883.580
883.752
883.924
884.097
884.269
884.442
884.614
884.786
884.959
885.131
885.304
885.476
885.648
885.821
885.993
886.166
886.338
886.510
886.683
886.855
887.028
887.200
887.372
887.545
887.631
887.717
887.803
887.890
887.976
888.062
888.148
888.234
888.321
888.407
888.493
888.579
888.665
888.752
888.838
888.924
889.010
889.096
889.183
889.269
889.355
889.441
889.527
889.614
889.700
889.786
889.872
889.958
890.045
890.131
890.217
890.303
890.389
890.476
890.562
890.648
890.734
890.820
890.907
890.993
891.079
891.165
891.251
891.338
891.424
891.510
891.596
891.682
891.769
891.855
892.027
892.200
892.286
892.372
892.544
892.717
892.889
892.975
893.062
893.234
893.406
893.579
893.751
893.924
894.096
894.441
894.613
894.786
894.958
895.130
895.303
895.475
895.820
896.165
896.510
896.854
897.199
897.372
897.544
897.889
898.061
898.234
898.578
898.751
898.923
899.096
899.268
899.440
899.613
899.958
900.130
900.302
900.475
900.647
900.820
900.992
901.337
901.509
901.682
902.026
902.199
902.371
902.716
902.888
903.061
903.406
903.578
903.750
904.095
904.268
904.440
904.612
904.785
904.957
905.129
905.302
905.474
905.647
905.819
905.991
906.164
906.336
906.509
906.681
907.198
907.543
907.888
908.233
908.405
908.750
909.095
909.267
909.612
909.957
910.129
910.301
910.646
910.991
911.163
911.336
911.508
911.681
911.853
912.025
912.370
912.715
912.887
913.060
913.405
913.749
913.922
914.094
914.439
914.611
914.784
915.129
915.473
915.818
916.163
916.508
916.853
917.197
917.542
917.887
918.232
918.577
918.921
919.266
919.611
919.956
920.301
920.645
920.990
921.335
921.680
922.025
922.369
922.714
923.059
923.404
923.749
924.093
924.438
924.783
924.955
925.128
925.473
925.645
925.817
926.162
926.507
926.852
927.197
927.541
927.886
928.231
928.576
928.921
929.265
929.610
929.955
930.300
930.645
930.989
931.334
931.679
932.024
932.369
932.713
933.058
933.403
933.748
934.092
934.437
934.782
935.127
935.816
936.161
936.506
937.196
937.540
937.885
938.575
938.920
939.264
939.954
940.299
940.644
941.333
941.678
942.023
942.712
943.402
944.092
945.471
949.608
950.988
951.677
952.367
952.712
953.056
953.401
953.746
954.005
954.263
954.522
954.780
954.953
955.125
955.298
955.470
955.642
955.815
955.987
956.160
956.332
956.504
956.591
956.677
956.763
956.849
956.935
957.022
957.108
957.194
957.280
957.366
957.453
957.539
957.625
957.711
957.797
959.263
959.435
959.608
963.659
963.917
964.176
964.435
964.607
964.779
964.952
965.124
965.469
965.814
966.159
966.503
966.848
967.193
967.538
967.710
967.883
968.227
968.572
968.917
969.262
969.607
969.951
970.296
970.555
970.813
971.072
971.331
971.503
971.675
971.934
972.193
972.451
972.710
972.882
973.055
973.399
973.744
974.089
974.434
974.692
974.951
975.210
975.468
975.641
975.813
976.072
976.330
976.589
976.847
977.020
977.192
977.537
977.882
978.227
978.571
978.744
978.916
979.089
979.261
979.433
979.606
979.778
979.951
980.037
980.123
980.295
980.468
980.554
980.640
980.813
980.985
981.157
981.244
981.330
981.675
982.019
982.364
982.709
982.881
983.054
983.226
983.399
983.571
983.743
983.916
984.088
984.433
984.778
985.123
985.467
985.640
985.812
985.898
986.157
986.329
986.502
986.588
986.847
987.191
987.536
987.881
988.226
988.571
988.743
988.915
989.088
989.260
989.605
989.777
989.950
990.122
990.295
990.467
990.639
990.984
991.329
991.501
991.674
991.846
992.018
992.363
992.536
992.708
992.880
993.053
993.225
993.398
993.742
993.915
994.087
994.260
994.432
994.604
994.777
995.122
995.294
995.466
995.639
995.811
995.984
996.156
996.501
996.846
997.190
997.535
997.880
998.052
998.225
998.397
998.570
998.742
998.914
999.259
999.432
999.604
999.776
999.949
1000.121
1000.294
1000.638
1000.811
1000.983
1001.156
1001.328
1001.500
1001.673
1002.018
1002.362
1002.707
1003.052
1003.397
1003.569
1003.742
1003.914
1004.086
1004.259
1004.431
1004.604
1004.776
1004.948
1005.121
1005.293
1005.466
1005.638
1005.810
1005.983
1006.155
1006.328
1006.500
1006.845
1007.017
1007.190
1007.534
1007.707
1007.879
1007.965
1008.224
1008.396
1008.569
1008.655
1008.914
1009.086
1009.258
1009.431
1009.603
1009.776
1009.948
1010.120
1010.293
1010.465
1010.638
1010.810
1010.982
1011.155
1011.327
1011.500
1011.672
1011.844
1012.017
1012.103
1012.362
1012.534
1012.706
1012.793
1013.051
1013.224
1013.396
1013.741
1013.913
1014.086
1014.430
1014.603
1014.775
1014.948
1015.120
1015.292
1015.465
1015.637
1015.810
1016.154
1016.499
1016.844
1017.189
1017.361
1017.534
1017.706
1017.878
1018.051
1018.223
1018.396
1018.568
1018.913
1019.258
1019.602
1019.947
1020.119
1020.292
1020.464
1020.637
1020.809
1020.981
1021.154
1021.326
1021.671
1022.016
1022.361
1022.705
1023.050
1023.395
1024.085
1024.429
1024.774
1025.464
1025.809
1026.153
1026.843
1027.188
1027.533
1028.222
1028.567
1028.912
1029.601
1029.946
1030.291
1030.981
1031.670
1032.360
1033.049
1033.739
1034.429
1035.118
1035.808
1036.497
1060.514
1061.630
1062.746
1063.862
1064.979
1066.095
1067.211
1068.327
1069.444
1070.002
1070.560
1071.676
1072.234
1072.792
1073.909
1074.467
1075.025
1076.141
1076.699
1077.257
1078.374
1078.932
1079.490
1080.048
1080.606
1080.885
1081.443
1082.001
1082.280
1082.839
1083.397
1083.955
1084.513
1085.071
1085.350
1085.908
1086.466
1086.745
1087.304
1087.862
1088.141
1088.420
1088.699
1088.978
1089.536
1089.815
1090.094
1090.652
1090.931
1091.210
1091.769
1092.327
1092.606
1092.885
1093.443
1094.001
1094.559
1095.117
1095.675
1096.234
1100.699
1101.815
1102.931
1103.489
1104.047
1104.605
1105.164
1105.722
1106.280
1106.838
1107.396
1108.512
1109.629
1110.187
1110.745
1111.303
1111.861
1112.280
1112.698
1113.117
1113.535
1113.814
1114.093
1114.652
1115.210
1115.768
1116.326
1116.745
1117.163
1117.582
1118.000
1118.279
1118.558
1119.117
1119.675
1120.233
1120.791
1121.210
1121.628
1122.047
1122.465
1122.744
1123.023
1123.582
1124.140
1124.698
1125.256
1125.675
1126.093
1126.512
1126.930
1127.209
1127.488
1128.047
1128.605
1129.163
1129.721
1130.140
1130.558
1130.977
1131.395
1131.674
1131.953
1133.070
1134.186
1134.465
1134.744
1135.023
1135.302
1135.581
1135.860
1136.000
1136.139
1136.279
1136.418
1136.697
1136.977
1137.256
1137.535
1137.814
1138.093
1138.232
1138.372
1138.511
1138.651
1139.209
1139.767
1140.325
1140.883
1141.023
1141.162
1141.442
1141.581
1141.721
1142.000
1142.139
1142.279
1142.558
1142.697
1142.837
1143.116
1143.395
1143.674
1143.953
1144.232
1144.511
1144.790
1145.348
1145.488
1145.627
1145.907
1146.046
1146.186
1146.465
1146.604
1146.744
1147.023
1147.162
1147.302
1147.581
1147.860
1148.139
1148.418
1148.697
1148.976
1149.255
1149.813
1149.953
1150.092
1150.372
1150.511
1150.651
1150.930
1151.069
1151.209
1151.488
1151.627
1151.767
1152.046
1152.325
1152.604
1152.883
1153.162
1153.441
1153.720
1154.278
1154.557
1154.836
1155.116
1155.395
1155.674
1155.953
1156.232
1156.511
1157.069
1157.627
1158.185
1158.743
1158.883
1159.022
1159.301
1159.581
1159.720
1159.860
1160.139
1160.418
1160.697
1160.836
1160.976
1161.255
1161.534
1162.092
1162.371
1162.650
1163.208
1163.487
1163.766
1164.325
1164.604
1164.883
1165.441
1165.999
1166.557
1166.836
1167.115
1167.673
1168.231
1168.790
1169.069
1169.348
1169.906
1170.185
1170.464
1171.022
1171.301
1171.580
1172.138
1172.417
1172.696
1173.255
1173.534
1173.813
1174.371
1174.929
1175.487
1175.766
1176.045
1176.603
1176.882
1177.161
1177.440
1177.720
1177.999
1178.278
1178.557
1178.836
1179.394
1179.952
1180.510
1181.068
1181.626
1182.185
1182.743
1183.301
1184.417
1185.533
1186.650
1187.208
1187.347
1187.487
1187.766
1188.324
1188.882
1189.440
1189.998
1190.277
1190.556
1191.115
1191.673
1192.231
1192.789
1193.347
1193.905
1194.463
1194.742
1195.021
1195.580
1196.138
1196.696
1196.975
1197.533
1198.091
1198.370
1198.928
1199.486
1200.044
1200.603
1201.161
1201.440
1201.998
1202.556
1202.835
1203.393
1203.951
1204.509
1205.068
1205.626
1205.905
1206.463
1207.021
1207.300
1207.858
1208.416
1208.974
1209.533
1210.091
1210.370
1210.928
1211.486
1211.765
1214.556
1215.672
1216.788
1217.904
1219.021
1220.137
1221.253
1222.369
1223.486
1223.765
1224.044
1224.602
1225.160
1225.718
1226.276
1226.834
1227.393
1227.951
1228.230
1228.509
1229.067
1229.625
1230.183
1230.741
1231.299
1231.858
1232.416
1232.974
1233.532
1234.648
1235.206
1235.764
1236.881
1237.439
1237.997
1239.113
1239.671
1240.229
1240.787
1241.346
1241.625
1241.904
1242.183
1242.462
1242.741
1243.020
1243.299
1243.578
1243.857
1244.136
1244.415
1244.694
1244.973
1245.252
1245.532
1245.811
1245.950
1246.090
1246.229
1246.369
1246.508
1246.648
1246.787
1246.927
1247.066
1247.206
1247.345
1247.485
1247.625
1247.764
1247.904
1248.043
1248.183
1248.322
1248.601
1248.880
1249.020
1249.159
1249.438
1249.717
1249.997
1250.136
1250.276
1250.555
1250.834
1251.113
1251.392
1251.671
1251.950
1252.229
1252.508
1252.787
1253.066
1253.206
1253.624
1253.903
1254.182
1254.322
1254.741
1255.020
1255.299
1255.578
1255.857
1256.136
1256.415
1256.694
1256.973
1257.252
1257.531
1257.671
1258.089
1258.368
1258.647
1258.787
1258.927
1259.066
1259.206
1259.764
1260.043
1260.322
1260.601
1260.880
1261.438
1261.996
1262.275
1262.554
1262.833
1263.112
1263.671
1264.229
1264.508
1264.787
1265.066
1265.345
1265.903
1266.461
1267.019
1267.577
1268.136
1268.694
1268.973
1269.252
1269.531
1269.810
1270.368
1270.926
1271.205
1271.484
1271.763
1272.042
1272.601
1273.159
1273.438
1273.717
1273.996
1274.275
1274.833
1275.391
1275.949
1276.507
1277.066
1277.205
1277.345
1277.484
1277.624
1277.903
1278.182
1278.740
1279.019
1279.298
1279.856
1280.135
1280.414
1280.693
1280.972
1281.251
1281.530
1282.089
1282.368
1282.647
1283.205
1283.484
1283.763
1284.321
1284.600
1284.879
1285.158
1285.437
1285.716
1285.995
1286.554
1286.833
1287.112
1287.670
1287.949
1288.228
1288.786
1289.344
1289.902
1290.460
1291.019
1291.298
1291.577
1292.135
1292.693
1293.251
1293.809
1294.367
1294.925
1295.484
1295.763
1296.042
1296.321
1296.460
1296.600
1296.739
1297.018
1297.158
1297.297
1297.716
1297.995
1298.274
1298.553
1298.693
1298.832
1298.972
1299.251
1299.390
1299.530
1299.949
1300.228
1300.507
1300.786
1300.925
1301.065
1301.204
1301.483
1301.623
1301.762
1302.181
1302.460
1302.739
1303.018
1303.158
1303.297
1303.437
1303.716
1303.855
1303.995
1304.414
1304.693
1304.972
1305.251
1305.530
1305.809
1306.088
1306.367
1306.646
1306.925
1307.204
1307.483
1307.762
1308.041
1308.320
1308.599
1308.879
1309.158
1309.437
1309.716
1309.995
1310.274
1310.553
1310.832
1311.111
1311.669
1312.227
1312.785
1315.018
1315.297
1315.576
1316.134
1316.692
1317.250
1318.367
1319.483
1319.762
1320.041
1320.599
1321.157
1321.715
1322.832
1323.948
1324.227
1324.506
1325.064
1325.622
1326.180
1327.297
1328.413
1328.692
1328.971
1329.529
1330.087
1330.645
1331.762
1332.878
1333.994
1335.110
1336.227
1359.645
1360.613
1361.580
1362.548
1363.516
1364.484
1367.387
1367.871
1368.355
1368.838
1369.322
1369.806
1370.290
1370.774
1371.258
1371.742
1372.226
1372.709
1373.193
1373.677
1374.161
1374.645
1375.129
1375.613
1376.096
1376.580
1377.064
1377.548
1378.032
1378.516
1379.000
1379.242
1379.484
1379.967
1380.209
1380.451
1380.935
1381.177
1381.419
1381.661
1381.903
1382.145
1382.387
1382.871
1383.113
1383.838
1384.080
1384.806
1385.290
1385.774
1386.258
1386.742
1386.984
1387.226
1387.467
1387.709
1387.951
1388.193
1388.677
1388.919
1389.161
1389.403
1389.645
1389.887
1390.129
1390.613
1390.855
1391.580
1391.822
1392.548
1392.790
1393.032
1393.274
1393.516
1393.758
1394.000
1394.484
1394.726
1394.967
1395.209
1395.451
1395.693
1395.935
1396.419
1396.903
1397.387
1397.871
1398.355
1398.597
1399.322
1399.564
1400.290
1400.411
1400.532
1400.774
1400.895
1401.016
1401.258
1401.379
1401.500
1401.742
1401.863
1401.984
1402.226
1402.468
1402.709
1402.951
1403.193
1403.435
1403.677
1404.161
1404.403
1404.645
1404.887
1405.129
1405.371
1405.613
1406.097
1406.338
1407.064
1407.306
1408.032
1408.274
1408.516
1409.000
1409.242
1409.484
1409.968
1410.451
1410.935
1411.419
1411.903
1412.145
1412.387
1412.871
1413.113
1413.355
1413.838
1414.322
1414.564
1414.806
1415.048
1415.290
1415.774
1416.258
1416.742
1417.226
1417.709
1418.193
1418.435
1418.677
1418.919
1419.161
1419.645
1420.129
1420.613
1421.097
1421.580
1422.064
1422.306
1422.548
1422.790
1423.032
1423.516
1424.000
1424.484
1424.968
1425.451
1425.935
1426.177
1426.419
1426.661
1426.903
1427.387
1427.629
1427.871
1428.355
1428.839
1429.322
1429.564
1429.806
1430.290
1430.774
1431.258
1431.500
1431.742
1432.226
1432.709
1433.193
1433.677
1434.161
1434.645
1435.129
1435.613
1436.097
1436.580
1437.064
1437.548
1437.790
1438.032
1439.000
1439.484
1439.726
1439.968
1440.935
1441.419
1441.661
1441.903
1442.871
1443.355
1443.839
1444.322
1448.677
1449.645
1450.613
1451.580
1452.548
1453.516
1454.484
1455.451
1456.419
1457.387
1458.355
1459.322
1460.290
1460.774
1461.258
1462.226
1462.710
1463.193
1464.161
1464.645
1465.129
1466.097
1466.581
1467.064
1468.032
1468.516
1469.000
1469.968
1470.451
1470.935
1471.419
1471.903
1472.387
1472.871
1473.355
1475.774
1476.016
1476.258
1476.500
1476.742
1476.984
1477.226
1477.468
1477.710
1478.193
1478.677
1479.161
1479.645
1479.887
1480.129
1480.371
1480.613
1480.855
1481.097
1481.339
1481.581
1482.064
1482.548
1483.032
1483.516
1483.758
1484.000
1484.242
1484.484
1484.726
1484.968
1485.210
1485.452
1485.935
1486.419
1486.903
1487.387
1487.629
1487.871
1488.355
1488.597
1488.839
1489.322
1489.564
1489.806
1490.290
1490.532
1490.774
1491.258
1491.500
1491.742
1492.226
1492.468
1492.710
1493.193
1493.677
1494.161
1494.645
1495.129
1495.371
1495.613
1495.855
1496.097
1496.339
1496.581
1496.822
1497.064
1497.548
1498.032
1498.516
1499.000
1499.242
1499.484
1499.726
1499.968
1500.210
1500.452
1500.693
1500.935
1501.419
1501.903
1502.387
1502.871
1503.113
1503.355
1503.597
1503.839
1504.081
1504.322
1504.564
1504.806
1505.290
1505.774
1506.258
1506.742
1507.710
1508.677
1509.645
1510.613
1511.581
1512.548
1513.032
1513.516
1514.484
1515.452
1516.419
1517.387
1518.355
1519.323
1520.290
1520.774
1521.258
1522.226
1523.193
1524.161
1525.129
1526.097
1527.064
1528.032
1528.516
1529.000
1529.968
1530.935
1531.903
1532.871
1533.839
1534.806
1535.774
1536.258
1536.742
1537.710
1538.194
1538.677
1539.161
1539.645
1540.129
1540.613
1541.097
1541.581
1542.064
1542.548
1543.032
1543.516
1544.000
1544.484
1544.968
1545.452
1545.935
1546.419
1546.903
1547.387
1547.871
1548.355
1548.839
1549.323
1549.565
1549.806
1550.048
1550.290
1550.532
1550.774
1551.016
1551.258
1551.379
1551.500
1551.621
1551.742
1551.863
1551.984
1552.105
1553.194
1553.677
1554.161
1554.645
1555.129
1555.371
1555.613
1556.097
1556.339
1556.581
1557.065
1557.306
1558.032
1558.274
1559.000
1559.484
1559.968
1560.452
1560.935
1561.177
1561.419
1561.903
1562.145
1562.387
1562.871
1563.113
1563.355
1563.597
1563.839
1564.081
1564.323
1564.565
1564.806
1565.290
1565.774
1566.258
1566.742
1566.984
1567.710
1567.952
1568.677
1568.919
1569.161
1569.645
1569.887
1570.129
1570.613
1570.734
1570.855
1571.097
1571.339
1571.460
1571.581
1571.823
1572.065
1572.306
1572.427
1572.548
1572.790
1573.032
1573.274
1573.516
1573.758
1574.000
1574.484
1574.726
1574.968
1575.210
1575.452
1575.694
1575.936
1576.419
1576.661
1576.903
1577.387
1577.629
1577.871
1578.355
1578.839
1579.323
1579.806
1580.290
1580.774
1581.016
1581.258
1581.500
1581.742
1582.226
1582.710
1583.194
1583.677
1584.161
1584.645
1584.887
1585.129
1585.371
1585.613
1586.097
1586.581
1587.065
1587.548
1588.032
1588.516
1588.758
1589.000
1589.242
1589.484
1589.968
1590.452
1590.936
1591.419
1591.903
1592.387
1592.871
1593.355
1593.839
1594.323
1594.807
1595.290
1595.774
1596.258
1596.742
1597.226
1597.710
1598.194
1598.677
1599.161
1599.645
1600.613
1601.581
1602.548
1603.516
1604.484
1605.452
1606.419
1607.387
1607.871
1608.355
1608.839
1609.323
1609.807
1610.290
1610.774
1611.258
1611.742
1612.226
1612.710
1613.194
1613.678
1614.161
1614.645
1615.129
1616.097
1617.065
1618.032
1619.000
1619.968
1620.936
1621.903
1622.871
1624.807
1626.742
1628.678
1647.180
1647.649
1648.118
1648.586
1649.055
1649.524
1649.993
1650.462
1650.930
1651.399
1651.868
1652.337
1652.805
1653.274
1653.743
1654.212
1654.680
1654.915
1655.149
1655.383
1655.618
1655.852
1656.087
1656.321
1656.555
1656.790
1657.024
1657.258
1657.493
1657.727
1657.962
1658.196
1658.430
1658.547
1658.665
1658.782
1658.899
1659.016
1659.133
1659.251
1659.368
1659.485
1659.602
1659.719
1659.837
1659.954
1660.071
1660.188
1660.305
1660.540
1660.774
1661.243
1661.712
1662.180
1662.415
1662.649
1662.883
1663.118
1663.352
1663.587
1664.055
1664.290
1664.524
1664.758
1664.993
1665.227
1665.462
1665.930
1666.399
1666.633
1666.868
1667.102
1667.337
1667.805
1668.040
1668.274
1668.508
1668.743
1668.977
1669.212
1669.680
1670.149
1670.383
1670.618
1670.852
1671.087
1671.555
1671.790
1672.024
1672.258
1672.493
1672.727
1672.962
1673.430
1673.899
1674.133
1674.368
1674.602
1674.837
1675.305
1675.774
1676.243
1676.712
1677.180
1677.415
1677.649
1678.118
1678.352
1678.587
1679.055
1679.290
1679.524
1679.993
1680.227
1680.462
1680.930
1681.165
1681.399
1681.868
1682.102
1682.337
1682.805
1682.923
1683.040
1683.274
1683.391
1683.509
1683.743
1683.860
1683.977
1684.212
1684.329
1684.446
1684.680
1684.915
1685.149
1685.384
1685.618
1685.852
1686.087
1686.204
1686.321
1686.438
1686.555
1686.790
1687.024
1687.259
1687.493
1687.727
1687.962
1688.079
1688.196
1688.313
1688.430
1688.665
1688.899
1689.134
1689.368
1689.602
1689.837
1690.071
1690.305
1691.243
1692.180
1692.415
1692.649
1692.884
1693.118
1693.352
1693.587
1693.821
1694.055
1694.524
1694.993
1695.462
1695.930
1696.165
1696.399
1696.634
1696.868
1697.102
1697.337
1697.571
1697.805
1698.743
1699.680
1699.915
1700.149
1700.384
1700.618
1700.852
1701.087
1701.321
1701.555
1702.024
1702.493
1702.962
1703.430
1703.665
1703.899
1704.134
1704.368
1704.602
1704.837
1705.071
1705.306
1707.181
1709.056
1710.931
1711.868
1712.806
1713.743
1714.681
1715.149
1715.618
1716.087
1716.556
1717.024
1717.493
1717.962
1718.431
1718.899
1719.368
1719.837
1720.306
1720.540
1720.774
1721.009
1721.243
1721.477
1721.712
1721.946
1722.181
1722.415
1722.649
1723.118
1723.352
1723.587
1724.056
1724.290
1724.524
1724.993
1725.227
1725.462
1725.931
1726.165
1726.399
1726.868
1727.102
1727.337
1727.806
1728.040
1728.743
1728.977
1729.681
1729.915
1730.149
1730.618
1730.852
1731.087
1731.556
1731.790
1732.024
1732.493
1732.727
1732.962
1733.431
1733.665
1733.899
1734.134
1734.368
1734.603
1734.837
1735.071
1737.181
1737.415
1737.649
1737.884
1738.118
1738.353
1738.587
1738.821
1739.056
1739.290
1739.524
1739.759
1739.993
1740.228
1740.462
1740.696
1740.931
1741.048
1741.165
1741.399
1741.634
1741.751
1741.868
1742.103
1742.337
1742.571
1742.688
1742.806
1742.923
1743.040
1743.274
1743.509
1743.626
1743.743
1743.978
1744.212
1744.446
1744.563
1744.681
1745.149
1745.618
1746.087
1746.556
1746.790
1747.024
1747.493
1747.728
1747.962
1748.431
1748.665
1748.899
1749.368
1749.603
1749.837
1752.181
1752.415
1752.649
1752.884
1753.118
1753.353
1753.587
1753.704
1753.821
1753.939
1754.056
1754.290
1754.524
1754.759
1754.993
1755.228
1755.462
1755.579
1755.696
1755.814
1755.931
1756.165
1756.399
1756.634
1756.868
1757.103
1757.337
1757.454
1757.571
1757.689
1757.806
1758.040
1758.274
1758.509
1758.743
1758.978
1759.212
1759.446
1759.681
1760.149
1760.618
1761.087
1761.556
1762.025
1762.493
1762.962
1763.431
1763.900
1764.368
1764.837
1765.306
1765.423
1765.540
1765.657
1765.775
1765.892
1766.009
1766.126
1766.243
1766.360
1766.478
1766.595
1766.712
1766.829
1766.946
1767.064
1767.181
1767.650
1768.118
1768.587
1769.056
1769.525
1769.993
1770.462
1770.931
1771.400
1771.868
1772.337
1772.806
1773.275
1773.743
1774.212
1774.681
1774.915
1775.150
1775.384
1775.618
1775.853
1776.087
1776.556
1777.025
1777.493
1777.962
1778.431
1778.665
1778.900
1779.134
1779.368
1779.603
1779.837
1780.306
1780.775
1781.243
1781.712
1782.181
1782.415
1782.650
1782.884
1783.118
1783.353
1783.587
1784.056
1784.525
1784.993
1785.462
1785.931
1786.400
1786.868
1787.337
1787.806
1788.040
1788.275
1788.743
1788.978
1789.212
1789.681
1790.150
1790.618
1791.087
1791.556
1792.025
1792.493
1792.962
1793.431
1794.368
1795.306
1813.239
1814.177
1815.114
1816.051
1816.989
1817.457
1817.926
1818.395
1818.863
1819.332
1819.801
1820.269
1820.738
1821.207
1821.675
1822.144
1822.613
1822.730
1822.847
1823.081
1823.198
1823.316
1823.550
1823.667
1823.784
1823.901
1824.019
1824.136
1824.253
1824.487
1824.722
1824.956
1825.190
1825.425
1825.659
1825.893
1826.128
1826.362
1826.596
1826.831
1826.948
1827.065
1827.299
1827.534
1827.768
1827.885
1828.002
1828.237
1828.471
1828.705
1828.939
1829.174
1829.408
1829.642
1829.877
1830.111
1830.345
1830.580
1830.697
1830.814
1831.048
1831.283
1831.517
1831.634
1831.751
1831.986
1832.103
1832.337
1832.572
1832.689
1832.923
1833.157
1833.392
1833.626
1833.860
1833.978
1834.212
1834.446
1834.563
1834.798
1835.032
1835.266
1835.501
1835.735
1835.852
1836.087
1836.321
1836.438
1836.672
1836.907
1837.141
1837.375
1837.610
1837.727
1837.961
1838.196
1838.313
1838.547
1839.016
1839.484
1839.602
1839.719
1839.953
1840.187
1840.422
1840.890
1841.359
1841.476
1841.593
1841.828
1842.062
1842.296
1842.765
1843.234
1843.351
1843.468
1843.702
1843.937
1844.171
1844.640
1845.108
1845.226
1845.343
1845.577
1845.811
1846.046
1846.514
1846.983
1847.100
1847.452
1847.569
1847.920
1848.389
1848.858
1848.975
1849.326
1849.444
1849.795
1850.264
1850.732
1850.850
1851.201
1851.318
1851.670
1852.138
1852.607
1852.841
1853.076
1853.310
1853.544
1853.779
1854.013
1854.247
1854.482
1854.599
1854.716
1854.950
1855.067
1855.185
1855.419
1855.536
1855.653
1855.888
1856.005
1856.122
1856.356
1856.591
1856.825
1857.059
1857.294
1857.528
1857.762
1857.997
1858.231
1858.348
1858.465
1858.700
1858.817
1858.934
1859.168
1859.285
1859.403
1859.637
1859.754
1859.871
1860.106
1860.340
1860.574
1860.809
1861.043
1861.160
1861.277
1861.512
1861.629
1861.746
1861.980
1862.097
1862.215
1862.449
1862.566
1862.683
1862.918
1863.152
1863.386
1863.621
1863.855
1863.972
1864.089
1864.324
1864.441
1864.558
1864.792
1864.909
1865.027
1865.261
1865.378
1865.495
1865.730
1865.964
1866.198
1866.667
1866.901
1867.136
1867.604
1867.839
1868.073
1868.542
1868.776
1869.010
1869.479
1869.596
1869.713
1869.948
1870.182
1870.416
1870.651
1870.885
1871.119
1871.354
1871.471
1871.588
1871.822
1872.057
1872.291
1872.525
1872.760
1872.994
1873.228
1873.345
1873.463
1873.697
1873.931
1874.166
1874.400
1874.634
1874.869
1875.103
1875.220
1875.572
1875.689
1876.040
1876.275
1876.509
1876.743
1876.978
1877.095
1877.212
1877.446
1877.681
1877.915
1878.149
1878.384
1878.618
1878.852
1878.969
1879.087
1879.321
1879.555
1879.790
1880.024
1880.258
1880.493
1880.727
1880.844
1880.961
1881.195
1881.430
1881.664
1881.898
1882.133
1882.367
1882.601
1883.070
1883.539
1884.007
1888.225
1888.460
1888.694
1889.163
1889.397
1889.631
1890.100
1890.334
1890.569
1891.037
1891.272
1891.506
1891.740
1891.975
1892.092
1892.209
1892.326
1892.443
1892.561
1892.678
1892.912
1893.029
1893.146
1893.381
1893.498
1893.615
1893.849
1893.967
1894.318
1894.435
1894.787
1894.904
1895.021
1895.255
1895.373
1895.490
1895.724
1895.841
1895.958
1896.076
1896.193
1896.310
1896.427
1896.661
1896.779
1896.896
1897.130
1897.247
1897.364
1897.599
1897.716
1898.067
1898.185
1898.536
1898.653
1898.770
1899.005
1899.122
1899.239
1899.473
1899.591
1899.708
1899.825
1899.942
1900.059
1900.176
1900.411
1900.645
1900.879
1901.114
1901.348
1901.582
1901.817
1902.051
1902.285
1902.520
1902.754
1902.988
1903.223
1903.457
1903.691
1903.926
1904.160
1904.394
1904.629
1904.863
1905.097
1905.332
1905.566
1905.800
1906.035
1906.152
1906.269
1906.503
1906.621
1906.738
1906.972
1907.909
1908.847
1909.784
1910.018
1910.253
1910.721
1911.659
1912.596
1913.533
1913.768
1914.002
1914.471
1914.588
1914.705
1914.939
1915.174
1915.408
1916.345
1916.462
1916.580
1916.814
1917.048
1917.283
1918.220
1918.337
1918.454
1918.689
1918.923
1919.157
1919.274
1919.392
1919.626
1919.743
1919.860
1920.095
1920.212
1920.329
1920.446
1920.563
1920.680
1920.798
1920.915
1921.032
1921.149
1921.266
1921.383
1921.501
1921.618
1921.735
1921.852
1921.969
1922.204
1922.438
1922.672
1922.907
1923.141
1923.375
1923.610
1923.844
1924.078
1924.313
1924.547
1924.781
1925.016
1925.250
1925.719
1925.953
1926.187
1926.422
1926.656
1926.890
1927.125
1927.359
1927.593
1927.828
1928.062
1928.296
1928.531
1928.765
1928.999
1929.468
1929.761
1929.878
1929.995
1930.112
1930.229
1930.405
1930.698
1930.815
1930.932
1931.050
1931.167
1931.343
1931.635
1931.753
1931.870
1931.987
1932.104
1932.280
1932.573
1932.690
1932.807
1932.924
1933.041
1933.217
1933.510
1933.627
1933.744
1933.862
1933.979
1934.154
1934.447
1934.565
1934.682
1934.799
1934.916
1935.092
1935.326
1935.560
1935.795
1936.029
1936.263
1936.498
1936.732
1936.966
1937.201
1937.435
1937.552
1937.669
1937.904
1938.138
1938.372
1938.607
1938.841
1939.075
1939.310
1939.544
1939.778
1940.013
1940.247
1940.364
1940.481
1940.716
1940.950
1941.184
1941.419
1941.653
1941.887
1942.122
1942.356
1942.590
1942.825
1943.059
1943.176
1943.293
1943.528
1943.762
1943.996
1944.231
1944.465
1944.699
1944.934
1945.168
1945.402
1945.637
1945.871
1946.105
1946.340
1946.574
1946.808
1947.043
1947.277
1947.511
1947.746
1947.980
1948.214
1948.449
1948.683
1948.917
1949.152
1949.269
1949.386
1949.620
1949.738
1949.855
1950.089
1950.206
1950.323
1950.558
1950.675
1950.792
1951.026
1951.144
1951.261
1951.495
1951.612
1951.729
1951.964
1952.081
1952.198
1952.315
1952.432
1952.550
1952.667
1952.784
1952.901
1953.018
1953.135
1953.253
1953.370
1953.487
1953.604
1953.721
1953.838
1953.956
1954.073
1954.190
1954.307
1954.424
1954.541
1954.659
1954.776
1954.893
1955.010
1955.127
1955.244
1955.362
1955.479
1955.596
1955.713
1955.830
1955.947
1956.065
1956.182
1956.299
1956.416
1956.533
1956.650
1956.768
1956.885
1957.002
1957.119
1957.236
1957.353
1957.471
1957.588
1957.705
1957.822
1957.939
1958.056
1958.174
1958.291
1958.408
1958.525
1958.642
1958.759
1958.877
1958.994
1959.111
1959.228
1959.345
1959.462
1959.580
1959.697
1959.814
1959.931
1960.048
1960.165
1960.282
1960.400
1960.517
1960.634
1960.751
1960.868
1960.985
1961.103
1961.220
1961.337
1961.454
1961.571
1961.688
1961.806
1961.923
1962.040
1962.157
1962.274
1962.391
1962.509
1962.626
1962.743
1962.860
1962.977
1963.094
1963.212
1963.329
1963.446
1963.563
1963.680
1963.797
1963.915
1964.032
1964.149
1964.266
1964.383
1964.500
1964.618
1964.735
1964.852
1964.969
1965.086
1965.321
1965.555
1965.789
1966.024
1966.141
1966.258
1966.492
1966.609
1966.727
1966.961
1967.195
1967.430
1967.664
1967.898
1968.133
1968.367
1968.601
1968.836
1968.953
1969.070
1969.304
1969.421
1969.539
1969.773
1970.007
1970.242
1970.476
1970.710
1971.179
1971.648
1972.116
1972.585
1972.819
1973.054
1973.522
1973.991
1974.460
1974.928
1975.397
1975.631
1975.866
1976.334
1976.803
1977.272
1977.740
1978.209
1978.443
1978.678
1979.146
1979.615
1980.084
1980.552
1981.021
1981.255
1981.490
1981.958
1982.427
1982.896
1983.364
1983.833
1984.302
1984.770
1985.239
1985.708
1986.176
1986.645
