15.148
15.616
16.083
16.550
17.017
17.518
17.985
18.418
18.886
19.353
19.820
20.287
20.754
21.255
21.722
22.155
22.656
23.123
23.590
24.024
24.491
24.992
25.459
25.926
26.393
26.860
27.327
27.761
28.228
28.729
29.196
29.663
30.163
30.631
31.098
31.565
31.999
32.499
32.966
33.433
33.901
34.368
34.835
35.302
35.736
36.236
36.703
37.170
37.638
38.105
38.572
39.039
39.473
40.007
40.474
40.908
41.408
41.875
42.342
42.809
43.243
43.744
44.211
44.678
45.145
46.079
46.980
47.948
48.882
49.850
50.784
51.718
52.619
53.587
54.521
55.489
56.423
57.324
58.225
59.159
60.093
61.061
61.995
62.696
63.196
63.664
64.131
64.631
65.065
65.566
66.033
66.500
66.967
67.434
67.901
68.368
68.869
69.303
69.770
70.237
70.737
71.104
71.572
72.039
72.539
72.940
75.175
75.676
75.976
76.543
76.843
77.477
77.978
78.512
78.779
79.346
79.613
80.247
80.781
81.315
81.582
82.649
83.183
83.450
84.051
84.318
84.952
85.452
85.986
86.286
86.820
87.087
87.754
88.288
88.475
88.662
88.849
89.036
89.223
89.410
89.597
90.123
90.691
90.958
91.558
91.825
92.459
92.759
93.026
93.293
93.560
93.827
94.328
94.628
95.228
95.495
96.129
96.730
96.997
97.264
97.531
97.864
98.398
98.665
99.266
99.533
100.200
100.467
100.734
100.968
101.268
101.868
102.135
102.736
103.036
105.138
105.706
105.973
106.573
106.873
107.507
107.941
108.475
108.742
109.343
109.610
110.243
110.777
111.311
111.578
111.878
112.179
112.646
113.180
113.447
114.047
114.314
114.982
115.315
115.582
115.916
116.183
116.817
117.117
117.718
117.985
118.552
118.819
119.152
119.419
119.686
120.120
120.654
120.954
121.555
121.822
122.489
122.756
123.290
123.590
124.558
124.825
125.792
126.360
126.627
126.927
127.194
127.661
128.095
128.362
129.062
129.363
129.963
130.397
130.664
131.398
131.965
132.232
132.532
132.799
133.266
133.700
133.967
136.103
136.536
137.037
137.504
137.971
138.405
138.872
139.339
139.840
140.307
140.741
141.208
141.675
142.175
142.609
143.076
143.543
144.011
144.511
144.978
145.445
145.912
146.380
146.847
147.314
147.814
148.248
180.147
180.614
181.081
181.548
182.015
182.482
182.949
183.417
183.884
184.351
184.851
185.285
185.786
186.219
186.720
187.654
188.121
188.555
189.022
189.523
189.990
190.457
190.891
191.358
191.858
192.292
192.759
193.260
193.694
195.162
195.629
196.096
196.563
197.030
197.497
197.964
198.432
198.899
199.366
199.833
200.300
200.767
201.234
201.702
202.169
202.636
203.070
203.537
204.037
204.538
205.005
205.472
205.939
206.373
206.840
207.340
207.808
208.241
208.709
210.143
210.610
211.078
211.545
212.012
212.512
212.946
213.413
213.880
214.347
214.848
215.315
215.749
216.249
216.717
217.184
217.651
218.118
218.585
219.052
219.519
219.986
220.454
220.921
221.388
221.888
222.355
222.823
223.290
223.757
225.158
225.625
226.093
226.560
227.027
227.527
227.961
228.462
228.895
229.362
229.830
230.297
230.764
231.231
231.698
232.632
233.100
233.567
234.034
234.534
235.001
235.469
235.902
236.369
236.870
237.337
237.804
238.271
238.739
240.173
240.607
241.108
241.541
242.042
242.509
242.976
243.443
243.910
244.377
244.845
245.312
245.779
246.213
246.713
247.180
247.647
248.115
248.582
249.049
249.516
249.983
250.417
250.917
251.384
251.852
252.319
252.786
253.253
253.720
254.221
254.688
255.155
255.589
256.089
256.556
257.023
257.491
257.958
258.425
258.859
259.359
259.826
275.308
275.776
276.209
276.710
277.177
277.644
278.111
278.578
279.045
279.513
279.980
280.447
280.914
281.414
281.848
282.349
282.816
283.283
283.750
284.217
284.684
284.923
285.161
285.399
285.638
285.876
286.114
286.353
286.720
286.899
287.078
287.258
287.437
287.616
287.796
287.975
288.155
290.290
290.791
291.224
291.691
292.159
292.659
293.126
293.593
294.060
294.528
294.995
295.462
295.896
296.363
297.798
298.265
298.732
299.199
299.666
300.133
300.567
301.067
301.535
302.002
302.469
302.936
305.305
305.772
306.239
306.673
307.174
307.641
308.108
308.575
309.042
309.509
310.010
310.477
310.944
311.411
312.813
313.280
313.747
314.214
314.681
315.148
315.582
316.082
316.550
317.017
317.484
317.951
320.320
320.787
321.254
321.721
322.155
322.622
323.089
323.557
324.024
324.524
324.991
325.458
325.892
326.393
327.761
328.261
328.695
329.162
329.629
330.130
330.564
331.031
331.565
332.032
332.499
332.966
333.433
335.302
335.769
336.236
336.703
337.204
337.671
338.138
338.572
339.039
339.506
339.973
340.440
340.907
341.374
342.809
343.276
343.743
344.211
344.644
345.111
345.579
346.046
346.513
347.013
347.480
347.948
380.180
395.195
397.030
399.032
400.934
402.702
404.671
406.473
407.040
407.474
407.941
408.375
408.614
408.853
409.092
409.331
409.570
409.809
410.744
411.211
411.678
412.145
412.612
413.079
413.546
414.014
414.514
414.981
415.448
415.916
416.383
416.850
417.317
417.784
418.285
418.752
419.219
419.653
419.920
420.153
420.387
420.620
420.854
421.121
421.354
421.588
421.855
422.037
422.219
422.401
422.583
422.765
422.947
423.129
423.311
423.493
423.675
423.857
428.395
428.862
429.329
429.763
430.263
430.730
431.197
431.631
432.165
432.632
433.099
433.533
435.802
436.269
436.736
437.170
437.671
438.104
438.571
439.039
439.506
439.940
440.407
440.874
441.372
441.561
441.749
441.937
442.275
443.176
443.643
444.110
444.577
445.045
445.512
445.946
446.413
446.880
447.314
447.781
448.248
448.748
449.182
449.683
450.116
450.583
451.051
451.484
451.952
452.419
452.852
453.320
453.787
454.287
454.754
455.221
455.655
456.089
457.958
458.391
458.858
459.326
459.826
460.293
460.760
461.194
461.661
462.128
462.562
463.029
463.496
463.964
464.431
464.898
465.365
465.832
466.299
466.733
467.200
467.667
468.134
468.601
469.069
469.502
469.970
470.403
472.772
473.239
473.707
474.140
474.607
475.075
475.508
475.976
476.443
476.876
477.344
477.811
478.311
478.778
479.245
479.679
480.146
480.613
481.047
481.514
481.982
482.415
482.882
483.350
483.850
484.317
484.784
485.218
485.685
486.152
486.586
487.053
487.520
487.988
488.455
488.888
489.356
489.789
490.290
490.724
491.157
491.658
492.092
492.559
493.026
493.460
493.927
494.394
494.894
495.362
495.829
496.296
496.763
497.230
497.664
498.131
498.598
499.032
499.499
499.966
502.302
502.769
503.236
503.670
504.137
504.604
505.038
505.505
505.972
506.406
506.873
507.340
507.807
508.308
508.775
509.209
509.676
510.143
510.577
511.044
511.511
511.945
512.412
512.879
513.346
513.813
514.314
514.748
515.215
515.682
516.116
516.583
517.050
