25.726
26.528
27.330
28.132
28.934
29.736
30.538
31.340
32.142
32.944
33.746
34.548
35.350
36.152
36.954
37.756
38.558
39.360
40.162
40.965
41.767
42.569
43.371
44.173
44.927
45.126
45.325
45.524
45.724
45.923
46.122
46.321
46.521
46.720
46.919
47.118
47.318
47.517
47.716
47.915
48.115
48.192
48.270
48.347
48.425
48.502
48.580
48.657
48.735
48.813
48.890
48.968
49.045
49.123
49.200
49.278
49.355
49.433
49.510
49.588
49.665
49.743
51.348
52.150
52.952
53.754
54.556
55.358
56.160
56.962
57.764
58.566
59.368
60.170
60.971
61.773
62.575
63.377
64.179
64.981
65.783
66.585
67.387
68.189
68.991
69.793
70.595
71.396
72.198
73.000
73.802
74.604
75.406
76.208
83.317
84.119
84.921
85.724
86.526
87.329
88.131
88.933
89.736
90.538
91.340
92.143
92.945
93.748
94.550
95.352
96.155
96.957
97.760
98.562
99.364
100.167
102.517
103.320
104.123
104.926
105.729
106.532
107.335
108.138
108.941
109.744
110.547
111.351
112.154
112.957
115.364
116.163
116.962
117.762
118.561
119.360
120.159
120.958
121.770
121.968
122.166
122.364
122.562
122.760
122.957
123.155
123.353
123.551
123.749
123.947
124.145
124.343
124.541
124.739
124.936
125.014
125.092
125.170
125.247
125.325
125.403
125.480
125.558
125.636
125.713
125.791
125.869
125.946
126.024
126.102
126.179
126.257
126.335
126.412
126.490
126.568
134.526
135.330
136.134
136.938
137.742
138.546
139.350
140.154
140.958
141.762
142.566
143.370
144.174
144.978
147.381
148.181
148.981
149.782
150.582
151.382
152.183
152.983
153.784
154.584
155.384
156.185
156.890
157.090
157.291
157.491
157.691
157.892
158.092
158.293
158.493
158.572
158.652
158.731
158.811
158.890
158.969
159.049
159.128
159.207
159.287
159.366
159.446
159.525
159.604
159.684
159.763
159.842
159.922
160.001
160.081
160.160
160.994
161.795
162.596
163.397
164.197
164.998
165.799
166.600
167.401
168.201
169.002
169.803
170.604
172.973
173.771
174.568
175.366
176.164
176.962
177.759
178.557
179.355
180.153
180.950
181.748
182.349
182.548
182.747
182.946
183.145
183.344
183.543
183.742
183.941
184.140
184.218
184.295
184.372
184.450
184.527
184.605
184.682
184.759
184.837
184.914
184.992
185.069
185.146
185.224
185.301
185.379
185.456
185.533
185.611
185.688
185.766
198.498
198.910
199.116
199.322
199.734
199.940
200.146
200.538
200.733
200.927
201.122
201.316
201.511
201.705
202.150
202.352
202.554
202.958
203.160
203.362
203.766
203.964
204.162
204.360
204.558
204.756
204.954
205.152
205.350
205.548
205.746
205.944
206.142
206.340
206.538
206.736
206.934
207.132
207.330
207.528
207.726
207.924
208.122
208.199
208.277
208.354
208.432
208.509
208.587
208.664
208.742
208.819
208.897
208.974
209.052
209.129
209.207
209.284
209.362
209.439
209.517
209.594
209.671
209.749
211.344
211.740
212.136
212.531
212.927
213.323
213.718
214.114
214.509
214.905
215.301
215.696
216.092
216.488
216.883
217.284
217.483
217.681
218.079
218.477
218.874
219.272
219.669
220.067
220.465
220.663
220.862
221.260
221.658
222.055
224.191
224.588
224.985
225.382
225.779
226.176
226.573
226.970
227.367
227.764
228.161
228.558
228.955
229.352
229.749
230.146
230.543
230.940
231.337
231.735
232.132
232.529
232.926
233.323
233.720
234.117
234.514
234.911
238.538
239.139
239.747
240.140
240.741
241.341
241.742
242.342
242.943
243.343
243.944
244.544
244.911
245.545
246.146
246.513
247.114
247.714
249.753
250.145
250.537
250.930
251.126
251.322
251.715
252.107
252.500
252.696
252.892
253.284
253.677
254.069
254.266
254.462
254.966
255.372
255.769
255.965
256.161
256.357
256.553
256.748
256.944
257.140
257.336
257.532
257.728
257.923
258.119
258.315
258.511
258.707
258.903
259.098
259.294
259.392
259.490
259.588
259.686
259.784
259.882
259.980
260.078
260.176
260.275
260.373
260.471
260.569
260.667
260.765
260.863
260.961
262.562
263.361
264.159
264.958
265.757
266.555
267.354
268.152
268.951
269.749
270.548
271.346
272.145
272.944
273.742
274.541
275.339
276.138
276.936
277.735
278.533
279.332
280.130
280.929
281.728
282.526
283.325
284.123
284.922
285.720
286.519
287.317
288.116
296.496
296.964
297.431
297.899
298.367
298.834
299.302
299.769
300.237
300.705
301.172
301.640
302.108
302.575
303.043
303.510
303.978
304.446
304.913
305.381
305.848
306.316
306.784
307.251
307.719
308.187
310.544
311.012
311.480
311.949
312.417
312.885
313.354
313.822
314.291
314.759
315.227
315.696
316.164
316.632
317.101
317.569
318.037
318.506
318.974
319.443
319.911
320.379
320.848
321.316
321.784
322.253
322.721
323.190
325.559
326.028
326.497
326.966
327.435
327.905
328.374
328.843
329.312
329.781
330.251
330.720
331.189
331.658
332.127
332.597
333.066
333.300
333.535
333.769
334.004
334.238
334.472
334.707
334.941
335.176
335.410
335.644
335.879
336.113
336.348
336.582
336.816
336.935
337.053
337.171
337.290
337.408
337.526
337.645
337.763
337.881
338.000
338.118
338.236
338.355
338.473
338.939
339.406
339.873
340.106
340.340
340.807
341.274
341.775
342.242
342.709
343.176
343.510
343.877
344.110
344.578
345.045
345.512
345.979
346.446
347.848
348.315
348.782
349.249
349.716
350.183
350.650
350.984
351.351
351.585
352.039
352.493
352.968
353.443
353.918
354.393
354.868
355.343
355.818
356.293
356.768
357.243
357.718
358.193
358.558
358.893
359.125
359.559
360.063
360.560
360.994
361.435
362.829
363.330
363.797
364.264
364.731
365.198
365.665
366.032
366.360
366.597
367.067
367.534
368.034
368.468
368.969
369.402
369.872
370.337
370.804
371.304
371.671
371.972
372.205
372.706
373.173
373.506
373.840
374.074
374.574
375.041
375.408
375.757
376.009
376.443
378.311
378.745
379.212
379.746
380.180
380.647
381.081
381.581
382.080
382.549
383.016
415.348
415.817
416.285
416.753
417.222
417.690
418.158
418.627
419.095
419.564
420.032
420.500
420.969
421.437
421.905
422.374
422.842
423.311
423.779
424.247
424.716
425.184
425.652
426.121
426.589
427.057
427.526
427.994
428.929
429.415
429.901
430.837
431.773
432.709
433.645
434.581
435.517
436.453
437.390
437.871
438.103
438.336
438.568
438.801
439.033
439.266
439.498
439.731
439.963
440.196
440.428
440.661
440.894
441.126
441.359
441.591
441.712
441.833
441.953
442.074
442.195
442.315
442.436
442.557
442.678
442.798
442.919
443.040
445.345
445.845
446.279
446.746
447.213
447.681
448.148
448.493
448.855
449.082
449.549
450.016
450.483
450.951
451.418
452.886
453.320
453.820
454.254
454.754
455.188
455.655
456.023
456.389
456.589
457.069
457.557
458.024
458.470
458.925
460.794
461.294
461.761
462.228
462.662
463.163
463.496
463.830
464.097
464.564
465.031
465.498
465.966
466.433
467.834
468.301
468.802
469.269
469.703
470.170
470.670
470.971
471.338
471.604
472.072
472.505
473.006
473.473
473.943
474.441
475.342
475.831
476.286
476.776
477.243
477.711
478.178
478.645
479.120
479.612
480.046
480.513
482.844
483.316
483.783
484.250
484.718
485.185
485.652
486.119
486.586
487.053
487.543
487.988
488.488
488.955
489.389
489.622
489.856
490.090
490.323
490.824
491.292
491.760
492.229
492.697
493.166
493.634
494.103
494.571
495.039
495.508
495.976
496.445
496.913
497.381
497.850
498.318
498.787
499.255
499.724
500.192
500.660
501.129
501.597
502.066
502.534
503.002
505.381
505.848
506.315
506.781
507.248
507.715
508.182
508.649
509.116
509.582
510.049
510.516
510.983
511.450
511.917
512.383
512.850
513.317
513.784
514.251
514.718
515.184
515.651
516.118
516.585
517.052
517.519
517.985
518.452
518.919
519.386
519.853
525.556
526.023
526.490
526.957
527.425
527.892
528.359
528.826
529.294
529.761
530.228
530.696
531.163
531.630
532.097
532.565
533.032
533.499
533.966
534.434
534.901
535.368
539.606
540.075
540.545
541.483
541.953
542.422
543.361
543.831
544.300
545.239
545.708
546.178
547.080
547.320
547.560
547.799
548.039
548.279
548.519
548.759
548.998
549.238
549.478
549.718
549.958
550.198
550.437
550.677
550.864
550.981
551.099
551.216
551.334
551.451
551.569
551.686
551.804
551.921
552.039
552.156
552.274
552.391
552.509
552.626
552.744
552.861
552.979
553.096
553.214
553.331
553.449
553.566
553.684
553.802
553.919
584.601
585.070
585.539
586.008
586.477
586.946
587.415
587.884
588.353
588.822
589.291
589.761
590.230
590.699
591.168
591.637
592.106
592.575
593.044
593.513
593.982
594.451
594.920
595.389
595.858
596.327
596.796
597.266
597.735
598.204
598.673
599.142
599.611
600.080
600.549
601.018
601.487
601.956
602.425
602.894
603.363
603.832
604.302
604.771
605.240
605.709
606.178
606.647
607.116
607.585
608.054
608.523
608.992
609.461
609.930
610.399
610.868
611.337
611.807
612.276
612.745
613.214
613.683
614.152
614.621
615.090
615.559
616.028
616.497
616.966
617.435
617.904
618.373
618.842
619.312
619.781
620.250
620.719
621.188
621.657
622.126
622.595
623.064
623.533
624.002
624.471
624.940
625.409
625.878
626.347
626.817
627.286
627.755
628.224
628.693
629.162
629.396
629.631
629.865
630.099
630.333
630.568
630.802
631.036
631.271
631.505
631.739
631.974
632.208
632.442
632.677
632.911
633.145
633.380
633.614
633.848
634.083
634.317
634.551
634.786
635.020
635.254
635.489
635.723
635.957
636.192
636.426
636.660
636.776
636.891
637.006
637.122
637.237
637.352
637.468
637.583
637.698
637.814
637.929
638.044
638.160
638.275
638.390
638.506
638.621
638.736
638.852
638.967
639.082
639.198
639.313
639.428
639.544
639.659
639.774
639.890
640.005
640.120
640.236
640.351
640.466
640.582
640.697
640.812
640.928
641.043
641.158
641.274
641.389
641.504
641.620
641.735
641.850
641.966
644.611
645.080
645.549
646.018
646.487
646.956
647.425
647.894
648.363
648.832
649.301
649.770
650.239
650.708
651.178
651.647
652.116
652.585
653.054
653.523
653.992
654.461
654.930
655.399
655.868
656.337
656.806
657.275
659.192
659.660
660.129
660.597
661.065
661.534
662.002
662.470
662.939
663.407
663.876
664.344
664.812
665.281
665.749
666.217
666.686
667.154
667.623
668.091
668.559
669.028
669.496
669.964
670.433
670.901
671.369
671.838
674.174
674.643
675.112
675.582
676.051
676.520
676.990
677.459
677.928
678.398
678.867
679.336
679.806
680.275
680.745
681.648
682.119
682.590
683.062
683.533
684.004
684.476
684.947
685.418
685.890
686.361
686.833
726.693
727.164
727.635
728.107
728.578
729.049
729.521
729.992
730.463
730.935
731.406
731.877
732.349
732.820
733.292
733.763
734.234
734.467
734.700
734.933
735.166
735.399
735.632
735.865
736.098
736.331
736.564
736.797
737.030
737.263
737.497
737.730
737.970
738.086
738.203
738.320
738.436
738.553
738.670
738.786
738.903
739.020
739.136
739.253
739.370
739.486
739.603
741.687
742.156
742.626
743.095
743.564
744.033
744.502
744.971
745.440
745.909
746.379
746.848
747.317
747.786
748.255
748.724
749.193
749.662
750.131
750.601
751.070
751.539
752.008
752.477
752.946
753.415
753.884
754.354
756.703
757.171
757.639
758.107
758.575
759.042
759.510
759.978
760.446
760.914
761.382
761.850
762.317
762.785
763.253
763.721
764.189
764.657
765.125
765.592
766.060
766.528
766.996
767.464
767.932
768.400
768.867
769.335
771.671
772.141
772.610
773.080
773.549
774.019
774.489
774.958
775.428
775.897
776.367
776.837
777.306
777.776
778.245
778.715
779.185
779.654
780.124
780.593
781.063
781.533
782.002
782.472
782.941
783.411
783.881
784.350
820.953
821.423
821.892
822.361
822.831
823.300
823.769
824.238
824.708
825.177
825.646
826.116
826.585
827.054
827.523
827.993
828.462
828.931
829.401
829.870
830.339
830.808
831.278
831.747
832.216
832.686
833.155
833.624
834.093
834.563
835.032
835.501
835.965
836.198
836.432
836.666
836.899
837.133
837.367
837.600
837.834
838.068
838.302
838.535
838.769
839.003
839.236
839.470
839.704
839.937
840.171
840.405
840.638
840.872
841.106
841.340
841.573
841.807
842.041
842.274
842.508
842.742
842.975
843.209
843.486
843.601
843.715
843.829
843.944
844.058
844.172
844.287
844.401
844.515
844.629
844.744
844.858
844.972
845.087
845.201
845.315
845.430
845.544
845.658
845.773
845.887
846.001
846.115
846.230
846.344
846.458
846.573
846.687
846.801
846.916
847.030
847.144
847.259
847.373
847.487
847.601
847.716
847.830
847.944
848.059
848.173
848.287
848.402
848.516
848.630
848.745
850.983
851.452
851.922
852.391
852.860
853.329
853.798
854.267
854.736
855.205
855.674
856.143
856.612
857.081
857.550
858.019
858.488
858.957
859.426
859.895
860.364
860.833
861.302
861.771
862.240
862.709
863.178
863.647
864.116
864.585
865.054
865.523
865.992
866.461
866.930
867.399
867.868
868.337
868.806
869.275
869.744
870.213
870.682
871.151
871.620
872.089
872.558
873.028
873.497
873.727
873.958
874.188
874.419
874.650
874.880
875.111
875.341
875.572
875.802
876.033
876.264
876.494
876.691
876.806
876.921
877.035
877.150
877.265
877.380
877.494
877.609
877.724
877.838
877.953
878.068
878.183
878.297
878.412
878.527
878.642
878.756
878.871
879.126
879.354
879.581
879.809
880.036
880.264
880.492
880.719
880.947
881.402
881.871
882.340
882.810
883.279
883.748
884.217
884.687
885.156
885.625
886.094
886.563
887.033
887.502
887.971
888.440
888.909
889.379
889.848
890.317
890.786
891.255
891.725
892.194
892.663
893.132
893.601
894.071
894.540
895.009
895.478
895.947
896.417
896.886
897.355
897.824
898.293
898.763
899.232
899.701
900.170
900.639
901.109
901.578
902.047
902.516
902.986
903.455
903.924
904.393
904.862
905.332
905.801
906.270
906.739
927.160
927.628
928.097
928.565
929.034
929.502
929.971
930.439
930.908
931.377
931.845
932.314
932.782
933.251
933.719
934.188
934.656
935.125
935.594
936.062
936.531
936.999
937.468
937.936
938.405
938.873
939.342
939.811
940.279
940.748
941.216
942.153
942.622
943.090
943.559
944.027
944.496
944.965
945.433
945.902
946.370
946.839
947.307
947.776
948.244
948.713
949.182
949.411
949.640
949.869
950.098
950.327
950.556
950.785
951.014
951.243
951.472
951.701
951.930
952.160
952.389
952.618
952.847
953.076
953.295
953.409
953.524
953.638
953.753
953.867
953.982
954.096
954.211
954.325
954.440
954.554
954.669
954.783
954.897
955.012
957.190
957.640
958.091
958.541
958.992
959.442
959.893
960.343
960.794
961.244
961.695
962.145
962.596
963.046
963.497
963.947
964.398
964.848
965.299
965.749
966.200
966.650
967.101
967.551
968.002
968.452
968.903
969.353
969.804
972.159
972.628
973.096
973.564
974.033
974.501
974.970
975.438
975.907
976.375
976.844
977.312
977.780
978.249
978.717
979.186
979.654
980.123
980.591
981.060
981.528
981.996
982.465
982.933
983.402
983.870
984.339
984.807
987.151
987.621
988.091
988.560
989.030
989.500
989.969
990.439
990.909
991.378
991.848
992.318
992.787
993.257
993.727
994.196
994.666
995.136
995.605
996.075
996.545
997.014
997.484
997.954
998.423
998.893
999.362
999.832
1002.201
1002.670
1003.138
1003.606
1004.075
1004.543
1005.011
1005.480
1005.948
1006.416
1006.885
1007.353
1007.821
1008.290
1008.758
1009.226
1009.695
1010.163
1010.632
1011.100
1011.568
1012.037
1012.505
1012.973
1013.442
1013.910
1014.378
1014.847
1015.315
1015.783
1016.252
1016.720
1017.188
1017.657
1018.125
1018.593
1019.062
1019.530
1019.999
1020.467
1020.935
1021.404
1021.872
1022.340
1022.809
1023.277
1023.745
1024.214
1024.682
1025.150
1025.619
1026.087
1026.555
1027.024
1027.492
1027.960
1028.429
1028.897
1029.366
1029.834
1030.302
1030.771
1031.239
1031.707
1081.334
1081.862
1082.390
1082.917
1083.445
1083.973
1084.501
1085.029
1085.557
1086.085
1086.613
1087.141
1087.668
1088.196
1088.724
1089.252
1089.780
1090.308
1090.836
1091.364
1091.892
1092.419
1092.947
1093.475
1094.003
1094.531
1095.059
1095.587
1096.115
1096.643
1097.170
1097.698
1098.226
1098.754
1099.282
1099.810
1100.338
1100.865
1101.391
1101.917
1102.442
1102.966
1103.489
1104.011
1104.533
1105.055
1105.575
1106.095
1106.614
1107.132
1107.649
1108.166
1108.682
1109.198
1109.712
1110.226
1110.739
1111.252
1111.763
1112.274
1112.785
1113.294
1113.803
1114.311
1114.819
1115.325
1115.831
1116.336
1116.841
1117.345
1117.848
1118.350
1118.851
1119.352
1119.852
1120.352
1120.850
1121.348
1121.846
1122.342
1122.838
1123.333
1123.827
1124.321
1124.814
1125.306
1125.797
1126.288
1126.778
1127.267
1127.756
1128.244
1128.731
1129.217
1129.703
1130.188
1130.672
1131.155
1131.638
1132.120
1132.601
1133.082
1133.562
1134.041
1134.519
1134.997
1135.474
1135.950
1136.426
1136.900
1137.374
1137.848
1138.320
1138.792
1139.263
1139.734
1140.203
1140.672
1141.141
1141.608
1142.075
1142.541
1143.006
1143.471
1143.935
1144.398
1144.860
1145.322
1145.783
1146.243
1146.703
1147.162
1147.620
1148.077
1148.534
1148.990
1149.445
1149.899
1150.353
1150.806
1151.259
1151.710
1152.161
1152.611
1153.060
1153.509
1153.957
1154.404
1154.851
1155.297
1155.742
1156.186
1156.630
1157.072
1157.515
1157.956
1158.397
1158.837
1159.276
1159.714
1160.152
1160.589
1161.026
1161.461
1161.896
1162.330
1162.764
1163.197
1163.629
1164.060
1164.490
1164.920
1165.349
1165.778
1166.205
1166.632
1167.059
1167.484
1167.909
1168.333
1168.756
1169.179
1169.601
1170.022
1170.442
1170.862
1171.281
1171.699
1172.117
1172.533
1172.949
1173.365
1173.779
1174.193
1174.606
1175.019
1175.431
1175.842
1176.252
1176.661
1177.070
1177.478
1177.886
1178.292
1178.698
1179.103
1179.508
1179.912
1180.315
1180.717
1181.118
1181.519
1181.919
1182.319
1182.717
1183.115
1183.513
1183.909
1184.305
1184.700
1185.094
1185.488
1185.881
1186.273
1186.664
1187.055
1187.445
1187.834
1188.223
1188.611
1188.998
1189.384
1189.770
1190.154
1190.539
1190.922
1191.305
1191.687
1192.068
1192.449
1192.828
1193.208
1193.586
1193.964
1194.341
1194.717
1195.092
1195.467
1195.841
1196.214
1196.587
1196.959
1197.330
1197.700
1198.070
1198.439
1198.807
1199.175
1199.541
1199.907
1200.273
1200.637
1201.001
1201.364
1201.727
1202.089
1202.450
1202.810
1203.169
1203.528
1203.886
1204.244
1204.600
1204.956
1205.311
1205.666
1206.020
1206.373
1206.725
1207.076
1207.427
1207.777
1208.127
1208.475
1208.823
1209.171
1209.517
1209.863
1210.208
1210.552
1210.896
1211.239
1211.581
1211.922
1212.263
1212.603
1212.942
1213.281
1213.618
1213.956
1214.292
1214.628
1214.962
1215.297
1215.630
1215.963
1216.295
1216.626
1216.957
1217.286
1217.615
1217.944
1218.272
1218.598
1218.925
1219.250
1219.575
1219.899
1220.222
1220.545
1220.867
1221.188
1221.508
1221.828
1222.147
1222.465
1222.782
1223.099
1223.415
1223.731
1224.045
1224.359
1224.672
1224.985
1225.296
1225.607
1225.918
1226.227
1226.536
1226.844
1227.151
1227.458
1227.764
1228.069
1228.374
1228.677
1228.980
1229.283
1229.584
1229.885
1230.185
1230.485
1230.783
1231.081
1231.378
1231.675
1231.971
1232.266
1232.560
1232.854
1233.146
1233.439
1233.730
1234.021
1234.311
1234.600
1234.888
1235.176
1235.463
1235.750
1236.035
1236.320
1236.604
1236.888
1237.170
1237.452
1237.734
1238.014
1238.294
1238.573
1238.851
1239.129
1239.406
1239.682
1239.958
1240.232
1240.506
1240.780
1241.052
1241.324
1241.595
1241.866
1242.135
1242.404
1242.673
1242.940
1243.207
1243.473
1243.738
1244.003
1244.267
1244.530
1244.792
1245.054
1245.315
1245.575
1245.835
1246.093
1246.352
1246.609
1246.866
1247.121
1247.377
1247.631
1247.885
1248.138
1248.390
1248.642
1248.892
1249.143
1249.392
1249.641
1249.889
1250.136
1250.382
1250.628
1250.873
1251.117
1251.361
1251.604
1251.846
1252.087
1252.328
1252.568
1252.807
1253.046
1253.284
1253.521
1253.757
1253.993
1254.227
1254.462
1254.695
1254.928
1255.160
1255.391
1255.622
1255.851
1256.080
1256.309
1256.536
1256.763
1256.990
1257.215
1257.440
1257.664
1257.887
1258.110
1258.331
1258.553
1258.773
1258.993
1259.212
1259.430
1259.647
1259.864
1260.080
1260.295
1260.510
1260.724
1260.937
1261.149
1261.361
1261.572
1261.782
1261.992
1262.201
1262.409
1262.616
1262.823
1263.029
1263.234
1263.438
1263.642
1263.845
1264.047
1264.249
1264.450
1264.650
1264.849
1265.048
1265.246
1265.443
1265.639
1265.835
1266.030
1266.224
1266.418
1266.611
1266.803
1266.994
1266.995
1267.186
1267.378
1267.569
1267.760
1267.951
1268.143
1268.334
1268.525
1268.716
1268.908
1269.099
1269.290
1269.481
1269.673
1269.864
1270.055
1270.246
1270.438
1270.629
1270.820
1271.011
1271.203
1271.394
1271.585
1271.776
1271.968
1272.159
1272.350
1272.542
1272.733
1272.924
1273.115
1273.307
1273.498
1273.689
1273.880
1274.072
1274.263
1274.454
1274.645
1274.837
1275.028
1275.219
1275.410
1275.602
1275.793
1275.984
1276.175
1276.367
1276.558
1276.749
1276.940
1277.132
1277.323
1277.514
1277.705
1277.897
1278.088
1278.279
1278.471
1278.662
1278.853
1279.044
1279.236
1279.427
1279.618
1279.809
1280.001
1280.192
1280.383
1280.574
1280.766
1280.957
1281.148
1281.339
1281.531
1281.722
1281.913
1282.104
1282.296
1282.487
1282.678
1282.869
1283.061
1283.252
1283.443
1283.635
1283.826
1284.017
1284.208
1284.400
1284.591
1284.782
1284.973
1285.165
1285.356
1285.547
1285.738
1285.930
1286.121
1286.312
1286.503
1286.695
1286.886
1287.077
1287.268
1287.460
1287.651
1287.842
1288.033
1288.225
1288.416
1288.607
1288.798
1288.990
1289.181
1289.372
1289.564
1289.755
1289.946
1290.137
1290.329
1290.520
1290.711
1290.902
1291.094
1291.285
1291.476
1291.667
1291.859
1292.050
1292.241
1292.432
1292.624
1292.815
1293.006
1293.197
1293.389
1293.580
1293.771
1293.962
1294.154
1294.345
1294.536
1294.728
1294.919
1295.110
1295.301
1295.493
1295.684
1295.875
1296.066
1296.258
1296.449
1296.640
1296.831
1297.023
1297.214
1297.405
1297.596
1297.788
1297.979
1298.170
1298.361
1298.553
1298.744
1298.935
1299.126
1299.318
1299.509
1299.700
1299.891
1300.083
1300.274
1300.465
1300.657
1300.848
1301.039
1301.230
1301.422
1301.613
1301.804
1301.995
1302.187
1302.378
1302.569
1302.760
1302.952
1303.143
1303.462
1303.781
1304.101
1304.420
1304.739
1305.058
1305.377
1305.697
1306.016
1306.335
1306.654
1306.974
1307.293
1307.612
1307.931
1308.250
1308.570
1308.889
1309.208
1309.527
1309.846
1310.166
1310.485
1310.804
1311.123
1311.443
1311.762
1312.081
1312.400
1312.719
1313.039
1313.358
1313.677
1313.996
1314.316
1314.635
1314.954
1315.273
1315.592
1315.912
1316.231
1316.550
1316.869
1317.188
1317.508
1317.827
1318.146
1318.465
1318.785
1319.104
1319.423
1319.742
1320.061
1320.381
1320.700
1321.019
1321.338
1321.658
1321.977
1322.296
1322.615
1322.934
1323.254
1323.573
1323.892
1324.211
1324.531
1324.850
1325.169
1325.488
1325.807
1326.127
