74.600
75.373
76.145
76.918
77.690
78.463
79.235
80.008
80.780
81.553
82.325
83.098
83.871
84.643
85.416
86.188
86.961
87.733
87.927
88.507
89.281
89.474
90.055
90.829
91.022
91.602
92.376
92.570
93.150
93.924
94.117
94.698
95.471
95.665
96.245
97.019
97.212
97.793
98.567
98.958
99.350
99.742
100.133
100.327
100.520
100.907
101.294
101.681
101.874
102.068
102.455
102.842
103.229
103.422
103.615
104.002
104.389
104.776
104.970
105.163
105.550
105.937
106.324
106.517
106.711
107.098
107.485
107.871
108.065
108.258
108.645
109.032
109.419
109.612
109.806
110.193
110.580
110.967
111.160
111.354
111.740
112.127
112.514
112.708
112.901
113.288
113.675
114.062
114.255
114.449
114.836
115.223
115.610
115.803
115.996
116.383
116.770
117.157
117.351
117.544
117.931
118.318
118.705
118.898
119.092
119.479
119.865
120.252
120.446
120.639
121.026
121.413
121.800
123.733
123.927
124.121
124.314
124.508
124.702
124.896
125.089
125.283
125.477
125.670
125.864
126.058
126.252
126.445
126.639
126.833
127.026
127.220
127.414
127.607
127.801
127.995
128.189
128.382
128.576
128.770
128.963
129.157
129.351
129.545
129.738
129.932
130.126
130.319
130.513
130.707
130.900
131.094
131.288
131.482
131.675
131.869
132.063
132.256
132.450
132.644
132.838
133.031
133.225
133.419
133.612
133.806
134.000
134.194
134.387
134.581
134.775
134.968
135.162
135.356
135.549
135.743
135.937
136.131
136.324
136.518
136.712
136.905
137.099
137.293
137.487
137.680
137.874
138.068
138.261
138.455
138.649
138.842
139.036
139.230
139.424
139.617
139.811
140.005
140.198
140.392
140.586
140.780
140.973
141.167
141.361
141.554
141.748
141.942
142.136
142.329
142.523
142.717
142.910
143.104
143.298
143.491
143.685
143.879
144.073
144.266
144.460
144.654
144.847
145.041
145.235
145.429
145.622
145.816
146.010
146.203
146.397
146.591
146.784
146.978
147.172
147.366
147.559
147.753
147.947
148.140
148.334
148.528
148.722
148.915
149.109
149.303
149.496
149.690
149.884
150.077
150.271
150.465
150.659
150.852
151.046
151.240
151.433
151.627
151.821
152.015
152.208
152.402
152.596
152.789
152.983
153.177
153.371
153.564
153.758
153.952
154.145
154.339
154.533
154.726
154.920
155.114
155.308
155.501
155.695
155.889
156.082
156.276
156.470
156.664
156.857
157.051
157.245
157.438
157.632
157.826
158.019
158.213
158.407
158.601
158.794
158.988
159.182
159.375
159.569
159.763
159.957
160.150
160.344
160.538
160.731
160.925
161.119
161.313
161.506
161.700
161.894
162.087
162.281
162.475
162.668
162.862
163.056
163.250
163.443
163.637
163.831
164.024
164.218
164.412
164.606
164.799
164.993
165.187
165.380
165.574
165.768
165.961
166.155
166.349
166.543
166.736
166.930
167.124
167.220
167.317
167.413
167.510
167.606
167.703
167.799
167.896
167.992
168.089
168.185
168.282
168.378
168.475
168.571
168.668
168.764
168.861
168.957
169.054
169.150
169.247
169.343
169.440
169.536
169.633
169.729
169.826
169.923
170.019
170.116
170.212
170.309
170.405
170.502
170.598
170.695
170.791
170.888
170.984
171.081
171.177
171.274
171.370
171.467
180.100
180.568
181.036
181.503
181.971
182.439
182.907
183.374
183.842
184.310
184.778
185.246
185.713
186.181
186.649
187.117
187.584
188.052
188.520
188.988
189.456
189.923
190.391
190.859
191.327
191.794
192.262
192.730
193.198
193.666
194.133
195.067
195.533
196.000
196.467
196.701
196.936
197.405
197.875
198.344
198.579
198.813
199.283
199.752
200.221
200.456
200.691
201.160
201.629
202.099
202.333
202.568
203.037
203.507
203.976
204.211
204.445
204.915
205.384
205.853
206.088
206.323
206.792
207.261
207.731
207.965
208.200
209.141
210.081
211.022
211.963
212.904
213.844
214.785
215.726
216.667
217.600
218.067
218.301
218.536
219.005
219.474
219.944
220.178
220.413
220.882
221.351
221.821
222.055
222.290
222.759
223.228
223.697
223.932
224.167
225.100
225.569
226.038
226.507
226.976
227.444
227.913
228.382
228.851
229.320
229.789
230.258
230.727
231.196
231.664
232.133
232.602
233.071
233.540
234.009
234.478
234.947
235.416
235.884
236.353
236.822
237.291
237.760
238.229
238.698
239.167
240.100
240.334
240.569
240.803
241.038
241.272
241.506
241.741
241.975
242.210
242.444
242.678
242.913
243.147
243.382
243.616
243.851
244.085
244.319
244.554
244.788
245.023
245.257
245.491
245.726
245.960
246.195
246.429
246.663
246.898
247.132
247.367
247.700
247.817
247.933
248.050
248.167
248.283
248.400
248.517
248.633
248.750
248.867
248.983
249.100
249.217
249.333
249.450
249.567
249.683
249.800
249.917
250.033
250.150
250.267
250.383
250.500
250.617
250.733
250.850
250.967
251.083
251.200
251.317
251.433
251.550
251.667
251.783
251.900
252.017
252.133
252.250
252.367
252.483
252.600
252.717
252.833
252.950
253.067
255.067
255.537
256.007
256.477
256.947
257.417
257.887
258.357
258.828
259.298
259.768
260.238
260.708
261.178
261.648
262.118
262.589
263.059
263.529
263.999
264.469
264.939
265.409
265.879
266.349
266.820
267.290
267.760
268.230
268.700
270.100
270.567
270.801
271.035
271.503
271.971
272.439
272.673
272.907
273.375
273.843
274.312
274.546
274.780
275.248
275.716
276.184
276.418
276.652
277.120
277.588
278.057
278.291
278.525
278.993
279.461
279.929
280.163
280.397
280.865
281.333
281.801
282.036
282.270
282.738
283.206
283.674
283.908
284.142
284.610
285.078
285.546
285.780
286.014
286.483
286.951
287.419
287.653
287.887
288.355
288.823
289.291
289.525
289.759
290.228
290.696
291.164
291.398
291.632
292.100
292.800
293.034
293.269
293.503
293.738
293.972
294.206
294.441
294.675
294.910
295.144
295.378
295.613
295.847
296.082
296.316
296.551
296.785
297.019
297.254
297.488
297.723
297.957
298.191
298.426
298.660
298.895
299.129
299.363
299.598
299.832
300.067
301.033
301.971
302.910
303.848
304.786
305.724
306.662
307.600
307.833
308.067
308.300
308.533
308.767
309.000
309.233
309.467
309.700
309.933
310.167
310.400
310.633
310.867
311.100
311.433
311.551
311.669
311.787
311.904
312.022
312.140
312.258
312.376
312.493
312.611
312.729
312.847
312.964
313.082
313.200
315.100
315.568
316.036
316.503
316.971
317.439
317.907
318.374
318.842
319.310
319.778
320.246
320.713
321.181
321.649
322.117
322.584
323.052
323.520
323.988
324.456
324.923
325.391
325.859
326.327
326.794
327.262
327.730
328.198
328.666
329.133
330.067
330.537
331.008
331.479
331.950
332.421
332.892
333.362
333.833
334.304
334.775
335.246
335.717
336.187
336.658
337.129
337.600
338.067
338.301
338.536
338.770
339.004
339.239
339.473
339.708
339.942
340.177
340.411
340.646
340.880
341.114
341.349
341.583
341.818
342.052
342.287
342.521
342.756
342.990
343.224
343.459
343.693
343.928
344.162
344.397
344.631
344.866
345.100
345.533
346.002
346.471
346.940
347.409
347.878
348.347
348.816
349.285
349.754
350.223
350.692
351.161
351.630
352.099
352.568
353.037
353.506
353.975
354.444
354.913
355.382
355.851
356.320
356.789
357.257
357.726
358.195
358.664
359.133
360.133
360.367
360.600
360.833
361.067
361.300
361.533
361.767
362.000
362.233
362.467
362.700
362.933
363.167
363.400
363.633
363.800
363.916
364.031
364.147
364.262
364.378
364.493
364.609
364.724
364.840
364.956
365.071
365.187
365.302
365.418
365.533
367.667
367.901
368.134
368.368
368.602
368.836
369.070
369.304
369.538
369.771
370.005
370.239
370.473
370.707
370.941
371.175
371.408
371.642
371.876
372.110
372.344
372.578
372.812
373.046
373.279
373.513
373.747
373.981
374.215
374.449
374.683
374.916
375.150
375.384
375.618
375.852
376.086
376.320
376.553
376.787
377.021
377.255
377.489
377.723
377.957
378.190
378.424
378.658
378.892
379.126
379.360
379.594
379.828
380.061
380.295
380.529
380.763
380.997
381.231
381.465
381.698
381.932
382.166
382.400
382.633
382.750
382.867
382.984
383.101
383.218
383.335
383.452
383.570
383.687
383.804
383.921
384.038
384.155
384.272
384.389
384.506
384.623
384.740
384.857
384.974
385.091
385.208
385.325
385.442
385.559
385.676
385.793
385.910
386.027
386.144
386.261
386.378
386.495
386.612
386.729
386.846
386.963
387.080
387.197
387.314
387.431
387.548
387.665
387.782
387.899
388.016
388.133
388.250
388.367
388.484
388.601
388.718
388.835
388.952
389.069
389.187
389.304
389.421
389.538
389.655
389.772
389.889
390.006
390.123
390.240
390.357
390.474
390.591
390.708
390.825
390.942
391.059
391.176
391.293
391.410
391.527
391.644
391.761
391.878
391.995
392.112
392.229
392.346
392.463
392.580
392.697
392.814
392.931
393.048
393.165
393.282
393.399
393.516
393.633
393.867
394.102
394.337
394.573
394.808
395.044
395.279
395.515
395.750
395.985
396.221
396.456
396.692
396.927
397.162
397.398
397.633
398.100
398.569
399.039
399.508
399.977
400.446
400.916
401.385
401.854
402.324
402.793
403.262
403.732
404.201
404.670
405.139
405.609
406.078
406.547
407.017
407.486
407.955
408.425
408.894
409.363
409.832
410.302
410.771
411.240
411.710
412.179
412.648
413.118
413.587
414.056
414.525
414.995
415.464
415.933
423.597
424.068
424.538
425.008
425.478
425.948
426.419
426.889
427.359
427.829
428.299
428.770
429.240
429.710
430.180
430.650
431.121
431.591
432.061
432.531
433.001
433.472
433.942
434.412
434.882
435.353
435.823
436.293
436.763
437.233
438.167
438.635
438.870
439.104
439.339
439.573
440.042
440.510
440.745
440.979
441.214
441.448
441.917
442.385
442.620
442.854
443.089
443.323
443.792
444.260
444.495
444.729
444.964
445.198
445.667
446.135
446.370
446.604
446.839
447.073
447.542
448.010
448.245
448.479
448.714
448.948
449.417
449.885
450.120
450.354
450.589
450.823
451.292
451.760
451.995
452.229
452.464
452.698
453.167
454.100
455.033
455.967
456.900
457.833
458.767
459.700
460.633
461.103
461.573
462.043
462.512
462.982
463.452
463.922
464.392
464.861
465.331
465.801
466.271
466.741
467.210
467.680
468.150
468.620
469.090
469.559
470.029
470.499
470.969
471.439
471.908
472.378
472.848
473.318
473.787
474.257
474.727
475.197
475.667
475.900
476.133
476.367
476.600
476.833
477.067
477.300
477.533
477.767
478.000
478.233
478.467
478.700
478.933
479.167
479.400
479.518
479.635
479.753
479.871
479.989
480.106
480.224
480.342
480.459
480.577
480.695
480.812
480.930
481.048
481.166
481.283
481.401
481.519
481.636
481.754
481.872
481.990
482.107
482.225
482.343
482.460
482.578
482.696
482.814
482.931
483.049
483.167
483.633
484.101
484.569
485.037
485.505
485.973
486.441
486.909
487.377
487.844
488.312
488.780
489.248
489.716
490.184
490.652
491.120
491.588
492.056
492.523
492.991
493.459
493.927
494.395
494.863
495.331
495.799
496.267
496.500
496.733
496.967
497.200
497.433
497.667
497.900
498.133
498.600
498.836
499.071
499.307
499.542
499.778
500.013
500.484
500.720
500.955
501.191
501.426
501.662
501.897
502.368
502.604
502.839
503.075
503.310
503.546
503.781
504.252
504.488
504.723
504.959
505.194
505.430
505.665
506.136
506.372
506.607
506.843
507.078
507.314
507.549
508.020
508.256
508.491
508.727
508.962
509.198
509.433
510.333
511.267
512.233
512.701
513.169
513.636
514.104
514.572
515.039
515.507
515.975
516.442
516.910
517.377
517.845
518.313
518.780
519.248
519.716
520.183
520.651
521.119
521.586
522.054
522.522
522.989
523.457
523.925
524.392
524.860
525.327
525.795
526.263
526.730
527.198
527.666
528.133
528.369
528.604
528.840
529.075
529.310
529.546
529.781
530.017
530.252
530.487
530.723
530.958
531.194
531.429
531.665
531.900
532.135
532.371
532.606
532.842
533.077
533.312
533.548
533.783
534.019
534.254
534.490
534.725
534.960
535.196
535.431
535.667
535.902
536.137
536.373
536.608
536.844
537.079
537.315
537.550
537.785
538.021
538.256
538.492
538.727
538.962
539.198
539.433
540.367
541.300
542.233
543.167
543.635
544.104
544.573
545.041
545.510
545.979
546.447
546.916
547.385
547.854
548.322
548.791
549.260
549.728
550.197
550.666
551.134
551.603
552.072
552.540
553.009
553.478
553.946
554.415
554.884
555.353
555.821
556.290
556.759
557.227
557.696
558.165
558.633
558.868
559.102
559.337
559.571
560.040
560.509
560.743
560.977
561.212
561.446
561.915
562.384
562.618
562.853
563.087
563.322
563.790
564.259
564.494
564.728
564.962
565.197
565.666
566.134
566.369
566.603
566.838
567.072
567.541
568.010
568.244
568.478
568.713
568.947
569.416
569.885
570.119
570.354
570.588
570.823
571.291
571.760
571.995
572.229
572.463
572.698
573.167
574.100
575.038
575.976
576.914
577.852
578.790
579.729
580.667
581.135
581.604
582.542
583.010
583.479
584.417
584.885
585.354
586.292
586.760
587.229
588.167
588.633
589.100
589.567
590.033
590.500
590.967
591.433
591.900
592.367
592.833
593.300
593.767
594.233
594.700
595.167
595.402
595.637
595.873
596.108
596.343
596.578
596.814
597.049
597.284
597.520
597.755
597.990
598.225
598.461
598.696
598.931
599.167
599.402
599.637
599.873
600.108
600.343
600.578
600.814
601.049
601.284
601.520
601.755
601.990
602.225
602.461
602.696
602.931
603.167
603.284
603.401
603.518
603.635
603.753
603.870
603.987
604.104
604.221
604.339
604.456
604.573
604.690
604.807
604.924
605.042
605.159
605.276
605.393
605.510
605.628
605.745
605.862
605.979
606.096
606.214
606.331
606.448
606.565
606.682
606.799
606.917
607.034
607.151
607.268
607.385
607.503
607.620
607.737
607.854
607.971
608.089
608.206
608.323
608.440
608.557
608.674
608.792
608.909
609.026
609.143
609.260
609.378
609.495
609.612
609.729
609.846
609.964
610.081
610.198
610.315
610.432
610.549
610.667
610.900
611.133
611.367
611.600
611.833
612.067
612.300
612.533
613.000
613.233
613.467
613.700
613.933
614.167
614.400
614.867
615.102
615.338
615.574
615.810
616.045
616.281
616.517
616.752
616.988
617.224
617.460
617.695
617.931
618.167
618.635
619.103
619.571
620.039
620.507
620.975
621.443
621.911
622.379
622.847
623.315
623.783
624.251
624.719
625.187
625.656
626.124
626.592
627.060
627.528
627.996
628.464
628.932
629.400
630.333
631.267
632.200
633.133
633.604
633.840
634.075
634.310
634.546
635.017
635.487
635.723
635.958
636.194
636.429
636.900
637.371
637.606
637.842
638.077
638.312
638.783
639.254
639.490
639.725
639.960
640.196
640.667
640.901
641.135
641.370
641.604
641.839
642.073
642.308
642.542
642.776
643.011
643.245
643.480
643.714
643.948
644.183
644.417
644.652
644.886
645.120
645.355
645.589
645.824
646.058
646.292
646.527
646.761
646.996
647.230
647.465
647.699
647.933
648.267
648.384
648.501
648.618
648.735
648.853
648.970
649.087
649.204
649.321
649.439
649.556
649.673
649.790
649.907
650.025
650.142
650.259
650.376
650.493
650.611
650.728
650.845
650.962
651.079
651.196
651.314
651.431
651.548
651.665
651.782
651.900
652.017
652.134
652.251
652.368
652.486
652.603
652.720
652.837
652.954
653.072
653.189
653.306
653.423
653.540
653.658
653.775
653.892
654.009
654.126
654.244
654.361
654.478
654.595
654.712
654.829
654.947
655.064
655.181
655.298
655.415
655.533
655.650
655.767
655.884
656.001
656.119
656.236
656.353
656.470
656.587
656.705
656.822
656.939
657.056
657.173
657.291
657.408
657.525
657.642
657.759
657.876
657.994
658.111
658.228
658.345
658.462
658.580
658.697
658.814
658.931
659.048
659.166
659.283
659.400
660.433
661.367
662.300
663.133
663.600
664.067
664.533
664.768
665.003
665.474
665.944
666.414
666.649
666.884
667.354
667.824
668.294
668.529
668.764
669.234
669.705
670.175
670.410
670.645
671.115
671.585
672.055
672.290
672.525
672.995
673.466
673.936
674.171
674.406
674.876
675.346
675.816
676.051
676.286
676.756
677.226
677.697
677.932
678.167
687.300
687.533
687.767
688.233
688.700
688.933
689.167
689.400
689.633
690.100
690.567
690.800
691.033
691.267
691.500
691.967
692.433
692.667
692.900
693.133
693.367
693.833
694.300
694.533
694.800
695.000
695.233
695.700
696.167
696.400
696.667
696.900
697.133
697.600
698.067
698.300
698.533
698.767
699.000
699.467
699.933
700.167
700.400
700.633
700.900
701.367
701.833
702.067
702.300
702.533
702.767
703.233
703.700
703.933
704.167
704.400
704.633
705.100
705.567
705.833
706.067
706.300
706.533
707.000
707.467
707.700
707.933
708.167
708.400
708.867
709.333
709.567
709.800
710.033
710.267
710.733
711.200
711.433
711.667
711.900
712.133
712.600
713.067
713.300
713.533
713.767
714.000
714.467
714.933
715.167
715.433
715.667
715.900
716.833
717.300
717.767
718.233
718.467
719.167
719.400
719.633
719.867
720.100
720.333
720.567
721.033
721.500
721.967
722.200
722.900
723.133
723.367
723.600
723.833
724.067
724.300
724.800
725.233
725.700
725.933
726.667
726.900
727.133
727.367
727.600
727.833
728.067
728.533
729.000
729.467
729.700
729.933
730.400
730.867
731.333
731.800
732.267
732.733
733.200
733.667
734.200
734.633
735.133
735.367
735.600
736.067
736.533
737.000
737.467
737.700
737.933
738.400
738.867
739.333
739.800
740.033
740.267
740.733
741.200
741.667
742.133
742.367
742.600
743.067
743.567
744.000
744.467
744.700
744.933
745.433
745.900
746.367
746.833
747.067
747.300
748.933
750.833
752.700
754.100
754.567
756.433
758.300
760.167
761.600
762.067
762.300
763.200
764.100
765.033
765.967
766.933
767.867
768.833
769.767
770.700
771.633
772.567
773.500
774.433
775.367
776.300
777.300
777.534
777.769
778.237
778.472
778.706
779.175
779.409
779.644
780.112
780.347
780.581
781.050
781.284
781.519
781.987
782.222
782.456
782.925
783.159
783.394
783.862
784.097
784.331
784.800
785.034
785.269
785.737
785.972
786.206
786.675
786.909
787.144
787.612
787.847
788.081
788.550
788.784
789.019
789.487
789.722
789.956
790.425
790.659
790.894
791.362
791.597
791.831
792.300
792.534
792.769
793.237
793.472
793.706
794.175
794.409
794.644
795.112
795.347
795.581
796.050
796.284
796.519
796.987
797.222
797.456
797.925
798.159
798.394
798.862
799.097
799.331
799.800
800.034
800.269
800.737
800.972
801.206
801.675
801.909
802.144
802.612
802.847
803.081
803.550
803.784
804.019
804.487
804.722
804.956
805.425
805.659
805.894
806.362
806.597
806.831
807.300
807.534
807.769
808.003
808.237
808.472
808.706
808.940
809.175
809.409
809.643
809.878
810.112
810.346
810.580
810.815
811.049
811.283
811.518
811.752
811.986
812.221
812.455
812.689
812.924
813.158
813.392
813.627
813.861
814.095
814.330
814.564
814.798
815.033
815.267
815.501
815.736
815.970
816.204
816.438
816.673
816.907
817.141
817.376
817.610
817.844
818.079
818.313
818.547
818.782
819.016
819.250
819.485
819.719
819.953
820.188
820.422
820.656
820.891
821.125
821.359
821.594
821.828
822.062
822.296
822.531
822.765
822.999
823.234
823.468
823.702
823.937
824.171
824.405
824.640
824.874
825.108
825.343
825.577
825.811
826.046
826.280
826.514
826.749
826.983
827.217
827.452
827.686
827.920
828.154
828.389
828.623
828.857
829.092
829.326
829.560
829.795
830.029
830.263
830.498
830.732
830.966
831.201
831.435
831.669
831.904
832.138
832.372
832.607
832.841
833.075
833.310
833.544
833.778
834.012
834.247
834.481
834.715
834.950
835.184
835.418
835.653
835.887
836.121
836.356
836.590
836.824
837.059
837.293
837.527
837.762
837.996
838.230
838.465
838.699
838.933
839.168
839.402
839.636
839.870
840.105
840.339
840.573
840.808
841.042
841.276
841.511
841.745
841.979
842.214
842.448
842.682
842.917
843.151
843.385
843.620
843.854
844.088
844.323
844.557
844.791
845.026
845.260
845.494
845.728
845.963
846.197
846.431
846.666
846.900
847.134
847.369
847.603
847.837
848.072
848.306
848.540
848.775
849.009
849.243
849.478
849.712
849.946
850.181
850.415
850.649
850.884
851.118
851.352
851.586
851.821
852.055
852.289
852.524
852.758
852.992
853.227
853.461
853.695
853.930
854.164
854.398
854.633
854.867
855.101
855.336
855.570
855.804
856.039
856.273
856.507
856.742
856.976
857.210
857.445
857.679
857.913
858.147
858.382
858.616
858.850
859.085
859.319
859.553
859.788
860.022
860.256
860.491
860.725
860.959
861.194
861.428
861.662
861.897
862.131
862.365
862.600
862.834
863.068
863.303
863.537
863.771
864.005
864.240
864.474
864.708
864.943
865.177
865.411
865.646
865.880
866.114
866.349
866.583
866.817
867.052
867.286
867.520
867.755
867.989
868.223
868.458
868.692
868.926
869.161
869.395
869.629
869.863
870.098
870.332
870.566
870.801
871.035
871.269
871.504
871.738
871.972
872.207
872.441
872.675
872.910
873.144
873.378
873.613
873.847
874.081
874.316
874.550
874.784
875.019
875.253
875.487
875.721
875.956
876.190
876.424
876.659
876.893
877.127
877.362
877.596
877.830
878.065
878.299
878.533
879.000
879.467
879.933
880.167
880.433
880.667
880.900
881.133
881.367
881.833
882.300
882.767
883.233
883.700
883.933
884.167
884.400
884.633
884.867
885.100
885.567
886.033
886.500
886.967
887.433
887.667
887.900
888.133
888.367
888.600
888.833
889.300
889.800
890.267
890.733
891.200
891.667
892.133
892.600
893.067
893.533
894.000
894.467
894.933
895.400
895.867
896.333
896.800
897.267
897.733
898.200
898.667
899.167
899.633
900.100
905.833
906.167
906.533
906.867
907.200
907.567
907.900
908.233
908.567
908.933
909.267
909.600
909.967
910.300
910.633
910.967
911.133
911.300
911.667
912.000
912.333
912.700
913.033
913.367
913.700
914.067
914.400
914.733
915.100
915.433
915.604
915.775
915.946
916.117
916.287
916.458
916.629
916.800
917.133
917.500
917.833
918.167
918.500
918.833
919.200
919.533
919.867
920.233
920.567
920.900
921.233
921.600
921.933
922.100
922.267
922.633
922.967
923.300
923.633
924.000
924.333
924.667
925.000
925.367
925.700
926.033
927.767
928.108
928.449
928.790
929.131
929.472
929.813
930.154
930.495
930.836
931.177
931.518
931.859
932.200
932.567
932.738
932.910
933.081
933.253
933.425
933.596
933.768
933.940
934.111
934.283
934.454
934.626
934.798
934.969
935.141
935.312
935.484
935.656
935.827
935.999
936.170
936.342
936.514
936.685
936.857
937.028
937.200
938.767
939.100
939.267
939.433
939.767
940.133
940.467
940.633
940.800
941.133
941.500
941.833
942.167
942.500
942.867
943.200
943.567
943.867
944.233
944.567
944.733
944.900
945.267
945.600
945.933
946.100
946.267
946.633
946.967
947.300
947.667
948.000
948.333
948.667
949.033
949.367
949.700
950.067
950.233
950.400
950.733
951.067
951.433
951.600
951.767
952.100
952.433
952.777
952.948
953.120
953.292
953.463
953.807
954.150
954.322
954.493
954.665
954.837
955.180
955.523
955.695
955.867
956.038
956.210
956.553
956.897
957.068
957.240
957.412
957.583
957.927
958.270
958.442
958.613
958.785
958.957
959.300
959.833
960.333
960.667
961.000
961.367
961.700
962.033
962.367
962.733
963.067
963.400
963.767
964.100
964.433
964.767
965.133
965.467
965.800
966.167
966.500
966.833
967.167
967.533
967.900
968.233
968.600
968.933
969.267
969.600
969.967
970.300
970.633
970.967
971.333
971.667
971.838
972.009
972.180
972.351
972.522
972.693
973.035
973.206
973.377
973.548
973.719
973.890
974.061
974.403
974.574
974.745
974.916
975.087
975.258
975.429
975.771
975.942
976.113
976.284
976.455
976.626
976.797
977.139
977.310
977.481
977.652
977.823
977.994
978.165
978.507
978.678
978.849
979.020
979.191
979.362
979.533
979.867
980.233
980.567
980.900
981.267
982.633
982.975
983.146
983.317
983.658
984.000
984.342
984.512
984.683
985.025
985.367
985.708
985.879
986.050
986.392
986.733
987.075
987.246
987.417
987.758
988.100
988.442
988.612
988.783
989.125
989.467
989.808
989.979
990.150
990.492
990.833
991.175
991.346
991.517
991.858
992.200
992.542
992.712
992.883
993.225
993.567
993.739
993.911
994.083
994.256
994.428
994.600
994.772
994.944
995.117
995.289
995.461
995.633
995.806
995.978
996.150
996.322
996.494
996.667
996.839
997.011
997.183
997.356
997.528
997.700
997.872
998.044
998.217
998.389
998.561
998.733
998.906
999.078
999.250
999.422
999.594
999.767
999.939
1000.111
1000.283
1000.456
1000.628
1000.800
1000.972
1001.144
1001.317
1001.489
1001.661
1001.833
1002.006
1002.178
1002.350
1002.522
1002.694
1002.867
1004.567
1005.267
1005.933
1006.633
1007.333
1008.000
1008.667
1009.367
1010.067
1010.733
1011.433
1012.100
1012.800
1013.467
1014.167
1014.867
1015.533
1016.233
1016.900
1017.243
1017.586
1017.929
1018.271
1018.614
1018.957
1019.300
1019.643
1019.986
1020.329
1020.671
1021.014
1021.357
1021.700
1022.043
1022.386
1022.729
1023.071
1023.414
1023.757
1024.100
1024.443
1024.786
1025.129
1025.471
1025.814
1026.157
1026.500
1026.672
1026.843
1027.015
1027.186
1027.358
1027.530
1027.701
1027.873
1028.044
1028.216
1028.388
1028.559
1028.731
1028.902
1029.074
1029.246
1029.417
1029.589
1029.760
1029.932
1030.104
1030.275
1030.447
1030.619
1030.790
1030.962
1031.133
1031.305
1031.477
1031.648
1031.820
1031.991
1032.163
1032.335
1032.506
1032.678
1032.849
1033.021
1033.193
1033.364
1033.536
1033.707
1033.879
1034.051
1034.222
1034.394
1034.565
1034.737
1034.909
1035.080
1035.252
1035.423
1035.595
1035.767
1037.500
1037.671
1037.843
1038.185
1038.528
1038.871
1039.042
1039.214
1039.556
1039.899
1040.242
1040.413
1040.584
1040.927
1041.270
1041.612
1041.784
1041.955
1042.298
1042.641
1042.983
1043.155
1043.326
1043.669
1044.011
1044.354
1044.526
1044.697
1045.040
1045.382
1045.725
1045.896
1046.068
1046.410
1046.753
1047.096
1047.267
1047.439
1047.781
1048.124
1048.467
1048.637
1048.808
1048.979
1049.150
1049.492
1049.833
1050.004
1050.175
1050.517
1050.858
1051.200
1051.371
1051.542
1051.712
1051.883
1052.225
1052.567
1052.737
1052.908
1053.250
1053.592
1053.933
1054.104
1054.275
1054.446
1054.617
1054.958
1055.300
1055.471
1055.642
1055.983
1056.325
1056.667
1056.837
1057.008
1057.179
1057.350
1057.692
1058.033
1059.400
1059.572
1059.743
1059.915
1060.087
1060.259
1060.430
1060.602
1060.774
1060.946
1061.117
1061.289
1061.461
1061.632
1061.804
1061.976
1062.148
1062.319
1062.491
1062.663
1062.835
1063.006
1063.178
1063.350
1063.521
1063.693
1063.865
1064.037
1064.208
1064.380
1064.552
1064.724
1064.895
1065.067
1065.239
1065.410
1065.582
1065.754
1065.926
1066.097
1066.269
1066.441
1066.612
1066.784
1066.956
1067.128
1067.299
1067.471
1067.643
1067.815
1067.986
1068.158
1068.330
1068.501
1068.673
1068.845
1069.017
1069.188
1069.360
1069.532
1069.704
1069.875
1070.047
1070.219
1070.390
1070.562
1070.734
1070.906
1071.077
1071.249
1071.421
1071.593
1071.764
1071.936
1072.108
1072.279
1072.451
1072.623
1072.795
1072.966
1073.138
1073.310
1073.482
1073.653
1073.825
1073.997
1074.168
1074.340
1074.512
1074.684
1074.855
1075.027
1075.199
1075.371
1075.542
1075.714
1075.886
1076.057
1076.229
1076.401
1076.573
1076.744
1076.916
1077.088
1077.260
1077.431
1077.603
1077.775
1077.946
1078.118
1078.290
1078.462
1078.633
1078.967
1079.300
1079.667
1080.000
1085.067
1085.410
1085.753
1086.096
1086.439
1086.782
1087.125
1087.468
1087.811
1088.154
1088.497
1088.840
1089.183
1089.526
1089.869
1090.212
1090.555
1090.898
1091.241
1091.584
1091.927
1092.270
1092.613
1092.956
1093.299
1093.642
1093.985
1094.328
1094.671
1095.014
1095.357
1095.700
1096.033
1096.205
1096.377
1096.549
1096.721
1097.065
1097.237
1097.410
1097.754
1097.926
1098.098
1098.270
1098.442
1098.786
1098.958
1099.130
1099.474
1099.646
1099.818
1099.990
1100.162
1100.506
1100.678
1100.850
1101.194
1101.366
1101.538
1101.710
1101.882
1102.226
1102.398
1102.570
1102.914
1103.086
1103.258
1103.430
1103.602
1103.946
1104.118
1104.290
1104.635
1104.807
1104.979
1105.151
1105.323
1105.667
1107.033
1107.376
1107.719
1108.061
1108.404
1108.747
1109.090
1109.432
1109.775
1110.118
1110.460
1110.803
1111.146
1111.489
1111.831
1112.174
1112.517
1112.859
1113.202
1113.545
1113.887
1114.230
1114.573
1114.916
1115.258
1115.601
1115.944
1116.286
1116.629
1116.972
1117.315
1117.657
1118.000
1118.333
1118.504
1118.676
1119.018
1119.360
1119.703
1119.874
1120.045
1120.387
1120.729
1121.072
1121.243
1121.414
1121.756
1122.099
1122.441
1122.612
1122.783
1123.126
1123.468
1123.810
1123.981
1124.153
1124.495
1124.837
1125.179
1125.351
1125.522
1125.864
1126.206
1126.549
1126.720
1126.891
1127.233
1128.967
1129.138
1129.310
1129.653
1129.997
1130.340
1130.683
1131.027
1131.370
1131.713
1131.885
1132.057
1132.400
1132.743
1133.087
1133.430
1133.773
1134.117
1134.460
1134.632
1134.803
1135.147
1135.490
1135.833
1136.177
1136.520
1136.863
1137.207
1137.378
1137.550
1137.893
1138.237
1138.580
1138.923
1139.267
1139.967
1140.137
1140.308
1140.479
1140.650
1140.821
1141.333
1141.504
1141.675
1141.846
1142.017
1142.187
1142.700
1142.871
1143.042
1143.212
1143.383
1143.554
1144.067
1144.237
1144.408
1144.579
1144.750
1144.921
1145.433
1145.604
1145.775
1145.946
1146.117
1146.287
1146.800
1146.971
1147.142
1147.312
1147.483
1147.654
1148.167
1150.900
1151.267
1151.433
1151.600
1151.933
1152.300
1152.633
1152.800
1152.967
1153.300
1153.667
1153.833
1154.000
1154.167
1154.333
1154.500
1154.667
1156.400
1156.571
1156.742
1156.914
1157.085
1157.256
1157.427
1157.598
1157.770
1157.941
1158.112
1158.283
1158.455
1158.626
1158.797
1158.968
1159.139
1159.311
1159.482
1159.653
1159.824
1159.995
1160.167
1160.338
1160.509
1160.680
1160.852
1161.023
1161.194
1161.365
1161.536
1161.708
1161.879
1162.050
1162.221
1162.392
1162.564
1162.735
1162.906
1163.077
1163.248
1163.420
1163.591
1163.762
1163.933
1164.105
1164.276
1164.447
1164.618
1164.789
1164.961
1165.132
1165.303
1165.474
1165.645
1165.817
1165.988
1166.159
1166.330
1166.502
1166.673
1166.844
1167.015
1167.186
1167.358
1167.529
1167.700
1168.067
1168.400
1168.767
1168.933
1169.100
1169.433
1169.767
1170.133
1170.300
1170.467
1170.633
1170.800
1171.167
1171.500
1171.667
1171.833
1172.000
1172.167
1172.533
1172.867
1173.033
1173.200
1173.567
1173.900
1174.233
1174.400
1174.567
1174.933
1175.267
1175.600
1175.767
1175.967
1176.100
1176.300
1176.633
1176.967
1177.133
1177.300
1177.500
1177.667
1178.000
1178.343
1178.686
1179.029
1179.371
1179.714
1180.057
1180.400
1180.743
1181.086
1181.429
1181.771
1182.114
1182.457
1182.800
1183.143
1183.486
1183.829
1184.171
1184.514
1184.857
1185.200
1185.543
1185.886
1186.229
1186.571
1186.914
1187.257
1187.600
1187.943
1188.286
1188.629
1188.971
1189.314
1189.657
1190.000
1190.667
1191.009
1191.352
1192.036
1192.379
1192.721
1193.406
1193.748
1194.091
1194.776
1195.118
1195.461
1196.145
1196.488
1196.830
1197.515
1197.858
1198.200
1198.900
1199.567
1199.933
1200.267
1200.600
1201.333
1201.667
1202.000
1202.700
1203.033
1203.367
1204.067
1204.400
1204.767
1205.433
1205.767
1206.133
1206.800
1207.133
1207.500
1208.167
1208.533
1208.867
1209.533
1209.900
1210.233
1211.267
1211.600
1211.967
1212.300
1212.467
1212.633
1212.967
1213.300
1213.667
1213.833
1214.000
1214.333
1214.700
1215.033
1215.200
1215.367
1215.700
1216.067
1216.400
1216.567
1216.733
1217.100
1217.433
1217.767
1217.933
1218.100
1218.467
1218.800
1219.133
1219.300
1219.467
1219.833
1220.167
1220.500
1220.667
1220.833
1221.200
1221.533
1221.867
1222.033
1222.233
1222.567
1222.900
1223.233
1223.433
1223.600
1223.933
1224.267
1224.633
1224.800
1224.967
1225.300
1225.633
1226.000
1226.167
1226.333
1226.667
1227.000
1227.367
1227.533
1227.700
1228.033
1228.367
1228.733
1228.900
1229.067
1229.400
1229.767
1230.100
1230.267
1230.433
1230.767
1231.133
1233.167
1233.511
1233.856
1234.200
1234.544
1234.889
1235.233
1235.578
1235.922
1236.267
1236.611
1236.956
1237.300
1237.644
1237.989
1238.333
1238.678
1239.022
1239.367
1239.711
1240.056
1240.400
1240.744
1241.089
1241.433
1241.778
1242.122
1242.467
1242.811
1243.156
1243.500
1243.833
1244.004
1244.175
1244.517
1244.859
1245.201
1245.372
1245.543
1245.885
1246.227
1246.569
1246.740
1246.911
1247.253
1247.595
1247.937
1248.108
1248.278
1248.620
1248.962
1249.304
1249.475
1249.646
1249.988
1250.330
1250.672
1250.843
1251.014
1251.356
1251.698
1252.040
1252.211
1252.382
1252.724
1253.066
1253.408
1253.578
1253.749
1254.091
1254.433
1255.133
1255.305
1255.476
1255.648
1255.819
1256.162
1256.505
1256.677
1256.848
1257.019
1257.191
1257.534
1257.877
1258.048
1258.220
1258.391
1258.563
1258.906
1259.249
1259.420
1259.592
1259.763
1259.934
1260.277
1260.620
1260.792
1260.963
1261.135
1261.306
1261.649
1261.992
1262.164
1262.335
1262.506
1262.678
1263.021
1263.364
1263.535
1263.707
1263.878
1264.050
1264.393
1264.736
1264.907
1265.079
1265.250
1265.421
1265.764
1266.107
1266.279
1266.450
1266.622
1266.793
1267.136
1267.479
1267.651
1267.822
1267.994
1268.165
1268.508
1268.851
1269.022
1269.194
1269.365
1269.537
1269.880
1270.223
1270.394
1270.566
1270.737
1270.908
1271.251
1271.594
1271.766
1271.937
1272.109
1272.280
1272.623
1272.966
1273.138
1273.309
1273.481
1273.652
1273.995
1274.338
1274.509
1274.681
1274.852
1275.024
1275.367
1277.100
1277.271
1277.442
1277.613
1277.785
1277.956
1278.127
1278.298
1278.469
1278.640
1278.811
1278.982
1279.154
1279.325
1279.496
1279.667
1279.838
1280.009
1280.180
1280.351
1280.523
1280.694
1280.865
1281.036
1281.207
1281.378
1281.549
1281.720
1281.892
1282.063
1282.234
1282.405
1282.576
1282.747
1282.918
1283.090
1283.261
1283.432
1283.603
1283.774
1283.945
1284.116
1284.287
1284.459
1284.630
1284.801
1284.972
1285.143
1285.314
1285.485
1285.656
1285.828
1285.999
1286.170
1286.341
1286.512
1286.683
1286.854
1287.025
1287.197
1287.368
1287.539
1287.710
1287.881
1288.052
1288.223
1288.394
1288.566
1288.737
1288.908
1289.079
1289.250
1289.421
1289.592
1289.764
1289.935
1290.106
1290.277
1290.448
1290.619
1290.790
1290.961
1291.133
1291.304
1291.475
1291.646
1291.817
1291.988
1292.159
1292.330
1292.502
1292.673
1292.844
1293.015
1293.186
1293.357
1293.528
1293.699
1293.871
1294.042
1294.213
1294.384
1294.555
1294.726
1294.897
1295.069
1295.240
1295.411
1295.582
1295.753
1295.924
1296.095
1296.266
1296.438
1296.609
1296.780
1296.951
1297.122
1297.293
1297.464
1297.635
1297.807
1297.978
1298.149
1298.320
1298.491
1298.662
1298.833
1304.533
1304.867
1305.033
1305.200
1305.567
1305.900
1306.233
1306.567
1306.933
1307.100
1307.267
1307.600
1307.967
1308.300
1308.633
1308.967
1309.333
1309.667
1310.000
1310.367
1310.533
1310.700
1311.033
1311.367
1311.700
1312.067
1312.400
1312.733
1312.900
1313.267
1313.433
1313.600
1313.767
1314.100
1314.467
1314.800
1315.133
1320.967
1321.309
1321.480
1321.651
1321.992
1322.334
1322.676
1322.847
1323.018
1323.360
1323.702
1324.044
1324.215
1324.386
1324.728
1325.070
1325.412
1325.583
1325.754
1326.096
1326.438
1326.780
1326.951
1327.122
1327.463
1327.805
1328.147
1328.318
1328.489
1328.831
1329.173
1329.515
1329.686
1329.857
1330.199
1330.541
1330.883
1331.054
1331.225
1331.567
1332.600
1332.772
1332.944
1333.117
1333.289
1333.633
1333.978
1334.150
1334.322
1334.494
1334.667
1335.011
1335.356
1335.528
1335.700
1335.872
1336.044
1336.389
1336.733
1336.906
1337.078
1337.250
1337.422
1337.767
1338.111
1338.283
1338.456
1338.628
1338.800
1339.144
1339.489
1339.661
1339.833
1340.006
1340.178
1340.522
1340.867
1341.200
1342.933
1343.104
1343.276
1343.447
1343.618
1343.789
1343.960
1344.131
1344.302
1344.473
1344.644
1344.816
1344.987
1345.158
1345.329
1345.500
1345.671
1345.842
1346.013
1346.184
1346.356
1346.527
1346.698
1346.869
1347.040
1347.211
1347.382
1347.553
1347.724
1347.896
1348.067
1348.238
1348.409
1348.580
1348.751
1348.922
1349.093
1349.264
1349.436
1349.607
1349.778
1349.949
1350.120
1350.291
1350.462
1350.633
1350.804
1350.976
1351.147
1351.318
1351.489
1351.660
1351.831
1352.002
1352.173
1352.344
1352.516
1352.687
1352.858
1353.029
1353.200
1353.371
1353.542
1353.713
1353.884
1354.056
1354.227
1354.398
1354.569
1354.740
1354.911
1355.082
1355.253
1355.424
1355.596
1355.767
1355.938
1356.109
1356.280
1356.451
1356.622
1356.793
1356.964
1357.136
1357.307
1357.478
1357.649
1357.820
1357.991
1358.162
1358.333
1358.504
1358.676
1358.847
1359.018
1359.189
1359.360
1359.531
1359.702
1359.873
1360.044
1360.216
1360.387
1360.558
1360.729
1360.900
1361.071
1361.242
1361.413
1361.584
1361.756
1361.927
1362.098
1362.269
1362.440
1362.611
1362.782
1362.953
1363.124
1363.296
1363.467
1364.833
1365.177
1365.521
1365.865
1366.210
1366.554
1366.898
1367.242
1367.586
1367.930
1368.274
1368.618
1368.962
1369.306
1369.650
1369.994
1370.338
1370.682
1371.026
1371.370
1371.714
1372.058
1372.402
1372.746
1373.090
1373.435
1373.779
1374.123
1374.467
1374.637
1374.808
1374.979
1375.150
1375.321
1375.492
1375.662
1375.833
1376.175
1376.517
1376.859
1377.201
1377.543
1377.885
1378.227
1378.569
1378.911
1379.253
1379.595
1379.937
1380.279
1380.621
1380.963
1381.305
1381.647
1381.989
1382.331
1382.673
1383.015
1383.357
1383.699
1384.041
1384.383
1384.725
1385.067
1386.800
1387.143
1387.486
1387.829
1388.172
1388.515
1388.858
1389.201
1389.544
1389.886
1390.229
1390.572
1390.915
1391.258
1391.601
1391.944
1392.287
1392.630
1392.973
1393.316
1393.659
1394.002
1394.345
1394.688
1395.031
1395.373
1395.716
1396.059
1396.402
1396.745
1397.088
1397.431
1397.774
1398.117
1398.460
1398.803
1399.146
1399.489
1399.832
1400.175
1400.518
1400.860
1401.203
1401.546
1401.889
1402.232
1402.575
1402.918
1403.261
1403.604
1403.947
1404.290
1404.633
1404.976
1405.319
1405.662
1406.005
1406.347
1406.690
1407.033
1433.099
1433.568
1434.037
1434.506
1434.975
1435.444
1435.913
1436.382
1436.850
1437.319
1437.788
1438.257
1438.726
1439.195
1439.664
1440.133
1440.633
1440.867
1441.100
1441.333
1441.567
1441.800
1442.033
1442.267
1442.500
1442.733
1442.967
1443.200
1443.433
1443.667
1443.900
1444.133
1444.367
1444.833
1445.302
1445.771
1446.240
1446.710
1447.179
1447.648
1448.117
1448.586
1449.055
1449.524
1449.993
1450.462
1450.931
1451.400
1451.867
1452.100
1452.333
1452.567
1452.800
1453.033
1453.267
1453.500
1453.733
1453.967
1454.200
1454.433
1454.667
1454.900
1455.133
1455.367
1455.600
1456.067
1456.533
1457.000
1457.467
1457.933
1458.400
1458.867
1459.333
1459.800
1460.267
1460.733
1461.200
1461.667
1462.133
1462.600
1463.067
1463.567
1463.802
1464.037
1464.272
1464.506
1464.976
1465.446
1465.681
1465.916
1466.151
1466.386
1466.856
1467.326
1467.561
1467.796
1468.031
1468.266
1468.735
1469.205
1469.440
1469.675
1469.910
1470.145
1470.615
1471.085
1471.320
1471.555
1471.790
1472.025
1472.495
1472.965
1473.199
1473.434
1473.669
1473.904
1474.374
1474.844
1475.079
1475.314
1475.549
1475.784
1476.254
1476.724
1476.959
1477.194
1477.428
1477.663
1478.133
1478.602
1479.071
1479.539
1480.008
1480.477
1480.945
1481.414
1481.883
1482.352
1482.820
1483.289
1483.758
1484.226
1484.695
1485.164
1485.632
1486.101
1486.570
1487.038
1487.507
1487.976
1488.444
1488.913
1489.382
1489.851
1490.319
1490.788
1491.257
1491.725
1492.194
1492.663
1493.131
1493.600
1493.834
1494.068
1494.536
1494.770
1495.004
1495.471
1495.705
1495.939
1496.407
1496.641
1496.875
1497.343
1497.577
1497.811
1498.279
1498.512
1498.746
1499.214
1499.448
1499.682
1500.150
1500.384
1500.618
1501.086
1501.320
1501.554
1502.021
1502.255
1502.489
1502.957
1503.191
1503.425
1503.893
1504.127
1504.361
1504.829
1505.062
1505.296
1505.764
1505.998
1506.232
1506.700
1507.168
1507.637
1508.105
1508.574
1509.042
1509.511
1509.979
1510.447
1510.916
1511.384
1511.853
1512.321
1512.789
1513.258
1513.726
1514.195
1514.663
1515.132
1515.600
1515.835
1516.071
1516.306
1516.542
1516.777
1517.012
1517.248
1517.483
1517.719
1517.954
1518.190
1518.425
1518.660
1518.896
1519.131
1519.367
1519.484
1519.602
1519.720
1519.838
1519.956
1520.073
1520.191
1520.309
1520.427
1520.544
1520.662
1520.780
1520.898
1521.016
1521.133
1522.667
1523.109
1523.331
1523.552
1523.773
1523.995
1524.437
1524.880
1525.102
1525.323
1525.544
1525.766
1526.208
1526.651
1526.872
1527.094
1527.315
1527.536
1527.979
1528.422
1528.643
1528.865
1529.086
1529.307
1529.750
1530.193
1530.414
1530.635
1530.857
1531.078
1531.521
1531.964
1532.185
1532.406
1532.628
1532.849
1533.292
1533.734
1533.956
1534.177
1534.398
1534.620
1535.062
1535.505
1535.727
1535.948
1536.169
1536.391
1536.833
1537.267
1537.667
1537.888
1538.109
1538.551
1538.993
1539.435
1539.656
1539.877
1540.319
1540.760
1541.202
1541.423
1541.644
1542.086
1542.528
1542.970
1543.191
1543.412
1543.854
1544.296
1544.738
1544.959
1545.180
1545.622
1546.064
1546.506
1546.727
1546.948
1547.390
1547.832
1548.274
1548.495
1548.716
1549.158
1549.600
1554.267
1554.500
1554.733
1554.967
1555.200
1555.433
1555.667
1555.900
1556.133
1556.367
1556.600
1556.833
1557.067
1557.633
1558.100
1558.567
1559.033
1559.500
1559.967
1560.433
1560.900
1561.367
1561.833
1562.300
1562.767
1563.233
1563.700
1564.167
1564.633
1565.100
1565.567
1566.033
1566.500
1566.967
1567.433
1567.900
1568.367
1568.833
1569.300
1569.767
1570.233
1570.700
1571.167
1571.633
1572.100
1572.567
1572.801
1573.035
1573.269
1573.503
1573.971
1574.438
1574.672
1574.906
1575.140
1575.374
1575.842
1576.310
1576.544
1576.778
1577.012
1577.246
1577.714
1578.182
1578.416
1578.650
1578.884
1579.118
1579.586
1580.054
1580.288
1580.522
1580.756
1580.990
1581.458
1581.926
1582.160
1582.394
1582.628
1582.862
1583.329
1583.797
1584.031
1584.265
1584.499
1584.733
1587.067
1587.535
1588.004
1588.473
1588.942
1589.410
1589.879
1590.348
1590.817
1591.285
1591.754
1592.223
1592.692
1593.160
1593.629
1594.098
1594.567
1594.800
1595.033
1595.267
1595.500
1595.733
1595.967
1596.200
1596.433
1596.667
1596.900
1597.133
1597.367
1597.600
1597.833
1598.067
1598.300
1598.418
1598.536
1598.653
1598.771
1598.889
1599.007
1599.124
1599.242
1599.360
1599.478
1599.596
1599.713
1599.831
1599.949
1600.067
1602.100
1602.320
1602.541
1602.761
1602.981
1603.202
1603.422
1603.642
1603.862
1604.083
1604.303
1604.523
1604.744
1604.964
1605.184
1605.405
1605.625
1605.845
1606.066
1606.286
1606.506
1606.727
1606.947
1607.167
1607.387
1607.608
1607.828
1608.048
1608.269
1608.489
1608.709
1608.930
1609.150
1609.370
1609.591
1609.811
1610.031
1610.252
1610.472
1610.692
1610.912
1611.133
1611.353
1611.573
1611.794
1612.014
1612.234
1612.455
1612.675
1612.895
1613.116
1613.336
1613.556
1613.777
1613.997
1614.217
1614.437
1614.658
1614.878
1615.098
1615.319
1615.539
1615.759
1615.980
1616.200
1616.633
1616.854
1617.074
1617.294
1617.515
1617.956
1618.396
1618.617
1618.837
1619.057
1619.278
1619.719
1620.159
1620.380
1620.600
1620.820
1621.041
1621.481
1621.922
1622.143
1622.363
1622.583
1622.804
1623.244
1623.685
1623.906
1624.126
1624.346
1624.567
1625.007
1625.448
1625.669
1625.889
1626.109
1626.330
1626.770
1627.211
1627.431
1627.652
1627.872
1628.093
1628.533
1629.467
1630.300
1630.767
1631.200
1631.667
1632.067
1632.533
1632.967
1633.433
1633.833
1634.300
1634.700
1635.200
1635.600
1636.100
1636.533
1636.967
1637.400
1637.833
1638.333
1638.800
1639.200
1639.600
1640.067
1640.500
1640.900
1641.367
1641.833
1642.267
1642.733
1643.200
1643.633
1644.100
1644.500
1644.717
1644.933
1645.150
1645.367
1645.583
1645.800
1646.017
1646.233
1646.450
1646.667
1646.883
1647.100
1647.317
1647.533
1647.750
1647.967
1648.081
1648.196
1648.310
1648.425
1648.540
1648.654
1648.769
1648.883
1648.998
1649.112
1649.227
1649.342
1649.456
1649.571
1649.685
1649.800
1650.733
1651.533
1652.500
1653.500
1654.367
1655.300
1656.233
1657.033
1657.800
1658.567
1659.000
1659.433
1659.867
1660.300
1660.733
1661.167
1661.600
1662.033
1662.467
1662.900
1663.333
1663.767
1664.200
1664.633
1665.067
1665.633
1665.854
1666.075
1666.296
1666.517
1666.737
1666.958
1667.179
1667.400
1667.621
1667.842
1668.062
1668.283
1668.504
1668.725
1668.946
1669.167
1669.387
1669.608
1669.829
1670.050
1670.271
1670.492
1670.712
1670.933
1671.154
1671.375
1671.596
1671.817
1672.037
1672.258
1672.479
1672.700
1672.816
1672.932
1673.048
1673.164
1673.280
1673.395
1673.511
1673.627
1673.743
1673.859
1673.975
1674.091
1674.207
1674.323
1674.439
1674.555
1674.670
1674.786
1674.902
1675.018
1675.134
1675.250
1675.366
1675.482
1675.598
1675.714
1675.830
1675.945
1676.061
1676.177
1676.293
1676.409
1676.525
1676.641
1676.757
1676.873
1676.989
1677.105
1677.220
1677.336
1677.452
1677.568
1677.684
1677.800
1679.767
1679.988
1680.208
1680.429
1680.650
1680.871
1681.092
1681.313
1681.534
1681.755
1681.976
1682.196
1682.417
1682.638
1682.859
1683.080
1683.301
1683.522
1683.743
1683.964
1684.184
1684.405
1684.626
1684.847
1685.068
1685.289
1685.510
1685.731
1685.952
1686.172
1686.393
1686.614
1686.835
1687.056
1687.277
1687.498
1687.719
1687.940
1688.160
1688.381
1688.602
1688.823
1689.044
1689.265
1689.486
1689.707
1689.928
1690.148
1690.369
1690.590
1690.811
1691.032
1691.253
1691.474
1691.695
1691.916
1692.136
1692.357
1692.578
1692.799
1693.020
1693.241
1693.462
1693.683
1693.904
1694.124
1694.345
1694.566
1694.787
1695.008
1695.229
1695.450
1695.671
1695.892
1696.112
1696.333
1696.554
1696.775
1696.996
1697.217
1697.438
1697.659
1697.880
1698.100
1698.321
1698.542
1698.763
1698.984
1699.205
1699.426
1699.647
1699.868
1700.088
1700.309
1700.530
1700.751
1700.972
1701.193
1701.414
1701.635
1701.856
1702.076
1702.297
1702.518
1702.739
1702.960
1703.181
1703.402
1703.623
1703.844
1704.064
1704.285
1704.506
1704.727
1704.948
1705.169
1705.390
1705.611
1705.831
1706.052
1706.273
1706.494
1706.715
1706.936
1707.157
1707.378
1707.599
1707.819
1708.040
1708.261
1708.482
1708.703
1708.924
1709.145
1709.366
1709.587
1709.807
1710.028
1710.249
1710.470
1710.691
1710.912
1711.133
1711.354
1711.575
1711.795
1712.016
1712.237
1712.458
1712.679
1712.900
1713.121
1713.342
1713.563
1713.783
1714.004
1714.225
1714.446
1714.667
1714.888
1715.109
1715.330
1715.551
1715.771
1715.992
1716.213
1716.434
1716.655
1716.876
1717.097
1717.318
1717.539
1717.759
1717.980
1718.201
1718.422
1718.890
1719.355
1719.816
1720.274
1720.729
1721.181
1721.629
1722.074
1722.515
1722.954
1723.389
1723.820
1724.249
1724.674
1725.096
1725.514
1725.930
1726.342
1726.750
1727.156
1727.558
1727.956
1728.352
1728.744
1729.133
1729.518
1729.901
1730.280
1730.655
1731.028
1731.397
1731.763
1732.125
1732.484
1732.840
1733.193
1733.542
1733.888
1734.231
1734.570
1734.906
1735.239
1735.569
1735.895
1736.218
1736.537
1736.854
1737.167
1737.477
1737.783
1738.086
1738.386
1738.683
1738.976
1739.266
1739.552
1739.836
1740.116
1740.393
1740.666
1740.936
1741.203
1741.467
1741.727
1741.984
1742.238
1742.488
1742.735
1742.979
1743.220
1743.457
1743.691
1743.921
1744.149
1744.373
1744.593
1744.811
1745.025
1745.236
1745.443
1745.648
1745.849
1746.046
1746.241
1746.432
1746.619
1746.804
1746.985
1747.163
1747.333
1747.499
1747.665
1747.832
1747.998
1748.165
1748.331
1748.497
1748.664
1748.830
1748.997
1749.163
1749.329
1749.496
1749.662
1749.829
1749.995
1750.161
1750.328
1750.494
1750.661
1750.827
1750.993
1751.160
1751.326
1751.493
1751.659
1751.825
1751.992
1752.158
1752.325
1752.491
1752.657
1752.824
1752.990
1753.157
1753.323
1753.489
1753.656
1753.822
1753.989
1754.155
1754.321
1754.488
1754.654
1754.821
1754.987
1755.154
1755.320
1755.486
1755.653
1755.819
1755.986
1756.152
1756.318
1756.485
1756.651
1756.818
1756.984
1757.150
1757.317
1757.483
1757.650
1757.816
1757.982
1758.149
1758.315
1758.482
1758.648
1758.814
1758.981
1759.147
1759.314
1759.480
1759.646
1759.813
1759.979
1760.146
1760.312
1760.478
1760.645
1760.811
1760.978
1761.144
1761.310
1761.477
1761.643
1761.810
1761.976
1762.142
1762.309
1762.475
1762.642
1762.808
1762.974
1763.141
1763.307
1763.474
1763.640
1763.807
1763.973
1764.139
1764.306
1764.472
1764.639
1764.805
1764.971
1765.138
1765.304
1765.471
1765.637
1765.803
1765.970
1766.136
1766.303
1766.469
1766.635
1766.802
1766.968
1767.135
1767.301
1767.467
1767.634
1767.800
1767.967
1768.141
1768.322
1768.509
1768.701
1768.900
1769.104
1769.315
1769.532
1769.754
1769.983
1770.217
1770.458
1770.704
1770.956
1771.215
1771.479
1771.750
1772.026
1772.308
1772.597
1772.891
1773.191
1773.498
1773.810
1774.128
1774.452
1774.782
1775.119
1775.461
1775.809
