66.767
67.267
67.500
67.733
68.200
68.700
69.167
69.400
69.667
70.133
70.600
71.100
71.333
71.567
72.067
72.533
73.000
73.267
73.500
73.733
73.967
74.200
74.433
74.933
75.400
75.633
75.900
76.367
76.833
77.333
77.567
77.800
78.300
78.767
79.233
79.467
79.733
80.200
80.667
81.167
81.400
81.633
82.133
82.600
83.067
83.333
83.567
84.033
84.533
85.000
85.233
85.467
85.967
86.433
86.900
87.167
87.400
87.867
88.367
88.833
89.300
89.800
90.267
90.767
91.267
91.733
92.233
92.700
93.167
93.667
94.133
94.633
95.100
95.567
96.067
96.300
96.533
96.767
97.000
97.267
97.500
97.967
98.467
98.933
99.400
99.900
100.367
100.867
101.333
101.800
102.300
102.767
103.233
103.733
103.967
104.200
104.433
104.700
104.933
105.167
105.633
106.133
106.600
107.100
107.567
108.033
108.533
109.000
109.467
109.967
110.433
110.933
111.400
111.633
111.867
112.133
112.367
112.600
112.833
113.333
113.800
114.267
114.767
115.233
115.700
116.200
116.667
117.167
117.633
118.100
118.600
119.067
119.567
120.033
120.500
121.000
121.467
121.933
122.433
122.900
123.400
123.867
124.367
124.633
124.867
125.100
125.333
125.454
125.575
125.696
125.817
125.937
126.058
126.179
126.300
126.767
127.267
127.733
128.200
128.700
129.167
129.667
130.133
130.600
131.100
131.567
132.033
132.533
133.000
133.500
133.967
134.433
134.700
134.933
135.167
135.400
135.633
135.900
136.367
136.833
137.333
137.800
138.267
138.767
139.233
139.733
140.200
140.667
141.167
141.633
142.133
142.367
142.600
142.833
143.067
143.300
143.567
144.033
144.500
145.000
145.467
145.967
146.433
146.900
147.400
147.867
148.367
148.833
149.300
149.800
150.033
150.267
150.500
150.733
151.000
151.233
151.700
152.200
152.667
153.133
153.633
154.100
154.600
155.067
155.533
156.033
156.500
156.967
157.467
157.733
157.967
158.200
158.467
158.700
158.933
159.400
159.900
160.133
160.367
160.833
161.333
161.800
162.033
162.300
162.767
163.233
163.733
163.967
164.200
164.700
165.167
165.633
165.900
166.133
166.600
167.067
167.567
167.800
168.033
168.533
169.000
169.467
169.733
169.967
170.433
170.933
181.200
182.133
183.067
184.000
184.967
185.900
186.833
187.767
188.700
189.633
190.567
191.500
192.433
193.367
194.333
194.800
195.267
195.733
196.200
196.667
197.133
197.600
198.067
198.533
199.000
199.467
199.933
200.433
200.867
201.367
201.800
202.300
202.733
203.233
203.700
204.167
204.633
205.100
205.567
206.033
206.500
206.967
207.433
207.900
208.367
208.833
209.300
209.767
210.233
210.467
210.700
210.967
211.200
211.700
212.133
212.367
212.633
212.867
213.067
213.567
214.000
214.233
214.500
214.733
214.967
215.433
215.900
216.133
216.367
216.600
216.833
217.300
217.767
218.000
218.233
218.467
218.700
219.167
219.633
219.867
220.100
220.367
220.567
221.067
221.500
221.733
222.000
222.233
222.433
222.933
223.367
223.600
223.867
224.100
224.300
224.800
225.267
225.500
225.733
225.967
226.200
226.667
227.133
227.367
227.600
227.833
228.067
228.533
229.000
229.233
229.467
229.733
229.933
230.433
230.867
231.100
231.367
231.600
231.800
232.300
232.733
233.233
233.667
234.167
234.633
235.100
235.567
236.033
236.500
236.967
237.433
237.900
238.367
238.833
239.300
239.767
240.000
240.233
240.467
240.700
240.933
241.167
241.400
241.633
241.900
242.100
242.333
243.533
243.767
244.000
244.233
244.500
244.733
244.967
245.433
245.667
245.900
246.133
246.367
246.600
246.833
247.300
247.533
247.767
248.000
248.233
248.467
248.700
249.200
249.400
249.667
249.900
250.133
250.367
250.600
251.067
251.300
251.533
251.767
252.000
252.233
252.467
252.933
253.167
253.400
253.633
253.867
254.100
254.333
254.800
255.033
255.267
255.500
255.733
255.967
256.200
256.667
256.900
257.133
257.367
257.600
257.833
258.067
258.533
258.767
259.000
259.267
259.500
259.733
259.967
260.433
260.667
260.900
261.133
261.367
261.600
261.833
262.300
262.533
262.767
263.000
263.233
263.467
263.700
264.167
264.400
264.633
264.867
265.100
265.333
265.567
266.033
266.267
266.500
266.733
266.967
267.200
267.433
267.900
268.133
268.367
268.600
268.867
269.100
269.333
269.800
270.033
270.267
270.500
270.733
270.967
271.200
273.533
274.033
274.467
274.967
275.400
275.900
276.367
276.833
277.300
277.767
278.267
278.733
279.200
279.667
280.133
280.600
281.067
281.567
282.000
282.500
282.933
283.433
283.867
284.367
284.800
285.300
285.733
286.233
286.700
287.167
287.633
289.933
290.400
291.833
292.300
293.700
294.167
295.567
296.033
297.433
297.900
299.300
299.767
301.167
301.633
303.533
304.000
304.233
304.467
304.700
304.933
305.400
305.867
306.100
306.333
306.567
306.800
307.267
307.733
307.967
308.200
308.433
308.667
309.133
309.600
309.833
310.067
310.300
310.533
311.000
311.533
311.767
312.000
312.233
312.467
312.933
313.400
313.633
313.867
314.100
314.333
314.800
315.267
315.500
315.733
315.967
316.200
316.667
317.133
317.367
317.600
317.833
318.067
318.567
319.000
319.500
319.933
320.433
320.867
321.367
321.833
322.300
322.767
323.233
323.700
324.167
324.633
325.100
325.567
326.033
326.267
326.500
326.733
326.967
327.200
327.433
327.667
327.900
328.167
328.367
328.600
329.767
330.267
330.467
330.733
331.200
331.667
332.133
332.367
332.600
333.067
333.533
334.000
334.233
334.467
334.933
335.400
335.867
336.100
336.333
336.800
337.267
337.733
337.967
338.200
338.667
339.133
339.600
339.833
340.067
340.567
341.033
341.500
341.733
341.967
342.433
342.900
343.367
343.600
343.833
344.300
344.800
345.267
345.500
345.733
346.200
346.667
347.133
347.367
347.600
348.067
348.533
349.000
349.233
349.467
349.967
350.433
350.900
351.133
351.367
351.833
352.300
352.767
353.000
353.233
353.700
354.167
354.633
354.867
355.100
355.567
356.033
356.500
356.733
356.967
357.433
359.800
360.033
360.267
360.733
361.200
361.433
361.667
362.133
362.600
362.833
363.067
363.533
364.000
364.233
364.467
364.933
365.400
365.633
365.867
366.333
366.800
367.033
367.267
367.733
368.200
368.433
368.700
369.167
369.633
369.867
370.100
370.567
371.033
371.267
371.500
371.967
372.433
372.667
372.900
374.767
375.000
375.233
375.700
375.933
376.167
376.633
376.867
377.100
377.567
377.800
378.067
378.567
378.800
379.033
379.500
379.733
379.967
380.433
380.667
380.900
381.367
381.600
381.833
382.300
382.533
382.767
383.233
383.467
383.700
384.167
384.400
384.633
385.100
385.333
385.567
386.033
386.267
386.500
386.967
387.200
387.433
387.933
388.133
388.400
389.800
390.033
390.267
390.500
390.733
391.200
391.667
391.900
392.133
392.367
392.600
393.067
393.533
393.767
394.000
394.233
394.467
394.933
395.400
395.633
395.867
396.100
396.333
396.800
397.267
397.500
397.767
398.000
398.233
398.700
399.167
399.400
399.633
399.867
400.100
400.567
401.033
401.267
401.500
401.733
401.967
402.433
402.900
403.133
403.367
403.600
403.833
404.300
404.767
405.233
405.700
406.167
406.633
407.133
407.600
408.067
408.533
409.000
409.467
409.933
410.400
410.867
411.367
411.833
412.300
412.767
413.233
413.700
414.167
414.633
415.100
415.567
416.033
416.500
416.967
417.467
417.933
418.400
418.867
419.333
430.033
430.433
430.833
431.200
431.400
431.600
432.000
432.367
432.767
432.967
433.167
433.533
433.933
434.333
434.533
434.700
435.100
435.500
435.867
436.067
436.267
436.667
437.033
437.433
437.633
437.833
438.200
438.600
439.000
439.200
439.367
439.767
440.167
440.533
440.733
440.933
441.333
441.733
442.100
442.300
442.500
442.900
443.267
443.667
443.867
444.067
444.433
444.833
445.233
445.400
445.600
446.000
446.400
446.767
446.967
447.167
447.567
447.933
448.333
448.533
448.733
449.100
449.500
449.900
450.267
450.667
451.067
451.433
451.833
452.233
452.600
453.000
453.400
453.767
454.167
454.367
454.567
454.767
454.967
455.333
455.733
456.133
456.500
456.900
457.300
457.667
458.067
458.467
458.833
459.233
459.633
460.000
460.400
460.633
460.833
461.033
461.200
461.600
462.000
462.367
462.767
463.167
463.533
463.933
464.333
464.700
465.100
465.500
465.867
466.267
466.667
466.867
467.033
467.233
467.433
467.833
468.233
468.600
469.000
469.400
469.767
470.167
470.567
470.933
471.333
471.733
472.100
472.500
472.900
473.067
473.267
473.467
473.667
474.433
475.233
476.000
476.200
476.400
476.600
476.767
477.567
478.333
479.100
479.300
479.500
479.700
479.900
480.667
481.467
482.233
482.433
482.633
482.800
483.000
483.800
484.567
485.333
485.533
485.733
485.933
486.133
486.900
487.667
488.467
488.667
488.833
489.033
489.233
490.000
490.800
491.567
491.767
491.967
492.167
492.333
493.133
493.933
494.733
494.900
495.100
495.300
495.500
495.900
496.267
496.667
497.067
497.433
497.833
498.233
498.600
499.000
499.400
499.767
500.167
500.567
500.933
501.333
501.733
502.100
502.500
502.900
503.267
503.667
504.067
504.267
504.433
504.633
504.833
505.233
505.600
506.000
506.400
506.800
507.167
507.567
507.967
508.333
508.733
509.133
509.500
509.900
510.300
510.467
510.667
510.867
511.067
511.467
511.833
512.233
512.633
513.000
513.400
513.800
514.167
514.567
514.967
515.333
515.733
516.133
516.500
516.700
516.900
517.100
517.300
517.667
518.067
518.467
518.833
519.233
519.633
520.033
520.400
520.800
521.200
521.567
521.967
522.367
522.733
522.933
523.133
523.333
523.633
524.400
525.167
525.967
526.333
526.733
527.533
528.333
528.700
529.100
529.300
529.500
529.700
529.867
530.667
531.433
531.833
532.200
533.000
533.767
534.533
534.933
535.333
536.100
536.900
537.667
538.067
538.433
539.233
540.000
540.767
541.167
541.567
542.333
543.100
543.500
543.700
543.900
544.100
544.267
544.467
544.667
544.867
545.067
545.267
545.433
545.833
546.233
546.600
547.000
547.400
547.767
548.167
548.567
548.967
549.333
549.733
550.133
550.500
550.900
551.300
551.667
552.067
552.467
552.833
553.233
553.633
554.000
554.400
554.800
555.167
555.567
555.967
556.333
556.733
557.133
557.333
557.500
557.700
557.900
558.300
558.667
559.067
559.467
559.833
560.233
560.433
560.667
560.867
561.033
561.433
561.833
562.233
562.600
563.000
563.400
563.567
563.767
563.967
564.167
564.567
564.933
565.333
565.733
566.100
566.500
566.700
566.900
567.067
567.267
567.667
568.067
568.433
568.833
569.233
569.600
569.800
570.000
570.200
570.400
570.767
571.167
571.567
571.933
572.333
572.733
572.933
573.100
573.300
573.500
573.900
574.267
574.667
575.067
575.467
575.833
576.033
576.233
576.433
576.633
577.000
577.400
577.800
578.167
578.567
578.967
579.133
579.333
579.533
579.733
580.133
580.500
580.900
581.300
581.667
582.067
582.267
582.467
582.667
582.833
583.233
583.633
584.000
584.400
584.800
585.167
585.367
585.567
585.767
585.967
586.333
586.733
587.133
587.500
587.900
588.300
588.500
588.700
588.867
589.067
589.467
589.867
590.233
590.633
591.033
591.400
591.600
591.800
592.000
592.200
592.567
592.967
593.367
593.733
594.167
594.567
594.767
594.933
595.133
595.333
595.733
596.100
596.500
596.900
597.267
597.667
597.867
598.067
598.267
619.233
620.133
621.033
621.933
622.833
623.733
624.633
625.533
626.400
627.300
628.200
629.100
630.000
630.900
631.800
632.700
633.600
634.500
635.400
636.300
637.200
638.100
639.000
639.900
640.800
641.700
642.600
645.333
645.800
646.233
646.700
647.133
647.600
648.033
648.500
648.933
649.400
649.833
650.300
650.733
651.200
651.633
652.100
652.533
653.000
653.433
653.900
654.333
654.800
655.233
655.700
656.133
656.600
657.033
657.467
657.933
658.367
658.833
659.267
659.733
660.167
660.633
661.067
661.533
661.967
662.433
662.867
663.333
663.767
664.233
664.667
665.133
665.567
666.033
666.467
666.933
667.133
667.367
667.600
667.833
668.033
668.267
668.500
668.733
668.933
669.167
669.400
669.633
669.833
670.067
670.300
670.533
670.644
670.756
670.867
670.978
671.089
671.200
671.311
671.422
671.533
671.644
671.756
671.867
671.978
672.089
672.200
674.100
674.567
675.000
675.233
675.467
675.900
676.367
676.800
677.033
677.267
677.700
678.200
678.633
678.867
679.100
679.533
680.000
680.433
680.667
680.900
681.333
681.800
682.233
682.467
682.700
683.133
683.600
684.033
684.267
684.500
684.933
685.400
685.833
686.067
686.300
686.733
688.533
689.000
689.433
689.667
689.900
690.333
690.767
691.233
691.467
691.667
692.133
692.567
693.033
693.267
693.467
693.933
694.367
694.833
695.067
695.267
695.733
696.167
696.633
696.867
697.067
697.533
697.967
698.433
698.667
698.867
699.333
702.900
703.800
704.700
705.600
706.500
707.400
708.300
709.200
710.100
711.000
711.933
712.833
713.733
714.633
715.533
716.433
717.333
718.233
719.133
720.033
720.933
721.833
722.733
723.633
724.533
724.967
725.433
725.867
726.333
726.767
727.200
727.667
728.100
728.333
728.567
728.800
729.000
729.233
729.467
729.700
729.900
730.014
730.129
730.243
730.357
730.471
730.586
730.700
731.700
732.167
732.600
732.933
733.067
733.167
733.300
733.500
733.967
734.400
734.733
734.867
734.967
735.100
735.300
735.767
736.200
736.533
736.667
736.767
736.867
737.100
737.567
738.000
738.333
738.467
738.567
738.667
738.900
739.367
739.800
740.133
740.267
740.367
740.467
740.700
741.167
741.600
741.933
742.067
742.167
742.267
742.500
742.967
743.400
743.733
743.833
743.967
744.067
744.300
744.767
745.233
745.567
745.667
745.800
745.900
746.133
746.567
747.033
747.367
747.467
747.600
747.700
747.833
747.933
748.367
748.833
749.167
749.267
749.400
749.500
749.600
749.733
750.167
750.633
750.967
751.067
751.200
751.300
751.400
751.533
751.967
752.433
752.767
752.867
753.000
753.100
753.200
753.333
753.767
754.233
754.567
754.667
754.800
754.900
755.000
755.133
755.567
756.033
756.367
756.467
756.567
756.700
756.800
756.933
757.367
757.833
758.167
758.278
758.389
758.500
758.611
758.722
758.833
758.944
759.056
759.167
759.278
759.389
759.500
760.533
761.400
762.300
763.200
764.100
765.000
765.900
766.800
767.700
768.600
769.500
770.400
771.300
772.200
773.100
774.000
774.900
775.367
775.800
776.267
776.700
777.167
777.600
778.067
778.533
778.967
779.433
779.867
780.333
780.767
781.233
781.667
782.133
782.367
782.567
782.800
783.033
783.267
783.467
783.700
783.933
784.167
784.367
784.600
784.833
785.067
785.267
785.500
785.733
785.844
785.956
786.067
786.178
786.289
786.400
786.511
786.622
786.733
786.844
786.956
787.067
787.178
787.289
787.400
789.333
789.767
790.233
790.433
790.667
790.900
791.133
791.567
792.033
792.233
792.467
792.700
792.933
793.367
793.833
794.033
794.267
794.500
794.700
795.167
795.600
795.833
796.067
796.300
796.500
796.967
797.400
797.633
797.867
798.100
798.300
798.767
799.200
799.433
799.667
799.900
800.100
800.567
801.000
801.233
801.467
801.700
801.900
802.367
802.800
803.033
803.267
803.467
803.700
804.167
804.600
804.833
805.067
805.267
805.500
805.967
806.400
806.633
806.867
807.067
807.300
807.767
808.200
808.433
808.667
808.867
809.100
809.567
810.000
810.233
810.467
810.667
810.900
811.333
811.833
812.067
812.267
812.500
812.733
813.167
813.633
813.867
814.067
814.300
814.533
814.967
815.433
815.667
815.867
816.100
816.333
816.767
817.233
817.667
818.133
818.567
819.033
819.267
819.467
819.700
819.933
820.367
820.833
821.033
821.267
821.500
821.733
822.167
822.633
822.833
823.067
823.300
823.533
823.967
824.433
824.633
824.867
825.100
825.333
825.767
826.233
826.433
826.667
826.900
827.133
827.567
828.000
828.233
828.467
828.700
828.900
829.367
829.800
830.033
830.267
830.500
830.700
831.167
832.933
833.367
833.600
833.833
834.067
834.267
834.733
835.167
835.400
835.633
835.867
836.067
836.533
836.967
837.200
837.433
837.667
837.867
838.333
838.767
839.000
839.233
839.467
839.667
840.133
840.567
840.800
841.033
841.267
841.467
841.933
842.367
842.600
842.833
843.033
843.267
843.733
844.167
844.400
844.633
844.867
845.100
845.213
845.325
845.438
845.550
845.663
845.775
845.888
846.000
846.900
847.367
847.800
848.033
848.267
848.467
848.700
849.167
849.600
849.833
850.033
850.267
850.500
850.933
851.400
851.633
851.833
852.067
852.300
852.733
853.200
853.433
853.633
853.867
854.100
854.533
855.000
855.233
855.433
855.667
855.900
856.333
856.800
857.033
857.233
857.467
857.700
858.133
858.600
858.800
859.033
859.267
859.500
861.333
861.767
862.200
862.433
862.667
862.900
863.100
863.567
864.000
864.233
864.467
864.700
864.900
865.367
865.800
866.033
866.267
866.500
866.700
867.167
867.600
867.833
868.067
868.300
868.500
868.967
869.400
869.633
869.867
870.067
870.300
870.767
871.200
871.433
871.667
871.867
872.100
872.567
873.000
873.233
873.467
873.667
873.900
892.167
892.633
893.100
893.567
894.033
894.500
894.967
895.433
895.900
896.367
896.833
897.300
897.767
898.233
898.733
899.200
899.667
900.133
900.600
901.067
901.533
902.000
902.467
902.933
903.167
903.400
903.633
903.867
904.100
904.333
904.567
904.800
904.918
905.036
905.153
905.271
905.389
905.507
905.624
905.742
905.860
905.978
906.096
906.213
906.331
906.449
906.567
907.133
907.600
907.833
908.067
908.333
908.567
909.033
909.500
909.733
909.967
910.200
910.433
910.900
911.367
911.600
911.833
912.067
912.300
912.767
913.233
913.433
913.700
913.933
914.167
914.633
915.100
915.333
915.600
915.833
916.067
916.533
917.000
917.233
917.467
917.700
917.967
918.433
918.900
919.133
919.367
919.600
919.833
920.300
922.167
922.633
923.100
923.567
924.033
924.500
924.967
925.433
925.900
926.367
926.833
927.300
927.800
928.267
928.733
929.200
929.667
930.133
930.600
931.067
931.533
932.000
932.467
932.933
933.400
933.867
934.333
934.800
937.167
937.633
938.100
938.567
939.033
939.500
939.967
940.433
940.900
941.367
941.833
942.300
942.767
943.000
943.233
943.467
943.700
943.933
944.167
944.400
944.633
945.100
945.567
946.033
946.500
947.000
947.467
947.933
948.400
948.900
949.367
949.833
950.300
950.533
950.767
951.000
951.233
951.467
951.700
951.933
952.167
952.633
953.100
953.567
954.033
954.500
954.967
955.433
955.900
956.367
956.867
957.333
957.800
958.033
958.267
958.500
958.733
958.967
959.200
959.433
959.667
960.133
960.600
961.067
961.533
962.000
962.467
962.933
963.400
963.867
964.333
964.800
965.267
965.500
965.733
965.967
966.233
966.467
966.700
966.933
967.167
967.633
968.100
968.333
968.567
969.033
969.500
969.733
969.967
970.433
970.900
971.133
971.367
971.833
972.300
972.533
972.767
973.233
973.700
973.933
974.167
974.633
975.100
975.333
975.567
976.067
976.533
976.767
977.000
977.467
977.933
978.167
978.400
978.867
979.333
979.567
979.800
980.267
980.733
980.967
981.200
981.667
982.133
982.400
982.633
983.100
983.567
983.800
984.033
984.500
984.967
985.200
985.467
985.933
986.400
986.633
986.867
987.333
987.800
988.033
988.267
988.733
989.200
989.433
989.667
990.133
990.600
990.833
991.067
991.533
992.000
992.233
992.467
992.933
993.400
993.633
993.867
994.333
994.800
995.067
995.300
997.167
997.633
997.867
998.100
998.333
998.567
999.033
999.500
999.733
999.967
1000.200
1000.433
1000.900
1001.367
1001.600
1001.833
1002.067
1002.300
1002.767
1003.233
1003.467
1003.700
1003.933
1004.167
1004.667
1005.133
1005.367
1005.600
1005.833
1006.067
1006.533
1007.000
1007.233
1007.467
1007.700
1007.933
1008.400
1008.867
1009.100
1009.333
1009.567
1009.800
1010.267
1010.733
1010.967
1011.200
1011.433
1011.667
1012.133
1012.600
1012.833
1013.067
1013.300
1013.533
1014.000
1014.500
1014.733
1014.967
1015.200
1015.433
1015.933
1016.400
1016.633
1016.867
1017.100
1017.333
1017.800
1018.267
1018.500
1018.733
1018.967
1019.200
1019.667
1020.133
1020.367
1020.600
1020.833
1021.067
1021.533
1022.000
1022.233
1022.467
1022.700
1022.933
1023.400
1023.867
1024.133
1024.367
1024.600
1024.833
1025.300
1027.167
1027.633
1028.100
1028.567
1029.033
1029.500
1029.967
1030.433
1030.900
1031.367
1031.833
1032.300
1032.767
1033.000
1033.233
1033.467
1033.733
1033.967
1034.200
1034.433
1034.667
1035.133
1035.600
1036.067
1036.533
1037.000
1037.467
1037.933
1038.400
1038.867
1039.333
1039.800
1040.267
1040.500
1040.733
1040.967
1041.200
1041.433
1041.667
1041.900
1042.133
1042.600
1043.067
1043.567
1044.033
1044.500
1044.967
1045.433
1045.900
1046.367
1046.833
1047.300
1047.767
1048.000
1048.233
1048.467
1048.700
1048.967
1049.200
1049.433
1049.667
1050.133
1050.600
1051.067
1051.533
1052.000
1052.467
1052.967
1053.433
1053.900
1054.367
1054.833
1055.300
1055.533
1055.767
1056.000
1056.233
1056.467
1056.700
1056.933
1057.167
1057.633
1058.100
1058.567
1059.033
1059.500
1059.967
1060.433
1060.900
1061.367
1061.833
1062.300
1062.800
1063.267
1063.733
1064.200
1064.667
1077.733
1078.200
1078.667
1079.133
1079.600
1080.067
1080.567
1081.033
1081.500
1081.967
1082.433
1082.900
1083.367
1083.833
1084.300
1084.767
1085.233
1085.700
1086.167
1086.633
1087.100
1087.567
1088.033
1088.500
1088.967
1089.433
1089.933
1090.400
1090.867
1091.333
1091.800
1092.267
1092.733
1093.200
1093.433
1093.667
1093.900
1094.133
1094.367
1094.600
1094.833
1095.067
1095.300
1095.533
1095.767
1096.000
1096.233
1096.467
1096.700
1096.933
1097.167
1097.400
1097.633
1097.867
1098.100
1098.333
1098.567
1098.800
1099.033
1099.300
1099.533
1099.767
1100.700
1100.933
1101.167
1101.400
1101.633
1101.867
1102.100
1102.333
1102.567
1102.800
1103.033
1103.267
1103.500
1103.733
1103.967
1104.200
1104.433
1104.667
1104.900
1105.133
1105.367
1105.600
1105.867
1106.100
1106.333
1106.567
1106.800
1107.033
1107.267
1109.167
1110.100
1111.033
1111.967
1112.900
1113.833
1114.800
1115.733
1116.667
1117.600
1118.533
1119.467
1120.400
1121.333
1122.267
1123.167
1124.100
1125.067
1126.000
1126.933
1127.867
1128.800
1129.733
1130.667
1131.600
1132.533
1133.467
1134.433
1135.367
1137.733
1138.200
1138.667
1139.167
1139.633
1140.100
1140.567
1141.033
1141.500
1141.967
1142.433
1142.900
1143.367
1143.833
1144.300
1144.767
1145.233
1145.700
1146.167
1146.633
1147.133
1147.600
1148.067
1148.533
1149.000
1149.467
1149.933
1150.400
1150.867
1151.333
1151.800
1152.267
1152.733
1152.967
1153.200
1153.667
1153.900
1154.133
1154.600
1154.833
1155.067
1155.533
1155.767
1156.000
1156.500
1156.733
1156.967
1157.433
1157.667
1157.900
1158.367
1158.600
1158.833
1159.300
1159.533
1159.767
1160.233
1160.467
1160.700
1161.167
1161.400
1161.633
1162.100
1162.333
1162.567
1163.033
1163.267
1163.500
1163.967
1164.200
1164.433
1164.900
1165.133
1165.367
1165.867
1166.100
1166.333
1166.800
1167.033
1167.267
1167.733
1167.967
1168.200
1168.433
1168.667
1168.900
1169.133
1169.367
1169.600
1169.833
1170.067
1170.300
1170.533
1170.767
1171.000
1171.233
1171.467
1171.700
1171.933
1172.167
1172.433
1172.667
1172.900
1173.133
1173.367
1173.600
1173.833
1174.067
1174.300
1174.533
1174.767
1174.884
1175.002
1175.120
1175.237
1175.355
1175.473
1175.590
1175.708
1175.825
1175.943
1176.061
1176.178
1176.296
1176.414
1176.531
1176.649
1176.767
1176.884
1177.002
1177.120
1177.237
1177.355
1177.473
1177.590
1177.708
1177.825
1177.943
1178.061
1178.178
1178.296
1178.414
1178.531
1178.649
1178.767
1178.884
1179.002
1179.120
1179.237
1179.355
1179.473
1179.590
1179.708
1179.825
1179.943
1180.061
1180.178
1180.296
1180.414
1180.531
1180.649
1180.767
1182.733
1183.200
1183.667
1184.133
1184.600
1185.100
1185.567
1186.033
1186.500
1186.967
1187.433
1187.900
1188.367
1188.833
1189.300
1189.767
1190.233
1190.700
1191.167
1191.633
1192.100
1192.567
1193.033
1193.500
1193.967
1194.467
1194.933
1195.400
1195.867
1196.333
1196.800
1197.267
1197.733
1197.967
1198.200
1198.667
1198.900
1199.133
1199.600
1199.833
1200.067
1200.533
1200.767
1201.000
1201.467
1201.700
1201.933
1202.400
1202.633
1202.867
1203.333
1203.567
1203.833
1204.300
1204.533
1204.767
1205.233
1205.467
1205.700
1206.200
1206.433
1206.667
1207.133
1207.367
1207.600
1208.067
1208.300
1208.533
1209.000
1209.233
1209.467
1209.933
1210.167
1210.400
1210.867
1211.100
1211.333
1211.800
1212.033
1212.267
1216.500
1217.433
1218.367
1219.300
1220.233
1221.167
1222.100
1223.067
1224.000
1224.933
1225.867
1226.800
1227.733
1228.667
1229.600
1230.500
1231.433
1232.367
1233.333
1234.267
1235.200
1236.133
1237.067
1238.000
1238.933
1239.900
1240.833
1241.767
1242.733
1243.667
1244.600
1246.500
1246.967
1247.433
1247.900
1248.367
1248.833
1249.300
1249.767
1250.233
1250.700
1251.167
1251.667
1252.133
1252.600
1253.067
1253.533
1254.000
1254.467
1254.933
1255.400
1255.867
1256.333
1256.800
1257.267
1257.733
1258.200
1258.667
1259.133
1259.600
1260.067
1260.533
1261.033
1261.500
1261.733
1261.967
1262.433
1262.667
1262.900
1263.367
1263.600
1263.833
1264.300
1264.533
1264.767
1265.233
1265.467
1265.700
1266.167
1266.400
1266.633
1267.100
1267.333
1267.567
1268.033
1268.267
1268.500
1268.967
1269.200
1269.433
1269.900
1270.133
1270.400
1270.867
1271.100
1271.333
1271.800
1272.033
1272.267
1272.767
1273.000
1273.233
1273.700
1273.933
1274.167
1274.633
1274.867
1275.100
1275.567
1275.800
1276.033
1276.500
1276.733
1276.967
1277.200
1277.433
1277.667
1277.900
1278.133
1278.367
1278.600
1278.833
1279.067
1279.300
1279.533
1279.767
1280.033
1280.267
1280.500
1280.733
1280.967
1281.200
1281.433
1281.667
1281.900
1282.133
1282.367
1282.600
1282.833
1283.067
1283.300
1283.533
1283.651
1283.768
1283.885
1284.003
1284.120
1284.237
1284.354
1284.472
1284.589
1284.706
1284.824
1284.941
1285.058
1285.176
1285.293
1285.410
1285.528
1285.645
1285.762
1285.879
1285.997
1286.114
1286.231
1286.349
1286.466
1286.583
1286.701
1286.818
1286.935
1287.053
1287.170
1287.287
1287.404
1287.522
1287.639
1287.756
1287.874
1287.991
1288.108
1288.226
1288.343
1288.460
1288.578
1288.695
1288.812
1288.929
1289.047
1289.164
1289.281
1289.399
1289.516
1289.633
1291.467
1291.933
1292.400
1292.867
1293.333
1293.833
1294.300
1294.767
1295.233
1295.700
1296.167
1296.633
1297.100
1297.567
1298.033
1298.500
1298.967
1299.433
1299.900
1300.367
1300.833
1301.300
1301.767
1302.233
1302.700
1303.200
1303.667
1304.133
1304.600
1305.067
1305.533
1306.033
1306.500
1306.733
1306.967
1307.433
1307.667
1307.900
1308.367
1308.600
1308.833
1309.300
1309.533
1309.767
1310.233
1310.467
1310.700
1311.167
1311.400
1311.633
1312.100
1312.333
1312.600
1313.067
1313.300
1313.533
1314.000
1314.233
1314.467
1314.933
1315.167
1315.400
1315.867
1316.100
1316.333
1316.800
1317.033
1317.267
1317.733
1317.967
1318.200
1318.667
1318.900
1319.133
1319.600
1321.933
1322.200
1322.433
1322.900
1323.133
1323.367
1323.833
1324.067
1324.300
1324.767
1325.000
1325.233
1325.700
1325.933
1326.167
1326.633
1326.867
1327.100
1327.567
1327.800
1328.033
1328.500
1328.733
1328.967
1329.433
1329.667
1329.900
1330.367
1330.600
1330.833
1331.300
1331.567
1331.800
1332.267
1332.500
1332.733
1333.200
1333.433
1333.667
1334.133
1334.367
1334.600
1335.067
1335.300
1335.533
1336.000
1336.233
1336.467
1336.933
1337.400
1337.867
1338.333
1338.800
1339.300
1339.767
1340.233
1340.700
1341.200
1341.667
1342.133
1342.600
1343.067
1343.533
1344.000
1344.467
1344.933
1345.400
1345.867
1346.333
1346.800
1347.267
1347.733
1348.200
1348.667
1349.133
1349.600
1350.067
1350.567
1351.033
1351.500
1351.967
1352.433
1352.900
1353.367
1353.833
1354.300
1354.767
1355.233
1355.700
1356.167
1356.633
1357.100
1357.567
1358.033
1358.500
1358.967
1359.433
1359.900
1360.400
1360.867
1361.333
1361.800
1362.267
1362.733
1363.200
1363.667
1364.133
1364.600
1365.067
1365.533
1366.000
1389.733
1390.200
1390.667
1391.100
1391.567
1392.033
1392.500
1392.967
1393.433
1393.933
1394.433
1394.900
1395.367
1395.867
1396.333
1396.800
1397.300
1397.767
1398.233
1398.733
1399.200
1399.700
1400.133
1400.633
1401.133
1401.567
1402.067
1402.567
1403.000
1403.500
1404.000
1404.467
1404.933
1405.433
1405.900
1406.367
1406.833
1407.333
1407.800
1408.267
1408.767
1409.233
1409.700
1410.200
1410.700
1411.133
1411.633
1412.133
1412.567
1413.067
1413.533
1414.000
1414.500
1414.967
1415.467
1415.933
1416.400
1416.900
1417.367
1417.833
1418.333
1418.800
1419.267
1419.767
1420.233
1420.700
1420.967
1421.200
1421.433
1421.667
1422.133
1422.633
1423.100
1423.567
1424.067
1424.267
1424.533
1424.767
1425.000
1425.467
1425.967
1426.467
1426.900
1427.400
1427.633
1427.900
1428.133
1428.333
1428.833
1429.333
1429.767
1430.267
1430.767
1430.967
1431.233
1431.467
1431.700
1432.167
1432.667
1433.133
1433.600
1434.100
1434.333
1434.567
1434.800
1435.033
1435.533
1436.033
1436.467
1436.967
1437.467
1437.667
1437.900
1438.167
1438.400
1438.867
1439.333
1439.833
1440.300
1440.800
1441.033
1441.267
1441.500
1441.733
1442.233
1442.700
1443.167
1443.667
1444.133
1444.367
1444.600
1444.833
1445.100
1445.533
1446.033
1446.533
1447.000
1447.467
1447.733
1447.967
1448.167
1448.433
1448.900
1449.400
1449.867
1450.333
1450.833
1451.067
1451.300
1451.533
1451.800
1452.233
1452.733
1453.233
1453.667
1454.167
1454.400
1454.667
1454.867
1455.100
1455.600
1456.100
1456.567
1457.033
1457.500
1457.733
1458.000
1458.233
1458.467
1458.933
1459.433
1459.900
1460.367
1460.867
1461.367
1461.800
1462.300
1462.800
1463.267
1463.767
1464.200
1464.700
1465.200
1465.633
1466.133
1466.600
1467.067
1467.567
1468.033
1468.500
1469.000
1469.467
1469.933
1470.433
1470.867
1471.367
1471.867
1472.333
1472.800
1473.300
1473.767
1474.267
1474.733
1475.200
1475.700
1476.167
1476.633
1477.133
1477.567
1478.067
1478.567
1479.000
1479.500
1480.000
1480.467
1480.933
1481.433
1481.900
1482.367
1482.867
1483.333
1483.800
1484.267
1484.767
1485.233
1485.700
1486.200
1486.700
1487.133
1487.633
1488.133
1488.567
1489.067
1489.533
1490.000
1490.267
1490.500
1490.967
1491.467
1491.933
1492.167
1492.400
1492.900
1493.367
1493.833
1494.067
1494.333
1494.800
1495.267
1495.767
1496.000
1496.233
1496.700
1497.200
1497.667
1497.900
1498.133
1498.633
1499.100
1499.567
1499.833
1500.067
1500.533
1501.000
1501.500
1501.733
1501.967
1502.467
1502.900
1503.400
1503.633
1503.900
1504.333
1504.833
1505.333
1505.533
1505.767
1506.267
1506.767
1506.967
1507.233
1507.700
1508.200
1508.400
1508.667
1509.133
1509.600
1509.833
1510.100
1510.567
1511.033
1511.267
1511.533
1512.033
1512.467
1512.733
1512.967
1513.467
1513.900
1514.167
1514.400
1514.900
1515.333
1515.600
1515.833
1516.300
1516.767
1517.033
1517.267
1517.733
1518.233
1518.467
1518.700
1519.167
1519.667
1519.900
1520.133
1520.600
1521.100
1521.333
1521.567
1522.033
1522.533
1522.767
1523.000
1523.467
1523.967
1524.200
1524.433
1524.900
1525.400
1525.600
1525.867
1526.333
1526.833
1527.300
1527.533
1527.800
1528.033
1528.233
1528.733
1529.233
1529.467
1529.667
1529.933
1530.167
1530.667
1531.100
1531.367
1531.600
1531.833
1532.100
1532.567
1533.033
1533.300
1533.533
1533.733
1534.000
1534.467
1534.933
1535.167
1535.433
1535.667
1535.900
1536.367
1536.867
1537.100
1537.333
1537.567
1537.800
1538.300
1538.800
1539.000
1539.233
1539.500
1539.733
1540.233
1540.667
1540.933
1541.167
1541.400
1541.633
1542.100
1542.600
1542.867
1543.067
1543.300
1543.567
1544.033
1544.500
1544.733
1545.000
1545.233
1545.467
1545.933
1546.433
1546.667
1546.900
1547.133
1547.367
1547.867
1548.333
1548.567
1548.800
1549.067
1549.300
1549.767
1550.233
1550.500
1550.733
1550.933
1551.200
1551.667
1552.167
1552.367
1552.633
1552.867
1553.100
1553.600
1581.367
1581.600
1581.833
1582.067
1582.333
1582.567
1582.800
1583.033
1583.267
1583.767
1584.233
1584.700
1589.000
1589.233
1589.467
1589.733
1589.967
1590.200
1590.433
1590.667
1590.933
1591.400
1591.867
1592.367
1592.833
1593.067
1593.300
1593.567
1593.800
1594.033
1594.267
1594.500
1594.767
1595.233
1595.700
1596.200
1596.667
1596.900
1597.167
1597.400
1597.633
1597.867
1598.100
1598.367
1598.600
1599.067
1599.533
1600.033
1600.500
1600.733
1601.000
1601.233
1601.467
1601.700
1601.933
1602.200
1602.433
1602.900
1603.400
1603.867
1604.333
1604.600
1604.833
1605.067
1605.300
1605.533
1605.800
1606.033
1606.267
1606.733
1607.233
1607.700
1608.167
1608.433
1608.667
1608.933
1609.167
1609.400
1609.667
1609.900
1610.133
1610.600
1611.100
1611.567
1615.900
1616.133
1616.367
1616.600
1616.833
1617.100
1617.333
1617.567
1617.800
1618.300
1618.767
1619.233
1619.733
1619.967
1620.200
1620.433
1620.667
1620.933
1621.167
1621.400
1621.633
1622.133
1622.600
1623.067
1623.567
1623.800
1624.033
1624.267
1624.533
1624.767
1625.000
1625.233
1625.467
1625.967
1626.433
1626.900
1627.400
1627.633
1627.867
1628.100
1628.367
1628.600
1628.833
1629.067
1629.300
1629.800
1630.267
1630.767
1631.233
1631.467
1631.700
1631.967
1632.200
1632.433
1632.667
1632.900
1633.133
1633.633
1634.100
1634.600
1635.067
1635.300
1635.533
1635.800
1636.033
1636.267
1636.500
1636.733
1637.000
1637.467
1637.933
1638.433
1638.900
1639.133
1639.367
1639.633
1639.867
1640.100
1640.333
1640.567
1640.833
1641.300
1641.767
1642.300
1642.767
1643.000
1643.267
1643.500
1643.733
1643.967
1644.200
1644.467
1644.700
1645.167
1645.667
1646.133
1646.600
1646.833
1647.100
1647.333
1647.567
1647.800
1648.033
1648.300
1648.533
1649.000
1649.500
1649.967
1654.267
1654.533
1654.767
1655.000
1655.233
1655.467
1655.733
1655.967
1656.200
1656.667
1657.167
1657.633
1658.133
1658.367
1658.600
1658.833
1659.067
1659.300
1659.567
1659.800
1660.033
1660.500
1661.000
1661.467
1661.967
1662.200
1662.433
1662.667
1662.900
1663.167
1663.400
1663.633
1663.867
1664.367
1664.833
1665.300
1665.800
1666.033
1666.267
1666.500
1666.733
1667.000
1667.233
1667.467
1667.700
1668.200
1668.667
1669.133
1669.633
1669.867
1670.100
1670.600
1670.833
1671.067
1671.533
1672.033
1672.500
1672.967
1673.467
1673.933
1674.433
1674.900
1675.367
1675.900
1676.367
1676.867
1676.967
1677.100
1677.200
1677.333
1677.800
1678.300
1678.767
1679.267
1679.733
1680.200
1680.700
1680.800
1680.933
1681.033
1681.167
1681.633
1682.133
1682.600
1683.100
1683.567
1684.033
1684.533
1684.633
1684.767
1684.900
1685.000
1686.433
1686.567
1686.667
1686.800
1686.933
1687.167
1687.400
1687.633
1687.867
1688.133
1688.367
1688.600
1688.833
1689.333
1689.800
1690.267
1690.767
1691.000
1691.233
1691.467
1691.733
1691.967
1692.200
1692.433
1692.667
1693.167
1693.633
1694.100
1694.600
1694.833
1695.067
1695.300
1695.567
1695.800
1696.033
1696.267
1696.500
1697.000
1697.467
1697.967
1698.433
1698.667
1698.900
1699.167
1699.400
1699.633
1699.867
1700.100
1700.333
1700.833
1701.300
1701.800
1702.267
1702.500
1702.733
1703.000
1703.233
1703.467
1703.700
1703.933
1704.200
1704.667
1705.133
1705.633
1706.100
1706.333
1706.567
1706.833
1707.067
1707.300
1707.533
1707.767
1708.033
1708.500
1708.967
1709.500
1709.967
1710.200
1710.467
1710.700
1710.933
1711.167
1711.400
1711.667
1711.900
1712.367
1712.833
1713.333
1713.800
1714.033
1714.300
1714.533
1714.767
1715.000
1715.233
1715.500
1715.733
1716.200
1716.700
1717.167
1717.633
1717.900
1718.133
1718.367
1718.600
1718.833
1719.100
1719.333
1719.567
1720.033
1720.533
1721.000
1721.467
1721.733
1721.967
1722.200
1722.433
1722.667
1722.933
1723.167
1723.400
1723.867
1724.367
1724.833
1725.333
1725.567
1725.800
1726.033
1726.267
1726.500
1726.767
1727.000
1727.233
1727.700
1728.200
1728.667
1729.167
1729.400
1729.633
1729.867
1730.100
1730.367
1730.600
1730.833
1731.067
1733.000
1733.233
1733.467
1733.700
1733.933
1734.200
1734.433
1734.667
1734.900
1735.133
1735.400
1735.633
1735.867
1736.100
1736.333
1736.600
1736.833
1737.067
1737.300
1737.533
1737.800
1738.033
1738.267
1738.500
1738.733
1739.000
1739.233
1739.467
1739.700
1739.933
1740.167
1740.433
1740.667
1740.900
1741.133
1741.367
1741.633
1741.867
1742.100
1742.333
1742.600
1742.867
1743.100
1743.333
1743.567
1743.800
1744.067
1744.300
1744.533
1744.767
1745.000
1745.267
1745.500
1745.733
1745.967
1746.200
1746.433
1748.400
1748.633
1748.867
1749.133
1749.367
1749.600
1749.833
1750.067
1750.300
1750.567
1750.800
1751.033
1751.267
1751.500
1751.767
1752.000
1752.233
1752.467
1752.700
1752.967
1753.200
1753.433
1753.667
1753.900
1754.167
1754.400
1754.633
1754.867
1755.100
1755.367
1755.600
1755.833
1756.067
1756.300
1756.533
1756.800
1757.033
1757.267
1757.500
1757.733
1758.000
1758.233
1758.467
1758.700
1758.933
1759.200
1777.300
1778.033
1778.733
1779.100
1779.467
1780.167
1780.900
1781.600
1781.967
1782.333
1783.033
1783.767
1784.467
1784.833
1785.200
1785.900
1786.633
1787.367
1787.700
1788.800
1789.500
1789.867
1790.233
1790.933
1791.667
1792.367
1792.733
1793.100
1793.800
1794.533
1795.233
1795.600
1795.967
1796.667
1797.400
1798.167
1798.867
1799.600
1800.300
1800.667
1801.033
1801.367
1801.733
1802.100
1802.467
1802.833
1803.167
1803.533
1803.900
1804.267
1804.600
1804.967
1805.333
1805.700
1806.033
1806.233
1806.400
1806.600
1806.767
1806.933
1807.133
1807.300
1807.500
1807.667
1807.833
1808.033
1808.200
1808.367
1808.567
1808.733
1808.933
1809.100
1809.267
1809.467
1809.633
1809.800
1810.000
1810.167
1810.367
1811.067
1811.800
1811.967
1812.133
1812.500
1812.867
1813.233
1813.600
1813.933
1814.300
1814.467
1814.667
1814.833
1815.033
1815.367
1815.733
1816.100
1816.467
1816.800
1817.167
1817.367
1817.533
1817.700
1817.900
1818.267
1818.600
1818.967
1819.333
1819.700
1820.033
1820.233
1820.400
1820.567
1820.767
1821.133
1821.467
1821.833
1822.200
1822.567
1822.900
1823.100
1823.267
1823.467
1823.633
1824.000
1824.367
1824.700
1825.067
1825.433
1825.800
1825.967
1826.133
1826.333
1826.500
1826.867
1827.233
1827.567
1827.933
1828.300
1828.667
1828.833
1829.033
1829.200
1829.367
1829.733
1830.100
1830.467
1830.800
1831.200
1831.567
1831.733
1831.933
1832.100
1832.267
1832.633
1833.000
1833.367
1833.700
1834.067
1834.433
1834.600
1834.800
1834.967
1835.167
1835.500
1835.867
1836.233
1836.600
1836.933
1837.300
1837.500
1837.667
1837.833
1838.033
1838.367
1838.733
1839.100
1839.467
1839.833
1840.167
1840.367
1840.533
1840.700
1840.900
1841.267
1841.600
1841.967
1842.333
1842.700
1843.033
1843.233
1843.400
1843.600
1843.767
1843.933
1844.133
1844.300
1844.467
1844.667
1844.833
1845.033
1845.200
1845.367
1845.567
1846.267
1847.000
1847.700
1848.433
1849.133
1849.867
1850.600
1851.300
1852.033
1852.733
1853.467
1854.167
1854.900
1855.600
1856.333
1857.033
1857.767
1858.467
1859.200
1859.900
1860.633
1861.367
1862.067
1862.800
1863.500
1864.233
1864.967
1865.700
1866.400
1867.133
1867.833
1868.567
1869.267
1870.000
1870.700
1871.433
1872.167
1872.500
1872.867
1873.233
1873.467
1874.300
1875.033
1875.367
1875.733
1876.100
1876.333
1877.167
1877.900
1878.267
1878.600
1878.967
1879.200
1880.033
1880.767
1881.133
1881.467
1881.833
1882.067
1882.933
1883.633
1884.000
1884.367
1884.700
1885.067
1885.433
1885.800
1886.133
1886.500
1886.867
1887.233
1887.600
1887.933
1888.300
1888.667
1889.033
1889.367
1889.567
1889.733
1889.900
1890.100
1890.267
1890.467
1890.633
1890.800
1891.000
1891.167
1891.367
1891.533
1891.700
1891.900
1892.067
1892.233
1892.433
1892.600
1892.800
1892.967
1893.133
1893.333
1893.500
1895.133
1895.467
1895.833
1896.200
1896.567
1896.900
1897.267
1897.667
1897.833
1898.033
1898.200
1898.400
1898.733
1899.100
1899.467
1899.833
1900.167
1900.533
1900.733
1900.900
1901.067
1901.267
1901.600
1901.967
1902.333
1902.700
1903.033
1903.400
1903.600
1903.767
1903.933
1904.133
1904.500
1904.833
1905.200
1905.567
1905.933
1906.267
1906.467
1906.633
1906.833
1907.000
1907.367
1907.700
1908.067
1908.433
1908.800
1909.167
1909.333
1909.500
1909.700
1909.867
1910.233
1910.600
1910.933
1911.300
1911.667
1912.033
1912.200
1912.367
1912.567
1912.733
1913.100
1913.467
1913.800
1914.167
1914.533
1914.900
1915.067
1915.267
1915.433
1915.600
1915.800
1915.967
1916.133
1916.333
1916.500
1916.700
1916.867
1917.033
1917.233
1917.400
1917.600
1917.767
1917.933
1918.467
1918.833
1919.200
1919.567
1919.933
1920.267
1920.633
1921.000
1921.167
1921.367
1921.533
1921.700
1922.067
1922.433
1922.800
1923.133
1923.500
1923.867
1924.033
1924.233
1924.400
1924.567
1924.933
1925.300
1925.667
1926.033
1926.367
1926.733
1927.100
1927.467
1927.800
1928.167
1928.533
1928.900
1929.233
1929.600
1929.967
1930.333
1930.700
1931.067
1931.433
1932.167
1932.867
1933.600
1934.300
1935.033
1935.733
1936.467
1937.167
1937.900
1938.600
1939.333
1944.767
1945.233
1945.700
1946.167
1946.600
1947.067
1947.533
1948.000
1948.467
1948.933
1949.400
1949.867
1950.333
1950.800
1951.267
1951.733
1952.200
1952.667
1953.133
1953.600
1954.067
1954.533
1955.000
1955.433
1955.900
1956.367
1956.833
1957.300
1957.767
1958.233
1958.700
1959.167
1959.633
1960.100
1960.567
1961.033
1961.500
1961.967
1962.433
1962.900
1969.833
1970.300
1970.767
1971.233
1971.700
1972.167
1972.633
1973.100
1973.567
1974.033
1974.500
1974.967
1975.433
1975.933
1976.400
1976.867
1977.333
1977.567
1977.767
1978.000
1978.233
1978.467
1978.700
1979.167
1979.400
1979.633
1979.867
1980.100
1980.333
1980.567
1981.033
1981.267
1981.500
1981.733
1981.967
1982.200
1982.433
1982.900
1983.133
1983.367
1983.600
1983.833
1984.067
1984.300
1984.767
1985.233
1985.700
1986.167
1986.600
1987.067
1987.533
1988.000
1988.467
1988.933
1989.400
1989.867
1990.333
1990.800
1991.267
1991.733
1992.200
1992.433
1992.667
1992.900
1993.133
1993.600
1994.067
1994.300
1994.533
1994.767
1995.000
1995.433
1995.900
1996.133
1996.367
1996.600
1996.833
1997.300
1997.767
1998.000
1998.233
1998.467
1998.700
1999.167
1999.633
1999.867
2000.100
2000.333
2000.567
2001.033
2001.500
2001.733
2001.967
2002.200
2002.433
2002.900
2003.367
2003.600
2003.833
2004.067
2004.267
2004.733
2005.200
2005.433
2005.667
2005.900
2006.133
2006.600
2007.067
2007.300
2007.533
2007.767
2008.000
2008.233
2008.467
2008.933
2009.200
2009.433
2009.667
2009.900
2010.133
2010.367
2010.833
2011.067
2011.300
2011.533
2011.767
2012.000
2012.233
2012.700
2012.933
2013.133
2013.367
2013.600
2013.833
2014.067
2014.533
2015.000
2015.467
2015.933
2016.400
2016.867
2017.333
2017.800
2018.233
2018.700
2019.167
2019.633
2020.100
2020.567
2021.033
2021.500
2021.967
2022.433
2022.900
2023.367
2023.833
2024.300
2024.767
2025.233
2025.700
2026.167
2026.633
2027.067
2027.533
2028.000
2028.467
2028.933
2029.400
2029.633
2029.867
2030.100
2030.333
2030.567
2030.800
2031.033
2031.267
2031.500
2031.733
2031.967
2032.200
2032.433
2032.667
2032.900
2033.133
2033.367
2033.600
2033.833
2034.067
2034.300
2034.533
2034.767
2035.000
2035.115
2035.229
2035.344
2035.458
2035.573
2035.687
2035.802
2035.917
2036.031
2036.146
2036.260
2036.375
2036.490
2036.604
2036.719
2036.833
2037.300
2037.767
2038.233
2038.700
2039.167
2039.633
2040.100
2040.567
2041.033
2041.500
2041.967
2042.433
2042.933
2043.400
2043.867
2044.333
2044.533
2044.767
2045.000
2045.233
2045.467
2045.700
2046.167
2046.400
2046.633
2046.867
2047.100
2047.333
2047.567
2048.033
2048.267
2048.500
2048.733
2048.967
2049.200
2049.433
2049.900
2050.133
2050.367
2050.600
2050.833
2051.067
2051.300
2051.733
2052.200
2052.667
2053.133
2053.600
2054.067
2054.533
2055.000
2055.467
2055.933
2056.400
2056.867
2057.333
2057.800
2058.267
2058.700
2059.167
2059.633
2060.100
2060.567
2061.033
2061.500
2061.967
2062.433
2062.900
2063.367
2063.833
2064.300
2064.767
2065.233
2065.700
2066.167
2066.633
2067.100
2067.533
2068.000
2068.467
2068.933
2069.400
2069.867
2070.333
2070.567
2070.800
2071.033
2071.267
2071.500
2071.733
2072.200
2072.433
2072.667
2072.900
2073.133
2073.367
2073.600
2074.067
2074.300
2074.533
2074.767
2075.000
2075.233
2075.467
2075.933
2076.167
2076.400
2076.633
2076.867
2077.100
2077.333
2078.233
2079.167
2080.100
2081.033
2081.500
2081.967
2082.433
2082.900
2083.367
2083.833
2084.300
2084.733
2085.200
2085.667
2086.133
2086.600
2087.067
2087.533
2088.000
2088.467
2088.933
2089.167
2089.400
2089.633
2089.867
2090.100
2090.333
2090.800
2091.033
2091.267
2091.500
2091.733
2091.967
2092.200
2092.667
2092.867
2093.100
2093.333
2093.567
2093.800
2094.033
2094.500
2094.733
2094.967
2095.200
2095.433
2095.667
2095.900
2096.367
2096.833
2097.300
2097.733
2098.200
2098.667
2099.133
2099.600
2100.067
2100.533
2101.000
2101.467
2117.833
2122.967
2123.300
2128.400
2128.767
2133.833
2134.167
2139.500
2140.200
2140.933
2141.667
2142.367
2143.067
2143.767
2144.500
2145.200
2145.933
2146.633
2147.333
2148.033
2149.767
2149.933
2150.100
2150.300
2150.467
2150.633
2150.833
2151.200
2151.533
2151.900
2152.267
2152.600
2152.967
2153.300
2153.667
2154.033
2154.367
2154.733
2155.067
2155.433
2155.767
2156.133
2156.500
2156.833
2157.200
2157.533
2157.900
2158.267
2158.600
2158.967
2159.300
2159.667
2160.000
2160.367
2162.133
2162.500
2162.833
2163.200
2163.533
2163.900
2164.267
2164.600
2164.967
2165.300
2165.667
2166.033
2166.367
2166.733
2167.067
2167.433
2167.767
2167.967
2168.133
2168.300
2168.500
2168.667
2168.833
2169.000
2169.200
2169.367
2169.533
2169.733
2169.900
2170.067
2170.267
2170.433
2170.600
2170.767
2170.967
2171.133
2171.300
2171.500
2171.667
2171.833
2173.400
2173.767
2174.100
2174.467
2174.833
2175.200
2175.567
2175.900
2176.267
2176.600
2176.967
2177.300
2177.667
2178.033
2178.367
2178.567
2178.733
2178.900
2179.067
2179.433
2179.800
2180.133
2180.500
2180.833
2181.200
2181.533
2181.900
2182.267
2182.600
2182.967
2183.300
2183.667
2184.033
2184.200
2184.367
2184.533
2184.733
2185.067
2185.433
2185.767
2186.133
2186.500
2186.833
2187.200
2187.533
2187.900
2188.267
2188.600
2188.967
2189.300
2189.667
2189.833
2190.000
2190.200
2190.367
2190.733
2191.067
2191.433
2191.767
2192.133
2192.500
2192.833
2193.200
2193.533
2193.900
2194.233
2194.600
2195.133
2195.667
2196.033
2196.367
2196.733
2197.067
2197.433
2197.800
2198.133
2198.500
2198.833
2199.200
2199.533
2199.900
2200.267
2200.600
2200.967
2201.300
2201.667
2202.033
2202.367
2202.733
2203.067
2203.433
2203.767
2204.133
2204.500
2204.833
2205.200
2205.533
2205.900
2206.267
2206.600
2206.967
2207.300
2207.500
2207.667
2207.833
2208.033
2208.233
2208.400
2208.767
2208.933
2209.100
2209.267
2209.467
2209.633
2209.800
2210.167
2210.333
2210.533
2210.700
2210.867
2211.033
2211.233
2211.567
2211.767
2211.933
2212.100
2212.267
2212.467
2212.633
2213.000
2213.167
2213.333
2213.500
2213.700
2213.867
2214.033
2214.400
2214.567
2214.767
2214.933
2215.100
2215.267
2215.467
2215.833
2216.167
2216.533
2216.867
2217.233
2218.633
2219.000
2219.333
2219.700
2220.033
2220.400
2220.733
2221.100
2221.467
2221.800
2222.167
2222.500
2222.867
2223.200
2223.567
2223.933
2224.267
2224.633
2224.967
2225.333
2225.700
2226.033
2226.400
2226.733
2227.100
2227.433
2227.800
2228.167
2228.500
2228.867
2229.200
2229.567
2229.933
2230.100
2230.267
2230.433
2230.633
2230.800
2230.967
2231.333
2231.500
2231.667
2231.867
2232.033
2232.200
2232.400
2232.733
2232.900
2233.100
2233.267
2233.433
2233.633
2233.800
2234.167
2234.333
2234.500
2234.667
2234.867
2235.033
2235.200
2235.567
2235.733
2235.900
2236.100
2236.267
2236.433
2236.633
2236.967
2237.133
2237.333
2237.500
2237.667
2237.867
2238.033
2238.400
2238.567
2238.733
2238.900
2239.100
2239.267
2239.433
2241.233
2241.967
2242.667
2243.367
2244.067
2244.767
2245.467
2246.200
2246.900
2247.600
2248.300
2249.000
2249.667
2250.400
2251.100
2251.800
2252.500
2253.233
2253.933
2254.300
2254.633
2255.000
2255.333
2255.700
2256.067
2256.400
2256.767
2257.100
2257.467
2257.833
2258.167
2258.533
2258.867
2259.233
2259.567
2259.933
2260.267
2260.633
2261.000
2261.367
2261.700
2262.067
2262.400
2262.767
2263.133
2263.467
2263.800
2263.967
2264.167
2264.333
2264.500
2264.700
2264.867
2265.033
2265.200
2265.400
2265.567
2265.733
2265.933
2266.100
2266.267
2266.433
2266.633
2266.800
2266.967
2267.167
2267.333
2267.500
2267.667
2267.867
2268.033
2268.200
2268.400
2268.567
2268.733
2268.933
2269.100
2269.267
2269.433
2269.633
2269.800
2269.967
2270.167
2270.333
2270.500
2270.667
2270.900
2270.988
2271.077
2271.165
2271.254
2271.342
2271.430
2271.519
2271.607
2271.696
2271.784
2271.872
2271.961
2272.049
2272.138
2272.226
2272.315
2272.403
2272.491
2272.580
2272.668
2272.757
2272.845
2272.933
2273.022
2273.110
2273.199
2273.287
2273.375
2273.464
2275.133
2275.500
2275.867
2276.200
2276.567
2276.900
2277.267
2277.600
2277.967
2278.333
2278.667
2279.033
2279.367
2279.733
2280.100
2280.433
2280.800
2281.133
2281.500
2281.833
2282.200
2282.567
2282.900
2283.267
2283.600
2283.967
2284.333
2284.667
2285.033
2288.900
2289.333
2289.767
2290.233
2290.667
2291.100
2291.533
2292.000
2292.433
2292.867
2293.333
2293.767
2294.200
2294.667
2295.100
2295.533
2296.000
2296.433
2296.667
2296.867
2297.333
2297.533
2297.767
2298.200
2298.433
2298.667
2299.100
2299.333
2299.533
2300.000
2300.433
2300.867
2301.333
2301.767
2302.200
2302.667
2303.100
2303.533
2303.767
2304.000
2304.433
2304.667
2304.867
2305.333
2305.533
2305.767
2306.200
2306.433
2306.667
2307.100
2307.533
2308.000
2308.433
2308.867
2309.333
2309.767
2310.200
2310.667
2310.867
2311.100
2311.333
2311.533
2311.767
2312.000
2312.433
2312.667
2312.867
2313.100
2313.333
2313.533
2313.767
2314.200
2314.667
2315.100
2315.533
2316.000
2316.433
2316.867
2317.333
2317.767
2318.000
2318.200
2318.433
2318.667
2318.867
2319.100
2319.533
2319.767
2320.000
2320.233
2320.467
2320.700
2320.900
2321.367
2321.800
2322.233
2322.700
2323.133
2323.567
2324.033
2324.467
2324.900
2325.133
2325.367
2325.567
2325.800
2326.033
2326.233
2326.467
2326.700
2326.900
2327.133
2327.367
2327.567
2327.800
2328.033
2328.233
2328.467
2328.900
2329.367
2329.800
2330.233
2330.700
2331.133
2331.567
2332.033
2332.233
2332.467
2332.700
2332.900
2333.133
2333.367
2333.567
2333.800
2334.033
2334.233
2334.467
2334.700
2334.900
2335.133
2335.367
2335.567
2335.800
2336.033
2336.233
2336.467
2336.700
2336.900
2337.133
2337.367
2337.477
2337.587
2337.698
2337.808
2337.919
2338.029
2338.140
2338.250
2338.360
2338.471
2338.581
2338.692
2338.802
2338.912
2339.023
2339.133
2339.567
2340.033
2340.467
2340.900
2341.367
2341.800
2342.233
2342.700
2343.133
2343.567
2344.033
2344.467
2344.900
2345.367
2345.800
2346.233
2346.667
2347.133
2347.567
2348.000
2348.467
2348.900
2349.333
2349.800
2350.233
2350.667
2351.133
2351.567
2352.000
2352.467
2352.900
2353.333
2353.600
2353.833
2354.267
2354.500
2354.700
2355.167
2355.367
2355.600
2356.033
2356.267
2356.500
2356.933
2357.167
2357.367
2357.833
2358.033
2358.267
2358.700
2358.933
2359.167
2359.600
2359.833
2360.033
2360.500
2360.700
2360.933
2361.367
2361.600
2361.833
2362.600
2363.067
2363.500
2363.933
2364.400
2364.600
2364.833
2365.067
2365.267
2365.500
2365.733
2366.167
2366.600
2367.067
2367.500
2367.933
2368.167
2368.400
2368.600
2368.833
2369.067
2369.267
2369.733
2370.167
2370.600
2371.067
2371.500
2371.733
2371.933
2372.167
2372.400
2372.600
2372.833
2373.267
2373.733
2374.167
2374.600
2376.833
2377.067
2377.267
2377.733
2377.933
2378.167
2378.600
2378.833
2379.067
2379.267
2379.500
2379.733
2379.933
2380.400
2380.600
2380.833
2381.267
2381.500
2381.733
2382.167
2382.400
2382.600
2382.833
2383.067
2383.267
2383.500
2383.933
2384.167
2384.400
2384.833
2385.067
2385.267
2385.733
2385.933
2386.167
2386.400
2386.600
2386.833
2387.100
2387.300
2387.533
2387.645
2387.756
2387.868
2387.979
2388.091
2388.202
2388.314
2388.425
2388.536
2388.648
2388.759
2388.871
2388.982
2389.094
2389.205
2389.317
2389.428
2389.540
2389.651
2389.762
2389.874
2389.985
2390.097
2390.208
2390.320
2390.431
2390.543
2390.654
2390.766
2390.877
2390.989
2391.100
2391.300
2391.533
2391.767
2391.967
2392.200
2392.433
2392.633
2392.867
2393.100
2393.300
2393.533
2393.767
2393.967
2394.200
2394.433
2394.633
2394.867
2395.100
2395.300
2395.533
2395.767
2395.967
2396.200
2396.433
2396.633
2396.867
2397.100
2397.300
2397.533
2397.767
2397.967
2398.200
2398.433
2398.633
2398.867
2399.100
2399.300
2399.533
2399.767
2399.967
2400.200
2400.433
2400.633
2400.867
2401.100
2401.300
2401.533
2401.767
2402.200
2402.633
2403.100
2403.533
2403.767
2403.967
2404.200
2404.433
2404.633
2404.867
2405.300
2405.533
2405.767
2405.967
2406.200
2406.433
2406.633
2407.100
2407.300
2407.533
2407.767
2407.967
2408.200
2408.433
2408.867
2409.100
2409.300
2409.533
2409.767
2409.967
2410.200
2410.633
2410.867
2411.100
2411.300
2411.533
2411.767
2411.967
2412.433
2412.633
2412.867
2413.100
2413.300
2413.533
2413.767
2414.200
2414.400
2414.633
2414.867
2415.067
2415.300
2415.533
2415.967
2416.867
2417.733
2418.633
2419.533
2420.433
2421.333
2422.233
2423.100
2423.567
2424.000
2424.233
2424.433
2424.900
2425.333
2425.767
2426.000
2426.233
2426.667
2427.100
2427.567
2427.767
2428.000
2428.433
2428.900
2429.333
2429.567
2429.767
2430.233
2430.667
2431.100
2431.333
2431.567
2432.000
2432.433
2432.900
2433.100
2433.333
2433.767
2434.233
2434.667
2434.900
2435.100
2435.567
2436.000
2436.433
2436.667
2436.900
2437.333
2437.767
2438.233
2438.433
2438.667
2439.100
2439.567
2440.000
2440.233
2440.433
2440.900
2441.333
2441.767
2442.000
2442.233
2442.667
2443.100
2443.567
2443.767
2444.000
2444.433
2444.900
2445.333
2445.767
2446.233
2446.667
2447.100
2447.567
2448.000
2448.433
2448.900
2449.333
2449.767
2450.233
2450.667
2451.100
2451.567
2452.000
2452.433
2452.900
2453.333
2453.567
2453.800
2454.033
2454.267
2454.467
2454.700
2455.133
2455.367
2455.600
2455.800
2456.033
2456.267
2456.467
2456.933
2457.133
2457.367
2457.600
2457.800
2458.033
2458.267
2460.467
2460.933
2461.367
2461.800
2462.267
2462.467
2462.700
2462.933
2463.133
2463.367
2463.600
2464.033
2464.467
2464.933
2465.367
2465.800
2466.033
2466.267
2466.467
2466.700
2466.933
2467.133
2467.600
2468.033
2468.467
2468.933
2469.367
2469.567
2469.800
2470.033
2470.233
2470.467
2470.700
2471.133
2471.567
2472.033
2472.467
2474.700
2474.900
2475.133
2475.567
2475.800
2476.033
2476.467
2476.700
2476.900
2477.133
2477.367
2477.567
2477.800
2478.233
2478.467
2478.700
2479.133
2479.367
2479.567
2480.033
2480.233
2480.467
2480.700
2480.900
2481.133
2481.367
2481.800
2482.033
2482.233
2482.700
2482.900
2483.133
2483.567
2483.800
2484.033
2484.233
2484.467
2484.700
2484.900
2485.133
2485.367
2485.478
2485.590
2485.701
2485.812
2485.924
2486.035
2486.147
2486.258
2486.370
2486.481
2486.593
2486.704
2486.816
2486.927
2487.039
2487.150
2487.261
2487.373
2487.484
2487.596
2487.707
2487.819
2487.930
2488.042
2488.153
2488.265
2488.376
2488.487
2488.599
2488.710
2488.822
2488.933
2489.167
2489.400
2489.600
2489.833
2490.067
2490.267
2490.500
2490.733
2490.933
2491.167
2491.400
2491.600
2491.833
2492.067
2492.267
2492.500
2492.733
2492.933
2493.167
2493.400
2493.600
2493.833
2494.067
2494.267
2494.500
2494.733
2494.933
2495.167
2495.400
2495.600
2495.833
2496.067
2496.267
2496.500
2496.733
2496.933
2497.167
2497.400
2497.600
2497.833
2498.067
2498.267
2498.500
2498.733
2498.933
2499.167
2499.400
2499.600
2499.833
2500.067
2500.267
2500.500
2500.733
2500.933
2501.167
2501.400
2501.600
2501.833
2502.067
2502.267
2502.500
2502.733
2502.933
2503.167
2503.400
2503.600
2503.833
2504.067
2504.267
2504.500
2504.733
2504.933
2505.167
2505.400
2505.600
2505.833
2506.067
2506.267
2506.500
2506.733
2506.933
2507.167
2507.400
2507.600
2507.833
2508.067
2508.267
2508.500
2508.733
2508.933
2509.167
2509.400
2509.600
2509.833
2510.067
2510.267
2510.500
2510.733
2510.933
2511.167
2511.400
2511.600
2513.833
2514.067
2514.267
2514.500
2514.733
2514.933
2515.167
2515.600
2515.833
2516.033
2516.267
2516.500
2516.700
2516.933
2517.367
2517.600
2517.833
2518.033
2518.267
2518.500
2518.700
2519.167
2519.367
2519.600
2519.833
2520.033
2520.267
2520.533
2520.967
2521.200
2521.400
2521.633
2521.867
2522.067
2522.300
2522.733
2522.967
2523.200
2523.400
2523.633
2523.867
2524.067
2524.533
2524.733
2524.967
2525.200
2525.400
2525.633
2525.867
2526.300
2526.410
2526.521
2526.631
2526.742
2526.852
2526.962
2527.073
2527.183
2527.294
2527.404
2527.515
2527.625
2527.735
2527.846
2527.956
2528.067
2528.533
2528.967
2529.400
2529.867
2530.300
2530.733
2531.200
2531.633
2532.067
2532.533
2532.967
2533.400
2533.867
2534.300
2534.733
2535.200
2535.633
2536.067
2536.533
2536.967
2537.400
2537.867
2538.300
2538.733
2539.200
2539.633
2540.067
2540.533
2540.967
2541.400
2541.867
2542.300
2542.733
2543.200
2543.633
2544.067
2544.533
2544.967
2545.400
2545.867
2546.300
2546.733
2547.200
2547.633
2548.067
2548.533
2548.967
2549.400
2549.633
2549.867
2550.067
2550.300
2550.533
2550.733
2550.967
2551.200
2551.400
2551.633
2551.867
2552.067
2552.300
2552.533
2552.733
2552.967
2553.079
2553.192
2553.304
2553.417
2553.529
2553.642
2553.754
2553.867
2553.979
2554.092
2554.204
2554.317
2554.429
2554.542
2554.654
2554.767
2554.879
2554.992
2555.104
2555.217
2555.329
2555.442
2555.554
2555.667
2555.779
2555.892
2556.004
2556.117
2556.229
2556.342
2556.454
2556.567
2577.133
2577.367
2577.600
2577.833
2578.067
2578.300
2578.533
2578.767
2579.000
2579.233
2579.467
2579.700
2579.933
2580.200
2580.433
2580.667
2580.900
2581.018
2581.136
2581.253
2581.371
2581.489
2581.607
2581.724
2581.842
2581.960
2582.078
2582.196
2582.313
2582.431
2582.549
2582.667
2584.667
2584.900
2585.133
2585.367
2585.600
2585.833
2586.100
2586.333
2586.567
2586.800
2587.033
2587.267
2587.500
2587.733
2587.967
2588.200
2588.433
2588.667
2588.900
2589.167
2589.400
2589.633
2589.867
2590.100
2590.333
2590.567
2590.800
2591.033
2591.267
2591.386
2591.506
2591.625
2591.744
2591.864
2591.983
2592.103
2592.222
2592.342
2592.461
2592.581
2592.700
2592.933
2593.167
2593.400
2593.633
2593.867
2594.100
2594.333
2594.567
2594.800
2595.033
2595.300
2595.533
2595.767
2596.000
2596.233
2596.467
2596.700
2596.933
2597.167
2597.400
2597.633
2597.867
2598.133
2598.367
2598.600
2598.833
2599.067
2599.300
2599.533
2601.633
2602.100
2602.333
2602.567
2602.833
2603.067
2603.533
2604.000
2604.233
2604.467
2604.700
2604.933
2605.400
2605.900
2606.133
2606.367
2606.600
2606.833
2607.300
2607.767
2608.000
2608.233
2608.467
2608.700
2609.433
2609.667
2609.900
2610.133
2610.367
2610.600
2610.833
2611.067
2611.300
2611.533
2611.767
2612.000
2612.267
2612.500
2612.733
2612.967
2613.200
2613.433
2613.667
2613.900
2614.133
2614.367
2614.600
2614.833
2615.100
2615.333
2615.567
2615.683
2615.800
2615.917
2616.033
2616.150
2616.267
2616.383
2616.500
2616.617
2616.733
2616.850
2616.967
2617.200
2617.433
2617.667
2617.900
2618.167
2618.400
2618.633
2618.867
2619.100
2619.333
2619.567
2619.800
2620.033
2620.267
2620.500
2620.733
2620.967
2621.233
2621.467
2621.700
2621.933
2622.167
2622.400
2624.733
2625.233
2625.467
2625.700
2625.933
2626.167
2626.633
2627.100
2627.333
2627.567
2627.800
2628.067
2628.533
2629.000
2629.233
2629.467
2629.700
2629.933
2630.400
2630.867
2631.133
2631.367
2631.600
2631.833
2632.300
2632.800
2633.267
2633.733
2634.200
2634.700
2635.167
2635.633
2636.133
2636.600
2637.067
2637.533
2638.000
2638.467
2638.967
2639.200
2639.433
2639.667
2639.900
2640.133
2640.367
2640.600
2640.833
2641.067
2641.300
2641.533
2641.800
2642.033
2642.267
2642.500
2642.733
2642.967
2643.200
2643.433
2643.667
2643.900
2644.133
2644.367
2644.600
2644.867
2645.100
2645.333
2645.567
2645.800
2646.967
2647.200
2647.467
2647.700
2647.933
2648.167
2648.400
2648.633
2648.867
2649.100
2649.333
2649.567
2649.800
2650.033
2650.267
2650.533
2650.767
2651.000
2651.233
2651.467
2651.700
2651.933
2652.167
2652.400
2652.633
2652.867
2653.100
2653.333
2653.600
2653.833
2653.950
2654.067
2654.183
2654.300
2654.417
2654.533
2654.650
2654.767
2655.000
2655.233
2655.467
2655.700
2655.933
2656.167
2656.433
2656.667
2656.900
2657.133
2657.367
2657.600
2657.833
2658.067
2658.300
2658.533
2658.767
2659.000
2659.233
2659.500
2659.733
2659.967
2660.200
2662.100
2663.067
2664.000
2664.933
2665.900
2666.833
2667.767
2668.767
2669.533
2670.033
2670.500
2670.967
2671.433
2671.900
2672.367
2672.833
2673.333
2673.800
2674.267
2674.733
2675.200
2675.667
2677.333
2677.567
2677.800
2678.033
2678.267
2678.500
2678.733
2678.967
2679.233
2679.467
2679.700
2679.933
2680.167
2680.400
2680.633
2680.867
2681.100
2681.333
2681.567
2681.800
2682.067
2682.300
2682.533
2682.767
2683.000
2683.233
2683.467
2683.583
2683.700
2683.817
2683.933
2684.050
2684.167
2684.283
2684.400
2684.517
2684.633
2684.750
2684.867
2685.133
2685.367
2685.600
2685.833
2686.067
2686.300
2686.533
2686.767
2687.000
2687.233
2687.467
2687.700
2687.933
2688.200
2688.433
2688.667
2688.900
2689.133
2689.367
2689.600
2689.833
2690.067
2692.667
2693.133
2693.600
2694.067
2694.533
2695.033
2695.500
2695.967
2696.433
2696.900
2697.367
2697.833
2698.333
2698.800
2699.267
2699.500
2699.733
2699.967
2700.200
2700.433
2700.667
2700.900
2701.167
2701.433
2701.667
2701.900
2702.133
2702.367
2702.600
2702.833
2703.067
2703.300
2703.533
2703.767
2704.000
2704.267
2704.500
2704.733
2704.967
2705.200
2705.433
2705.667
2705.900
2706.133
2706.367
2706.600
2706.833
2707.100
2707.800
2708.033
2708.267
2708.500
2708.733
2708.967
2709.200
2709.433
2709.667
2709.900
2710.133
2710.400
2710.633
2710.867
2711.100
2711.333
2711.567
2711.800
2712.033
2712.267
2712.500
2712.733
2712.967
2713.233
2713.467
2713.700
2713.933
2714.167
2714.400
2714.633
2714.867
2715.100
2715.333
2715.567
2715.800
2716.033
2716.300
2716.533
2716.767
2717.000
2717.233
2717.467
2717.700
2717.933
2718.167
2718.400
2718.633
2718.867
2719.100
2719.367
2719.600
2719.833
2720.067
2720.300
2720.533
2720.767
2721.000
2721.233
2721.467
2721.587
2721.708
2721.829
2721.950
2722.071
2722.192
2722.312
2722.433
2722.667
2722.900
2723.133
2723.367
2723.633
2723.867
2724.100
2724.333
2724.567
2724.800
2725.033
2725.267
2725.500
2725.733
2725.967
2726.200
2726.433
2726.700
2726.933
2727.167
2727.400
2727.633
2727.867
2728.100
2728.333
2728.567
2728.800
2729.033
2730.000
2730.467
2730.933
2731.400
2731.867
2732.333
2732.833
2733.300
2733.767
2734.233
2734.700
2735.200
2735.700
2736.167
2736.633
2737.100
2748.436
2748.661
2748.886
2749.111
2749.336
2749.941
2750.163
2750.385
2750.608
2750.830
2751.052
2751.274
2751.496
2751.718
2751.941
2752.163
2752.385
2752.607
2752.829
2753.052
2753.274
2753.496
2753.718
2753.940
2754.162
2754.385
2754.607
2754.829
2755.051
2755.273
2755.496
2755.718
2755.940
2756.162
2756.384
2756.606
2756.829
2757.051
2757.273
2757.495
2757.717
2757.940
2758.162
2758.384
2758.606
2758.828
2759.050
2759.273
2759.495
2759.717
2759.939
2760.161
2760.384
2760.606
2760.828
2761.050
2761.272
2761.495
2761.717
2761.939
2762.161
2762.383
2762.605
2762.828
2763.050
2763.272
2763.383
2763.494
2763.605
2763.716
2763.827
2763.939
2764.161
2764.383
2764.605
2764.827
2765.049
2765.272
2765.494
2765.716
2765.938
2766.160
2766.383
2766.605
2766.827
2767.049
2767.271
2767.493
2767.716
2767.938
2768.160
2768.382
2768.604
2768.827
2769.049
2769.271
2769.493
2769.715
2769.937
2770.160
2770.382
2770.604
2770.826
2771.048
2771.271
2771.493
2771.715
2771.937
2772.159
2772.381
2772.604
2772.826
2773.048
2773.270
2773.492
2773.715
2773.937
2774.159
2774.381
2774.603
2774.825
2775.048
2775.270
2775.492
2775.714
2775.936
2776.159
2776.381
2776.603
2776.825
2777.047
2777.269
2777.381
2777.492
2777.603
2777.714
2777.825
2777.936
2778.047
2778.158
2778.269
2778.380
2778.603
2778.825
2779.047
2779.269
2779.491
2779.713
2779.936
2780.158
2780.380
2780.602
2780.824
2781.047
2781.269
2781.491
2781.713
2781.935
2782.157
2782.380
2782.602
2782.824
2783.046
2783.268
2783.491
2783.713
2783.935
2784.157
2784.379
2784.601
2784.824
2785.046
2785.268
2785.490
2785.712
2785.935
2786.157
2786.379
2786.601
2786.823
2787.045
2787.268
2787.490
2787.712
2787.934
2788.156
2788.379
2788.601
2788.823
2789.045
2789.267
2789.489
2789.712
2789.934
2790.156
2790.378
2790.600
2790.823
2791.045
2791.267
2791.489
2791.711
2791.933
2792.156
2792.378
2792.600
2792.822
2793.044
2793.267
2793.489
2793.711
2793.933
2794.155
2794.600
2795.044
2795.488
2795.933
2796.155
2796.377
2796.599
2796.821
2797.044
2797.266
2797.488
2797.710
2797.932
2798.155
2798.377
2798.599
2798.821
2799.043
2799.265
2799.488
2799.710
2799.932
2800.154
2800.376
2800.599
2800.821
2801.043
2801.265
2801.487
2801.709
2801.932
2802.154
2802.376
2802.598
2802.820
2803.043
2803.265
2803.487
2803.709
2803.931
2804.153
2804.376
2804.598
2804.820
2805.042
2805.264
2805.487
2805.709
2805.931
2806.153
2806.375
2806.597
2806.820
2807.042
2807.264
2807.486
2807.708
2807.931
2808.153
2808.375
2808.597
2808.819
2809.041
2809.264
2809.486
2809.708
2809.930
2810.152
2810.375
2810.597
2810.819
2811.041
2811.263
2811.485
2811.708
2811.930
2812.152
2812.374
2812.596
2812.819
2813.041
2813.263
2813.485
2813.707
2813.930
2814.152
2814.374
2814.596
2814.818
2815.040
2815.263
2815.485
2815.707
2815.929
2816.151
2816.374
2816.596
2816.818
2817.040
2817.262
2817.484
2817.707
2817.929
2818.151
2818.373
2818.595
2818.818
2819.040
2819.262
2819.484
2819.706
2819.928
2820.151
2820.373
2820.595
2820.817
2821.039
2821.262
2821.484
2821.706
2821.928
2822.150
2822.372
2822.595
2822.817
2823.039
2823.261
2823.483
2823.706
2823.817
2823.928
2824.039
2824.150
2824.261
2824.372
2824.483
2824.594
2824.816
2825.039
2825.261
2825.483
2825.705
2825.927
2826.150
2826.372
2826.594
2826.816
2827.038
2827.260
2827.483
2827.705
2827.927
2828.149
2828.371
2828.594
2828.816
2829.038
2829.260
2829.482
2829.704
2829.927
2830.149
2830.371
2830.593
2830.815
2831.038
2831.260
2831.482
2831.704
2831.926
2832.148
2832.371
2832.593
2832.815
2833.037
2833.259
2833.482
2833.704
2833.926
2834.148
2834.370
2834.592
2834.815
2835.037
2835.259
2835.481
2835.703
2835.926
2836.148
2836.370
2836.592
2836.814
2837.036
2837.259
2837.481
2837.703
2837.925
2838.147
2838.370
2838.592
2838.814
2839.477
2839.896
2840.296
2840.588
2841.233
2841.591
2842.145
2842.428
2843.134
2843.451
2843.880
2844.466
2844.710
