63.158
63.618
64.077
64.537
64.997
65.457
65.916
66.376
66.836
67.296
67.755
68.215
68.675
69.135
69.594
70.054
70.514
70.974
71.433
71.893
72.353
72.812
73.272
73.732
74.192
74.651
75.111
75.571
76.031
76.490
76.950
77.410
77.870
78.329
78.789
79.249
79.709
80.168
80.628
81.088
81.547
82.007
82.467
82.927
83.386
83.846
84.306
84.766
85.225
85.685
86.145
86.605
87.064
87.524
87.984
88.444
88.903
89.363
89.823
90.282
90.742
91.202
91.662
92.121
92.581
93.041
93.501
93.960
94.420
94.880
95.340
95.799
96.259
96.719
97.179
97.638
98.098
98.558
99.017
99.477
99.937
100.397
100.856
101.316
101.776
102.236
102.695
103.155
103.615
104.075
104.534
104.994
105.454
105.914
106.373
106.833
107.293
107.752
108.212
108.672
109.132
109.591
110.051
110.511
110.971
111.430
111.890
112.350
112.810
113.269
113.729
114.189
114.648
115.108
115.568
116.028
116.487
116.947
117.407
117.867
118.326
118.786
119.246
119.706
120.165
120.625
121.085
121.545
122.004
122.464
122.924
123.383
123.843
124.303
124.763
125.222
125.682
126.142
126.602
127.061
127.521
127.981
128.441
128.900
129.360
129.820
130.280
130.739
131.199
131.659
132.118
132.578
133.038
133.498
133.957
134.417
134.877
135.337
135.796
136.256
136.716
137.176
137.635
138.095
138.555
139.015
139.474
139.934
140.394
140.853
141.313
141.773
142.233
142.692
143.152
143.612
144.072
144.531
144.991
145.451
145.911
146.370
146.830
147.290
147.750
148.209
148.669
149.129
149.588
150.048
150.508
150.968
151.427
151.887
152.347
152.807
153.266
153.726
154.186
154.646
155.105
155.565
156.025
156.485
156.944
157.404
157.864
158.323
158.783
159.243
159.703
160.162
160.622
161.082
161.542
162.001
162.461
162.921
163.381
163.840
164.300
164.760
165.220
165.679
166.139
166.599
167.058
167.518
167.978
168.438
168.897
169.357
169.817
170.277
170.736
171.196
171.656
172.116
172.575
173.035
173.495
173.954
174.414
174.874
175.334
175.793
176.253
176.713
177.173
177.632
178.092
178.552
179.012
179.471
179.931
180.391
180.851
181.310
181.770
182.230
182.689
183.149
183.609
184.069
184.528
184.988
185.448
185.908
186.367
186.827
187.287
187.747
188.206
188.666
189.126
189.586
190.045
190.505
190.965
191.424
191.884
192.344
192.804
193.263
193.723
194.183
194.643
195.102
195.562
196.022
196.482
196.941
197.401
197.861
198.321
198.780
199.240
199.700
200.159
200.619
201.079
201.539
201.998
202.458
202.918
203.378
203.837
204.297
204.757
205.217
205.676
206.136
206.596
207.056
207.515
207.975
208.435
208.894
209.354
209.814
210.274
210.733
211.193
211.653
212.113
212.572
213.032
213.492
213.952
214.411
214.871
215.331
215.791
216.250
216.710
217.170
217.629
218.089
218.549
219.009
219.468
219.928
220.388
220.848
221.307
223.101
224.009
224.917
225.825
226.733
227.641
228.549
229.457
230.365
231.273
232.181
233.089
233.997
234.905
235.813
237.180
237.635
238.090
238.545
238.999
239.454
239.909
240.364
240.818
241.273
241.728
242.183
242.638
243.092
243.547
244.002
244.457
244.911
245.366
245.821
246.276
246.731
247.185
247.640
248.095
248.550
249.005
249.459
249.914
250.369
250.824
251.278
251.733
252.188
252.643
253.098
253.552
254.007
254.462
254.917
255.372
255.826
256.281
256.736
257.191
257.645
258.100
258.555
259.010
259.465
259.919
260.374
260.829
261.284
261.739
262.193
262.648
263.103
263.558
264.012
264.467
264.922
265.377
265.832
266.286
266.741
267.196
267.651
268.105
268.560
269.015
269.470
269.925
270.379
270.834
271.289
271.744
272.199
272.653
273.108
273.563
274.018
274.472
274.927
275.382
275.837
276.292
276.746
277.201
277.656
278.111
278.566
279.020
279.475
279.930
280.385
280.839
281.294
281.749
282.204
282.659
283.113
283.568
284.023
284.478
284.933
285.387
285.842
286.297
286.752
287.206
287.661
288.116
288.571
289.026
289.480
289.935
290.390
290.845
291.299
291.754
292.209
292.664
293.119
293.573
294.028
336.203
336.670
336.903
337.137
337.604
337.838
338.071
338.538
338.772
339.005
339.472
339.706
339.940
340.407
340.640
340.874
341.341
341.575
341.842
342.275
342.542
342.742
343.243
343.476
343.710
344.177
344.411
344.644
345.111
345.345
345.579
346.046
346.279
346.513
346.980
347.214
347.480
347.914
348.148
348.415
348.849
349.115
349.349
349.783
350.050
350.283
350.717
350.984
351.184
351.651
351.918
352.118
352.586
352.819
353.086
353.553
353.787
354.020
354.487
354.721
354.954
355.422
355.655
355.889
356.356
356.590
356.823
357.290
357.524
357.757
358.225
358.458
358.725
359.159
359.426
359.659
360.126
360.360
360.594
361.061
361.294
361.528
361.995
362.229
362.462
362.929
363.163
363.430
363.864
364.097
364.364
364.798
365.065
365.265
366.199
366.666
367.133
367.601
368.068
368.535
369.002
369.469
369.936
370.403
370.871
371.338
371.805
372.272
372.739
373.240
373.707
374.174
374.641
375.108
375.575
376.042
376.509
376.977
377.477
377.944
378.378
378.879
379.346
379.779
380.280
380.747
381.214
381.715
382.148
382.616
383.049
383.550
384.017
384.484
384.951
385.418
385.886
386.353
386.820
387.287
387.754
388.221
388.688
389.155
389.623
390.090
390.557
391.024
391.524
391.992
392.459
392.926
393.393
393.860
394.294
394.794
395.295
396.162
396.563
396.796
398.064
398.465
398.698
399.132
399.933
400.300
400.533
401.801
402.202
402.435
402.869
403.670
404.037
404.271
405.538
405.939
406.172
406.606
407.407
407.807
408.041
409.309
409.709
409.943
410.377
411.211
411.578
411.945
413.079
413.413
413.780
414.948
415.315
415.682
416.816
417.183
417.517
418.685
419.052
419.386
420.553
420.921
421.254
422.455
422.789
423.156
424.324
424.658
425.025
426.192
426.693
427.127
427.627
428.094
428.528
429.029
429.496
429.963
430.430
430.897
431.364
431.831
432.299
432.766
433.233
433.700
434.167
434.634
435.101
435.568
436.036
436.503
436.970
437.437
437.904
438.371
438.838
439.306
439.773
440.273
440.740
441.207
441.675
442.142
442.609
443.076
443.543
444.044
444.477
444.978
445.445
445.879
446.379
446.813
447.280
447.781
448.248
448.715
448.948
449.182
449.416
449.649
449.883
450.116
450.350
450.583
450.817
451.051
451.284
451.518
451.751
451.985
452.218
452.452
452.686
452.919
453.153
453.386
453.620
453.853
454.087
454.321
454.554
454.788
455.021
455.255
455.488
455.722
455.955
456.189
456.423
456.656
457.123
457.590
458.058
458.525
459.025
459.492
459.960
460.427
460.894
461.361
461.828
462.329
462.762
463.229
463.697
464.164
464.631
465.098
465.565
466.032
466.499
466.967
467.434
467.901
468.368
468.835
469.302
469.769
470.270
470.737
471.204
471.671
472.138
472.605
473.073
473.540
474.007
474.474
474.941
475.408
475.875
476.343
476.810
477.277
477.777
478.244
478.712
479.179
479.412
479.646
479.879
480.113
480.347
480.580
480.814
481.047
481.281
481.514
481.748
481.981
482.215
482.449
482.682
482.916
483.149
483.383
483.616
483.850
484.084
484.317
484.551
484.784
485.018
485.251
485.485
485.719
485.952
486.186
486.419
486.653
486.886
487.120
487.588
488.058
488.528
488.997
489.467
489.936
490.406
490.876
491.345
491.815
492.284
492.754
493.223
493.693
494.163
494.632
495.102
495.571
496.041
496.511
496.980
497.450
497.919
498.389
498.858
499.328
499.798
500.267
500.737
501.206
501.676
502.146
502.615
503.085
503.554
504.024
504.493
504.963
505.433
505.902
506.372
506.841
507.311
507.781
508.250
508.720
509.189
509.609
509.844
510.079
510.314
510.548
510.783
511.018
511.253
511.488
511.722
511.957
512.192
512.427
512.662
512.896
513.131
513.366
513.601
513.836
514.070
514.305
514.540
514.775
515.010
515.244
515.479
515.714
515.949
531.197
531.664
531.931
533.066
533.466
533.700
534.134
534.934
535.301
535.535
536.803
537.203
537.437
537.871
538.671
539.039
539.272
540.573
540.974
541.207
541.641
542.442
542.809
543.043
544.310
544.744
544.978
545.412
546.212
546.579
546.913
548.081
548.415
548.782
549.949
550.283
550.650
551.818
552.185
552.519
553.686
554.054
554.387
555.555
555.922
556.256
557.791
558.158
559.325
559.659
560.026
561.227
561.461
561.696
561.930
562.164
562.398
562.632
562.866
563.100
563.334
563.568
563.802
564.036
564.270
564.505
564.739
564.973
565.207
565.441
565.675
565.909
566.143
566.377
566.611
566.845
567.080
567.314
567.548
567.782
568.016
568.250
568.484
568.718
568.952
569.186
569.420
569.655
569.889
570.123
570.357
570.591
570.825
571.059
571.293
571.527
571.761
571.995
572.229
572.464
572.698
572.932
573.166
573.400
573.634
573.868
574.102
574.336
574.570
574.804
575.039
575.273
575.507
575.741
575.975
576.209
576.643
577.143
577.610
578.078
578.545
579.012
579.479
579.946
580.413
580.914
581.381
581.848
582.315
582.782
583.249
583.683
584.150
584.617
585.085
585.552
586.019
586.519
586.986
587.454
587.921
588.388
588.855
589.322
589.789
590.256
590.723
591.191
591.658
592.125
592.625
593.093
593.560
594.027
594.494
594.961
595.428
595.895
596.362
596.830
597.297
597.764
598.231
598.698
598.933
599.167
599.402
599.636
599.871
600.105
600.340
600.574
600.809
601.044
601.278
601.513
601.747
601.982
602.216
602.451
602.685
602.920
603.155
603.389
603.624
603.858
604.093
604.327
604.562
604.796
605.031
605.265
605.500
605.735
605.969
606.204
606.438
606.673
607.140
607.607
608.074
608.541
609.008
609.476
609.943
610.410
610.910
611.377
611.845
612.312
612.779
613.246
613.713
614.180
614.647
615.115
615.582
616.015
616.516
616.983
617.450
617.917
618.384
618.852
619.319
619.786
620.253
620.720
621.187
621.654
622.122
622.589
623.056
623.523
624.023
624.491
624.958
625.425
625.892
626.359
626.826
627.293
627.760
628.228
628.695
629.162
629.396
629.631
629.866
630.100
630.335
630.569
630.804
631.038
631.273
631.507
631.742
631.976
632.211
632.446
632.680
632.915
633.149
633.384
633.618
633.853
634.087
634.322
634.556
634.791
635.026
635.260
635.495
635.729
635.964
636.198
636.433
636.667
636.902
637.136
637.604
638.071
638.538
639.005
639.472
639.939
640.406
640.874
641.341
641.808
642.275
642.742
643.243
643.710
644.177
644.644
645.111
645.578
646.045
646.513
646.980
647.447
647.914
648.414
648.848
649.315
649.782
650.250
650.717
651.184
651.651
652.118
652.585
653.052
653.520
654.020
654.487
654.954
655.421
655.889
656.356
656.823
657.290
657.757
658.224
658.691
659.159
659.626
660.093
660.560
661.060
661.528
661.995
662.462
662.929
663.396
663.863
664.330
664.797
665.265
665.732
666.199
666.432
666.666
667.133
667.367
667.600
668.067
668.301
668.535
669.002
669.235
669.469
669.936
670.170
670.403
670.870
671.104
671.337
671.804
672.038
672.272
672.739
673.006
673.239
673.706
673.940
674.174
674.641
674.874
675.108
675.575
675.808
676.042
676.509
676.743
677.010
677.477
677.710
677.944
678.411
678.645
678.878
679.312
679.579
679.812
680.280
680.513
680.747
681.214
681.447
681.681
682.148
682.382
682.615
683.082
683.316
683.583
684.017
684.250
684.484
684.951
685.185
685.418
685.885
686.119
686.386
686.819
687.053
687.287
687.754
687.987
688.221
688.688
688.922
689.155
689.622
689.856
690.089
690.557
690.790
691.057
691.524
691.758
691.991
692.458
692.692
692.926
693.393
693.626
693.893
694.327
694.594
694.827
735.641
736.793
737.945
739.098
740.250
741.402
742.554
743.707
744.859
745.147
745.435
745.723
746.012
746.300
746.588
746.876
747.164
747.452
747.740
748.029
748.317
748.605
748.893
749.181
749.325
749.469
749.613
749.757
749.901
750.046
750.190
750.334
750.478
750.622
750.766
750.910
751.054
751.198
751.342
751.486
751.630
751.774
751.918
752.063
752.207
752.351
752.495
752.639
752.783
752.927
754.080
754.368
754.656
754.944
755.232
755.520
755.808
756.097
756.385
756.673
756.961
757.249
757.537
757.825
758.113
758.402
758.690
758.978
759.266
759.554
759.842
760.130
760.419
760.995
761.283
761.571
761.859
762.147
762.436
762.724
763.012
763.300
763.588
763.876
764.164
764.453
764.741
765.029
765.317
765.605
765.893
766.181
766.470
766.758
767.046
767.334
767.622
767.910
768.487
769.063
769.639
770.215
770.792
771.368
771.944
772.521
772.809
773.097
773.385
773.673
773.961
774.249
774.538
774.826
775.114
775.402
775.690
775.978
776.266
776.555
776.843
777.131
777.419
777.707
777.995
778.283
778.572
778.860
779.148
779.436
779.724
780.012
780.300
780.589
780.877
781.165
781.453
781.741
782.029
782.317
782.606
782.894
783.182
783.470
783.758
784.046
784.334
784.623
784.911
785.199
785.487
785.775
786.063
786.351
786.639
786.928
787.216
787.504
787.792
788.080
788.368
788.656
788.945
789.233
789.521
789.809
790.097
790.385
790.673
790.962
791.106
791.250
791.394
791.538
791.682
791.826
791.970
792.114
792.258
792.402
792.546
792.690
793.267
793.555
793.843
794.131
794.419
794.707
794.996
795.284
795.572
795.860
796.148
796.436
796.724
797.013
797.301
797.589
797.877
798.165
798.453
798.741
799.030
799.318
799.606
799.894
800.182
800.470
800.758
801.047
801.335
801.623
801.911
802.199
802.487
803.064
803.640
804.216
804.792
805.369
805.945
806.521
806.809
807.098
807.386
807.674
807.962
808.250
808.538
808.826
809.115
809.259
809.403
809.547
809.691
809.835
809.979
810.123
810.267
810.411
810.555
811.708
811.996
812.284
812.572
812.860
813.148
813.437
813.725
814.013
814.301
814.589
814.877
815.165
815.454
815.742
815.886
816.030
816.174
816.318
816.606
816.894
817.182
817.471
817.759
818.047
818.335
818.479
818.623
818.911
819.199
819.488
819.776
820.064
820.352
820.928
821.072
821.216
821.361
821.505
821.649
821.793
821.937
822.081
822.225
822.369
822.513
822.657
822.801
822.945
823.089
823.233
823.378
823.522
823.666
823.810
823.954
824.098
824.242
824.386
824.530
824.674
824.818
824.962
825.106
825.250
825.395
825.539
825.683
825.827
825.971
826.115
826.259
826.403
826.547
826.691
826.835
826.979
827.123
827.267
827.411
827.556
827.700
827.844
827.988
828.132
828.276
828.420
828.564
828.708
828.852
828.996
831.301
831.590
831.878
832.166
832.454
832.742
833.030
833.318
833.607
833.895
834.183
834.471
834.759
835.047
835.335
835.624
835.912
836.200
836.488
836.776
837.064
837.352
837.641
837.929
838.217
838.505
838.793
839.081
839.369
839.658
839.946
840.234
840.522
840.810
841.098
841.386
841.674
841.963
842.251
842.539
842.827
843.115
843.403
843.691
843.980
844.268
844.556
844.844
845.132
845.420
845.708
845.997
846.285
846.573
846.861
847.149
847.437
847.581
847.725
847.870
848.014
848.158
848.302
848.446
848.590
848.734
848.878
849.022
849.166
849.310
849.454
849.598
849.742
849.887
850.031
850.175
850.319
850.463
850.607
850.751
850.895
851.039
851.183
851.327
851.471
851.615
851.759
851.904
852.048
852.624
853.200
853.776
854.353
895.428
895.883
896.338
896.793
897.247
897.702
898.157
898.612
899.067
899.522
899.977
900.432
900.887
901.342
901.796
902.251
902.706
903.161
903.616
904.071
904.526
904.981
905.436
905.891
906.345
906.800
907.255
907.710
908.165
908.620
909.075
909.976
910.203
910.430
910.657
910.884
911.111
911.338
911.565
911.793
912.020
912.247
912.474
912.701
912.928
913.155
913.382
913.609
913.837
914.064
914.291
914.518
914.745
914.972
915.199
915.426
915.653
915.881
916.108
916.335
916.562
916.789
917.016
917.243
917.470
917.697
917.925
918.152
918.379
918.606
918.833
919.060
919.287
919.514
919.741
919.969
920.196
920.423
920.650
920.877
921.104
921.331
921.558
921.785
922.012
922.240
922.467
922.694
922.921
923.148
923.375
923.602
923.829
924.056
926.292
928.127
929.962
931.764
933.599
935.401
937.203
939.071
940.873
942.675
944.477
946.312
948.114
949.949
951.751
953.586
955.421
957.223
959.058
960.860
962.662
964.497
966.299
968.134
969.936
971.771
973.573
975.408
977.210
979.011
980.847
982.715
983.170
983.625
984.080
984.535
984.989
985.444
985.899
986.354
986.809
987.264
987.719
988.174
988.628
989.083
989.538
989.993
990.448
990.903
991.358
991.813
992.267
992.722
993.177
993.632
994.087
994.542
994.997
995.452
995.906
996.361
996.816
997.271
997.726
998.181
998.636
999.091
999.545
1000.000
1000.455
1000.910
1001.365
1001.820
1002.275
1002.730
1003.184
1003.639
1004.094
1004.549
1005.004
1005.230
1005.456
1005.682
1005.909
1006.135
1006.361
1006.587
1006.813
1007.039
1007.266
1007.492
1007.718
1007.944
1008.170
1008.396
1008.622
1008.849
1009.075
1009.301
1009.527
1009.753
1009.979
1010.205
1010.432
1010.658
1010.884
1011.110
1011.544
1011.777
1012.011
1012.478
1012.678
1013.379
1013.613
1013.813
1014.280
1014.514
1015.181
1015.414
1015.648
1016.115
1016.315
1017.016
1017.250
1017.483
1017.917
1018.150
1018.851
1019.051
1019.285
1019.752
1019.986
1020.653
1020.887
1021.120
1021.554
1021.787
1022.488
1022.722
1022.955
1023.389
1023.623
1024.290
1024.557
1024.757
1025.224
1025.424
1026.092
1026.359
1026.559
1027.026
1027.260
1027.927
1028.160
1028.394
1028.828
1029.061
1029.762
1029.962
1030.196
1030.663
1030.897
1031.564
1031.797
1032.031
1032.465
1032.698
1033.399
1033.599
1033.833
1034.300
1034.534
1035.201
1035.434
1035.668
1036.102
1036.335
1037.036
1037.270
1037.503
1037.937
1038.170
1038.871
1039.105
1039.305
1039.772
1039.972
1040.673
1040.907
1041.340
1041.574
1041.807
1042.041
1042.508
1042.708
1043.175
1043.376
1043.643
1043.843
1044.310
1044.510
1044.977
1045.211
1045.444
1045.645
1046.112
1046.345
1046.812
1047.035
1047.257
1047.480
1047.947
1048.147
1048.614
1048.848
1049.081
1049.282
1049.749
1049.982
1050.472
1050.687
1050.902
1051.117
1051.584
1051.784
1052.251
1052.485
1052.718
1052.919
1053.386
1053.619
1054.053
1054.287
1054.520
1054.754
1055.221
1055.454
1055.888
1056.122
1056.355
1056.589
1057.056
1057.256
1057.723
1057.957
1058.190
1058.391
1058.858
1059.091
1059.525
1059.759
1059.959
1060.192
1060.660
1060.860
1061.327
1061.561
1061.794
1062.028
1062.461
1062.695
1063.162
1063.362
1063.596
1063.829
1064.297
1064.530
1064.964
1065.197
1065.431
1065.665
1066.098
1066.332
1069.969
1071.804
1073.606
1075.441
1077.243
1079.045
1080.880
1082.682
1084.517
1086.319
1088.154
1089.956
1091.791
1093.593
1095.428
1097.229
1099.065
1100.866
1102.702
1104.503
1106.339
1108.174
1109.976
1111.777
1113.579
1114.034
1114.489
1114.944
1115.399
1115.854
1116.309
1116.763
1117.218
1117.673
1118.128
1118.583
1119.038
1119.493
1119.948
1120.403
1120.858
1121.312
1121.767
1122.222
1122.677
1123.132
1123.587
1124.042
1124.497
1124.952
1125.407
1125.861
1126.316
1126.771
1127.226
1127.681
1128.136
1128.591
1129.046
1129.501
1129.955
1130.410
1130.865
1131.320
1131.775
1132.230
1132.685
1133.140
1133.595
1134.050
1134.504
1134.959
1135.414
1135.869
1136.324
1136.779
1137.234
1137.689
1138.144
1138.599
1139.053
1139.508
1139.963
1140.418
1140.873
1141.774
1142.008
1142.241
1142.675
1142.908
1143.576
1143.809
1144.043
1144.477
1144.710
1145.378
1145.611
1145.845
1146.312
1146.512
1147.213
1147.446
1147.680
1148.114
1148.347
1149.015
1149.248
1149.482
1149.949
1150.182
1150.850
1151.083
1151.317
1151.751
1151.984
1152.685
1152.885
1153.119
1153.586
1153.819
1154.487
1154.720
1154.954
1155.421
1155.621
1156.322
1156.555
1156.756
1157.223
1157.456
1158.157
1158.391
1158.591
1159.058
1159.291
1159.959
1160.192
1160.393
1160.860
1161.093
1161.761
1161.994
1162.228
1162.662
1162.895
1163.596
1163.796
1164.030
1164.497
1164.730
1165.398
1165.631
1165.865
1166.298
1166.532
1167.233
1167.433
1167.667
1168.134
1168.367
1171.804
1172.031
1172.259
1172.486
1172.714
1172.941
1173.169
1173.396
1173.624
1173.851
1174.079
1174.306
1174.534
1174.761
1174.989
1175.216
1175.444
1175.671
1175.899
1176.126
1176.354
1176.581
1176.809
1177.036
1177.264
1177.491
1177.719
1177.946
1178.174
1178.401
1178.629
1178.856
1179.084
1179.311
1179.539
1179.766
1179.994
1180.221
1180.449
1180.676
1180.904
1181.131
1181.359
1181.586
1181.814
1182.041
1182.269
1182.496
1182.724
1182.951
1183.179
1183.406
1183.634
1183.861
1184.089
1184.316
1184.544
1184.771
1184.999
1185.226
1185.454
1185.681
1185.909
1186.136
1186.364
1186.591
1186.819
1187.253
1187.486
1188.187
1188.387
1188.654
1189.088
1189.321
1190.022
1190.222
1190.456
1190.923
1191.157
1191.824
1192.058
1192.258
1192.725
1192.958
1193.626
1193.859
1194.093
1194.527
1194.760
1195.428
1195.661
1195.895
1196.362
1196.562
1197.263
1197.496
1197.730
1198.164
1198.397
1199.065
1199.298
1199.532
1199.999
1200.232
1200.900
1201.133
1201.367
1201.801
1202.034
1202.735
1202.935
1203.169
1203.636
1203.869
1204.537
1204.770
1205.004
1205.471
1205.671
1206.372
1206.605
1206.806
1207.273
1207.506
1208.207
1208.441
1208.641
1209.108
1209.308
1210.009
1210.242
1210.443
1210.910
1211.143
1211.811
1212.044
1212.278
1212.712
1212.945
1213.646
1213.846
1214.080
1214.547
1214.780
1215.448
1215.681
1216.167
1216.383
1216.599
1216.816
1217.283
1217.516
1217.950
1218.184
1218.417
1218.651
1219.085
1219.318
1219.785
1219.985
1220.219
1220.453
1220.920
1221.153
1221.587
1221.821
1222.054
1222.254
1222.722
1222.955
1223.422
1223.656
1223.856
1224.090
1224.557
1224.790
1225.224
1225.458
1225.691
1225.925
1226.358
1226.592
1227.059
1227.259
1227.493
1227.727
1228.160
1228.394
1228.861
1229.095
1229.295
1229.528
1229.995
1230.229
1230.663
1230.896
1231.130
1231.363
1231.797
1232.031
1232.498
1232.732
1232.932
1233.165
1233.632
1233.866
1234.300
1234.533
1234.767
1235.000
1235.434
1235.668
1236.135
1236.368
1236.569
1236.802
1237.269
1237.503
1237.937
1238.170
1238.404
1238.637
1239.105
1239.338
1239.772
1240.005
1240.239
1240.473
1240.906
1241.140
1244.510
1244.965
1245.420
1245.875
1246.330
1246.784
1247.239
1247.694
1248.149
1248.604
1249.059
1249.514
1249.969
1250.424
1250.879
1251.333
1251.788
1252.243
1252.698
1253.153
1253.608
1254.063
1254.518
1254.973
1255.428
1255.882
1256.337
1256.792
1257.247
1257.702
1258.157
1258.612
1259.067
1259.522
1259.976
1260.431
1260.886
1261.341
1261.796
1262.251
1262.706
1263.161
1263.616
1264.071
1264.525
1264.980
1265.435
1265.890
1266.345
1266.800
1267.255
1267.710
1268.165
1268.620
1269.074
1269.529
1269.984
1270.439
1270.894
1271.349
1271.804
1318.784
1319.136
1319.488
1319.840
1320.193
1320.545
1320.897
1321.249
1321.601
1321.954
1322.306
1322.658
1323.010
1323.363
1323.715
1324.067
1324.419
1324.771
1325.124
1325.476
1325.828
1326.180
1326.533
1326.885
1327.237
1327.589
1327.941
1328.294
1330.062
1330.416
1330.770
1331.123
1331.477
1331.831
1332.185
1332.538
1332.892
1333.246
1333.600
1333.953
1334.307
1334.661
1335.015
1335.368
1335.722
1336.076
1336.430
1336.783
1337.137
1337.491
1337.845
1338.198
1338.552
1338.906
1339.260
1339.613
1344.198
1345.609
1347.020
1348.431
1349.842
1351.253
1352.664
1354.075
1355.486
1356.897
1358.309
1359.720
1361.131
1362.542
1363.953
1365.364
1368.200
1368.734
1371.003
1371.537
1373.305
1373.839
1374.373
1376.675
1377.209
1379.511
1380.045
1382.314
1382.882
1384.617
1385.117
1385.651
1387.953
1388.487
1390.756
1393.626
1396.428
1396.607
1396.785
1396.964
1397.142
1397.321
1397.499
1397.677
1397.856
1398.034
1398.213
1398.391
1398.570
1398.748
1398.927
1399.105
1399.283
1402.435
1402.616
1402.798
1402.979
1403.160
1403.342
1403.523
1403.860
1404.041
1404.223
1404.404
1404.586
1404.767
1404.948
1405.249
1405.430
1405.612
1405.793
1405.975
1406.156
1406.337
1406.662
1406.844
1407.025
1407.206
1407.388
1407.569
1407.751
1408.111
1408.293
1408.474
1408.656
1408.837
1409.019
1409.200
1409.521
1409.702
1409.884
1410.065
1410.247
1410.428
1410.609
1410.910
1411.076
1411.277
1411.443
1411.610
1411.777
1411.977
1413.712
1413.913
1414.079
1414.246
1414.446
1414.613
1414.780
1415.147
1415.328
1415.510
1415.691
1415.873
1416.054
1416.236
1416.559
1416.740
1416.922
1417.103
1417.284
1417.466
1417.647
1417.969
1418.150
1418.332
1418.513
1418.695
1418.876
1419.057
1419.388
1419.570
1419.751
1419.933
1420.114
1420.296
1420.477
1420.784
1420.966
1421.147
1421.329
1421.510
1421.692
1421.873
1422.210
1422.392
1422.573
1422.755
1422.936
1423.118
1423.299
1424.325
1424.678
1425.031
1425.383
1425.736
1426.089
1426.441
1426.794
1427.147
1427.499
1427.852
1428.205
1428.558
1428.910
1429.263
1429.616
1429.968
1430.321
1430.674
1431.026
1431.379
1431.732
1432.084
1432.437
1432.790
1433.143
1433.495
1433.848
1434.201
1434.553
1434.906
1435.259
1435.611
1435.964
1436.317
1436.670
1437.022
1437.375
1437.728
1438.080
1438.433
1438.786
1439.138
1439.491
1439.844
1440.197
1440.549
1440.902
1441.255
1441.607
1441.960
1442.313
1442.665
1443.018
1443.371
1443.724
1444.076
1444.429
1444.782
1445.134
1445.487
1445.840
1446.192
1446.545
1447.246
1448.658
1450.069
1451.481
1452.893
1454.305
1455.717
1457.129
1458.540
1459.952
1461.364
1462.776
1464.188
1465.600
1467.011
1468.423
1469.835
1470.369
1472.671
1473.205
1474.974
1475.474
1476.008
1478.344
1478.844
1481.113
1481.468
1481.822
1482.177
1482.532
1482.887
1483.242
1483.596
1483.951
1484.306
1484.661
1485.015
1485.370
1485.725
1486.080
1486.434
1486.789
1487.144
1487.499
1487.853
1488.208
1488.563
1488.918
1489.272
1489.627
1489.804
1489.981
1490.158
1490.335
1490.512
1490.689
1490.866
1491.043
1491.220
1491.397
1491.574
1491.751
1491.928
1492.105
1492.282
1492.459
1495.260
1498.097
1500.899
1504.935
1505.113
1505.291
1505.469
1505.647
1505.825
1506.003
1506.181
1506.359
1506.538
1506.716
1506.894
1507.072
1507.250
1507.428
1507.606
1507.784
1507.962
1508.140
1508.318
1508.496
1508.674
1508.853
1509.031
1509.209
1509.387
1509.565
1509.743
1509.921
1510.099
1510.277
1510.455
1510.633
1510.811
1510.989
1511.167
1511.346
1511.524
1511.702
1511.880
1512.058
1512.236
1515.381
1515.558
1515.736
1515.914
1516.092
1516.270
1516.448
1516.839
1517.014
1517.190
1517.365
1517.541
1517.716
1517.892
1518.201
1518.381
1518.560
1518.740
1518.919
1519.099
1519.278
1519.607
1519.786
1519.966
1520.145
1520.325
1520.504
1520.683
1521.019
1521.199
1521.378
1521.558
1521.737
1521.917
1522.096
1522.405
1522.584
1522.764
1522.943
1523.123
1523.302
1523.482
1523.859
1524.038
1524.218
1524.397
1524.577
1524.756
1524.936
1526.658
1526.859
1527.026
1527.192
1527.359
1527.559
1527.722
1528.093
1528.260
1528.427
1528.594
1528.794
1528.961
1529.128
1529.491
1529.670
1529.850
1530.029
1530.209
1530.388
1530.567
1530.950
1531.129
1531.309
1531.488
1531.668
1531.847
1532.027
1532.297
1532.464
1532.664
1532.831
1533.032
1533.198
1533.365
1533.736
1533.916
1534.095
1534.275
1534.454
1534.634
1534.813
1535.176
1535.355
1535.535
1535.714
1535.894
1536.073
1536.253
1537.626
1537.978
1538.331
1538.683
1539.036
1539.389
1539.741
1540.094
1540.446
1540.799
1541.152
1541.504
1541.857
1542.209
1542.562
1542.915
1543.267
1543.620
1543.972
1544.325
1544.678
1545.030
1545.383
1545.735
1546.088
1546.441
1546.793
1547.146
1547.499
1547.851
1548.204
1548.556
1548.909
1549.262
1549.614
1549.967
1550.319
1550.672
1551.025
1551.377
1551.730
1552.082
1552.435
1552.788
1553.140
1553.493
1553.845
1554.198
1554.551
1554.903
1555.256
1555.608
1555.961
1556.314
1556.666
1557.019
1557.371
1557.724
1558.077
1558.429
1558.782
1559.134
1559.487
1559.840
1560.559
1560.912
1561.266
1561.619
1561.973
1562.326
1562.679
1563.033
1563.386
1563.739
1564.093
1564.446
1564.800
1565.153
1565.506
1565.860
1566.213
1566.567
1566.920
1567.273
1567.627
1567.980
1568.333
1568.687
1569.040
1569.394
1569.747
1571.489
1571.842
1572.195
1572.548
1572.901
1573.254
1573.608
1573.961
1574.314
1574.667
1575.020
1575.373
1575.727
1576.080
1576.433
1576.786
1577.139
1577.492
1577.846
1578.199
1578.552
1578.905
1579.258
1579.611
1579.786
1579.961
1580.135
1580.310
1580.485
1580.659
1580.834
1581.009
1581.184
1581.358
1581.533
1581.708
1581.882
1582.057
1582.232
1582.406
1582.581
1624.189
1624.637
1625.085
1625.533
1625.980
1626.428
1626.876
1627.324
1627.772
1628.219
1628.667
1629.115
1629.563
1630.010
1630.458
1630.906
1631.354
1631.802
1632.249
1632.697
1633.145
1633.593
1634.041
1634.488
1634.936
1635.384
1635.832
1636.279
1636.727
1637.175
1637.623
1638.071
1638.518
1638.966
1639.414
1639.862
1640.310
1640.757
1641.205
1641.653
1642.101
1642.548
1642.996
1643.444
1643.892
1644.340
1644.787
1645.235
1645.683
1646.131
1646.579
1647.026
1647.474
1647.922
1648.370
1648.817
1649.265
1649.713
1650.161
1650.609
1651.056
1651.504
1651.952
1652.400
1652.848
1653.295
1653.743
1654.191
1654.639
1655.086
1655.534
1655.982
1656.430
1656.878
1657.325
1657.773
1658.221
1658.669
1659.117
1659.564
1660.012
1660.460
1660.908
1661.355
1661.803
1662.251
1662.699
1663.147
1663.594
1664.042
1664.490
1664.938
1665.386
1665.833
1666.281
1666.729
1667.177
1667.624
1668.072
1668.520
1668.968
1669.416
1669.863
1670.311
1670.759
1671.207
1671.655
1672.102
1672.550
1672.998
1673.446
1673.893
1674.341
1674.789
1675.237
1675.685
1676.132
1676.580
1677.028
1677.476
1681.513
1681.713
1682.414
1682.648
1683.315
1683.549
1684.216
1684.416
1685.117
1685.350
1686.018
1686.218
1686.885
1687.119
1687.786
1688.020
1688.687
1688.921
1689.588
1689.821
1690.455
1690.689
1691.356
1691.590
1692.257
1692.491
1693.158
1693.392
1694.059
1694.259
1694.960
1695.160
1695.827
1696.061
1696.728
1696.962
1697.629
1697.863
1698.530
1698.764
1699.431
1699.665
1700.332
1700.566
1701.233
1701.466
1702.134
1702.334
1703.035
1703.268
1703.902
1704.169
1704.803
1705.037
1705.704
1705.938
1706.605
1706.805
1707.472
1707.706
1708.373
1708.607
1709.274
1709.508
1710.175
1710.409
1711.076
1711.310
1711.977
1712.177
1712.878
1713.078
1713.745
1713.979
1714.646
1714.880
1715.581
1715.781
1716.481
1716.682
1717.349
1717.583
1718.250
1718.450
1719.151
1719.384
1720.052
1720.252
1720.953
1721.153
1721.820
1722.054
1722.721
1722.921
1723.622
1723.822
1724.489
1724.723
1725.390
1725.624
1726.291
1726.491
1727.192
1727.392
1728.060
1728.293
1728.961
1729.194
1729.861
1730.095
1730.762
1730.996
1731.663
1731.897
1732.564
1732.798
1733.432
1733.665
1734.366
1734.566
1735.267
1735.467
1736.168
1736.401
1738.837
1740.606
1742.407
1744.176
1745.978
1747.779
1749.581
1751.350
1753.151
1754.953
1756.722
1758.490
1760.292
1762.094
1762.318
1762.543
1762.768
1762.992
1763.217
1763.442
1763.666
1763.891
1764.116
1764.340
1764.565
1764.790
1765.014
1765.239
1765.464
1767.466
1767.733
1768.367
1768.634
1769.268
1769.501
1770.168
1770.402
1771.069
1771.303
1771.970
1772.204
1772.838
1773.105
1773.739
1773.972
1774.640
1774.873
1775.540
1775.774
1776.441
1776.675
1777.342
1777.542
1778.243
1778.443
1779.111
1779.344
1780.012
1780.245
1780.946
1781.146
1781.813
1782.047
1782.714
1782.948
1783.615
1783.849
1784.516
1784.750
1785.417
1785.651
1786.318
1786.551
1787.185
1787.452
1788.086
1788.320
1788.987
1789.221
1789.888
1790.088
1790.789
1790.989
1791.657
1791.890
1792.557
1792.791
1793.458
1793.692
1794.359
1795.260
1795.494
1796.161
1796.361
1797.062
1797.262
1797.929
1798.163
1798.830
1799.064
1799.731
1799.965
1800.632
1800.866
1801.533
1801.767
1802.434
1802.668
1803.335
1803.535
1804.202
1804.436
1805.103
1805.337
1806.004
1806.238
1806.872
1807.139
1807.773
1808.006
1808.674
1808.907
1809.574
1809.775
1810.475
1810.676
1811.343
1811.576
1812.244
1812.477
1813.145
1813.378
1814.046
1814.279
1814.946
1815.180
1815.847
1816.081
1816.748
1816.982
1817.649
1817.883
1818.550
1818.750
1819.418
1819.651
1820.319
1820.552
1821.219
1821.420
1822.120
1822.321
1823.021
1823.221
1823.889
1824.122
1824.790
1825.023
1825.691
1825.891
1826.591
1826.792
1827.459
1827.693
1828.360
1828.593
1829.261
1829.494
1830.162
1830.395
1831.063
1831.263
1831.963
1832.164
1832.864
1833.065
1833.765
1833.965
1834.666
1834.866
1835.534
1835.767
1836.535
1836.735
1837.369
1837.536
1838.203
1838.437
1839.104
1839.338
1840.005
1840.205
1840.906
1841.106
1841.773
1842.007
1842.674
1842.908
1843.575
1843.809
1844.476
1844.710
1845.377
1845.577
1846.278
1846.478
1847.145
1847.379
1848.046
1848.280
1848.947
1849.181
1849.815
1851.650
1853.418
1855.220
1856.988
1858.790
1860.592
1862.361
1864.162
1865.964
1867.766
1869.534
1871.336
1873.105
1874.906
1876.708
1878.477
1880.278
1882.080
1883.849
1885.650
1887.452
1889.221
1891.022
1892.824
1894.159
1895.961
1897.729
1899.531
1901.333
1903.101
1904.903
1906.671
1908.473
1910.742
1910.976
1911.643
1911.877
1912.544
1912.778
1913.445
1913.678
1914.346
1914.579
1915.247
1915.480
1916.148
1916.381
1917.048
1917.282
1917.949
1918.150
1918.850
1919.084
1919.718
1919.951
1920.619
1920.852
1921.520
1921.753
1922.421
1922.654
1923.288
1923.522
1924.189
1924.423
1925.090
1925.323
1925.991
1926.224
1926.892
1927.125
1927.793
1927.993
1928.693
1928.894
1929.561
1929.795
1930.462
1930.695
1931.363
1931.596
1932.264
1932.497
1933.165
1933.398
1934.065
1934.299
1934.933
1935.200
1939.438
1939.638
1940.305
1940.539
1941.206
1941.440
1942.107
1942.340
1943.008
1943.241
1943.909
1944.109
1944.810
1945.010
1945.677
1945.911
1946.578
1946.812
1947.479
1947.712
1948.380
1948.613
1949.281
1949.514
1950.182
1950.415
1951.082
1951.316
1951.983
1952.217
1952.884
1953.118
1953.785
1954.019
1954.653
1954.886
1955.554
1955.787
1956.455
1956.688
1957.355
1957.589
1958.223
1958.457
1959.124
1959.357
1960.025
1960.258
1960.926
1961.159
1961.827
1962.060
1962.727
1962.928
1963.628
1963.829
1964.496
1964.729
1965.397
1965.630
1966.331
1966.531
1967.232
1967.432
1968.099
1968.333
1969.000
1969.234
1969.901
1970.135
1970.769
1971.002
1971.703
1971.903
1972.571
1972.771
1973.472
1973.705
1974.339
1974.573
1975.240
1975.474
1976.141
1976.374
1977.042
1977.275
1977.943
1978.143
1978.844
1979.044
1979.711
1979.945
1980.612
1980.846
1981.513
1981.746
1982.414
1982.647
1983.315
1983.548
1984.216
1984.449
1985.116
1985.350
1986.017
1986.218
1986.885
1987.118
1987.786
1988.019
1988.687
1988.887
1989.588
1989.788
1990.455
1990.689
1991.122
1991.347
1991.571
1991.795
1992.020
1992.244
1992.468
1992.693
1992.917
1993.141
1993.365
1993.590
1993.814
1994.038
1994.263
1994.487
1994.711
1994.936
1995.160
1995.827
1996.061
1996.728
1996.962
1997.629
1997.863
1998.530
1998.763
1999.431
1999.664
2000.332
2000.565
2001.199
2001.466
2002.100
2002.334
2003.001
2003.235
2003.902
2004.135
2004.803
2005.036
2005.704
2005.937
2006.571
2006.805
2007.472
2007.672
2008.373
2008.607
2009.241
2009.474
2010.141
2010.375
2011.042
2011.276
2011.943
2012.177
2013.044
2013.745
2013.945
2014.613
2014.846
2015.514
2015.747
2016.414
2016.648
2017.315
2017.549
2018.216
2018.450
2019.117
2019.351
2019.985
2020.218
2020.886
2021.119
2021.820
2022.020
2022.687
2022.921
2023.588
2023.788
2024.456
2024.689
2025.357
2025.590
2026.258
2026.491
2027.158
2028.059
2028.293
2028.960
2029.160
2029.861
2030.061
2030.762
2030.962
2031.630
2031.863
2032.564
2032.764
2033.431
2033.665
2034.366
2034.566
2035.233
2035.467
2036.134
2036.368
2037.035
2037.235
2038.036
2038.236
2038.803
2039.037
2039.704
2039.938
2040.605
2040.839
2041.506
2041.706
2042.374
2042.607
2043.275
2043.508
2044.175
2044.409
2045.076
2045.310
2045.977
2046.211
2046.878
2047.112
2047.779
2048.013
2048.680
2048.914
2054.052
2054.252
2054.953
2055.153
2055.820
2056.054
2056.721
2056.955
2057.622
2057.822
2058.490
2058.723
2059.391
2059.624
2060.292
2060.525
2061.192
2061.426
2062.093
2062.327
2062.994
2063.228
2063.895
2064.095
2064.596
2064.821
2065.045
2065.270
2065.495
2065.719
2065.944
2066.169
2066.393
2066.618
2066.843
2067.067
2067.292
2067.517
2067.741
2067.966
2068.400
2068.600
2069.267
2069.501
2070.168
2070.402
2071.069
2071.303
2071.970
2072.203
2072.871
2073.071
2073.738
2073.972
2074.639
2074.873
2075.540
2075.740
2076.466
2076.641
2077.309
2077.542
2078.209
2078.443
2079.110
2079.344
2080.011
2080.245
2080.912
2081.146
2081.813
2082.013
2082.681
2082.914
2083.615
2083.815
2084.516
2084.716
2085.417
2085.617
2086.284
2086.518
2087.185
2087.385
2088.086
2088.320
2088.987
2089.187
2089.854
2090.088
2090.755
2090.956
2091.623
2091.856
2092.524
2092.757
2093.425
2093.658
2094.326
2094.559
2095.226
2095.438
2096.127
2096.328
2096.995
2097.228
2097.896
2098.129
2098.797
2099.030
2099.698
2099.931
2100.599
2100.832
2101.499
2101.733
2102.167
2102.400
2103.068
2103.301
2103.969
2104.169
2104.836
2105.070
2105.737
2105.971
2106.638
2106.871
2107.539
2107.739
2108.406
2108.640
2109.341
2109.541
2110.208
2110.442
2111.343
2111.566
2111.790
2112.014
2112.238
2112.462
2112.686
2112.910
2113.133
2113.357
2113.581
2113.805
2114.029
2114.253
2114.477
2114.700
2114.924
2115.148
2115.372
2115.596
2115.820
2116.044
2116.267
2116.491
2116.715
2116.939
2117.163
2117.387
2117.611
2117.835
2118.058
2118.282
2118.506
2118.730
2118.954
2119.178
2119.402
2119.625
2119.849
2120.073
2120.297
2120.521
2120.745
2120.969
2121.192
2121.416
2121.640
2121.864
2122.088
2122.312
2122.536
2122.759
2122.983
2123.207
2123.431
2123.655
2123.898
2159.491
2161.259
2163.061
2164.829
2166.598
2168.366
2170.168
2171.936
2173.705
2174.172
2174.606
2175.040
2175.473
2175.940
2176.374
2176.808
2177.275
2177.709
2178.143
2178.610
2179.044
2179.477
2179.944
2180.378
2180.812
2181.279
2181.713
2182.147
2182.614
2183.048
2183.481
2183.915
2184.382
2184.816
2185.250
2185.717
2186.184
2188.386
2188.608
2188.831
2189.053
2189.275
2189.497
2189.719
2189.941
2190.164
2190.386
2190.608
2190.830
2191.052
2191.275
2191.497
2191.719
2191.941
2192.163
2192.385
2192.608
2192.830
2193.052
2193.274
2193.496
2193.719
2193.941
2194.163
2194.385
2194.607
2194.829
2195.052
2195.274
2195.496
2195.718
2195.940
2196.162
2196.385
2196.607
2196.829
2197.051
2197.273
2197.496
2197.718
2197.940
2198.162
2198.384
2198.606
2198.829
2199.051
2199.273
2199.495
2199.717
2199.940
2200.162
2200.384
2200.606
2200.828
2201.050
2201.273
2201.495
2201.717
2201.939
2202.161
2202.384
2202.606
2202.828
2203.050
2203.272
2203.494
2203.717
2203.939
2204.161
2204.383
2204.605
2204.827
2205.050
2205.272
2205.494
2205.716
2205.938
2206.161
2206.383
2206.605
2206.827
2207.049
2207.271
2207.494
2207.716
2207.938
2208.160
2208.382
2208.605
2208.827
2209.049
2209.271
2209.493
2209.715
2209.938
2210.160
2210.382
2210.604
2210.826
2211.048
2211.271
2211.493
2211.715
2211.937
2212.159
2212.382
2212.604
2212.826
2213.048
2213.270
2213.492
2213.715
2213.937
2214.159
2214.381
2214.603
2214.826
2215.048
2215.270
2215.492
2215.714
2215.936
2216.159
2216.381
2216.815
2217.282
2217.716
2218.149
2218.616
2219.050
2219.517
2219.951
2220.385
2220.819
2221.286
2221.720
2222.153
2222.620
2223.054
2223.488
2223.922
2224.355
2224.823
2225.256
2225.690
2226.157
2226.591
2227.025
2227.492
2227.926
2228.359
2228.827
2231.059
2231.281
2231.504
2231.726
2231.948
2232.170
2232.392
2232.615
2232.837
2233.059
2233.281
2233.503
2233.726
2233.948
2234.170
2234.392
2234.614
2234.837
2235.059
2235.281
2235.503
2235.726
2235.948
2236.170
2236.392
2236.614
2236.837
2237.059
2237.281
2237.503
2237.725
2237.948
2238.170
2238.392
2238.614
2238.836
2239.059
2239.281
2239.503
2239.725
2239.947
2240.170
2240.392
2240.614
2240.836
2241.058
2241.281
2241.503
2241.725
2241.947
2242.169
2242.392
2242.614
2242.836
2243.058
2243.280
2243.503
2243.725
2243.947
2244.169
2244.391
2244.614
2244.836
2245.058
2245.280
2245.502
2245.725
2245.947
2246.169
2246.391
2246.613
2246.836
2247.058
2247.280
2247.502
2247.724
2247.947
2248.169
2248.391
2248.613
2248.835
2249.058
2249.280
2249.502
2249.724
2249.946
2250.169
2250.391
2250.613
2250.835
2251.057
2251.280
2251.502
2251.724
2251.946
2252.168
2252.391
2252.613
2252.835
2253.057
2253.280
2253.502
2253.724
2253.946
2254.168
2254.391
2254.613
2254.835
2255.057
2255.279
2255.502
2255.724
2255.946
2256.168
2256.390
2256.613
2256.835
2257.057
2257.279
2257.501
2257.724
2257.946
2258.168
2258.390
2258.612
2258.835
2259.057
2259.924
2260.358
2260.825
2261.259
2261.693
2262.160
2262.594
2263.027
2263.495
2263.928
2264.362
2264.829
2265.263
2265.697
2266.164
2266.598
2267.031
2267.499
2267.932
2268.366
2268.833
2269.267
2269.734
2270.168
2270.635
2271.035
2271.503
2271.936
2272.667
2272.867
2273.067
2273.266
2273.466
2273.666
2273.866
2274.065
2274.265
2274.465
2274.665
2274.864
2275.064
2275.264
2275.464
2275.663
2275.863
2276.063
2276.263
2276.462
2276.662
2276.862
2277.061
2277.261
2277.461
2277.661
2277.860
2278.060
2278.260
2278.460
2278.659
2278.859
2279.059
2279.259
2279.458
2279.658
2279.858
2280.058
2280.257
2280.457
2280.657
2280.857
2281.056
2281.256
2281.456
2281.655
2281.855
2282.055
2282.255
2282.454
2282.654
2282.854
2283.054
2283.253
2283.453
2283.653
2283.853
2284.052
2284.252
2284.452
2284.652
2284.851
2285.051
2285.251
2285.450
2285.650
2285.850
2286.050
2286.249
2286.449
2286.649
2286.849
2287.048
2287.248
2287.448
2287.648
2287.847
2288.047
2288.247
2288.447
2288.646
2288.846
2289.046
2289.246
2289.445
2289.645
2289.845
2290.044
2290.244
2290.444
2290.644
2290.843
2291.043
2291.243
2291.443
2291.642
2291.842
2292.042
2292.242
2292.441
2292.641
2292.841
2293.041
2293.240
2293.440
2293.640
2293.840
2294.039
2294.239
2294.439
2294.638
2294.838
2295.038
2295.238
2295.437
2295.637
2295.837
2296.037
2296.236
2296.436
2296.636
2296.836
2297.035
2297.235
2297.435
2297.635
2297.834
2298.034
2298.234
2298.434
2298.633
2298.833
2299.033
2299.232
2299.432
2299.632
2299.832
2300.031
2300.231
2300.431
2300.631
2300.830
2301.030
2301.230
2301.430
2301.629
2301.829
2302.029
2302.229
2302.428
2302.628
2302.828
2303.028
2303.227
2303.427
2303.627
2303.826
2304.026
2304.226
2304.426
2304.625
2304.825
2305.025
2305.225
2305.424
2305.624
2305.824
2306.024
2306.223
2306.423
2306.623
2306.823
2307.022
2307.222
2307.422
2307.622
2307.821
2308.021
2308.221
2308.420
2308.620
2308.820
2309.020
2309.219
2309.419
2309.619
2309.819
2310.018
2310.218
2310.418
2310.618
2310.817
2311.017
2311.217
2311.417
2311.616
2311.816
2312.016
2312.216
2312.415
2312.615
2312.815
2313.014
2313.214
2313.414
2313.614
2313.813
2314.013
2314.213
2314.413
2314.612
2314.812
2315.012
2315.212
2315.411
2315.611
2315.811
2316.011
2316.210
2316.410
2316.610
2316.810
2317.009
2317.209
2317.409
2317.608
2317.808
2318.008
2318.208
2318.407
2318.607
2318.807
2319.007
2319.206
2319.406
2319.606
2319.806
2320.005
2320.205
2320.405
2320.605
2320.804
2321.004
2321.204
2321.403
2321.603
2321.803
2322.003
2323.154
2323.488
2324.155
2324.489
2324.622
2324.823
2325.290
2325.623
2325.957
2326.157
2326.391
2326.624
2326.758
2327.058
2327.725
2328.026
2328.159
2328.393
2328.827
2329.160
2329.494
2329.727
2329.961
2330.161
2330.628
2330.718
2330.962
2331.262
2331.629
2331.930
2332.163
2332.363
2333.064
2333.164
2333.398
2333.498
2333.731
2333.832
2334.165
2334.293
2334.420
2334.833
2335.233
2335.321
2335.500
2335.633
2335.900
2336.267
2336.634
2336.968
2337.402
2337.735
2338.369
2338.731
2338.881
2339.070
2339.504
2339.838
2340.171
2340.438
2340.638
2340.839
2341.005
2341.272
2341.940
2342.273
2342.373
2342.607
2343.041
2343.374
2343.708
2343.942
2344.175
2344.375
2344.809
2344.909
2345.176
2345.476
2345.844
2346.144
2346.377
2346.477
2346.611
2346.945
2347.278
2347.378
2347.612
2347.712
2347.946
2348.012
2348.379
2348.479
2348.613
2349.047
2349.380
2349.514
2349.714
2349.848
2350.048
2350.148
2350.481
2350.815
2351.182
2351.950
2352.390
2352.831
2353.272
2353.713
2354.154
2354.595
2355.036
2355.476
2355.917
2356.358
2356.799
2357.240
2357.681
2358.121
2358.562
2359.003
2359.444
2359.885
2360.326
2360.766
2361.207
2361.648
2362.089
2362.530
2362.971
2363.412
2363.852
2364.293
2364.734
2365.175
2365.616
2366.057
2366.497
2366.720
2366.942
2367.165
2367.387
2367.610
2367.832
2368.055
2368.277
2368.499
2368.722
2368.944
2369.167
2369.389
2369.612
2369.834
2370.057
2370.279
2370.501
2370.724
2370.946
2371.169
2371.391
2371.614
2371.836
2372.059
2372.281
2372.503
2372.726
2372.948
2373.171
2373.393
2373.616
2373.838
2374.061
2374.283
2374.505
2374.728
2374.950
2375.173
2375.395
2375.618
2375.840
2376.063
2376.285
2376.507
2376.730
2376.952
2377.175
2377.397
2377.620
2377.842
2380.378
2381.045
2381.379
2381.479
2381.713
2382.180
2382.513
2382.847
2383.047
2383.281
2383.514
2383.648
2383.948
2384.616
2384.916
2385.049
2385.283
2385.750
2386.084
2386.384
2386.618
2386.851
2387.051
2387.518
2387.622
2387.852
2388.152
2388.519
2388.820
2389.020
2389.220
2389.350
2389.621
2389.921
2390.054
2390.321
2390.447
2390.655
2390.822
2391.022
2391.122
2391.256
2391.723
2392.023
2392.156
2392.390
2392.490
2392.724
2392.824
2393.205
2393.491
2393.825
2394.259
2394.592
2395.260
2395.593
2395.693
2395.927
2396.394
2396.766
2397.061
2397.262
2397.495
2397.729
2397.862
2398.162
2398.830
2399.230
2399.324
2399.497
2399.931
2400.265
2400.632
2400.832
2400.965
2401.065
2401.266
2401.699
2401.799
2402.066
2402.400
2402.767
2403.067
2403.268
2403.368
2403.501
2403.835
2404.202
2404.341
2404.569
2404.674
2404.802
2404.936
2405.303
2405.401
2405.503
2405.937
2406.271
2406.404
2406.604
2406.738
2407.005
2407.178
2407.338
2407.739
2408.072
2408.473
2408.806
2409.474
2409.807
2409.941
2410.174
2410.608
2410.942
2411.276
2411.509
2411.709
2411.943
2412.110
2412.377
2413.044
2413.378
2413.478
2413.711
2414.178
2414.512
2414.846
2415.046
2415.280
2415.513
2415.947
2416.281
2416.614
2416.948
2417.282
2417.565
2417.682
2417.786
2418.049
2418.383
2418.483
2418.716
2418.850
2419.050
2419.150
2419.484
2419.651
2419.769
2420.184
2420.551
2420.688
2420.818
2420.985
2421.219
2421.344
2421.586
2421.953
2422.287
2422.720
2423.054
2423.721
2424.055
2424.155
2424.389
2424.822
2425.156
2425.490
2425.723
2425.957
2426.157
2426.324
2426.591
2427.258
2427.592
2427.692
2427.926
2428.393
2428.726
2429.060
2429.294
2429.494
2429.727
2430.161
2431.029
2431.930
2432.830
2433.698
2439.971
2441.739
2443.508
2445.276
2447.078
2448.846
2450.674
2452.462
2452.725
2452.988
2453.252
2453.515
2453.778
2454.041
2454.305
2454.568
2454.831
2455.095
2455.358
2455.621
2455.885
2456.148
2456.411
2456.674
2456.938
2457.201
2457.464
2457.728
2457.991
2458.254
2458.518
2458.781
2459.044
2459.307
2459.571
2459.834
2460.097
2460.361
2460.624
2460.887
2461.151
2461.414
2461.677
2461.940
2462.204
2462.467
2462.730
2462.994
2463.257
2463.520
2463.783
2464.047
2464.310
2464.573
2464.837
2465.100
2465.363
2465.627
2465.890
2466.153
2466.416
2466.680
2466.943
2467.206
2467.470
2467.733
2467.996
2468.260
2468.523
2468.786
2469.049
2469.313
2469.576
2469.839
2470.103
2470.366
2470.629
2470.893
2471.156
2471.419
2471.682
2471.946
2472.209
2472.472
2472.736
2472.999
2473.262
2473.526
2473.789
2474.052
2474.315
2474.579
2474.842
2475.105
2475.369
2475.632
2475.895
2476.159
2476.422
2476.685
2476.948
2477.212
2477.475
2477.738
2478.002
2478.265
2478.528
2478.791
2479.055
2479.318
2479.581
2479.845
2480.108
2480.293
2480.478
2480.663
2480.848
2481.033
2481.218
2481.404
2481.589
2481.774
2481.959
2482.144
2482.329
2482.514
2482.699
2482.884
2483.069
2483.254
2483.439
2483.624
2483.810
2483.995
2484.180
2484.365
2484.550
2484.735
2484.920
2485.105
2485.290
2485.475
2485.660
2485.845
2486.030
2486.216
2486.401
2486.586
2486.771
2486.956
2487.141
2487.326
2487.511
2487.696
2487.881
2488.066
2488.251
2488.436
2488.622
2488.807
2488.992
2489.177
2489.362
2489.547
2489.732
2489.917
2490.102
2490.287
2490.472
2490.657
2490.843
2491.028
2491.213
2491.398
2491.583
2491.768
2491.953
2492.138
2492.323
2492.508
2492.693
2492.878
2493.063
2493.249
2493.434
2493.619
2493.804
2493.989
2494.174
2494.359
2494.544
2494.729
2494.914
2495.099
2495.284
2495.469
2495.655
2495.840
2496.025
2496.210
2496.395
2496.580
2496.765
2496.950
2497.135
2497.320
2497.505
2497.690
2497.875
2498.061
2498.246
2498.431
2498.616
2498.801
2498.986
2499.171
2499.356
2499.541
2499.726
2499.911
2500.096
2500.281
2500.467
2500.652
2500.837
2501.022
2501.207
2501.392
2501.577
2501.762
2501.947
2502.132
2502.317
2502.502
2502.688
2502.873
2503.058
2503.243
2503.428
2503.613
2503.798
2503.983
2504.168
2504.353
2504.538
2504.723
2504.908
2505.094
2505.279
2505.464
2505.649
2505.834
2506.019
2506.204
2506.389
2506.574
2506.759
2506.944
2507.129
2507.314
2507.500
2507.685
2507.870
2508.055
2508.240
2508.425
2508.610
2508.795
2508.980
2509.165
2509.350
2509.535
2509.720
2509.906
2510.091
2510.276
2510.461
2510.646
2510.831
2511.016
2511.201
2511.386
2511.571
2511.756
2511.941
2512.126
2512.312
2512.497
2512.682
2512.867
2513.052
2513.237
2513.422
2513.607
2513.792
2513.977
2514.162
2514.347
2514.533
2514.718
2514.903
2515.088
2515.273
2515.458
2515.643
2515.828
2516.013
2516.198
2516.383
2516.568
2516.753
2516.939
2517.124
2517.309
2517.494
2517.679
2517.864
2518.049
2518.234
2518.419
2518.604
2518.789
2518.974
2519.159
2519.345
2519.530
2519.715
2519.900
2520.085
2520.270
2520.455
2520.640
2520.825
2521.010
2521.195
2521.380
2521.565
2521.751
2521.936
2522.121
2522.306
2522.491
2522.676
2522.861
2523.046
2523.231
2523.416
2523.601
2523.786
2523.971
2524.157
2524.342
2524.527
2524.712
2524.897
2525.082
2525.267
2525.452
2525.637
2525.822
2526.007
2526.192
2526.378
2526.563
2526.748
2526.933
2527.118
2527.303
2527.488
2527.673
2527.858
2528.043
2528.228
2528.413
2528.598
2528.784
2528.969
2529.154
2529.339
2529.524
2529.709
2529.894
2530.079
2530.264
2530.449
2530.634
2530.819
2531.004
2531.190
2531.375
2531.560
2531.745
2531.930
2532.115
2532.300
2532.485
2532.670
2532.855
2533.040
2533.225
2533.410
2533.596
2533.781
2533.966
2534.151
2534.336
2534.521
2534.706
2534.891
2535.076
2535.261
2535.446
2535.631
2535.816
2536.002
2536.187
2536.372
2536.557
2536.742
2536.927
2537.112
2537.608
2538.103
2538.599
2539.094
2539.590
2540.085
2540.581
2541.076
2541.572
2542.068
2542.563
2543.059
2543.554
2544.050
2544.545
2545.041
2545.536
2546.032
2546.528
2547.023
2547.519
2548.014
2548.510
2549.005
2549.501
2549.996
2550.492
2550.988
2551.483
2551.979
2552.474
2552.970
2553.465
2553.961
2554.456
2554.952
2555.448
2555.943
2556.439
2556.934
2557.430
2557.925
2558.421
2558.916
2559.412
2559.908
2560.403
2560.899
2561.394
2561.890
2562.385
2562.881
2563.376
