132.220
135.704
139.187
142.654
143.537
144.404
145.270
146.137
147.004
147.887
148.754
149.621
150.487
151.354
152.221
153.104
153.971
154.837
155.704
156.571
157.004
157.454
157.887
158.321
158.754
159.187
159.621
160.054
160.488
160.921
161.354
161.788
162.221
162.671
163.104
184.405
185.271
186.138
187.005
187.888
188.755
189.622
190.488
191.355
192.222
193.105
193.972
194.838
195.705
196.572
197.455
198.322
199.189
200.055
200.922
201.789
202.672
203.539
204.405
205.272
205.705
206.139
206.572
207.005
207.455
207.889
208.322
208.755
209.189
209.622
210.055
210.489
210.922
211.355
211.789
212.222
212.672
213.106
213.539
213.972
214.406
214.839
215.272
215.706
216.139
216.572
217.006
217.456
217.889
218.322
218.756
219.189
220.056
220.922
221.789
222.672
223.539
224.406
225.273
226.139
226.573
227.006
227.456
227.889
228.323
228.756
229.189
229.623
230.056
230.489
230.923
231.356
231.789
232.223
232.673
233.106
233.539
233.973
234.406
234.839
235.273
235.706
236.139
236.573
237.006
237.456
237.890
238.323
238.440
238.556
238.656
238.773
238.873
238.990
239.090
239.206
239.306
239.423
239.523
239.640
239.740
239.856
239.973
240.073
240.490
240.923
241.356
241.790
242.223
242.673
243.106
243.540
243.973
244.406
244.840
245.273
245.706
246.140
246.573
247.006
247.456
247.890
248.323
248.756
249.190
249.623
250.057
250.490
250.923
251.357
251.790
252.223
252.673
253.107
253.540
253.973
254.407
254.840
255.273
255.707
256.140
256.573
257.007
257.457
257.890
258.323
258.757
259.190
259.623
260.057
260.490
260.923
261.357
261.790
262.223
262.673
263.107
263.540
263.974
264.407
264.840
265.274
265.707
266.140
266.574
267.007
267.457
267.890
268.324
268.757
269.190
269.624
270.057
270.490
270.924
271.357
271.790
272.224
272.674
273.107
273.540
273.974
274.407
274.840
275.274
275.707
276.141
276.574
277.007
277.457
277.891
278.324
278.757
279.191
279.624
280.057
280.491
280.924
281.357
281.791
282.224
282.674
283.107
283.541
283.974
284.407
284.841
285.274
285.707
286.141
286.574
287.007
287.457
287.891
288.324
288.758
288.974
289.191
289.408
289.624
289.841
290.058
290.274
290.491
290.708
290.924
291.141
291.358
291.574
291.791
292.008
292.224
292.358
292.474
292.574
292.691
292.791
292.908
293.008
293.124
293.224
293.341
293.441
293.558
293.658
293.774
293.874
293.991
294.091
294.208
294.308
294.424
294.524
294.641
294.741
294.858
294.974
295.074
295.191
295.291
295.408
295.508
295.624
340.926
341.792
342.676
343.542
344.409
345.276
346.142
347.009
347.892
348.759
349.626
350.492
351.359
351.792
352.226
352.676
353.109
353.543
353.976
354.409
354.843
355.276
355.709
356.143
356.576
357.009
357.459
357.893
358.326
358.759
359.193
359.626
360.059
360.493
360.926
361.359
361.793
362.226
362.676
363.109
363.543
363.976
364.409
364.843
365.276
365.710
366.143
366.576
367.010
367.460
367.893
368.326
368.760
369.193
369.626
370.060
370.493
370.926
371.360
371.793
372.226
372.676
373.110
373.543
373.976
374.410
374.843
375.276
375.710
376.143
376.576
377.010
377.460
377.893
378.327
378.760
379.193
379.410
379.627
380.060
380.277
380.493
380.927
381.143
381.360
381.793
382.010
382.227
382.677
382.893
383.110
383.543
383.760
383.977
384.410
384.627
384.843
385.277
385.493
385.710
386.143
386.360
386.577
387.010
387.227
387.460
387.893
388.110
388.327
388.760
388.977
389.193
389.627
389.843
390.060
390.493
390.710
390.927
391.360
391.577
391.794
392.227
392.460
392.677
393.110
393.327
393.544
393.977
394.194
394.410
394.844
395.060
395.277
395.710
395.927
396.144
396.577
396.794
397.010
397.460
397.677
397.894
398.327
398.544
398.760
399.194
399.410
399.627
400.060
400.194
400.294
400.410
400.510
400.627
400.727
400.844
400.944
401.060
401.160
401.277
401.377
401.494
401.594
401.710
401.810
401.927
402.027
402.144
402.244
402.360
402.477
402.577
402.694
402.794
402.910
403.010
403.127
403.227
403.344
403.444
403.560
403.660
403.777
403.877
403.994
404.094
404.211
404.311
404.427
404.527
404.644
404.744
404.861
404.977
405.077
405.194
405.294
405.411
405.511
405.627
405.727
405.844
405.944
406.061
406.161
406.277
406.377
406.494
406.594
406.711
406.811
406.927
407.027
407.461
407.894
408.327
408.761
409.194
409.627
410.061
410.494
410.927
411.361
411.794
412.227
412.677
413.111
413.544
413.977
414.411
414.844
415.277
415.711
416.144
416.577
417.011
417.461
417.894
418.328
418.761
419.194
419.628
420.061
420.494
420.928
421.144
421.361
421.578
421.794
422.011
422.228
422.461
422.678
422.894
423.111
423.328
423.544
423.761
423.978
424.194
424.411
424.628
424.844
425.061
425.278
425.494
425.711
425.928
426.144
426.361
426.578
426.794
427.011
427.228
427.461
427.678
427.894
428.111
428.328
428.544
428.761
428.978
429.194
429.411
429.628
429.845
430.061
430.278
430.495
430.711
430.928
431.145
431.361
431.578
431.795
432.011
432.228
432.461
432.678
432.895
433.111
433.328
433.545
433.761
433.978
434.095
434.211
434.311
434.428
434.528
434.645
434.745
434.861
435.061
435.278
435.495
435.711
435.928
436.145
436.361
436.578
436.795
437.011
437.228
437.461
437.678
437.895
438.111
438.328
438.545
438.761
438.978
439.195
439.411
439.628
439.845
440.061
440.278
440.495
440.711
440.928
441.145
441.361
441.578
441.795
442.011
442.228
442.462
442.678
442.895
443.112
443.328
443.545
443.762
443.978
444.195
444.412
444.628
444.845
445.062
445.278
445.495
445.712
445.928
446.145
446.362
446.578
446.795
447.012
447.228
447.462
447.678
447.895
448.112
448.328
448.545
448.762
448.978
449.195
449.412
449.628
449.845
450.062
450.278
450.495
450.712
450.928
451.145
451.362
451.578
451.795
452.012
452.228
452.462
452.678
452.895
453.112
453.328
453.545
453.762
453.978
454.195
454.412
454.628
454.845
455.062
455.279
455.495
455.712
455.929
456.145
456.362
456.579
456.795
457.012
457.229
457.462
457.679
457.895
458.112
458.329
458.545
458.762
458.979
459.195
459.312
459.429
459.529
459.645
459.745
459.862
459.979
460.079
460.195
460.295
460.412
460.512
460.629
460.729
460.845
460.945
461.062
461.162
461.279
461.379
461.495
461.595
461.712
461.812
461.929
462.029
462.145
462.245
462.362
462.479
462.579
462.695
463.112
463.545
463.979
464.412
464.845
465.279
465.712
466.145
466.279
466.379
466.495
467.012
467.145
467.245
467.362
467.895
468.329
468.762
469.196
469.629
469.746
469.862
469.979
470.496
470.629
470.729
470.846
471.362
471.796
472.229
472.679
473.112
473.229
473.346
473.446
473.979
474.096
474.212
474.312
474.846
475.279
475.712
476.146
476.579
476.712
476.812
476.929
477.462
477.579
477.696
477.796
478.329
478.446
478.562
478.662
479.196
479.312
479.429
479.529
480.062
480.196
480.296
480.412
480.929
481.063
481.163
481.279
481.796
481.929
482.029
482.146
482.679
482.796
482.913
483.013
483.546
483.979
484.413
484.846
485.279
485.713
486.146
486.579
487.013
487.463
487.896
488.329
488.763
489.196
489.629
490.063
490.496
490.929
491.363
491.796
492.229
492.679
493.113
493.546
493.980
494.413
494.846
495.280
495.713
496.146
496.580
497.013
497.463
497.896
498.330
498.763
499.196
499.630
500.063
500.496
500.930
501.363
501.796
502.230
502.680
503.113
503.546
503.980
504.413
504.846
505.280
505.713
506.146
506.280
506.380
506.497
507.013
507.147
507.247
507.363
507.897
508.330
508.763
509.197
509.630
509.747
509.863
509.980
510.497
510.630
510.730
510.847
511.363
511.797
512.230
512.680
513.113
513.547
513.980
514.413
514.847
515.280
515.713
516.147
516.580
516.713
516.813
516.930
517.030
517.147
517.247
517.363
517.480
517.580
517.697
517.797
517.913
518.013
518.130
518.230
518.347
518.763
519.197
519.630
520.064
520.497
520.930
521.364
521.797
522.230
522.680
523.114
523.547
523.980
524.414
524.847
525.280
525.714
526.147
526.580
527.014
527.464
527.897
528.330
528.764
529.197
529.630
530.064
530.497
530.630
530.730
530.847
531.364
531.497
531.597
531.714
532.231
533.114
533.981
534.847
535.714
536.581
537.464
538.331
539.197
540.064
540.931
541.797
542.681
543.547
544.414
545.281
546.148
546.364
546.581
546.798
547.014
547.231
547.464
547.681
547.898
548.114
548.331
548.548
548.764
548.981
549.198
549.414
549.631
549.848
550.064
550.281
550.498
550.714
550.931
551.148
551.364
551.581
551.798
552.014
552.231
552.464
552.681
552.898
553.114
553.331
553.548
553.764
553.981
554.198
554.414
554.631
554.848
555.064
555.281
555.498
555.714
555.931
556.148
556.364
556.581
556.798
557.014
557.231
557.464
557.681
557.898
558.115
558.331
558.548
558.765
558.981
559.198
559.415
559.631
559.848
560.065
560.281
560.498
560.715
560.931
561.148
561.365
561.581
561.798
562.015
562.231
562.465
562.681
562.898
563.115
563.331
563.548
563.765
563.981
564.198
564.415
564.631
564.848
565.065
565.281
565.498
565.715
565.931
566.148
566.365
566.581
566.798
567.015
567.231
567.465
567.681
567.898
568.115
568.331
568.548
568.765
568.881
568.998
569.098
569.631
569.748
569.865
569.981
570.498
570.715
570.932
571.148
571.365
571.582
571.798
572.015
572.232
572.365
572.482
572.582
573.115
573.232
573.348
573.448
573.982
574.198
574.415
574.632
574.848
575.065
575.282
575.498
575.715
575.932
576.148
576.365
576.582
576.798
577.015
577.232
577.465
577.682
577.898
578.115
578.332
578.548
578.765
578.982
579.198
579.315
579.432
579.532
580.065
580.198
580.298
580.415
580.932
581.365
581.798
582.232
582.682
583.115
583.549
583.982
584.415
584.849
585.282
585.715
586.149
586.282
586.382
586.499
587.015
587.149
587.249
587.365
587.899
588.115
588.332
588.549
588.765
588.982
589.199
589.415
589.632
589.849
590.065
590.282
590.499
590.715
590.932
591.149
591.365
591.499
591.599
591.715
592.232
592.365
592.482
592.582
593.115
593.232
593.349
593.449
593.982
594.099
594.215
594.315
594.849
594.982
595.082
595.199
595.299
595.415
595.515
595.632
595.732
595.849
595.949
596.065
596.166
596.282
596.382
596.499
596.599
596.716
596.816
596.932
597.032
597.149
597.249
597.349
597.482
597.582
597.699
597.799
597.916
598.016
598.132
598.232
598.349
598.449
598.566
598.666
598.782
598.882
598.999
599.099
599.216
599.316
599.432
599.532
599.649
599.749
599.866
599.982
600.082
600.199
600.299
600.416
600.516
600.632
600.732
600.849
600.949
601.066
601.166
601.282
601.382
601.499
601.599
601.716
601.816
601.932
602.032
602.149
602.249
602.366
602.482
602.582
602.699
602.799
602.916
603.016
603.132
603.232
603.349
603.449
