15.517
16.486
17.455
18.424
19.393
20.362
21.331
22.300
23.269
24.238
25.207
26.176
27.144
28.113
29.082
30.051
31.020
31.989
32.958
33.927
34.896
35.865
36.834
37.803
38.772
39.741
40.710
41.679
42.648
43.616
44.585
45.554
46.523
47.006
47.490
47.973
48.456
48.939
49.422
49.905
50.388
50.872
51.355
51.838
52.321
52.804
53.287
53.770
54.254
54.737
55.220
55.703
56.186
56.669
57.152
57.636
58.119
58.602
59.085
59.568
60.051
60.534
61.018
61.501
61.984
62.226
62.468
62.952
63.436
63.920
64.162
64.404
64.888
65.372
65.856
66.098
66.340
66.824
67.308
67.792
68.034
68.276
68.759
69.243
69.727
69.969
70.211
70.695
71.179
71.663
71.905
72.147
72.631
73.115
73.599
73.841
74.083
74.567
75.051
75.535
75.777
76.019
76.503
76.987
77.471
77.713
77.955
78.439
78.923
79.407
79.649
79.891
80.375
80.859
81.343
81.585
81.827
82.311
82.795
83.279
83.521
83.763
84.247
84.731
85.215
85.699
86.183
86.667
87.152
87.636
88.120
88.604
89.088
89.573
90.057
90.541
91.025
91.509
91.994
92.478
92.962
93.446
93.930
94.415
94.899
95.383
95.867
96.351
96.836
97.320
97.804
98.288
98.773
99.257
99.741
100.225
100.709
101.194
101.678
102.162
102.646
103.130
103.615
104.099
104.583
105.067
105.551
106.036
106.520
107.004
107.488
107.972
108.457
108.941
109.425
109.909
110.393
110.878
111.362
111.846
112.330
112.815
113.299
113.783
114.267
114.751
115.236
115.720
116.204
116.446
116.688
117.172
117.656
118.139
118.381
118.623
119.107
119.591
120.075
120.317
120.559
121.042
121.526
122.010
122.252
122.494
122.978
123.462
123.945
124.187
124.429
124.913
125.397
125.881
126.123
126.365
126.849
127.332
127.816
128.058
128.300
128.784
129.268
129.752
129.994
130.235
130.719
131.203
131.687
131.929
132.171
132.655
133.139
133.622
133.864
134.106
134.590
135.074
135.558
135.800
136.042
136.525
137.009
137.493
137.735
137.977
138.461
138.945
139.429
139.670
139.912
140.396
140.880
141.364
141.606
141.848
142.332
142.815
143.299
143.541
143.783
144.267
144.751
145.235
145.477
145.718
146.202
146.686
147.169
147.653
148.136
148.619
149.102
149.585
150.069
150.552
151.035
151.518
152.001
152.485
152.968
153.451
153.934
154.417
154.901
155.384
155.867
156.350
156.833
157.317
157.800
158.283
158.766
159.249
159.733
160.216
160.699
161.182
161.665
162.149
162.632
162.874
163.116
163.358
163.599
163.841
164.083
164.325
164.567
164.809
165.051
165.293
165.535
165.777
166.018
166.260
166.502
166.744
166.986
167.228
167.470
167.712
167.954
168.196
168.437
168.679
168.921
169.163
169.405
169.647
169.889
170.131
170.373
170.615
170.856
171.098
171.340
171.582
171.824
172.066
172.308
172.550
172.792
173.034
173.276
173.517
173.759
174.001
174.243
174.485
174.727
174.969
175.211
175.453
175.695
175.936
176.178
176.420
176.662
176.904
177.146
177.388
177.630
177.872
178.114
178.355
178.597
178.839
179.081
179.323
179.565
179.807
180.049
180.291
180.533
180.774
181.016
181.258
181.500
181.742
181.984
182.226
182.468
182.710
182.952
183.193
183.435
183.677
183.919
184.161
184.403
184.645
184.887
185.129
185.371
185.613
185.854
186.096
186.338
186.580
186.822
187.064
187.306
187.548
187.790
188.032
188.273
188.515
188.757
188.999
189.241
189.483
189.725
189.967
190.209
190.451
190.692
190.934
191.176
191.418
191.660
191.902
192.144
192.386
192.628
192.870
193.354
193.839
194.323
194.808
195.293
195.777
196.262
196.746
197.231
197.715
198.200
198.685
199.169
199.654
200.138
200.623
201.108
201.592
202.077
202.561
203.046
203.531
204.015
204.500
204.984
205.469
205.954
206.438
206.923
207.407
207.892
208.376
