55.443
55.923
56.402
56.882
57.362
57.842
58.322
58.802
59.281
59.761
60.241
60.721
61.201
61.680
62.160
62.640
63.120
63.600
64.079
64.559
65.039
65.519
65.999
66.478
66.958
67.438
67.918
68.398
68.877
69.357
69.837
70.317
70.797
71.276
71.756
72.236
72.716
73.196
73.675
74.155
74.635
75.115
75.595
76.075
76.554
77.034
77.514
77.994
78.474
78.953
79.433
79.913
80.393
80.873
81.352
81.832
82.312
82.792
83.272
83.751
84.231
93.812
94.292
94.772
95.253
95.733
96.213
96.694
97.174
97.654
98.135
98.615
99.095
99.576
100.056
100.536
101.017
101.497
101.977
102.458
102.938
103.419
103.899
104.379
104.860
105.340
105.820
106.301
106.781
107.261
107.742
108.222
108.702
109.183
109.663
110.143
110.624
111.104
111.584
112.065
112.545
113.026
113.506
113.986
114.467
114.947
115.427
115.908
116.388
116.868
117.349
117.829
118.309
118.790
119.270
119.750
120.231
120.711
121.191
121.672
122.152
122.632
123.113
123.593
124.074
187.548
187.833
188.119
188.405
188.690
188.976
189.261
189.547
189.832
190.118
190.403
190.689
190.975
191.260
191.546
191.831
192.117
192.402
192.688
192.974
193.259
193.545
193.830
194.116
194.401
194.687
194.972
195.258
195.544
195.829
196.115
196.400
196.686
196.971
197.257
197.543
197.828
198.114
198.399
198.685
198.970
199.256
199.541
199.827
200.113
200.398
200.684
200.969
201.255
201.540
201.826
202.112
202.397
202.683
202.968
203.254
205.811
206.096
206.381
206.952
207.237
207.522
208.092
208.377
208.663
209.233
209.518
209.803
210.374
210.659
210.944
211.514
211.799
212.084
212.655
212.940
213.225
213.795
214.080
214.366
214.936
215.221
215.506
216.077
216.362
216.647
217.217
217.502
217.787
218.358
218.643
218.928
219.498
219.783
220.069
220.639
220.924
221.209
221.780
222.065
222.350
224.098
224.383
224.669
224.955
225.240
225.526
225.811
226.097
226.383
226.668
226.954
227.240
227.525
227.811
228.096
228.382
228.525
228.668
228.953
229.239
229.525
229.810
230.096
230.381
230.667
230.953
231.238
231.524
231.810
232.095
232.381
232.667
232.809
232.952
233.095
233.238
233.523
233.809
234.095
234.380
234.666
234.952
235.237
235.523
235.808
236.094
236.380
236.665
236.951
237.237
237.522
237.665
237.808
238.093
238.379
238.665
238.950
239.236
239.522
239.807
240.093
240.379
240.664
240.950
242.397
242.682
242.968
243.254
243.539
243.825
244.111
244.396
244.682
244.968
245.254
245.539
245.825
246.111
246.396
246.682
246.968
247.253
247.539
247.825
248.111
248.396
248.682
248.968
249.253
249.539
249.825
250.110
250.396
250.682
250.968
251.253
251.539
251.825
252.110
252.396
252.682
252.967
253.253
253.539
253.824
254.110
254.396
254.682
254.967
255.253
255.539
255.824
256.110
256.396
256.681
256.967
257.253
257.539
257.824
258.110
258.396
258.681
258.967
259.253
260.664
261.233
261.972
262.357
263.531
264.259
264.701
265.855
266.589
266.986
268.053
268.871
269.292
270.323
271.223
271.795
272.367
272.939
273.511
274.083
274.655
275.227
275.798
276.370
276.942
277.514
278.086
278.658
279.230
279.802
280.373
280.945
281.517
282.089
282.661
283.233
283.805
284.377
284.949
285.520
286.092
286.664
287.236
287.808
288.380
288.952
289.524
290.096
290.667
291.239
291.811
292.383
292.955
293.527
294.099
294.671
295.242
295.814
296.386
296.958
297.530
297.816
298.102
298.388
298.674
298.960
299.246
299.532
299.818
300.104
300.389
300.675
300.961
301.247
301.533
301.819
302.105
302.391
302.677
302.963
303.249
303.535
303.821
304.107
304.393
304.679
304.965
305.251
305.536
305.822
306.108
306.394
306.680
306.966
307.252
307.538
307.824
308.110
308.396
308.682
308.968
309.254
309.540
309.826
310.112
310.398
310.684
310.969
311.255
311.541
311.827
312.113
312.399
312.685
312.971
313.257
313.543
313.829
314.115
314.401
314.687
314.973
315.259
315.545
315.831
316.116
316.708
316.993
317.278
317.848
318.133
318.418
318.988
319.274
319.559
320.129
320.414
320.699
321.269
321.554
321.839
322.409
322.694
322.979
323.549
323.835
324.120
324.690
324.975
325.260
325.830
326.115
326.400
326.970
327.255
327.540
328.110
328.396
328.681
329.251
329.536
329.821
330.391
330.676
330.961
331.531
331.816
332.101
332.671
332.957
333.242
333.832
333.975
334.118
334.404
334.547
334.689
334.975
335.118
335.261
335.547
335.690
335.833
336.118
336.261
336.404
336.690
336.833
336.976
337.262
337.405
337.548
337.833
337.976
338.119
338.405
338.548
338.691
338.977
339.119
339.262
339.548
339.691
339.834
340.120
340.263
340.406
340.691
340.834
340.977
341.263
341.406
341.549
341.835
341.978
342.120
342.406
342.549
342.692
342.978
343.121
343.264
343.549
343.692
343.835
344.121
344.264
344.407
344.693
344.836
344.978
345.264
345.407
345.550
345.836
345.979
346.122
346.408
346.550
346.693
346.979
347.122
347.265
347.551
347.694
347.837
348.122
348.265
348.408
348.694
348.837
348.980
349.266
349.408
349.551
349.837
349.980
350.123
350.409
350.552
350.695
350.980
351.123
351.266
351.552
351.695
351.838
352.131
352.416
352.702
352.987
353.273
353.558
353.843
354.129
354.414
354.700
354.985
355.271
355.556
355.842
356.127
356.413
356.698
356.983
357.269
357.554
357.840
358.125
358.411
358.696
358.982
359.267
359.552
359.838
360.123
360.409
360.694
360.980
361.265
361.551
361.836
362.122
362.407
362.692
362.978
363.263
363.549
363.834
364.120
364.405
364.691
364.976
365.261
365.547
365.832
366.118
366.403
366.689
366.974
367.260
367.545
367.831
368.116
368.401
368.687
368.972
369.258
369.543
369.829
370.114
370.400
370.685
371.257
371.828
372.400
372.971
373.543
374.114
374.686
375.257
375.829
376.400
376.972
377.543
378.115
378.686
379.258
379.830
380.401
380.973
381.544
382.116
382.687
383.259
383.830
384.402
384.973
385.545
386.116
386.688
387.259
387.544
387.828
388.113
388.398
388.682
388.967
389.251
389.536
389.820
390.105
390.389
390.674
390.958
391.243
391.527
391.812
392.097
392.381
392.666
392.950
393.235
393.519
393.804
394.088
394.373
394.657
394.942
395.226
395.511
395.796
396.080
396.365
396.649
396.934
397.218
397.361
397.504
397.647
397.790
397.933
398.076
398.219
398.362
398.505
398.648
398.791
398.934
399.077
399.220
399.363
399.506
399.649
399.792
399.935
400.078
400.221
400.363
400.506
400.649
400.792
400.935
401.078
401.221
401.364
401.507
401.650
401.793
401.936
402.079
402.222
402.365
402.508
402.651
402.794
402.937
403.080
403.223
403.366
403.509
403.652
403.795
403.938
404.081
404.224
404.366
404.509
404.652
404.795
404.938
405.081
405.224
405.367
405.510
405.653
405.796
405.939
406.082
406.225
406.368
406.511
444.001
445.874
447.655
449.582
451.503
452.915
453.345
454.728
455.289
456.661
457.176
458.562
459.059
460.891
462.755
463.112
463.468
463.825
464.181
464.612
465.081
465.550
466.018
466.487
466.956
467.425
467.893
468.362
468.831
469.300
469.769
470.237
470.706
471.175
471.644
472.112
472.581
473.050
473.519
473.987
474.456
474.925
475.394
475.863
476.331
476.800
477.269
477.738
478.206
478.675
479.144
479.613
479.848
480.082
480.317
480.552
480.787
481.022
481.491
481.726
481.961
482.196
482.431
482.666
482.900
483.370
483.605
483.840
484.074
484.309
484.544
484.779
485.249
485.483
485.718
485.953
486.188
486.423
486.658
487.127
487.362
487.597
487.832
488.067
488.301
488.536
489.006
489.241
489.476
489.710
489.945
490.180
490.415
490.885
491.119
491.354
491.589
491.824
492.059
492.293
492.740
493.096
493.451
493.807
494.163
494.642
495.576
496.510
497.444
498.378
499.312
500.246
501.180
502.114
503.048
503.982
504.916
505.850
506.086
506.322
506.558
506.794
507.029
507.265
507.501
507.737
507.973
508.209
508.445
508.681
508.917
509.152
509.388
509.624
510.093
510.562
511.031
511.499
511.968
512.437
512.906
513.374
513.843
514.312
514.781
515.249
515.718
516.187
516.656
517.124
517.593
518.062
518.531
518.999
519.468
519.937
520.406
520.874
521.343
521.812
522.281
522.749
523.218
523.687
524.156
524.624
532.081
532.552
533.022
533.492
533.962
534.432
534.903
535.373
535.843
536.076
536.309
536.542
536.775
537.008
537.241
537.474
537.707
539.617
540.086
540.554
541.023
541.491
541.960
542.428
542.897
543.365
543.834
544.302
544.771
545.239
545.708
546.176
546.645
547.113
547.582
548.051
548.519
548.988
549.456
549.925
550.393
550.862
551.330
551.799
552.267
552.736
553.204
553.673
554.141
554.610
555.078
555.547
556.015
556.484
556.952
557.421
557.889
558.358
558.827
559.295
559.764
560.232
560.701
561.169
561.638
562.106
562.575
563.043
563.512
563.980
564.449
564.917
565.386
565.854
566.323
566.791
567.260
567.728
568.197
568.665
569.134
569.602
570.071
570.540
571.008
571.477
571.945
572.414
572.882
573.351
573.819
574.288
574.756
575.225
575.693
576.162
576.630
577.099
577.567
578.036
578.504
578.973
579.441
579.910
580.378
580.847
581.316
581.784
582.253
582.721
583.190
583.658
584.127
584.595
584.951
585.306
585.661
586.017
586.463
586.697
586.932
587.401
587.869
588.338
588.573
588.807
589.276
589.745
590.214
590.448
590.682
591.151
591.620
592.089
592.323
592.558
593.026
593.495
593.964
594.198
594.433
594.902
595.370
595.839
596.074
596.308
596.777
597.246
597.715
597.949
598.183
598.652
599.121
599.578
599.926
600.274
600.622
600.970
601.466
605.247
605.717
606.187
606.657
607.127
607.597
608.067
608.537
609.007
609.239
609.470
609.701
609.933
610.164
610.396
610.627
610.859
612.221
612.456
612.691
613.160
613.395
613.630
614.099
614.334
614.569
615.039
615.273
615.508
615.978
616.213
616.447
616.917
617.152
617.387
617.856
618.091
618.326
618.795
619.030
619.265
619.734
619.969
620.204
620.674
620.908
621.143
621.613
621.848
622.082
622.552
622.787
623.022
623.491
623.726
623.961
624.430
624.665
624.900
625.370
625.604
625.839
626.309
626.544
626.778
627.248
627.483
627.718
628.187
628.422
628.657
629.126
629.361
629.596
630.065
630.300
630.535
631.005
631.239
631.474
631.944
632.179
632.413
632.883
633.118
633.353
633.822
634.057
634.292
634.761
634.996
635.231
635.701
635.935
636.170
636.640
636.875
637.109
637.579
637.814
638.049
638.518
638.753
638.988
639.457
639.692
639.927
640.396
640.631
640.866
641.336
641.570
641.805
642.275
642.510
642.744
643.054
643.414
643.773
644.133
644.619
645.088
645.556
646.025
646.493
646.962
647.431
647.899
648.368
648.837
649.305
649.774
650.243
650.711
651.180
651.649
652.117
652.586
653.055
653.523
653.992
654.461
654.929
655.398
655.866
656.335
656.804
657.272
657.741
658.210
658.678
659.147
659.616
660.084
660.553
661.022
661.490
661.959
662.428
662.896
663.365
663.834
664.302
664.771
665.239
665.708
666.177
666.645
667.114
667.583
668.051
668.520
668.989
669.457
669.926
670.395
670.863
671.332
671.801
672.269
672.738
673.206
673.675
674.144
712.630
713.181
713.731
714.281
714.832
715.382
715.933
716.483
717.033
717.584
718.134
718.685
719.235
719.785
720.336
720.886
721.437
721.987
722.538
723.088
723.638
724.189
724.739
725.290
725.840
726.390
726.941
727.491
728.042
730.243
730.794
731.344
731.895
732.445
732.995
733.546
734.096
734.647
735.197
735.747
736.298
736.848
737.399
737.949
738.499
739.050
739.600
740.151
740.701
741.252
741.802
742.352
742.903
743.453
744.004
744.554
745.104
745.655
747.856
748.407
748.957
749.508
750.058
750.608
751.159
751.709
752.260
752.810
753.361
753.911
754.461
755.012
755.562
756.113
756.663
757.213
757.764
758.314
758.865
759.415
759.965
760.516
761.066
761.617
762.167
762.718
765.199
765.474
765.749
766.299
766.574
766.849
767.399
767.674
767.949
768.499
768.775
769.050
769.600
769.875
770.150
770.700
770.975
771.250
771.800
772.075
772.351
772.901
774.276
774.551
775.101
775.376
775.651
776.202
776.477
776.752
777.302
777.577
777.852
778.402
778.677
778.952
779.503
779.778
780.053
780.603
780.878
781.153
781.695
783.031
784.133
785.236
786.338
787.441
788.544
789.646
790.749
791.851
792.954
794.056
795.159
796.261
797.364
798.466
799.569
800.671
800.947
801.773
802.049
802.876
803.151
803.978
804.253
805.080
805.356
806.182
806.458
807.285
807.560
808.387
808.662
809.489
809.765
810.591
810.867
811.694
811.969
812.796
813.071
813.898
814.174
815.000
815.276
816.103
816.378
817.205
817.480
818.307
818.583
818.858
819.134
819.410
819.685
819.961
820.237
820.512
820.788
821.064
821.339
821.615
821.890
822.166
822.442
822.717
822.993
823.269
823.544
823.820
824.096
824.371
824.647
824.923
825.198
825.474
825.750
826.025
826.301
826.577
826.852
827.128
827.403
827.679
827.955
828.230
828.506
828.782
829.057
829.333
829.609
829.884
830.160
830.436
830.711
830.987
831.263
831.538
831.814
832.090
832.365
832.641
832.917
833.192
833.468
833.743
834.019
834.295
834.570
834.846
835.122
835.397
835.947
836.497
837.046
837.596
838.145
838.695
839.244
839.794
840.344
840.893
841.443
841.992
842.542
843.092
843.641
844.191
844.740
845.290
845.840
846.389
846.939
847.488
848.038
848.587
849.137
849.687
850.236
850.786
851.197
851.472
851.748
852.023
852.299
852.574
852.850
853.125
853.401
854.068
854.619
855.171
855.723
856.275
856.827
857.378
857.930
858.482
859.034
859.586
874.325
874.794
875.262
875.731
876.200
876.669
877.138
877.607
878.076
878.545
879.014
879.483
879.952
880.421
880.890
881.359
881.828
882.297
882.765
883.234
883.703
884.172
884.641
885.110
885.579
886.048
886.517
886.986
887.455
887.924
888.393
888.862
889.331
889.800
890.268
890.737
891.206
891.675
892.144
892.613
893.082
893.551
894.020
894.489
894.958
895.427
895.896
896.365
896.834
897.303
897.771
898.240
898.709
899.178
899.647
900.116
900.585
901.054
901.523
901.992
902.461
902.930
903.399
903.868
904.337
904.806
905.274
905.743
906.212
906.681
907.150
907.619
908.088
908.557
909.026
909.495
909.964
910.433
910.902
911.371
911.840
912.309
912.777
913.246
913.715
914.184
914.653
915.122
915.591
916.060
916.529
916.998
917.467
917.936
918.405
918.874
919.812
920.751
921.690
922.629
923.568
924.506
925.445
926.384
927.323
928.262
929.200
930.139
931.078
932.017
932.956
933.894
934.362
934.829
935.296
935.763
936.231
936.698
937.165
937.632
938.100
938.567
939.034
939.501
939.969
940.436
940.671
940.906
941.141
941.376
941.611
941.846
942.081
942.316
942.552
942.787
943.022
943.257
943.492
943.727
943.962
944.197
944.432
944.667
944.902
945.138
945.373
945.608
945.843
946.078
946.313
946.548
946.783
947.018
947.253
947.488
947.723
947.959
948.194
948.429
948.664
948.899
949.134
949.369
951.168
951.638
952.107
952.576
953.046
953.515
953.985
954.454
954.923
955.393
955.862
956.331
956.801
957.270
957.739
958.209
958.678
959.148
959.617
960.086
960.556
961.025
961.494
961.964
962.433
962.902
963.372
963.841
964.311
964.780
965.249
965.719
966.188
966.657
967.127
967.596
968.065
968.535
969.004
969.474
969.943
970.412
970.882
971.351
971.820
972.290
972.759
973.228
973.698
974.167
974.636
975.106
975.575
976.045
976.514
976.983
977.453
977.922
978.391
978.861
979.330
979.799
980.269
980.738
981.208
981.677
982.146
982.616
983.085
983.554
984.024
984.493
984.962
985.432
985.901
986.371
986.840
987.309
987.779
988.248
988.717
989.187
989.656
990.125
990.595
991.064
991.534
992.003
992.472
992.942
993.411
993.880
994.350
994.819
995.288
995.758
996.227
997.563
997.799
998.034
998.269
998.504
998.740
998.975
999.210
999.446
999.681
999.916
1000.151
1000.387
1000.622
1000.857
1001.093
1001.328
1001.563
1001.798
1002.034
1002.269
1002.504
1002.739
1002.975
1003.210
1003.445
1003.681
1003.916
1004.151
1004.386
1004.622
1004.857
1005.092
1005.328
1005.563
1005.798
1006.033
1006.269
1006.504
1006.739
1006.975
1007.210
1007.445
1007.680
1007.916
1008.151
1008.386
1008.622
1008.857
1009.092
1009.327
1009.563
1009.798
1010.033
1010.268
1010.504
1010.739
1010.974
1011.210
1011.445
1011.680
1011.915
1012.151
1012.386
1012.621
1012.857
1013.092
1013.327
1013.562
1013.798
1014.033
1014.268
1014.504
1014.739
1014.974
1015.209
1015.445
1015.680
1015.915
1016.151
1016.386
1016.621
1016.856
1017.092
1017.327
1017.562
1017.798
1018.033
1018.268
1018.503
1018.739
1018.974
1019.209
1043.202
1045.975
1046.912
1048.820
1050.196
1050.656
1053.435
1054.321
1056.229
1057.164
1058.067
1058.558
1060.857
1061.782
1063.645
1065.080
1065.535
1065.990
1068.324
1069.247
1071.096
1072.978
1073.891
1074.357
1074.824
1075.756
1076.223
1076.689
1077.622
1078.088
1078.555
1079.487
1079.954
1080.420
1081.353
1081.819
1082.286
1083.219
1083.685
1084.151
1085.084
1085.550
1086.017
1086.950
1087.416
1087.882
1088.815
1089.282
1089.748
1090.681
1091.147
1091.614
1092.546
1093.013
1093.479
1094.412
1094.878
1095.345
1096.277
1096.744
1097.210
1098.143
1098.609
1099.076
1100.009
1100.475
1100.941
1101.874
1102.340
1102.807
1103.131
1103.455
1106.521
1106.857
1107.193
1110.261
1110.598
1110.935
1114.024
1114.179
1114.334
1114.488
1114.643
1114.797
1114.952
1115.107
1115.261
1115.416
1115.570
1115.725
1115.880
1116.034
1116.189
1116.343
1116.498
1116.652
1116.807
1116.962
1117.116
1117.271
1117.425
1117.580
1117.735
1119.552
1120.470
1121.400
1122.328
1122.561
1122.793
1123.025
1123.257
1123.490
1123.722
1124.186
1124.418
1124.651
1124.883
1125.115
1125.347
1125.580
1126.044
1126.276
1126.508
1126.741
1126.973
1127.205
1127.437
1127.902
1128.134
1128.366
1128.599
1128.831
1129.063
1129.295
1129.760
1129.992
1130.224
1130.456
1130.689
1130.921
1131.153
1131.617
1131.850
1132.082
1132.314
1132.546
1134.444
1134.676
1134.909
1135.141
1135.374
1135.606
1135.839
1136.071
1136.304
1136.536
1136.769
1137.001
1137.234
1137.466
1137.699
1138.164
1138.396
1138.628
1138.861
1139.093
1139.326
1139.558
1139.791
1140.023
1140.256
1140.488
1140.721
1140.953
1141.186
1141.418
1141.883
1142.116
1142.348
1142.581
1142.813
1143.046
1143.278
1143.511
1143.743
1143.976
1144.208
1144.441
1144.673
1144.906
1145.138
1145.603
1145.836
1146.068
1146.301
1146.533
1146.766
1146.998
1147.231
1147.463
1147.696
1147.928
1148.161
1148.393
1148.626
1148.858
1149.323
1149.555
1149.788
1150.020
1150.253
1150.485
1150.718
1150.950
1151.183
1151.415
1151.648
1151.880
1152.113
1152.345
1152.578
1153.043
1153.275
1153.508
1153.740
1153.973
1154.205
1154.438
1154.670
1154.903
1155.135
1155.368
1155.600
1155.833
1156.065
1156.298
1156.763
1156.995
1157.228
1157.460
1157.693
1157.925
1158.158
1158.390
1158.623
1158.855
1159.088
1159.320
1159.553
1159.785
1160.017
1160.482
1160.715
1160.947
1161.180
1161.412
1161.645
1161.877
1162.110
1162.342
1162.575
1162.807
1163.040
1163.272
1163.505
1163.737
1164.202
1164.671
1165.140
1165.609
1166.078
1166.547
1167.015
1167.484
1167.953
1168.305
1168.657
1171.698
1172.048
1172.399
1175.235
1175.379
1175.524
1175.668
1175.812
1175.956
1176.100
1176.244
1176.388
1176.532
1176.677
1176.821
1176.965
1177.109
1177.253
1177.397
1177.541
1177.685
1177.829
1177.974
1178.118
1178.262
1178.406
1178.550
1178.694
1178.838
1178.982
1179.196
1179.427
1179.658
1179.889
1180.120
1180.351
1180.582
1181.044
1181.275
1181.506
1181.737
1181.968
1182.200
1182.431
1182.893
1183.124
1183.355
1183.586
1183.817
1184.048
1184.279
1184.738
1185.196
1185.655
1186.114
1186.572
1186.805
1187.038
1187.270
1187.503
1187.735
1187.968
1188.433
1188.666
1188.898
1189.131
1189.363
1189.596
1189.828
1190.294
1190.526
1190.759
1190.991
1191.224
1191.456
1191.689
1192.154
1192.387
1192.619
1192.852
1193.084
1193.317
1193.549
1194.015
1194.248
1194.481
1194.714
1194.947
1195.180
1195.413
1195.646
1195.879
1196.112
1196.345
1196.578
1196.811
1197.044
1197.277
1197.510
1197.743
1197.976
1198.209
1198.442
1198.675
1198.908
1199.141
1199.374
1199.607
1199.840
1200.073
1200.306
1200.539
1200.772
1201.005
1201.238
1201.471
1201.704
1201.937
1202.380
1202.613
1202.846
1203.312
1203.545
1203.778
1204.244
1204.477
1204.710
1205.176
1205.409
1205.642
1206.108
1206.340
1206.573
1207.039
1207.272
1207.505
1207.971
1208.204
1208.437
1208.903
1209.136
1209.369
1209.835
1210.068
1210.301
1210.766
1210.999
1211.232
1211.698
1211.931
1212.164
1212.629
1213.093
1213.558
1214.022
1214.487
1214.951
1215.416
1215.881
1216.345
1216.578
1216.811
1217.277
1217.510
1217.743
1218.209
1218.442
1218.675
1219.141
1219.374
1219.607
1220.073
1220.306
1220.539
1221.005
1221.238
1221.471
1221.937
1222.170
1222.403
1222.869
1223.102
1223.335
1223.801
1224.034
1224.267
1224.501
1224.734
1224.967
1225.201
1225.668
1225.901
1226.134
1226.368
1226.601
1226.834
1227.068
1227.535
1227.768
1228.001
1228.235
1228.468
1228.701
1228.935
1229.402
1229.635
1229.868
1230.102
1230.335
1230.568
1230.802
1231.269
1231.501
1231.734
1231.967
1232.199
1232.432
1232.665
1232.898
1233.130
1233.363
1233.596
1233.829
1234.061
1234.294
1234.527
1234.760
1234.992
1235.225
1235.458
1235.691
1235.923
1236.156
1236.389
1236.621
1236.854
1237.087
1237.320
1237.552
1237.785
1238.018
1238.251
1238.483
1238.716
1238.949
1239.182
1239.414
1239.647
1239.880
1240.113
1240.345
1240.578
1240.811
1241.043
1241.276
1241.509
1241.742
1241.974
1242.207
1242.440
1242.673
1242.905
1243.138
1243.371
1243.604
1243.836
1244.069
1244.302
1244.535
1244.767
1245.000
1245.233
1245.465
1245.698
1245.931
1246.164
1285.417
1285.886
1287.293
1287.762
1289.168
1289.637
1291.044
1291.513
1292.919
1293.388
1294.795
1295.264
1296.670
1297.139
1298.546
1299.015
1300.421
1300.890
1302.297
1302.766
1304.172
1304.641
1306.048
1306.517
1307.923
1308.392
1309.799
1310.268
1311.653
1312.123
1312.592
1313.062
1313.531
1314.001
1314.470
1314.940
1315.409
1315.879
1316.348
1316.818
1317.287
1317.757
1318.226
1318.696
1319.165
1319.635
1320.104
1320.574
1321.043
1321.513
1321.982
1322.452
1322.921
1323.391
1323.860
1324.330
1324.799
1325.269
1325.738
1326.208
1326.677
1326.912
1327.146
1327.615
1327.850
1328.084
1328.553
1328.787
1329.022
1329.491
1329.725
1329.960
1330.429
1330.663
1330.898
1331.367
1331.601
1331.836
1332.305
1332.539
1332.774
1333.243
1333.477
1333.711
1334.180
1334.415
1334.649
1335.118
1335.353
1335.587
1336.056
1336.291
1336.525
1336.994
1337.229
1337.463
1337.932
1338.167
1338.401
1338.870
1339.104
1339.339
1339.808
1340.042
1340.277
1341.667
1342.136
1342.605
1342.839
1343.074
1343.308
1343.542
1344.011
1344.480
1344.715
1344.949
1345.183
1345.418
1345.887
1346.356
1346.590
1346.825
1347.059
1347.293
1347.762
1348.231
1348.466
1348.700
1348.935
1349.169
1349.638
1350.107
1350.341
1350.576
1350.810
1351.044
1351.513
1351.982
1352.217
1352.451
1352.686
1352.920
1353.389
1353.858
1354.092
1354.327
1354.561
1354.796
1355.264
1355.733
1355.989
1356.244
1356.712
1357.180
1357.648
1358.117
1358.585
1359.053
1359.521
1359.989
1360.458
1360.926
1361.394
1361.862
1362.330
1362.799
1363.267
1363.735
1364.203
1364.671
1365.140
1365.608
1366.076
1366.544
1367.012
1367.481
1367.949
1368.417
1368.885
1369.353
1369.822
1370.290
1370.758
1371.226
1371.694
1372.163
1372.631
1373.099
1373.567
1374.035
1374.504
1374.639
1374.911
1375.097
1375.216
1375.335
1375.454
1375.890
1376.350
1376.832
1377.063
1377.192
1377.322
1377.747
1378.223
1378.700
1379.176
1379.652
1380.128
1380.605
1381.081
1381.557
1382.000
1382.153
1382.367
1382.612
1382.733
1382.853
1382.974
1383.440
1383.906
1384.371
1384.837
1384.964
1385.217
1385.344
1385.597
1385.723
1385.891
1386.002
1386.230
1386.698
1387.167
1387.635
1388.103
1388.572
1389.040
1389.508
1389.634
1389.884
1390.135
1390.244
1390.353
1390.462
1390.918
1391.374
1391.830
1392.795
1393.714
1394.182
1394.650
1395.117
1395.585
1396.053
1396.520
1396.988
1397.100
1397.323
1397.546
1397.656
1397.765
1397.875
1398.389
1398.871
1399.352
1399.834
1400.316
1400.798
1401.169
1401.260
1401.534
1401.625
1401.899
1401.991
1402.265
1402.356
1402.630
1403.015
1403.486
1403.957
1404.429
1404.900
1405.371
1405.843
1406.314
1406.785
1407.257
1407.728
1408.199
1408.671
1409.142
1409.360
1421.434
1424.307
1426.852
1429.114
1431.206
1433.155
1434.940
1436.616
1438.152
1439.593
1440.952
1442.187
1443.341
1444.349
1445.345
1446.270
1447.131
1447.987
1448.731
1449.462
1450.201
1450.831
1451.501
1452.093
1452.657
1453.244
1453.775
1454.328
1454.820
1455.319
1455.837
1456.346
1456.784
1457.296
1457.766
1458.206
1458.680
1459.147
1459.616
1460.086
1460.555
1461.024
1461.494
1461.963
1462.432
1462.902
1463.371
1463.840
1464.310
1464.779
1465.248
1465.718
1466.187
1466.656
1467.126
1467.595
1468.064
1468.534
1469.003
1469.472
1469.942
1470.411
1470.880
1471.350
1471.819
1472.288
1473.677
1474.147
1474.616
1475.085
1475.554
1476.023
1476.492
1476.961
1477.431
1477.900
1478.369
1478.838
1479.307
1479.776
1480.245
1480.715
1481.184
1481.653
1482.122
1482.591
1483.060
1483.529
1483.999
1484.468
1484.937
1485.170
1485.403
1485.636
1485.869
1486.103
1486.336
1486.569
1486.802
1487.035
1487.268
1488.683
1489.153
1489.624
1490.094
1490.564
1491.034
1491.504
1491.975
1492.445
1492.915
1493.385
1493.855
1494.326
1494.796
1495.266
1495.736
1496.206
1496.677
1497.147
1497.617
1498.087
1498.557
1499.028
1499.498
1499.968
1500.438
1500.908
1501.379
1501.849
1502.319
1502.789
1503.699
1503.934
1504.168
1504.637
1504.871
1505.105
1505.574
1505.808
1506.043
1506.511
1506.746
1506.980
1507.449
1507.683
1507.917
1508.386
1508.620
1508.854
1509.323
1509.557
1509.792
1510.260
1510.495
1510.729
1511.198
1511.432
1511.666
1512.135
1512.369
1512.603
1513.072
1513.306
1513.541
1514.009
1514.244
1514.478
1514.947
1515.181
1515.415
1515.884
1516.118
1516.352
1516.821
1517.055
1517.290
1518.672
1519.142
1519.612
1520.082
1520.553
1521.023
1521.493
1521.963
1522.434
1522.904
1523.374
1523.844
1524.314
1524.785
1525.255
1525.725
1526.195
1526.666
1527.136
1527.606
1528.076
1528.546
1529.017
1529.487
1529.957
1530.427
1530.898
1531.368
1531.838
1532.308
1532.778
1533.698
1533.933
1534.167
1534.402
1534.636
1534.871
1535.105
1535.574
1535.808
1536.043
1536.277
1536.512
1536.746
1536.981
1537.449
1537.684
1537.918
1538.153
1538.387
1538.622
1538.856
1539.325
1539.559
1539.794
1540.028
1540.263
1540.497
1540.732
1541.201
1541.435
1541.669
1541.904
1542.138
1542.373
1542.607
1543.076
1543.311
1543.545
1543.779
1544.014
1544.248
1544.483
1544.952
1545.186
1545.421
1545.655
1545.889
1546.124
1546.358
1546.827
1547.062
1547.296
1547.531
1548.697
1550.511
1552.440
1554.317
1556.190
1558.052
1559.952
1561.778
1563.673
1565.530
1567.447
1569.288
1571.161
1571.631
1572.102
1572.572
1573.042
1573.513
1573.983
1574.453
1574.924
1575.394
1575.864
1576.335
1576.805
1577.275
1577.746
1578.216
1578.686
1579.157
1579.627
1580.097
1580.568
1581.038
1581.508
1581.979
1582.449
1582.919
1583.390
1583.860
1584.330
1584.801
1585.271
1585.741
1586.211
1586.682
1587.152
1587.622
1588.093
1588.563
1589.033
1589.504
1589.974
1590.205
1590.437
1590.668
1590.899
1591.131
1591.362
1591.593
1591.825
1592.056
1592.287
1592.519
1592.750
1592.981
1593.213
1593.444
1593.675
1593.907
1594.138
1594.608
1594.843
1595.078
1595.548
1595.783
1596.018
1596.488
1596.723
1596.958
1597.428
1597.663
1597.898
1598.368
1598.603
1598.838
1599.308
1599.543
1599.778
1600.248
1600.483
1600.718
1601.188
1601.423
1601.659
1602.129
1602.364
1602.599
1603.069
1603.304
1603.539
1604.009
1604.244
1604.479
1604.949
1605.184
1605.419
1605.889
1606.124
1606.359
1606.829
1607.064
1607.299
1607.769
1608.004
1608.239
1608.709
1608.944
1609.178
1609.413
1609.647
1609.882
1610.116
1610.585
1610.820
1611.054
1611.289
1611.523
1611.758
1611.992
1612.461
1612.696
1612.930
1613.165
1613.399
1613.634
1613.868
1614.337
1614.572
1614.806
1615.041
1615.276
1615.510
1615.745
1616.214
1616.448
1616.683
1616.917
1617.152
1617.386
1617.621
1618.090
1618.324
1618.559
1618.793
1619.028
1619.262
1619.497
1619.966
1620.200
1620.435
1620.669
1620.904
1621.138
1621.373
1621.842
1622.076
1622.311
1623.714
1623.949
1624.183
1624.418
1624.652
1624.887
1625.121
1625.356
1625.590
1625.825
1626.059
1626.294
1626.529
1626.763
1626.998
1627.232
1627.467
1627.701
1627.936
1628.170
1628.405
1628.639
1628.874
1629.108
1629.343
1629.577
1629.812
1630.046
1630.281
1630.515
1630.750
1630.985
1631.219
1631.454
1631.688
1631.923
1632.157
1632.392
1632.626
1632.861
1633.095
1633.330
1633.564
1633.799
1634.033
1634.268
1634.502
1634.737
1634.971
1635.206
1635.441
1635.675
1635.910
1636.144
1636.379
1636.613
1636.848
1637.082
1637.317
1637.551
1637.786
1638.020
1638.713
1638.948
1639.182
1639.416
1639.651
1639.885
1640.120
1640.354
1640.588
1640.823
1641.057
1641.292
1641.526
1641.760
1641.995
1642.229
1642.464
1642.698
1642.932
1643.167
1643.401
1643.635
1643.870
1644.104
1644.339
1644.573
1644.807
1645.042
1645.276
1645.511
1645.745
1645.979
1646.214
1646.448
1646.683
1646.917
1647.151
1647.386
1647.620
1647.855
1648.089
1648.323
1648.558
1648.792
1649.027
1649.261
1649.495
1649.730
1649.964
1650.199
1650.433
1650.667
1650.902
1651.136
1651.371
1651.605
1651.839
1652.074
1652.308
1653.704
1653.939
1654.173
1654.407
1654.641
1654.876
1655.110
1655.344
1655.578
1655.813
1656.047
1656.281
1656.515
1656.750
1656.984
1657.218
1657.452
1657.687
1657.921
1658.155
1658.390
1658.624
1658.858
1659.092
1659.327
1659.561
1659.795
1660.029
1660.264
1660.498
1660.732
1660.966
1661.201
1661.435
1661.669
1661.903
1662.138
1662.372
1662.606
1662.840
1663.075
1663.309
1663.543
1663.778
1664.012
1664.246
1664.480
1664.715
1664.949
1665.183
1665.417
1665.652
1665.886
1666.120
1666.354
1666.589
1666.823
1667.057
1667.291
1667.526
1667.760
1667.994
1668.718
1668.953
1669.187
1669.421
1669.656
1669.890
1670.124
1670.359
1670.593
1670.827
1671.062
1671.296
1671.530
1671.765
1671.999
1672.234
1672.468
1672.702
1672.937
1673.171
1673.405
1673.640
1673.874
1674.108
1674.343
1674.577
1674.811
1675.046
1675.280
1675.514
1675.749
1675.983
1676.217
1676.452
1676.686
1676.920
1677.155
1677.389
1677.623
1677.858
1678.092
1678.326
1678.561
1678.795
1679.029
1679.264
1679.498
1679.732
1679.967
1680.201
1680.435
1680.670
1680.904
1681.138
1681.373
1681.607
1681.841
1682.076
1682.310
1682.544
1682.779
1683.013
1683.247
1683.482
1683.716
1683.950
1684.185
1684.419
1684.653
1684.888
1685.122
1685.356
1685.591
1685.825
1686.059
1686.294
1686.528
1686.762
1686.997
1687.231
1687.465
1687.700
1687.934
1688.168
1688.403
1688.637
1688.871
1689.106
1689.340
1689.574
1689.809
1690.043
1690.277
1690.512
1690.746
1690.980
1691.215
1691.449
1691.683
1691.918
1692.152
1692.386
1692.621
1692.855
1693.089
1693.324
1693.558
1693.792
1694.027
1694.261
1694.495
1694.730
1694.964
1695.198
1695.433
1695.667
1695.901
1696.136
1696.370
1696.604
1696.839
1697.073
1697.307
1697.542
1697.776
1698.010
1698.245
1698.479
1698.714
1698.948
1699.182
1699.417
1699.651
1699.885
1700.120
1700.354
1700.588
1700.823
1701.057
1701.291
1701.526
1701.760
1701.994
1702.229
1702.463
1702.697
1702.932
1703.166
1703.400
1703.635
1703.869
1704.103
1704.338
1704.572
1704.806
1705.041
1705.275
1705.509
1705.744
1705.978
1706.212
1706.447
1706.681
1706.915
1707.150
1707.384
1707.618
1707.853
1708.087
1708.321
1708.556
1708.790
1709.024
1709.259
1709.493
1709.727
1709.962
1710.196
1710.430
1710.665
1710.899
1711.133
1711.368
1711.602
1711.836
1712.071
1712.305
1712.539
1712.774
1713.008
1713.242
1743.348
1744.760
1746.173
1747.586
1748.999
1750.412
1751.825
1753.238
1754.650
1755.005
1756.068
1756.422
1757.485
1757.839
1758.902
1759.256
1760.319
1760.673
1761.736
1762.091
1763.153
1763.508
1764.571
1765.986
1766.338
1766.690
1767.042
1767.395
1767.747
1768.099
1768.451
1768.803
1769.156
1769.508
1769.860
1770.212
1770.564
1770.917
1771.269
1771.621
1771.973
1772.325
1772.677
1773.030
1773.382
1773.734
1774.086
1774.438
1774.791
1775.143
1775.495
1775.847
1776.199
1776.552
1776.904
1777.256
1777.608
1777.960
1778.312
1778.665
1779.017
1779.369
1779.721
1780.073
1780.426
1780.778
1781.130
1781.482
1781.834
1782.187
1782.539
1782.891
1783.243
1783.595
1783.947
1784.300
1784.652
1785.004
1785.356
1785.708
1787.150
1788.539
1788.892
1789.245
1789.598
1789.951
1790.304
1790.657
1791.363
1791.716
1792.069
1792.422
1792.775
1793.128
1794.182
1794.535
1794.888
1795.241
1795.594
1795.947
1796.300
1797.006
1797.359
1797.712
1798.065
1798.418
1799.830
1800.183
1800.536
1800.889
1801.242
1801.595
1801.948
1802.301
1802.654
1803.007
1803.360
1803.713
1804.066
1804.419
1804.772
1805.125
1805.478
1805.831
1806.184
1806.537
1806.890
1807.243
1807.596
1807.949
1808.302
1808.655
1809.008
1809.361
1811.126
1811.479
1811.832
1812.185
1812.538
1812.891
1813.244
1813.597
1813.950
1814.303
1814.656
1815.009
1815.362
1815.715
1816.068
1816.421
1816.774
1817.127
1817.480
1817.833
1818.186
1818.539
1818.892
1819.245
1819.598
1819.951
1820.304
1820.657
1821.010
1821.363
1821.716
1822.422
1822.775
1823.128
1823.481
1823.834
1824.187
1824.540
1824.893
1825.246
1825.599
1825.952
1826.305
1826.658
1827.011
1827.364
1827.717
1828.070
1828.423
1828.776
1829.129
1829.482
1829.835
1830.188
1830.541
1830.894
1831.247
1831.600
1831.953
1832.306
1833.012
1833.718
1834.071
1834.424
1834.777
1835.130
1835.483
1835.836
1836.189
1836.542
1836.895
1837.248
1837.601
1837.954
1838.307
1838.660
1839.013
1839.366
1839.719
1840.072
1840.425
1840.778
1841.131
1841.484
1841.837
1842.190
1842.543
1842.896
1843.249
1843.602
1843.955
1844.308
1844.661
1845.014
1845.367
1845.720
1846.073
1846.426
1846.779
1847.132
1847.485
1847.838
1848.191
1848.544
1848.897
1849.250
1849.603
1849.956
1850.309
1850.662
1851.015
1851.368
1851.721
1852.074
1852.427
1852.780
1853.133
1853.486
1853.839
1854.192
1854.545
1854.898
1855.251
1855.604
1855.957
1856.310
1857.016
1857.722
1858.428
1859.134
1859.840
1860.546
1861.252
1861.958
1862.664
1863.370
1864.076
1864.782
1865.488
1866.194
1866.900
1867.606
1868.313
1869.019
1869.725
1870.431
1871.137
1871.843
1872.549
1873.255
1873.961
1874.667
1875.373
1876.079
1876.432
1876.785
1877.138
1880.358
1881.073
1881.787
1882.126
1882.464
1882.642
1882.821
1883.178
1883.534
1883.891
1884.070
1884.248
1884.605
1884.962
1885.319
1885.497
1885.676
1886.033
1886.390
1886.746
1886.924
1887.102
1887.280
1887.458
1887.636
1887.814
1887.992
1888.170
1888.348
1888.526
1888.704
1888.882
1889.060
1889.238
1889.416
1889.593
1889.771
1889.949
1890.127
1890.305
1890.483
1890.661
1890.839
1891.017
1891.195
1891.373
1891.551
1892.418
1892.770
1893.122
1893.298
1893.474
1893.650
1893.826
1894.178
1894.530
1894.882
1895.234
1895.587
1895.939
1896.115
1896.291
1896.467
1896.643
1896.995
1897.347
1897.699
1898.051
1898.403
1898.756
1898.932
1899.108
1899.284
1899.460
1899.812
1900.164
1900.516
1900.868
1901.220
1901.572
1901.749
1901.925
1902.101
1902.277
1902.629
1902.981
1903.333
1903.685
1904.037
1904.389
1904.565
1904.741
1904.918
1905.094
1905.446
1905.798
1906.150
1906.502
1906.854
1907.206
1907.382
1907.558
1907.734
1907.910
1908.263
1908.615
1908.967
1909.319
1909.671
1910.023
1910.199
1910.375
1910.551
1910.727
1911.079
1911.432
1911.784
1912.136
1912.488
1912.840
1913.016
1913.192
1913.368
1913.544
1913.896
1914.248
1914.816
1915.001
1915.490
1915.668
1916.035
1916.211
1916.388
1916.740
1916.916
1917.092
1917.444
1917.620
1917.796
1918.148
1918.324
1918.501
1918.853
1919.029
1919.205
1919.557
1919.733
1919.909
1920.261
1920.437
1920.614
1920.966
1921.142
1921.318
1921.670
1921.846
1922.022
1922.374
1922.550
1922.727
1923.079
1923.255
1923.431
1923.783
1923.959
1924.135
1924.487
1924.664
1924.840
1925.192
1925.368
1925.544
1925.896
1926.072
1926.248
1926.792
1926.969
1927.145
1927.322
1927.498
1927.675
1927.852
1928.028
1928.205
1928.381
1928.558
1928.734
1928.911
1929.088
1929.264
1929.441
1929.617
1929.794
1929.970
1930.147
1930.324
1930.500
1930.677
1930.853
1931.030
1931.206
1931.383
1931.560
1931.736
1931.913
1932.477
1932.651
1933.174
1933.348
1933.871
1934.045
1934.568
1934.742
1935.265
1935.429
1935.594
1935.758
1935.923
1936.087
1936.252
1936.416
1936.581
1938.242
1938.420
1938.598
1938.954
1939.310
1939.666
1940.022
1940.378
1940.734
1941.090
1941.268
1941.446
1941.802
1942.158
1942.514
1942.870
1943.226
1943.946
1944.293
1944.467
1944.642
1944.991
1945.165
1945.340
1945.689
1945.863
1946.038
1946.387
1946.561
1946.736
1947.085
1947.259
1947.434
1947.783
1947.957
1948.132
1948.481
1948.655
1948.830
1949.200
1949.569
1949.939
1950.115
1950.291
1950.468
1950.644
1950.997
1951.173
1951.349
1951.525
1951.702
1951.878
1952.054
1952.407
1952.583
1952.759
1952.935
1953.112
1953.288
1953.464
1953.817
1953.993
1954.169
1954.346
1954.522
1954.698
1954.874
1955.227
1955.403
1955.580
1955.756
1955.932
1956.108
1956.285
1956.637
1956.813
1956.990
1957.166
1957.342
1957.519
1957.695
1958.047
1958.551
1958.770
1959.264
1959.421
1960.115
1960.292
1960.469
1960.645
1960.822
1961.175
1961.352
1961.529
1961.706
1961.882
1962.059
1962.236
1962.589
1962.766
1962.943
1963.120
1963.296
1963.473
1963.650
1964.003
1964.180
1964.357
1964.533
1964.710
1964.887
1965.064
1965.417
1965.594
1965.770
1965.947
1966.124
1966.301
1966.477
1966.831
1967.008
1967.184
1967.361
1967.538
1967.715
1967.891
1968.245
1968.421
1968.598
1968.775
1968.952
1969.128
1969.305
1969.659
1969.835
1970.012
1970.189
1970.366
1970.542
1970.719
1971.072
1971.235
1971.397
1971.924
1972.101
1972.278
1972.455
1972.632
1972.809
1972.986
1973.341
1973.518
1973.695
1973.872
1974.049
1974.226
1974.403
1974.757
1974.935
1975.112
1975.289
1975.466
1975.643
1975.820
1976.174
1976.351
1976.529
1976.706
1976.883
1977.060
1977.237
1977.591
1977.768
1977.945
1978.123
1978.300
1978.477
1978.654
1979.008
1979.185
1979.362
1979.539
1979.717
1979.894
1980.071
1980.425
1980.602
1980.779
1980.956
1981.133
1981.311
1981.488
1981.842
1982.031
1982.516
1982.700
1983.443
1983.796
1984.148
1984.501
1984.853
1985.206
1985.558
1985.911
1986.263
1986.616
1986.968
1987.321
1987.673
1988.026
1988.378
1988.731
1989.083
1989.436
1989.788
1990.141
1990.493
1990.846
1991.198
1991.551
1991.903
1992.256
1992.608
1992.961
1993.313
1993.666
1994.018
1994.371
1994.723
1995.076
1995.428
1995.781
1996.133
1996.486
1996.838
1997.191
1997.543
1997.896
1998.248
1998.601
1998.953
1999.306
1999.658
2000.011
2000.363
2000.715
2001.068
2001.420
2001.773
2002.125
2002.478
2002.830
2003.183
2003.535
2003.888
2004.240
2004.593
2005.798
2005.975
2006.508
2006.685
2007.218
2007.396
2007.928
2008.106
2008.639
2008.816
2009.349
2009.527
2010.059
2010.237
2010.770
2010.947
2011.480
2011.657
2012.190
2012.368
2012.900
2013.078
2013.611
2013.788
2014.321
2014.498
2015.031
2015.209
2015.741
2015.919
2016.452
2016.629
2016.926
2017.117
2017.308
2017.484
2017.660
2017.837
2018.013
2018.190
2018.366
2018.719
2018.895
2019.072
2019.248
2019.424
2019.601
2019.777
2020.130
2020.306
2020.483
2020.659
2020.836
2021.012
2021.189
2021.541
2021.718
2021.894
2022.071
2022.247
2022.423
2022.600
2022.953
2023.129
2023.305
2023.482
2023.658
2023.835
2024.011
2024.364
2024.540
2024.717
2024.893
2025.070
2025.246
2025.422
2025.775
2025.952
2026.128
2026.304
2026.481
2026.657
2026.834
2027.186
2027.752
2027.917
2028.456
2028.604
2028.752
2028.901
2029.049
2029.197
2029.346
2029.494
2029.642
2029.791
2029.939
2030.087
2030.236
2030.384
2030.532
2030.681
2031.422
2031.571
2031.719
2031.867
2032.015
2032.164
2032.312
2032.460
2032.609
2032.757
2032.905
2033.054
2033.202
2034.240
2034.389
2034.537
2034.685
2034.834
2034.982
2035.130
2035.278
2035.427
2035.575
2035.723
2035.872
2036.020
2036.168
2036.317
2037.058
2037.207
2037.355
2037.503
2037.652
2037.800
2037.948
2038.097
2038.245
2038.393
2038.542
2038.690
2038.838
2038.986
2039.135
2039.283
2039.431
2039.580
2039.728
2039.876
2040.025
2040.173
2040.321
2040.470
2040.618
2040.766
2040.915
2041.063
2041.211
2041.360
2041.508
2041.656
2041.805
2041.953
2042.101
2042.694
2042.843
2042.991
2043.139
2043.288
2043.436
2043.584
2043.733
2043.881
2044.029
2044.178
2044.326
2044.474
2044.623
2045.512
2045.661
2045.809
2045.957
2046.106
2046.254
2046.402
2046.551
2046.699
2046.847
2046.996
2047.144
2047.292
2047.441
2047.589
2048.331
2048.479
2048.627
2048.776
2048.924
2049.072
2049.220
2049.369
2049.517
2049.665
2049.814
2050.259
2050.407
2051.000
2051.149
2051.297
2051.445
2051.594
2051.742
2051.890
2052.039
2052.187
2052.335
2052.483
2052.632
2052.780
2052.928
2053.077
2053.225
2053.373
2053.522
2053.670
2053.818
2053.967
2054.115
2054.263
2054.412
2054.560
2054.708
2054.857
2055.005
2055.153
2055.302
2055.450
2055.598
2055.746
2055.895
2056.043
2056.191
2056.340
2056.488
2056.636
2056.785
2056.933
2057.081
2057.230
2057.378
2057.526
2057.675
2057.823
2057.971
2058.120
2058.268
2058.416
2058.565
2058.713
2058.861
2059.010
2059.158
2059.306
2059.454
2059.603
2059.751
2059.899
2060.048
2060.196
2060.344
2060.493
2060.641
2060.789
2060.938
2061.086
2061.234
2061.383
2061.531
2061.679
2061.828
2061.976
2062.124
2062.273
2062.421
2062.569
2062.717
2062.866
2063.014
2063.162
2063.311
2063.459
2063.607
2063.756
2063.904
2064.052
2064.201
2064.349
2064.497
2064.646
2064.794
2064.942
2065.091
2065.239
2065.387
2065.536
2065.684
2065.832
2065.981
2066.129
2066.277
2066.425
2066.574
2066.722
2066.870
2067.019
2067.167
2067.315
2067.464
2067.612
2067.760
2067.909
2068.057
2068.205
2068.354
2068.502
2068.650
2068.799
2068.947
2069.095
2069.244
2069.392
2069.540
2069.688
2069.837
2069.985
2070.133
2070.282
2070.430
2070.578
2070.727
2070.875
2071.023
2071.172
2071.320
2071.468
2071.617
2071.765
2071.913
2072.062
2072.210
2072.358
2073.071
2073.748
2105.683
2106.483
2107.284
2108.084
2108.885
2109.686
2110.486
2111.287
2112.088
2112.888
2113.689
2114.490
2115.290
2116.091
2116.892
2117.692
2118.493
2118.890
2119.287
2119.684
2120.081
2120.479
2120.876
2121.273
2121.670
2122.067
2122.464
2122.861
2123.258
2123.656
2124.866
2125.265
2125.663
2126.062
2126.461
2126.860
2127.259
2128.056
2128.261
2128.466
2128.671
2128.875
2129.080
2129.285
2129.490
2129.695
2131.262
2131.465
2131.669
2131.872
2132.076
2132.279
2132.483
2132.687
2132.890
2133.094
2133.297
2133.501
2133.704
2133.908
2134.499
2134.698
2134.897
2135.096
2135.295
2135.494
2135.693
2135.892
2136.091
2136.291
2136.490
2137.691
2137.891
2138.091
2138.291
2138.491
2138.691
2138.892
2139.092
2139.292
2139.492
2139.692
2139.892
2140.092
2140.292
2140.906
2141.100
2141.294
2141.489
2141.683
2141.877
2142.071
2142.266
2142.460
2142.654
2142.848
2144.075
2144.276
2144.477
2144.677
2144.878
2145.079
2145.279
2145.480
2145.681
2145.881
2146.082
2146.283
2146.483
2146.684
2147.278
2147.476
2147.673
2147.871
2148.069
2148.266
2148.464
2148.662
2148.860
2149.057
2149.255
2150.479
2150.674
2150.869
2151.065
2151.260
2151.456
2151.651
2151.847
2152.042
2152.237
2152.433
2152.628
2152.824
2153.019
2153.675
2153.870
2154.066
2154.261
2154.457
2154.652
2154.848
2155.043
2155.238
2155.434
2155.629
2156.880
2157.689
2158.498
2159.306
2160.115
2160.503
2160.892
2161.281
2161.670
2162.059
2162.448
2162.670
2162.893
2163.116
2163.338
2163.735
2164.131
2164.527
2164.924
2165.320
2165.717
2166.113
2166.510
2166.906
2167.302
2167.699
2168.095
2168.492
2168.888
2169.285
2169.681
2170.078
2170.474
2170.870
2172.873
2173.275
2173.676
2174.077
2174.478
2174.880
2175.281
2175.682
2176.083
2176.485
2176.886
2177.287
2177.689
2178.090
2178.491
2178.892
2179.294
2179.695
2180.096
2180.497
2180.899
2181.300
2181.701
2182.102
2182.504
2182.905
2183.306
2183.708
2184.109
2184.510
2184.911
2185.313
2185.714
2185.912
2186.110
2186.309
2186.507
2186.705
2186.903
2187.102
2187.300
2187.498
2187.696
2187.895
2188.093
2188.291
2188.489
2188.688
2188.886
2189.084
2189.282
2189.481
2189.679
2189.877
2190.075
2190.274
2190.472
2190.670
2190.868
2191.067
2191.265
2191.463
2191.661
2191.860
2192.058
2192.256
2192.454
2192.653
2192.851
2193.049
2193.247
2193.446
2193.644
2193.842
2194.040
2194.239
2194.437
2194.635
2194.833
2195.032
2195.230
2195.428
2195.626
2195.825
2196.023
2196.221
2196.419
2196.618
2198.451
2198.651
2198.852
2199.052
2199.253
2199.453
2199.654
2199.854
2200.055
2200.255
2200.456
2200.656
2200.856
2201.057
2201.257
2201.458
2201.658
2201.859
2202.059
2202.260
2202.460
2202.661
2202.861
2203.062
2203.262
2203.463
2204.071
2204.273
2204.868
2205.069
2205.270
2205.471
2205.672
2205.873
2206.074
2206.275
2206.476
2206.676
2206.877
2207.078
2207.279
2207.480
2207.681
2207.882
2208.083
2208.284
2208.485
2208.685
2208.886
2209.087
2209.288
2209.489
2209.690
2209.891
2210.092
2210.484
2210.877
2211.269
2211.662
2211.863
2212.065
2212.266
2212.468
2212.669
2212.871
2213.072
2213.274
2213.475
2213.677
2213.879
2214.080
2214.282
2214.483
2214.685
2214.886
2215.088
2215.289
2215.491
2215.692
2215.894
2216.096
2216.297
2216.891
2217.070
2217.676
2217.876
2218.077
2218.277
2218.477
2218.678
2218.878
2219.079
2219.279
2219.479
2219.680
2219.880
2220.081
2220.281
2220.481
2220.682
2220.882
2221.083
2221.283
2221.483
2221.684
2221.884
2222.085
2222.285
2222.485
2222.686
2222.886
2223.087
2223.287
2223.487
2223.688
2223.888
2224.089
2224.489
2224.890
2225.290
2225.690
2226.091
2226.491
2226.892
2227.292
2227.692
2228.093
2228.493
2228.894
2229.294
2229.695
2230.095
2230.495
2230.896
2231.296
2231.697
2232.097
2232.498
2232.898
2233.298
2233.699
2234.099
2234.500
2234.900
2235.300
2235.701
2236.101
2236.502
2236.902
2237.102
2237.302
2237.502
2237.702
2237.902
2238.102
2238.302
2238.502
2238.702
2238.902
2239.102
2239.302
2239.502
2239.702
2239.902
2240.102
2240.303
2240.503
2240.703
2240.903
2241.103
2241.303
2241.503
2241.703
2241.903
2242.103
2242.303
2242.703
2242.903
2243.103
2243.303
2243.503
2243.703
2243.903
2244.103
2244.303
2244.503
2244.703
2244.903
2245.103
2245.303
2245.503
2245.703
2245.903
2246.103
2246.303
2246.503
2246.703
2246.903
2247.103
2247.303
2247.503
2247.703
2247.903
2248.103
2248.303
2248.703
2249.103
2249.504
2249.704
2249.904
2250.104
2250.304
2250.504
2250.704
2250.904
2251.104
2251.304
2251.504
2251.704
2251.904
2252.104
2252.304
2252.504
2252.704
2252.904
2253.104
2253.304
2253.504
2253.704
2253.904
2254.104
2254.304
2254.504
2254.704
2254.904
2255.104
2255.304
2255.504
2255.704
2255.904
2256.104
2256.304
2256.504
2256.704
2256.904
2257.104
2257.304
2257.504
2257.704
2257.904
2258.104
2258.304
2258.505
2258.705
2258.905
2259.105
2259.305
2259.505
2259.705
2259.905
2260.105
2260.305
2260.505
2260.705
2260.905
2261.305
2261.505
2261.705
2261.905
2262.105
2262.305
2262.505
2262.904
2263.303
2263.703
2264.102
2264.501
2264.900
2265.300
2265.699
2266.098
2266.497
2266.897
2267.296
2267.695
2268.094
2268.494
2268.893
2269.292
2269.691
2270.091
2270.490
2270.889
2271.288
2271.688
2272.087
2272.486
2272.885
2273.285
2273.684
2274.083
2274.482
2274.881
2275.281
2275.680
2276.079
2276.478
2276.878
2277.277
2277.676
2278.075
2278.475
2279.261
2280.048
2280.462
2280.876
2283.278
2283.677
2284.077
2284.477
2284.877
2285.277
2285.676
2286.076
2286.476
2286.876
2287.276
2287.676
2288.075
2288.475
2288.875
2289.275
2289.675
2290.074
2290.474
2290.874
2291.274
2291.674
2292.073
2292.473
2292.873
2293.273
2293.673
2294.073
2294.472
2294.872
2295.272
2295.672
2296.072
2296.471
2296.871
2297.271
2297.671
2298.071
2298.470
2298.870
2299.270
2299.670
2300.070
2300.470
2300.869
2301.269
2301.669
2302.069
2302.469
2302.868
2303.268
2303.668
2304.068
2304.468
2304.867
2305.267
2305.667
2306.067
2306.467
2306.867
2307.266
2307.666
2308.066
2308.466
2308.866
2309.066
2309.266
2309.466
2309.666
2309.866
2310.066
2310.266
2310.466
2310.666
2310.866
2311.066
2311.266
2311.466
2311.667
2311.867
2312.067
2312.267
2312.467
2312.667
2312.867
2313.067
2313.267
2313.467
2313.667
2313.867
2314.067
2314.267
2314.467
2314.668
2314.868
2315.068
2315.268
2315.468
2315.668
2315.868
2316.068
2316.268
2316.468
2316.668
2316.868
2317.068
2317.268
2317.468
2317.669
2317.869
2318.069
2318.269
2318.469
2318.669
2318.869
2319.069
2319.269
2319.469
2319.669
2319.869
2320.069
2320.269
2320.470
2320.670
2320.870
2321.070
2321.270
2321.470
2321.670
2321.870
2322.070
2322.270
2322.470
2322.670
2322.870
2323.070
2323.270
2323.471
2323.671
2323.871
2324.071
2324.271
2324.471
2324.671
2324.871
2325.071
2325.271
2325.471
2325.671
2325.871
2326.071
2326.271
2326.472
2326.672
2326.872
2327.072
2327.272
2327.472
2327.672
2327.872
2328.072
2328.272
2328.472
2328.672
2328.872
2329.072
2329.272
2329.473
2329.673
2329.873
2330.073
2330.273
2330.473
2330.673
2330.873
2331.073
2331.273
2331.473
2331.673
2331.873
2332.073
2332.273
2332.474
2332.674
2332.874
2333.074
2333.274
2333.474
2333.674
2333.874
2334.074
2334.274
2334.474
2334.674
2334.874
2335.074
2335.274
2335.475
2335.675
2335.875
2336.075
2336.275
2336.475
2336.675
2336.875
2337.075
2337.275
2337.475
2337.675
2337.875
2338.075
2338.275
2338.476
2338.676
2338.876
2339.076
2339.276
2339.476
2339.676
2339.876
2340.076
2340.276
2340.476
2340.676
2340.876
2341.076
2341.276
2341.477
2341.677
2341.877
2342.077
2342.277
2342.477
2342.677
2342.877
2343.077
2343.277
2343.477
2343.677
2343.877
2344.077
2344.277
2344.478
2344.678
2344.878
2345.078
2345.278
2345.478
2345.678
2345.878
2346.078
2346.278
2346.478
2346.678
2347.278
2347.479
2347.679
2347.879
2348.079
2348.279
2348.479
2348.679
2348.879
2349.079
2349.279
2349.479
2349.679
2349.879
2350.079
2350.280
2350.480
2350.680
2350.880
2351.080
2351.280
2351.480
2351.680
2351.880
2352.080
2352.280
2352.480
2352.680
2352.880
2353.080
2353.281
2353.481
2353.681
2353.881
2354.081
2354.281
2354.481
2354.681
2354.881
2355.081
2355.281
2355.481
2355.681
2355.881
2356.081
2356.282
2356.482
2356.682
2356.882
2357.082
2357.282
2357.482
2357.682
2357.882
2358.082
2358.282
2358.482
2358.682
2358.882
2359.082
2359.283
2359.483
2359.683
2359.883
2360.083
2360.283
2360.483
2360.683
2360.883
2361.083
2361.283
2361.483
2361.683
2361.883
2362.083
2362.284
2362.484
2362.684
2362.884
2363.084
2363.284
2363.484
2363.684
2363.884
2364.084
2364.284
2364.484
2364.684
2364.884
2365.084
2365.285
2365.485
2365.685
2365.885
2366.085
2366.285
2366.485
2366.685
2366.885
2367.085
2367.285
2367.485
2367.685
2367.885
2368.085
2368.286
2368.486
2368.686
2368.886
2369.086
2369.286
2369.486
2369.686
2369.886
2370.086
2370.286
2370.486
2370.686
2370.886
2371.086
2371.287
2372.087
2372.887
2373.087
2373.287
2373.487
2373.687
2373.887
2374.087
2374.288
2374.488
2374.688
2374.888
2375.088
2375.288
2375.488
2375.688
2375.888
2376.088
2376.288
2376.488
2376.688
2376.888
2377.088
2377.289
2377.489
2377.689
2377.889
2378.089
2378.289
2378.489
2378.689
2378.889
2379.089
2379.289
2379.489
2379.689
2379.889
2380.089
2380.290
2380.490
2380.690
2380.890
2381.090
2381.290
2381.490
2381.690
2381.890
2382.090
2382.290
2382.490
2382.690
2382.890
2383.091
2383.291
2383.491
2383.691
2383.891
2384.091
2384.291
2384.491
2384.691
2384.891
2385.091
2385.291
2385.491
2385.691
2385.891
2386.092
2386.292
2386.492
2386.692
2386.892
2387.092
2387.292
2387.492
2387.692
2387.892
2388.092
2388.292
2388.492
2388.692
2388.892
2389.093
2389.293
2389.493
2389.693
2389.893
2390.093
2390.293
2390.493
2390.693
2390.893
2391.093
2391.293
2391.493
2391.693
2391.893
2392.094
2392.294
2392.494
2392.694
2392.894
2393.094
2393.294
2393.494
2393.694
2393.894
2394.094
2394.294
2394.494
2394.694
2394.894
2395.095
2395.295
2395.495
2395.695
2395.895
2396.095
2396.295
2396.495
2396.695
2396.895
2397.095
2397.295
2397.495
2397.695
2397.895
2398.496
2398.696
2398.896
2399.096
2399.296
2399.496
2399.696
2399.896
2400.096
2400.296
2400.496
2400.696
2400.896
2401.097
2401.297
2401.497
2401.697
2401.897
2402.097
2402.297
2402.497
2402.697
2402.897
2403.097
2403.297
2403.497
2403.697
2403.897
2404.098
2404.298
2404.498
2404.698
2404.898
2405.098
2405.298
2405.498
2405.698
2405.898
2406.098
2406.298
2406.498
2406.698
2406.898
2407.099
2407.299
2407.499
2407.699
2407.899
2408.099
2408.299
2408.499
2408.699
2408.899
2409.099
2409.299
2409.499
2409.699
2409.899
2410.100
2410.300
2410.500
2410.700
2410.900
2411.100
2411.300
2411.500
2411.700
2411.900
2412.100
2412.300
2412.500
2412.700
2412.901
2413.101
2413.301
2413.501
2413.701
2413.901
2414.101
2414.301
2414.501
2414.701
2414.901
2415.101
2415.301
2415.501
2415.701
2415.902
2416.102
2416.302
2416.502
2416.702
2416.902
2417.102
2417.302
2417.502
2417.702
2417.902
2418.102
2418.302
2418.502
2418.702
2418.903
2419.103
2419.303
2419.503
2419.703
2419.903
2420.103
2420.303
2420.503
2420.703
2420.903
2421.103
2421.303
2421.503
2421.703
2421.904
2422.104
2422.304
2422.504
2422.704
2422.904
2424.052
2424.452
2424.852
2425.252
2425.652
2426.053
2426.453
2426.853
2427.253
2427.653
2428.053
2428.453
2428.853
2429.253
2429.653
2430.054
2430.454
2430.854
2431.254
2431.654
2432.054
2432.454
2432.854
2433.254
2433.655
2434.055
2434.455
2434.855
2435.255
2435.655
2436.055
2436.455
2436.855
2437.255
2437.656
2438.056
2438.456
2438.856
2439.256
2439.656
2440.056
2440.456
2440.856
2441.257
2441.657
2442.057
2442.457
2442.857
2443.257
2443.657
2444.057
2444.457
2444.857
2445.258
2445.658
2446.058
2446.458
2446.858
2447.258
2447.658
2448.058
2448.458
2448.859
2449.259
2449.659
