56.233
56.718
57.203
57.687
58.172
58.656
59.141
59.626
60.110
60.595
61.079
61.564
62.049
62.533
63.018
63.503
63.987
64.472
64.956
65.441
65.926
66.410
66.895
67.379
67.864
68.349
68.833
69.318
69.803
70.287
70.772
71.256
71.741
72.226
72.710
73.195
73.679
74.164
74.649
75.133
79.467
79.709
79.951
80.434
80.918
81.402
81.644
81.886
82.370
82.854
83.338
83.580
83.821
84.305
84.789
85.273
85.515
85.757
86.241
86.725
87.209
87.450
87.692
88.176
88.660
89.144
89.386
89.628
90.112
90.596
91.079
91.321
91.563
92.047
92.531
93.015
93.257
93.499
93.983
94.467
94.950
95.192
95.434
95.918
96.402
96.886
97.128
97.370
97.854
98.337
98.821
99.063
99.305
99.789
100.273
100.757
100.999
101.241
101.725
102.208
102.692
102.934
103.176
103.660
104.144
104.628
104.870
105.112
105.596
106.079
106.563
106.805
107.047
107.531
108.015
108.499
108.741
108.983
109.466
109.950
110.434
110.676
110.918
111.400
111.641
111.883
112.365
112.607
112.848
113.331
113.572
113.814
114.296
114.538
114.779
115.262
115.503
115.744
116.227
116.468
116.710
117.192
117.434
117.675
118.167
118.652
119.138
119.624
120.110
120.595
121.081
121.567
122.067
122.306
122.545
122.784
123.023
123.262
123.501
123.740
123.979
125.933
126.175
126.417
126.901
127.385
127.869
128.111
128.353
128.837
129.320
129.804
130.046
130.288
130.772
131.256
131.740
131.982
132.224
132.708
133.191
133.675
133.917
134.159
134.643
135.127
135.611
135.853
136.095
136.578
137.062
137.546
137.788
138.030
138.514
138.998
139.482
139.724
139.966
140.449
140.933
141.417
141.900
142.384
142.868
143.352
143.835
144.319
144.803
145.286
145.770
146.254
146.737
147.221
147.705
148.188
148.672
149.156
149.639
150.123
150.607
151.090
151.574
152.058
152.541
153.025
153.509
153.992
154.476
154.960
155.443
155.927
156.411
156.894
157.378
157.862
158.346
158.829
159.313
159.797
160.280
160.764
161.248
161.731
162.215
162.699
163.182
163.666
164.150
164.633
164.878
165.122
165.611
165.855
166.100
166.588
166.833
167.077
167.566
167.810
168.054
168.543
168.782
169.020
169.259
169.498
169.736
169.975
170.213
170.452
172.367
172.609
172.850
173.334
173.818
174.302
174.544
174.785
175.269
175.753
176.237
176.478
176.720
177.204
177.688
178.172
178.413
178.655
179.139
179.623
180.107
180.348
180.590
181.074
181.558
182.042
182.283
182.525
183.009
183.493
183.976
184.218
184.460
184.944
185.428
185.911
186.153
186.395
186.879
187.363
187.846
188.088
188.330
188.814
189.298
189.781
190.023
190.265
190.749
191.233
191.716
191.958
192.200
192.684
193.168
193.651
193.893
194.135
194.619
195.103
195.586
195.828
196.070
196.554
197.038
197.521
197.763
198.005
198.489
198.972
199.456
199.698
199.940
200.424
200.907
201.391
201.633
201.875
202.359
202.842
203.326
203.567
203.808
204.050
204.291
204.532
204.773
205.014
205.255
205.496
205.738
205.979
206.220
206.461
206.702
206.943
207.184
207.426
207.667
208.167
208.410
208.654
209.141
209.384
209.628
210.115
210.358
210.602
211.088
211.332
211.575
212.062
212.306
212.549
213.036
213.280
213.523
214.010
214.254
214.497
214.984
215.228
215.471
215.958
216.202
216.445
216.932
217.176
217.419
217.906
218.150
218.393
218.880
219.124
219.368
219.613
219.857
220.101
220.345
220.589
220.833
222.700
222.942
223.185
223.669
223.912
224.154
224.639
224.881
225.123
225.608
225.850
226.093
226.577
226.820
227.062
227.547
227.789
228.031
228.516
228.758
229.001
229.485
229.728
229.970
230.455
230.697
230.939
231.424
231.666
231.908
232.393
232.635
232.878
233.362
233.605
233.847
234.332
234.574
234.816
235.301
235.543
235.786
236.270
236.513
236.755
237.240
237.482
237.724
238.209
238.451
238.694
239.178
239.421
239.663
240.148
240.390
240.632
241.117
241.359
241.602
242.086
242.329
242.571
243.056
243.298
243.540
244.025
244.267
244.510
244.994
245.237
245.479
245.964
246.206
246.448
246.933
247.175
247.418
247.902
248.145
248.387
248.872
249.114
249.356
249.841
250.083
250.325
250.810
251.052
251.295
251.779
252.022
252.264
252.749
252.991
253.233
253.667
254.149
254.631
255.112
255.593
256.073
256.553
257.032
257.510
257.986
258.462
258.937
259.412
259.886
260.359
260.830
261.299
261.766
262.233
262.700
263.167
263.633
264.100
264.567
265.033
265.499
265.963
266.426
266.886
267.345
267.804
268.262
268.720
269.177
269.633
270.089
270.544
270.999
271.453
271.906
272.357
272.808
273.257
273.706
274.153
274.600
275.046
275.493
275.940
276.387
276.833
277.280
277.726
278.173
278.620
279.066
279.511
279.956
280.401
280.847
281.293
281.740
282.187
282.633
283.080
283.526
283.973
284.420
284.866
285.311
285.755
286.200
290.233
290.680
291.126
291.573
292.019
292.465
292.912
293.358
293.805
294.251
294.698
295.144
295.590
296.037
296.483
296.930
297.376
297.823
298.269
298.715
299.162
299.608
300.055
300.501
300.948
301.394
301.840
302.287
302.733
304.500
304.946
305.392
305.839
306.285
306.731
307.177
307.624
308.070
308.516
308.962
309.409
309.855
310.301
310.747
311.194
311.640
312.086
312.532
312.978
313.425
313.871
314.317
314.763
315.210
315.656
316.102
316.548
316.995
317.441
317.887
318.333
318.780
319.226
319.672
320.118
320.565
321.011
321.457
321.903
322.349
322.796
323.242
323.688
324.134
324.581
325.027
325.473
325.919
326.366
326.812
327.258
327.704
328.151
328.597
329.043
329.489
329.935
330.382
330.828
331.274
331.720
332.167
333.067
333.513
333.960
334.183
334.406
334.852
335.299
335.745
335.968
336.192
336.638
337.085
337.531
337.754
337.977
338.424
338.870
339.317
339.540
339.763
340.210
340.656
341.102
341.326
341.549
341.995
342.442
342.888
343.111
343.335
343.781
344.227
344.674
344.897
345.120
345.567
347.367
347.813
348.260
348.484
348.707
349.154
349.600
350.047
350.271
350.494
350.941
351.387
351.834
352.058
352.281
352.728
353.174
353.621
353.845
354.068
354.515
354.961
355.408
355.632
355.855
356.302
356.748
357.195
357.419
357.642
358.089
358.535
358.982
359.206
359.429
359.876
360.322
360.769
360.993
361.216
361.663
362.109
362.556
362.780
363.003
363.450
363.896
364.343
364.567
364.790
365.237
365.683
366.130
366.354
366.577
367.024
367.470
367.917
368.141
368.364
368.811
369.257
369.704
369.928
370.151
370.598
371.044
371.491
371.715
371.938
372.385
372.831
373.278
373.502
373.725
374.172
374.618
375.065
375.288
375.511
375.956
376.178
376.401
376.846
377.069
377.292
377.737
378.182
378.627
378.850
379.073
379.518
379.741
379.963
380.409
380.631
380.854
381.299
381.744
382.190
382.412
382.635
383.080
383.303
383.526
383.971
384.194
384.416
384.861
385.307
385.752
385.975
386.197
386.643
386.865
387.088
387.533
387.756
387.978
392.667
392.870
393.073
393.479
393.682
393.885
394.290
394.493
394.696
395.102
395.508
395.914
396.117
396.320
396.726
396.929
397.132
397.538
397.741
397.944
398.350
398.756
399.162
399.365
399.568
399.974
400.177
400.380
400.786
400.989
401.192
401.598
402.004
402.410
402.612
402.815
403.221
403.424
403.627
404.033
405.633
405.836
406.039
406.445
406.647
406.850
407.256
407.459
407.661
408.067
408.473
408.878
409.081
409.284
409.689
409.892
410.095
410.501
410.703
410.906
411.312
411.718
412.123
412.326
412.529
412.934
413.137
413.340
413.746
413.948
414.151
414.557
414.962
415.368
415.571
415.774
416.179
416.382
416.585
416.991
417.193
417.396
417.802
418.207
418.613
418.816
419.019
419.424
419.627
419.830
420.235
420.438
420.641
421.047
421.452
421.858
422.061
422.263
422.669
422.872
423.075
423.480
423.683
423.886
424.292
424.697
425.103
425.306
425.508
425.914
426.117
426.320
426.725
426.928
427.131
427.536
427.942
428.348
428.550
428.753
429.159
429.362
429.565
429.970
430.173
430.376
430.781
431.187
431.593
431.795
431.998
432.404
432.607
432.809
433.215
433.418
433.621
434.026
434.432
434.837
435.040
435.243
435.649
435.852
436.054
436.460
436.663
436.866
437.271
437.677
438.082
438.285
438.488
438.894
439.096
439.299
439.705
439.908
440.110
440.516
440.922
441.327
441.530
441.733
442.139
442.341
442.544
442.950
443.153
443.355
443.761
444.167
459.967
460.372
460.777
461.182
461.587
461.993
462.398
462.803
463.208
463.614
464.019
464.424
464.829
465.234
465.640
466.045
466.450
466.855
467.260
467.666
468.071
468.476
468.881
469.286
469.692
470.097
470.502
470.907
471.312
471.718
472.123
472.528
472.933
473.339
473.744
474.149
474.554
474.959
475.365
475.770
476.175
476.580
476.985
477.391
477.796
478.201
478.606
479.011
479.417
479.822
480.227
480.632
481.037
481.443
481.848
482.253
482.658
483.064
483.469
483.874
484.279
484.684
485.090
485.495
485.900
487.500
489.100
490.700
492.233
493.800
495.333
496.833
498.333
499.062
499.792
500.521
501.250
501.979
502.708
503.437
504.167
504.517
504.867
505.217
505.567
505.917
506.267
506.617
506.967
507.333
507.500
507.667
508.033
508.206
508.379
508.552
508.725
508.898
509.071
509.243
509.416
509.589
509.762
510.433
511.119
511.805
512.491
513.177
513.863
514.549
515.235
515.922
516.608
517.294
517.980
518.666
519.352
520.038
520.724
521.410
522.096
522.782
523.468
524.154
524.840
525.526
526.212
526.898
527.584
528.270
528.956
529.642
530.328
531.014
531.700
534.433
537.167
539.933
542.667
543.010
543.352
543.695
544.038
544.381
544.724
545.067
545.410
545.752
546.095
546.438
546.781
547.124
547.467
547.810
548.152
548.495
548.838
549.181
549.524
549.867
550.210
550.552
550.895
551.238
551.581
551.924
552.267
553.633
554.320
555.007
555.693
556.380
557.067
557.753
558.440
559.127
559.813
560.500
561.187
561.873
562.560
563.247
563.933
564.600
564.944
565.288
565.631
565.975
566.319
566.663
567.006
567.350
567.694
568.038
568.381
568.725
569.069
569.413
569.756
570.100
570.272
570.443
570.615
570.787
570.959
571.130
571.302
571.474
571.646
571.817
571.989
572.161
572.332
572.504
572.676
572.848
573.019
573.191
573.363
573.534
573.706
573.878
574.050
574.221
575.567
575.910
576.254
576.597
576.941
577.284
577.628
577.972
578.315
578.659
579.002
579.346
579.689
580.033
580.377
580.720
581.064
581.407
581.751
582.094
582.438
582.781
583.125
583.469
583.812
584.156
584.499
584.843
585.186
585.530
585.874
586.217
586.561
586.904
587.248
587.591
587.935
588.278
588.622
588.966
589.309
589.653
589.996
590.340
590.683
591.027
591.371
591.714
592.058
592.401
592.745
593.088
593.432
593.775
594.119
594.463
594.806
595.150
595.493
595.837
596.180
597.533
597.705
597.876
598.219
598.562
598.904
599.076
599.247
599.590
599.933
600.276
600.447
600.618
600.961
601.304
601.647
601.818
601.989
602.332
602.675
603.018
603.189
603.361
603.703
604.046
604.389
604.560
604.732
605.074
605.417
605.760
605.931
606.103
606.446
606.788
607.131
607.302
607.474
607.817
608.159
608.502
608.674
608.845
609.188
609.531
609.873
610.045
610.216
610.559
610.902
611.244
611.416
611.587
611.930
612.273
612.616
612.787
612.958
613.301
613.644
613.987
614.158
614.329
614.672
615.015
615.358
615.529
615.700
616.043
616.386
616.729
616.900
617.072
617.414
617.757
618.100
630.433
630.605
630.777
631.121
631.293
631.465
631.809
631.980
632.152
632.496
632.668
632.840
633.184
633.356
633.528
633.871
634.043
634.215
634.559
634.731
634.903
635.247
635.419
635.590
635.934
636.106
636.278
636.622
636.794
636.966
637.310
637.481
637.653
637.997
638.169
638.341
638.685
638.857
639.029
639.372
639.544
639.716
641.400
641.572
641.744
641.916
642.088
642.260
642.432
642.776
642.948
643.120
643.292
643.464
643.636
643.808
644.152
644.324
644.496
644.668
644.840
645.012
645.184
645.528
645.700
645.872
646.044
646.216
646.388
646.560
646.904
647.075
647.247
647.419
647.591
647.763
647.935
648.279
648.451
648.623
648.795
648.967
649.139
649.311
649.655
649.827
649.999
650.171
650.343
650.515
650.687
652.367
652.710
653.053
653.396
653.739
654.082
654.425
654.768
655.111
655.454
655.797
656.140
656.483
656.826
657.169
657.512
657.855
658.198
658.541
658.884
659.227
659.570
659.913
660.256
660.599
660.942
661.285
661.628
661.971
662.314
662.657
663.000
663.333
663.505
663.677
664.021
664.365
664.709
664.881
665.053
665.397
665.741
666.085
666.257
666.429
666.773
667.117
667.461
667.633
667.805
668.149
668.493
668.837
669.009
669.181
669.525
669.869
670.213
670.385
670.557
670.901
671.245
671.589
671.761
671.933
672.277
672.621
672.965
673.137
673.309
673.653
673.997
674.333
674.505
675.019
675.190
675.704
675.875
676.389
676.560
677.074
677.245
677.759
677.930
678.444
678.616
679.130
679.301
679.815
679.986
680.500
680.671
681.185
681.356
681.870
682.041
682.555
682.727
683.241
683.412
683.926
684.097
684.611
684.782
685.296
685.467
685.981
686.152
686.666
686.838
687.352
687.523
688.037
688.208
688.722
688.893
689.407
689.578
690.092
690.263
690.777
690.949
691.463
691.634
692.148
692.319
692.833
693.004
693.518
693.689
694.203
694.375
696.267
696.438
696.610
696.953
697.125
697.296
697.639
697.811
697.982
698.326
698.497
698.669
699.012
699.184
699.355
699.698
699.870
700.041
700.385
700.556
700.728
701.071
701.242
701.414
701.757
701.929
702.100
702.444
702.615
702.787
703.130
703.301
703.473
703.816
703.988
704.159
704.503
704.674
704.846
705.189
705.360
705.532
705.875
706.047
706.218
706.561
706.733
706.905
707.248
707.419
707.591
707.934
708.106
708.277
708.620
708.792
708.964
709.307
709.478
709.650
709.993
710.165
710.336
710.679
710.851
711.023
711.366
711.537
711.709
712.052
712.224
712.395
712.738
712.910
713.081
713.425
713.596
713.768
714.111
714.283
714.454
714.797
714.969
715.140
715.484
715.655
715.827
716.170
716.342
716.513
716.856
717.028
717.199
717.543
717.714
717.886
718.229
718.400
718.571
718.914
719.256
719.599
719.770
719.941
720.284
720.626
720.969
721.140
721.311
721.654
721.996
722.338
722.510
722.681
723.023
723.366
723.708
723.880
724.051
724.393
724.736
725.078
725.249
725.421
725.763
726.106
726.448
726.619
726.791
727.133
727.475
727.818
727.989
728.160
728.503
728.845
729.188
729.359
729.530
729.873
730.215
730.558
730.729
730.900
731.243
731.585
731.927
732.099
732.270
732.612
732.955
733.297
733.469
733.640
733.982
734.325
734.667
734.838
735.010
735.352
735.695
736.037
736.208
736.380
736.722
737.064
737.407
737.578
737.749
738.092
738.434
738.777
740.133
740.305
740.476
740.648
740.819
740.990
741.162
741.333
741.505
741.676
741.847
742.019
742.190
742.362
742.533
742.704
742.876
743.047
743.219
743.390
743.561
743.733
743.904
744.076
744.247
744.418
744.590
744.761
744.933
745.104
745.275
745.447
745.618
745.790
745.961
746.133
746.304
746.475
746.647
746.818
746.990
747.161
747.332
747.504
747.675
747.847
748.018
748.189
748.361
748.532
748.704
748.875
749.046
749.218
749.389
749.561
749.732
749.903
750.075
750.246
750.418
750.589
750.760
750.932
751.103
751.275
751.446
751.618
751.789
751.960
752.132
752.303
752.475
752.646
752.817
752.989
753.160
753.332
753.503
753.674
753.846
754.017
754.189
754.360
754.531
754.703
754.874
755.046
755.217
755.388
755.560
755.731
755.903
756.074
756.245
756.417
756.588
756.760
756.931
757.102
757.274
757.445
757.617
757.788
757.960
758.131
758.302
758.474
758.645
758.817
758.988
759.159
759.331
759.502
759.674
759.845
760.016
760.188
760.359
760.531
760.702
