34.529
34.999
35.468
35.938
36.407
36.877
37.347
37.816
38.286
38.755
39.225
39.695
40.164
40.634
41.103
41.573
42.042
42.512
42.982
43.451
43.921
44.390
44.860
45.330
45.799
46.269
46.738
47.208
49.586
50.054
50.521
50.989
51.457
51.925
52.392
52.860
53.328
53.795
54.263
54.731
55.199
55.666
56.134
56.602
57.069
57.537
58.005
58.473
58.940
59.408
59.876
60.343
60.811
61.279
61.747
62.214
62.682
64.559
65.026
65.493
65.960
66.428
66.895
67.362
67.829
68.296
68.763
69.230
69.697
70.165
70.632
71.099
71.566
72.066
72.313
72.559
72.806
73.053
73.299
73.546
73.793
74.039
74.286
74.533
74.779
75.026
75.272
75.519
75.766
76.012
76.259
76.471
76.682
76.893
77.105
77.316
77.528
77.739
94.172
95.107
96.043
96.978
97.914
98.849
99.785
100.720
108.728
109.198
109.668
110.139
110.609
111.079
111.549
112.019
112.489
112.960
113.430
113.900
116.236
116.542
116.847
117.153
117.402
117.650
117.899
118.147
118.396
118.645
118.893
119.142
119.390
119.639
119.888
120.136
120.385
120.633
120.882
121.131
121.379
121.628
121.876
122.125
122.374
122.622
122.871
123.119
123.368
123.660
123.867
124.074
124.281
124.488
124.695
124.902
125.109
125.316
125.523
125.730
125.937
126.144
126.351
126.558
126.765
126.972
127.179
127.386
127.593
127.800
128.007
128.214
128.421
128.628
128.835
129.042
129.249
131.209
131.677
132.144
132.612
133.080
133.548
134.015
134.483
134.951
135.418
135.886
136.354
136.822
137.289
137.757
138.716
139.182
139.649
140.115
140.581
141.048
141.514
141.981
142.447
142.913
143.380
143.846
146.224
146.695
147.165
147.636
148.107
148.578
149.048
149.519
149.990
150.460
150.931
151.402
151.873
152.343
152.814
153.690
153.940
154.190
154.441
154.691
154.941
155.191
155.441
155.692
155.942
156.192
156.442
156.692
156.943
157.193
157.443
157.657
157.871
158.084
158.298
158.512
158.726
158.939
159.153
161.197
161.668
162.138
162.609
163.080
163.551
164.021
164.492
164.963
165.433
165.904
166.375
166.846
167.316
167.787
168.746
169.211
169.676
170.140
170.605
171.070
171.535
171.999
172.464
172.929
173.394
173.859
174.323
174.788
175.253
184.804
186.681
188.558
190.435
192.311
194.188
196.065
197.942
206.284
206.493
206.701
206.910
207.118
207.327
207.535
207.744
207.952
208.161
208.369
208.578
208.786
208.995
209.204
209.412
209.621
209.829
210.038
210.246
210.455
210.663
210.872
211.080
211.289
212.999
213.833
214.542
215.043
215.501
216.336
217.128
217.795
218.421
218.755
219.630
220.465
221.132
221.674
222.091
222.925
223.718
226.262
227.096
227.722
228.306
228.723
229.515
230.391
231.100
231.601
232.060
232.435
232.643
232.894
233.686
234.354
234.937
235.313
236.189
237.023
237.857
238.060
238.264
238.467
238.671
238.874
239.077
239.281
239.484
239.942
240.276
241.027
241.527
241.986
242.862
243.613
244.322
244.864
245.323
246.115
246.949
247.575
248.159
248.576
249.410
250.203
251.037
251.251
251.465
251.678
251.892
252.106
252.320
252.533
252.747
253.581
254.207
254.791
255.166
256.000
256.834
257.585
258.086
258.544
259.379
260.171
260.838
261.422
261.798
262.673
263.508
264.133
264.717
265.093
286.364
286.835
287.305
287.776
288.247
288.718
289.188
289.659
290.130
290.600
291.071
291.542
292.013
292.483
292.954
293.425
293.895
294.366
294.837
295.308
295.778
296.249
296.720
297.190
297.661
298.132
298.603
299.073
299.544
301.462
301.928
302.394
302.860
303.326
303.792
304.258
304.724
305.190
305.656
306.122
306.588
307.054
307.520
307.986
308.452
308.918
309.384
309.850
310.316
310.782
311.248
311.714
312.180
312.646
313.112
313.578
314.044
314.510
314.976
316.394
316.894
317.353
317.687
318.312
318.729
319.230
319.689
320.148
320.606
321.107
321.441
322.024
322.483
322.984
323.401
323.860
324.360
324.819
325.194
325.778
326.237
326.737
327.196
327.655
328.114
328.614
328.948
329.532
330.032
330.450
330.950
331.409
331.868
332.326
332.827
333.244
333.744
334.203
334.704
335.163
335.663
336.038
336.456
337.039
337.498
337.957
338.416
338.916
339.375
339.834
340.209
340.793
341.252
341.711
342.170
342.670
343.087
343.588
344.088
344.547
345.006
345.465
345.673
345.923
364.692
365.151
365.610
366.110
366.402
366.777
367.236
367.695
368.070
368.404
368.905
369.322
369.822
370.156
370.490
371.157
371.699
372.116
372.617
373.117
373.576
373.951
374.243
374.744
375.161
375.536
375.953
376.370
376.871
377.330
377.663
377.997
380.124
383.836
387.673
391.385
395.139
395.612
396.084
396.557
397.030
397.503
397.975
398.448
398.921
399.394
399.866
400.339
400.812
401.285
401.757
402.230
402.647
402.882
403.116
403.351
403.585
403.820
404.054
404.289
404.524
404.758
404.993
405.227
405.462
405.696
405.931
406.165
406.400
406.599
406.799
406.998
407.197
407.397
407.596
407.795
407.995
408.194
409.654
410.125
410.597
411.068
411.539
412.010
412.482
412.953
413.424
413.895
414.367
414.838
415.309
415.780
416.252
416.723
417.194
417.665
418.137
418.608
419.079
419.550
420.022
420.493
420.964
421.435
421.907
422.378
422.849
423.320
425.127
425.378
425.628
425.920
426.546
427.017
427.488
427.959
428.429
428.900
429.371
429.842
430.313
430.784
431.255
431.725
432.196
432.667
433.138
433.609
434.080
434.551
435.022
435.492
435.963
436.434
436.905
437.376
437.847
440.142
440.611
441.080
441.549
442.017
442.486
442.955
443.424
443.893
444.362
444.831
445.299
445.768
446.237
446.706
447.175
447.644
448.113
448.582
449.050
449.519
449.988
450.457
450.926
451.395
451.864
452.332
452.801
453.270
453.739
454.198
454.428
454.657
454.887
455.116
455.616
456.089
456.562
457.035
457.508
457.981
458.454
458.927
459.400
459.872
460.345
460.818
461.291
461.764
462.237
462.710
463.183
463.656
464.129
464.602
465.075
465.548
466.021
466.494
466.967
467.439
470.172
470.406
470.640
470.873
471.107
471.341
471.575
471.808
472.042
472.276
472.510
472.743
472.977
473.211
473.445
473.678
473.912
474.146
474.380
474.613
474.847
475.081
475.315
475.548
475.782
476.016
476.250
476.483
476.717
476.951
477.185
477.418
477.652
477.886
478.120
478.353
478.587
478.821
479.055
479.288
479.522
479.756
479.990
480.223
480.457
480.691
480.925
481.158
481.392
481.592
481.792
481.993
482.193
482.393
482.593
482.793
482.994
483.194
483.394
483.561
483.728
483.894
484.061
484.228
484.395
484.645
485.146
486.063
486.522
487.023
487.940
488.858
489.817
490.276
490.735
492.194
492.653
493.571
494.071
494.280
494.488
495.448
496.365
497.283
498.075
498.242
499.702
500.119
501.078
501.537
501.996
502.955
503.914
504.832
505.291
505.791
507.209
507.627
508.586
509.045
509.295
509.545
510.421
511.422
512.340
513.049
513.267
533.402
533.903
534.320
534.820
535.154
535.488
535.988
536.447
536.781
537.156
537.615
538.149
538.636
538.949
539.241
539.909
540.409
540.826
541.327
541.869
542.286
542.662
542.995
543.454
543.954
544.246
544.664
545.122
545.623
546.040
546.374
546.791
548.417
548.876
549.377
549.835
550.294
550.795
551.212
551.712
552.171
552.630
553.089
553.589
554.048
554.548
554.965
555.424
555.883
556.384
556.842
557.343
557.802
558.260
558.719
559.220
559.679
560.137
560.596
561.097
561.555
563.849
567.603
568.104
568.521
569.021
569.480
569.939
570.398
570.898
571.357
571.816
572.316
572.775
573.234
573.693
574.193
574.610
575.111
575.342
575.572
575.803
576.033
576.264
576.495
576.725
576.956
577.186
577.417
577.647
577.878
578.109
578.339
578.570
578.800
579.002
579.204
579.406
579.607
579.809
580.011
580.213
580.414
580.616
582.118
582.585
583.053
583.520
583.988
584.455
584.922
585.390
585.857
586.325
586.792
587.260
587.727
588.194
588.662
589.129
589.597
590.064
590.531
590.999
591.466
591.934
592.401
592.869
593.336
593.803
594.271
594.738
595.206
595.673
597.550
597.758
598.008
598.509
598.978
599.448
599.917
600.386
600.855
601.325
601.794
602.263
602.732
603.202
603.671
604.140
605.057
605.523
605.990
606.456
606.922
607.389
607.855
608.322
608.788
609.254
609.721
610.187
612.523
612.992
613.461
613.930
614.398
614.867
615.336
615.805
616.274
616.743
617.212
617.680
618.149
618.618
619.087
619.556
620.025
620.494
620.963
621.431
621.900
622.369
622.838
623.307
623.776
624.245
624.713
625.182
625.651
626.120
626.620
626.850
627.079
627.309
627.538
627.997
628.465
628.934
629.402
629.871
630.339
630.808
631.276
631.744
632.213
632.681
633.150
633.618
634.086
634.555
635.023
635.492
635.960
636.429
636.897
637.365
637.834
638.302
638.771
639.239
639.708
640.176
642.553
643.095
643.345
643.554
643.971
644.430
644.930
645.181
645.431
645.806
646.307
646.807
647.057
647.308
647.683
648.184
648.684
648.934
649.185
649.560
650.019
650.561
650.770
651.020
651.437
651.896
652.396
652.646
652.897
653.314
653.814
654.356
654.565
654.815
655.232
655.649
656.150
656.650
656.901
657.151
657.568
658.068
658.277
658.486
658.986
659.403
659.945
660.154
660.362
660.863
661.238
661.822
662.031
662.239
662.698
663.157
663.699
663.949
664.116
664.533
665.034
665.576
665.826
666.035
666.410
666.911
667.453
667.703
667.912
668.287
668.746
669.288
669.538
669.747
670.122
670.623
671.081
671.582
671.832
672.041
697.441
698.108
698.901
700.194
700.903
701.529
702.947
703.614
704.281
705.741
706.450
707.034
708.494
708.839
709.184
709.530
709.875
710.220
710.565
710.910
711.255
711.601
711.946
712.291
712.636
712.981
713.326
713.672
714.017
714.362
714.707
715.052
715.397
715.743
716.088
716.433
716.778
717.123
717.468
717.814
718.159
718.504
719.004
719.338
719.547
719.880
720.220
720.559
720.899
721.239
721.578
721.918
722.257
722.597
722.937
723.276
723.616
723.956
724.295
724.635
724.888
725.142
725.395
725.649
725.902
726.156
726.409
726.663
726.916
727.170
727.423
727.677
727.930
728.139
728.347
728.556
728.764
728.973
729.181
729.473
729.690
729.907
730.124
730.341
730.558
731.058
731.267
731.600
731.976
732.476
732.685
733.269
733.811
734.019
734.353
734.687
734.895
735.271
735.729
736.063
736.564
736.772
737.106
737.481
737.940
738.107
738.816
739.275
739.525
739.859
740.192
740.418
740.645
740.871
741.098
741.324
741.551
741.777
742.278
742.653
742.987
743.445
743.654
744.363
744.822
745.030
745.406
745.739
746.198
746.407
747.074
747.324
747.616
747.825
748.158
748.492
748.951
749.159
751.829
752.038
752.246
752.455
752.663
753.122
753.330
753.706
754.039
754.498
754.707
755.374
755.916
756.417
756.709
756.959
757.251
757.459
757.793
758.168
758.627
758.836
759.169
759.503
760.004
760.212
760.921
761.380
761.589
761.964
762.298
762.525
762.752
762.979
763.206
763.433
763.660
763.887
764.114
764.341
764.717
765.050
765.467
765.718
766.427
766.886
767.094
767.428
767.803
768.262
768.470
769.179
769.388
769.638
769.889
770.222
770.472
770.723
771.056
771.265
774.643
774.894
775.185
775.352
775.728
776.061
776.520
776.770
777.396
777.938
778.147
778.439
778.814
779.273
779.481
780.190
780.399
780.691
780.900
781.191
781.609
782.067
782.234
808.427
808.770
809.114
809.457
809.801
810.144
810.487
810.831
811.174
811.518
811.861
812.204
812.548
812.891
813.235
813.578
813.921
814.265
814.608
814.952
815.295
815.638
815.982
816.325
816.669
817.012
817.355
817.699
818.042
818.386
818.729
818.974
819.220
819.465
819.711
819.956
820.202
820.447
820.692
820.938
821.183
821.429
821.674
821.919
822.165
822.410
822.656
822.901
823.147
823.392
823.637
823.883
824.128
824.374
824.619
824.865
825.110
825.319
825.527
825.736
825.944
826.153
826.361
826.570
826.779
826.987
827.196
827.404
827.613
827.822
828.030
828.239
828.447
828.656
828.864
829.073
830.115
830.407
830.658
830.866
831.367
831.575
831.992
832.242
832.701
832.868
833.160
833.369
833.619
834.036
834.286
834.787
834.954
835.496
835.704
835.955
836.205
836.413
836.830
837.081
837.539
837.748
838.248
838.457
838.707
838.874
839.166
839.583
839.750
840.167
840.376
840.584
840.876
841.085
841.335
841.543
841.710
842.378
842.586
843.003
843.253
843.712
843.921
844.213
844.421
844.588
845.130
845.339
845.798
846.048
846.507
846.674
846.924
847.174
847.383
847.883
848.092
848.550
848.801
849.259
849.468
849.677
849.927
851.762
851.978
852.193
852.409
852.625
852.840
853.430
853.639
854.098
854.306
854.807
855.016
855.224
855.433
855.641
856.183
856.392
856.850
857.059
857.476
857.706
857.935
858.165
858.394
858.936
859.144
859.561
859.812
860.270
860.500
860.729
860.959
861.188
861.689
861.897
862.231
862.440
862.648
863.023
863.232
863.440
863.649
863.857
864.441
864.650
865.109
865.317
865.818
866.037
866.256
866.475
866.694
867.152
867.403
867.903
868.112
868.570
868.800
869.029
869.259
869.488
869.947
870.114
870.656
870.864
871.323
871.532
871.907
872.241
872.574
872.908
873.826
874.034
874.243
874.451
874.660
874.868
875.160
875.372
875.703
875.995
876.495
876.704
877.413
877.871
878.038
878.455
878.789
879.289
879.498
880.165
880.374
880.666
880.833
881.208
881.542
882.001
882.251
908.819
909.177
909.534
909.892
910.249
910.607
910.964
911.322
911.679
912.037
912.394
912.752
913.109
913.467
913.824
914.158
914.382
914.607
914.908
915.259
915.610
915.961
916.312
916.663
917.014
917.366
917.717
918.068
918.419
918.770
919.121
919.330
919.540
919.749
919.958
920.168
920.515
920.862
921.209
921.557
921.904
922.251
922.599
922.946
923.293
923.641
923.988
924.335
924.682
925.030
925.377
925.606
925.836
926.185
926.535
926.884
927.233
927.582
927.932
928.281
928.630
928.839
929.047
929.256
929.465
929.673
929.882
930.841
931.036
931.230
931.425
931.778
932.131
932.484
932.838
933.191
933.544
933.897
934.250
934.603
934.956
935.309
935.663
936.016
936.369
936.722
936.930
937.139
937.490
937.841
938.192
938.543
938.894
939.245
939.596
939.947
940.298
940.649
941.000
941.351
941.560
941.852
942.071
942.290
942.509
942.728
943.085
943.441
943.798
944.154
944.511
944.867
945.224
945.581
945.937
946.294
946.650
947.007
947.364
947.664
947.891
948.117
948.344
948.571
948.797
949.024
949.251
949.478
949.770
949.998
950.225
950.453
950.680
950.908
951.135
951.363
951.590
951.818
952.127
952.338
952.550
952.761
952.972
953.183
953.394
953.605
953.817
954.028
954.239
961.121
961.554
961.987
962.348
962.709
963.070
963.431
963.792
964.144
964.497
964.849
965.202
965.555
965.907
966.260
966.612
966.965
967.317
967.670
968.022
968.375
968.728
969.080
969.433
969.785
970.138
970.490
970.843
971.195
971.548
971.809
972.070
972.424
972.841
973.675
974.301
975.010
975.761
976.470
977.179
977.846
978.097
979.515
980.891
981.558
982.309
982.518
983.018
983.268
983.519
983.769
986.021
986.396
986.647
987.940
988.649
989.399
990.150
990.776
991.443
992.194
992.528
992.861
993.320
993.654
993.946
994.196
994.404
994.655
994.947
995.197
995.399
995.600
995.802
996.003
996.205
996.406
999.201
999.493
999.785
1000.077
1000.285
1000.661
1001.036
1001.328
1001.745
1002.079
1002.412
1002.788
1003.122
1003.455
1003.872
1004.164
1004.581
1004.915
1005.249
1005.624
1005.916
1006.125
1006.333
1006.685
1007.036
1007.388
1007.739
1008.091
1008.443
1008.794
1009.146
1009.497
1009.849
1010.200
1010.552
1010.904
1011.255
1011.588
1011.776
1011.964
1012.314
1012.665
1013.015
1013.365
1013.716
1014.066
1014.416
1014.767
1015.117
1015.467
1015.818
1016.168
1016.518
1016.869
1017.219
1017.427
1017.636
1017.983
1018.331
1018.678
1019.026
1019.373
1019.721
1019.930
1020.138
1020.347
1020.555
1020.764
1020.972
1021.181
1021.389
1021.598
1021.806
1022.015
1022.558
1022.766
1023.350
1023.689
1024.028
1024.368
1024.707
1025.046
1025.385
1025.724
1026.064
1026.403
1026.763
1027.122
1027.482
1027.842
1028.140
1028.438
1028.668
1028.897
1029.273
1029.565
1029.982
1030.315
1030.607
1031.024
1031.358
1031.692
1032.067
1032.401
1032.734
1033.152
1033.443
1033.861
1034.083
1034.306
1034.528
1034.903
1035.279
1035.612
1035.988
1036.280
1036.655
1037.030
1037.322
1037.739
1038.073
1038.407
1038.782
1039.158
1039.449
1039.867
1040.079
1040.290
1040.617
1040.909
1041.201
1041.618
1041.952
1042.286
1042.499
1042.711
1042.924
1043.137
1043.350
1043.562
1043.775
1043.988
1044.200
1044.413
1045.122
1045.372
1045.664
1057.134
1057.551
1058.343
1059.094
1059.761
1060.470
1061.180
1061.847
1062.556
1063.265
1063.974
1064.600
1065.392
1066.143
1067.019
1067.394
1067.644
1067.895
1068.145
1068.395
1068.729
1069.146
1069.479
1069.813
1070.189
1070.522
1070.856
1071.273
1071.565
1071.982
1072.316
1072.649
1073.025
1073.358
1073.650
1073.901
1074.109
1074.401
1074.735
1075.152
1075.444
1075.819
1076.195
1076.528
1076.862
1077.279
1077.571
1077.988
1078.322
1078.614
1079.031
1079.281
1079.489
1079.740
1080.073
1080.407
1080.782
1081.158
1081.450
1081.867
1082.201
1082.492
1082.910
1083.202
1083.577
1083.952
1084.286
1084.620
1084.953
1085.162
1085.329
1085.746
1086.079
1086.413
1086.788
1087.122
1087.539
1087.789
1087.998
1088.206
1088.415
1088.749
1088.957
1089.166
1089.374
1089.583
1089.791
1090.292
1090.648
1091.004
1091.360
1091.716
1092.072
1092.428
1092.784
1093.139
1093.495
1093.851
1094.207
1094.563
1094.919
1095.275
1095.631
1095.923
1096.215
1096.444
1096.673
1097.007
1097.362
1097.716
1098.071
1098.425
1098.780
1099.134
1099.489
1099.843
1100.198
1100.552
1100.907
1101.261
1101.595
1101.887
1102.096
1102.304
1102.679
1102.971
1103.388
1103.722
1104.056
1104.431
1104.765
1105.098
1105.515
1105.807
1106.141
1106.558
1106.850
1107.267
1107.559
1107.747
1107.935
1108.352
1108.686
1109.019
1109.353
1109.686
1110.062
1110.279
1110.496
1110.713
1110.930
1111.147
1111.363
1111.580
1111.797
1112.014
1112.231
1112.856
1113.148
1113.607
1113.866
1114.124
1114.383
1114.641
1114.900
1116.401
1116.651
1116.902
1117.152
1117.403
1117.653
1119.279
1119.521
1119.763
1120.005
1120.247
1120.489
1122.115
1122.365
1122.616
1122.866
1123.158
1123.346
1123.533
1138.966
1139.684
1140.402
1141.120
1141.838
1142.556
1143.274
1143.991
1144.709
1145.427
1146.145
1146.863
1147.581
1148.299
1149.017
1149.601
1149.851
1150.310
1151.061
1151.770
1152.521
1153.313
1154.064
1154.773
1155.274
1155.482
1155.941
1157.359
1158.694
1159.403
1160.153
1160.445
1160.779
1161.071
1161.321
1161.571
1161.989
1162.322
1162.656
1163.031
1163.323
1163.740
1164.074
1164.408
1164.783
1165.158
1165.450
1165.867
1166.201
1166.576
1166.868
1167.077
1167.244
1167.619
1167.953
1168.287
1168.662
1169.037
1169.329
1169.746
1170.080
1170.414
1170.789
1171.123
1171.456
1171.832
1172.165
1172.541
1172.749
1172.958
1173.208
1173.583
1173.959
1174.293
1174.668
1175.002
1175.335
1175.752
1176.044
1176.378
1176.795
1177.087
1177.504
1177.838
1178.130
1178.338
1178.588
1178.922
1179.214
1179.631
1179.923
1180.299
1180.674
1180.841
1181.049
1181.341
1181.558
1181.775
1181.992
1182.209
1182.426
1182.801
1183.031
1183.260
1183.552
1183.747
1183.941
1184.136
1184.553
1184.886
1185.220
1185.595
1185.929
1186.305
1186.680
1186.972
1187.389
1187.681
1188.056
1188.432
1188.765
1189.099
1189.433
1189.641
1189.808
1190.142
1190.559
1190.851
1191.268
1191.601
1191.935
1192.311
1192.644
1192.978
1193.395
1193.687
1194.062
1194.438
1194.730
1195.022
1195.272
1195.480
1195.814
1196.189
1196.523
1196.898
1197.274
1197.566
1197.983
1198.317
1198.650
1199.026
1199.359
1199.693
1200.110
1200.402
1200.694
1200.944
1201.153
1201.445
1201.820
1202.195
1202.529
1202.946
1203.280
1203.447
1203.697
1203.989
1204.239
1204.448
1204.740
1204.990
1205.240
1206.074
1206.325
1206.867
1207.159
1207.451
1207.868
1208.201
1208.493
1208.910
1209.202
1209.578
1209.953
1210.287
1210.620
1211.038
1211.330
1211.747
1211.997
1212.164
1212.414
1212.831
1213.123
1213.457
1213.874
1214.166
1214.541
1214.916
1215.250
1215.625
1216.001
1216.335
1216.668
1217.002
1217.336
1217.627
1217.836
1218.045
1218.462
1218.795
1219.129
1219.504
1219.880
1220.172
1220.589
1220.881
1221.214
1221.631
1221.923
1222.341
1222.716
1223.008
1223.342
1223.550
1223.759
1224.051
1224.426
1224.801
1225.093
1225.510
1225.802
1226.094
1226.345
1226.595
1226.803
1227.054
1227.346
1227.596
1227.804
1228.722
1228.930
1229.389
1229.681
1230.098
1230.432
1230.766
1231.141
1231.475
1231.850
1232.184
1232.559
1232.893
1233.268
1233.602
1233.977
1234.311
1234.603
1234.811
1235.062
1235.395
1235.687
1236.104
1236.438
1236.772
1237.147
1237.481
1237.856
1238.190
1238.523
1238.899
1239.274
1239.566
1239.983
1240.275
1240.442
1240.650
1241.026
1241.401
1241.693
1242.069
1242.402
1242.778
1243.153
1243.445
1243.862
1244.196
1244.529
1244.905
1245.280
1245.572
1245.906
1246.114
1246.281
1246.656
1247.032
1247.324
1247.741
1248.075
1248.408
1248.617
1248.825
1249.034
1249.242
1249.451
1249.660
1249.868
1250.077
1250.285
1250.494
1251.203
1251.536
1251.787
1273.350
1273.850
1274.226
1274.726
1275.102
1275.560
1276.019
1276.478
1276.895
1277.312
1277.771
1278.188
1278.647
1279.064
1279.523
1279.940
1280.357
1280.857
1281.233
1281.733
1282.109
1282.609
1282.984
1283.485
1283.860
1284.361
1284.778
1285.195
1285.695
1286.071
1286.530
1286.947
1287.406
1287.823
1288.281
1288.698
1289.116
1289.574
1289.991
1290.492
1290.867
1291.368
1291.785
1292.285
1292.702
1293.203
1293.662
1294.204
1294.663
1295.163
1295.664
1296.248
1296.748
1297.332
1297.833
1298.458
1298.959
1299.543
1300.168
1300.710
1301.336
1301.837
1302.462
1303.088
1303.630
1304.297
1304.881
1305.507
1306.216
1306.842
1307.509
1308.260
1308.969
1309.678
1310.429
1311.179
1311.972
1312.681
1313.390
1314.141
1314.933
1315.600
1316.268
1316.977
1317.561
1318.145
1318.728
1319.229
1319.813
1320.313
1320.814
1321.273
1321.773
1322.190
1322.649
1323.024
1323.442
1323.900
1324.234
1324.651
1324.985
1325.402
1325.777
1326.069
1326.445
1326.778
1327.070
1327.404
1327.737
1327.988
1328.280
1328.613
1328.864
1329.156
1329.489
1329.739
1329.990
1330.282
1330.532
1330.740
1330.991
1331.241
1331.533
1331.741
1331.992
1332.242
1332.534
1332.742
1332.993
1333.243
1333.535
1333.743
1333.994
1334.286
1334.536
1334.744
1334.995
1335.287
1335.537
1335.745
1335.996
1336.288
1336.538
1336.788
1337.038
1337.289
1337.497
1337.747
1338.039
1338.290
1338.498
1338.790
1339.040
1339.291
1339.499
1339.749
1340.041
1340.292
1340.500
1340.792
1341.042
1341.293
1341.501
1341.751
1342.043
1342.294
1342.502
1342.794
1343.044
1343.295
1343.503
1343.795
1344.045
1344.296
1344.504
1344.796
1345.046
1345.297
1345.505
1345.735
1345.964
1346.152
1346.339
1346.548
1346.798
1347.007
1347.215
1347.382
1347.591
1347.841
1348.049
1348.216
1348.425
1348.633
1348.884
1349.092
1349.301
1349.509
1349.718
1349.926
1350.135
1350.302
1350.552
1350.760
1350.969
1351.178
1351.344
1351.595
1351.803
1352.012
1352.179
1352.387
1352.637
1352.846
1353.054
1353.221
1353.430
1353.680
1353.889
1354.097
1354.306
1354.514
1354.723
1354.931
1355.140
1355.348
1355.557
1355.765
1355.974
1356.182
1356.391
1356.600
1356.808
1357.017
1357.184
1357.434
1357.642
1357.851
1358.018
1358.226
1358.442
1358.657
1358.873
1359.088
1359.304
1359.519
1359.728
1359.936
1360.145
1360.353
1360.562
1360.757
1360.951
1361.146
1361.396
1361.605
1361.813
1362.022
1362.230
1362.439
1362.647
1362.856
1363.023
1363.273
1363.482
1363.690
1363.857
1364.107
1364.316
1364.524
1364.733
1364.900
1365.108
1365.358
1365.567
1365.775
1365.984
1366.151
1366.401
1366.610
1366.776
1366.985
1401.520
1402.020
1402.479
1402.938
1403.438
1403.897
1404.356
1404.814
1405.315
1405.774
1406.233
1406.691
1407.192
1407.651
1408.109
1408.568
1409.069
1409.486
1409.986
1410.445
1410.904
1411.363
1411.863
1412.322
1412.781
1413.240
1413.740
1414.157
1414.658
1415.158
1415.617
1416.076
1416.535
1416.785
1417.035
1417.244
1417.494
1417.744
1417.994
1418.203
1418.453
1418.703
1418.954
1419.162
1419.412
1419.663
1419.913
1420.121
1420.372
1420.622
1420.872
1421.081
1421.331
1421.581
1421.831
1422.040
1422.290
1422.541
1422.791
1422.999
1423.250
1423.500
1423.750
1423.959
1424.167
1424.376
1424.584
1424.793
1424.960
1425.168
1425.377
1425.585
1425.794
1425.961
1426.169
1426.378
1426.586
1426.795
1426.962
1427.170
1427.379
1427.587
1427.796
1427.963
1428.171
1428.380
1428.588
1428.797
1428.964
1429.172
1429.381
1429.589
1431.550
1432.008
1432.509
1432.926
1433.426
1433.885
1434.344
1434.803
1435.303
1435.762
1436.221
1436.680
1437.180
1437.639
1438.098
1438.557
1439.057
1439.516
1439.975
1440.475
1440.934
1441.393
1441.851
1442.352
1442.769
1443.270
1443.728
1444.229
1444.646
1445.146
1445.605
1446.106
1446.523
1447.023
1447.482
1447.941
1448.400
1448.900
1449.317
1449.818
1450.277
1450.777
1451.236
1451.695
1452.195
1452.612
1453.113
1453.572
1454.072
1454.489
1454.990
1455.448
1455.907
1456.366
1456.866
1457.325
1457.784
1458.243
1458.743
1459.202
1461.538
1461.997
1462.497
1462.956
1463.415
1463.873
1464.332
1464.833
1465.292
1465.792
1466.209
1466.710
1467.168
1467.669
1468.086
1468.587
1469.045
1469.504
1469.963
1470.463
1470.922
1471.381
1471.840
1472.299
1472.757
1473.258
1473.717
1474.217
1474.676
1475.135
1475.635
1476.052
1476.553
1477.012
1477.512
1477.929
1478.388
1478.888
1479.347
1479.806
1480.307
1480.724
1481.224
1481.683
1482.183
1482.601
1483.101
1483.560
1484.060
1484.477
1484.978
1485.437
1485.937
1486.396
1486.855
1487.355
1487.772
1488.273
1488.732
1489.190
1491.526
1492.027
1492.485
1492.944
1493.403
1493.903
1494.321
1494.821
1495.280
1495.780
1496.197
1496.698
1497.157
1497.616
1498.074
1498.575
1499.034
1499.492
1499.993
1500.452
1500.910
1501.369
1501.870
1502.287
1502.787
1503.246
1503.747
1504.164
1504.664
1505.123
1505.582
1506.041
1506.541
1507.000
1507.500
1507.917
1508.418
1508.877
1509.377
1509.836
1510.295
1510.795
1511.212
1511.713
1512.172
1512.672
1513.089
1513.590
1514.049
1514.507
1514.966
1515.467
1515.925
1516.384
1516.843
1517.344
1517.761
1518.261
1518.720
1519.220
1519.638
1520.138
1520.597
1521.056
1523.433
1523.850
1524.309
1524.768
1525.226
1525.435
1525.644
1525.852
1526.102
1526.353
1526.519
1526.770
1526.978
1527.187
1527.395
1527.562
1527.771
1527.979
1528.688
1529.439
1529.981
1530.231
1530.398
1531.149
1531.691
1532.150
1532.442
1532.776
1533.401
1533.652
1533.902
1534.694
1535.153
1535.570
1535.904
1536.237
1536.863
1537.280
1537.697
1538.114
1538.740
1538.990
1539.324
1539.658
1540.283
1540.492
1540.700
1541.576
1541.993
1542.202
1542.410
1543.161
1543.703
1543.953
1544.120
1544.913
1545.413
1545.872
1546.164
1546.498
1547.123
1547.374
1547.624
1548.416
1548.875
1549.292
1549.626
1549.918
1550.585
1551.002
1551.419
1551.878
1552.462
1553.046
1553.380
1554.005
1554.214
1554.422
1555.298
1555.757
1555.924
1556.132
1556.841
1557.425
1557.676
1557.842
1558.593
1559.135
1559.594
1559.886
1560.220
1560.845
1561.096
1561.346
1562.138
1562.597
1563.014
1563.348
1563.640
1564.307
1564.724
1565.141
1565.558
1566.184
1566.434
1566.768
1567.102
1567.727
1567.936
1568.144
1569.854
1570.563
1571.147
1571.398
1571.564
1572.273
1572.857
1573.274
1573.608
1573.942
1574.567
1574.818
1575.068
1575.860
1576.277
1576.736
1577.070
1577.362
1578.029
1578.446
1578.863
1579.280
1579.948
1580.156
1580.490
1580.824
1581.449
1581.658
1581.866
1583.576
1584.160
1584.369
1584.869
1585.078
1585.286
1586.037
1586.204
1586.579
1586.996
1587.288
1587.664
1587.872
1588.289
1588.498
1588.707
1589.582
1589.958
1590.417
1590.750
1591.042
1591.292
1591.710
1592.127
1592.585
1592.961
1593.628
1593.837
1594.170
1594.504
1594.713
1595.130
1595.338
1595.588
1596.423
1596.840
1597.048
1597.298
1597.882
1598.091
1598.591
1598.758
1599.008
1599.718
1599.926
1600.301
1600.677
1601.010
1601.386
1601.594
1602.011
1602.220
1602.429
1603.304
1603.680
1611.020
1611.855
1612.731
1613.523
1614.357
1615.150
1615.859
1616.526
1617.193
1617.777
1618.361
1618.903
1619.404
1619.904
1620.363
1620.822
1621.239
1621.656
1622.073
1622.407
1622.782
1623.116
1623.408
1623.783
1624.033
1624.325
1624.659
1624.951
1625.201
1625.452
1625.702
1625.952
1626.161
1626.411
1626.661
1626.911
1627.120
1627.370
1627.579
1627.787
1627.996
1628.163
1628.371
1628.580
1628.788
1628.997
1629.164
1629.372
1629.581
1629.789
1629.998
1630.165
1630.373
1630.582
1630.790
1630.957
1631.166
1631.374
1631.583
1631.791
1631.958
1632.167
1632.375
1632.584
1632.792
1632.959
1633.168
1633.376
1633.585
1653.938
1654.174
1654.411
1654.647
1654.884
1655.120
1655.356
1655.593
1655.829
1656.066
1656.302
1656.539
1656.775
1657.192
1657.428
1657.665
1657.901
1658.137
1658.374
1658.610
1658.846
1659.083
1659.319
1659.555
1659.792
1660.028
1660.361
1660.594
1660.827
1661.060
1661.293
1661.526
1661.758
1661.991
1662.224
1662.457
1662.690
1662.923
1663.156
1663.573
1663.810
1664.047
1664.284
1664.521
1664.758
1664.994
1665.231
1665.468
1665.705
1665.942
1666.179
1666.416
1666.785
1667.018
1667.251
1667.483
1667.716
1667.949
1668.182
1668.415
1668.648
1668.880
1669.113
1669.346
1669.579
1669.954
1670.190
1670.427
1670.663
1670.900
1671.136
1671.372
1671.609
1671.845
1672.082
1672.318
1672.555
1672.791
1673.208
1673.441
1673.674
1673.906
1674.139
1674.372
1674.605
1674.838
1675.071
1675.303
1675.536
1675.769
1676.002
1676.377
1676.610
1676.843
1677.076
1677.309
1677.542
1677.774
1678.007
1678.240
1678.473
1678.706
1678.939
1679.172
1679.589
1679.822
1680.055
1680.287
1680.520
1680.753
1680.986
1681.219
1681.452
1681.684
1681.917
1682.150
1682.383
1682.759
1682.992
1683.225
1683.457
1683.690
1683.923
1684.156
1684.389
1684.622
1684.854
1685.087
1685.320
1685.553
1685.970
1686.203
1686.436
1686.669
1686.902
1687.135
1687.367
1687.600
1687.833
1688.066
1688.299
1688.532
1688.765
1689.182
1689.415
1689.648
1689.880
1690.113
1690.346
1690.579
1690.812
1691.045
1691.277
1691.510
1691.743
1691.976
1692.352
1692.588
1692.825
1693.061
1693.297
1693.534
1693.770
1694.006
1694.243
1694.479
1694.715
1694.952
1695.188
1695.563
1695.799
1696.036
1696.272
1696.508
1696.745
1696.981
1697.217
1697.454
1697.690
1697.926
1698.163
1698.399
1701.986
1702.195
1702.403
1702.654
1702.904
1703.112
1703.363
1703.571
1703.822
1704.072
1704.280
1704.531
1704.781
1704.989
1705.198
1705.448
1705.698
1705.949
1706.157
1706.407
1706.616
1706.866
1707.075
1707.325
1707.575
1707.826
1708.034
1708.243
1708.493
1708.743
1708.952
1709.202
1709.452
1709.702
1709.911
1710.119
1710.370
1710.620
1710.829
1711.037
1711.287
1711.538
1711.788
1711.996
1712.247
1712.455
1712.705
1712.914
1713.164
1713.414
1713.665
1713.873
1714.082
1714.374
1714.582
1714.791
1715.041
1715.291
1715.500
1715.750
1715.959
1716.209
1716.459
1716.668
1716.876
1717.126
1717.377
1717.627
1717.836
1718.044
1718.294
1718.545
1718.753
1719.003
1719.254
1719.504
1719.671
1719.921
1720.171
1720.421
1720.672
1720.880
1721.130
1721.339
1721.589
1721.798
1722.048
1722.298
1722.507
1722.715
1722.966
1723.216
1723.466
1723.675
1723.883
1724.133
1724.384
1724.592
1724.843
1725.093
1725.343
1725.552
1725.760
1726.010
1726.261
1726.511
1726.719
1726.928
1727.178
1727.428
1727.637
1727.887
1728.137
1728.346
1728.555
1728.805
1729.055
1729.305
1729.514
1729.722
1729.973
1730.223
1730.431
1730.682
1730.932
1731.182
1731.391
1731.599
1731.850
1732.100
1732.350
1732.559
1732.767
1733.017
1733.268
1733.476
1733.726
1733.977
1734.185
1734.394
1734.644
1734.894
1735.144
1735.353
1735.562
1735.812
1736.062
1736.271
1736.521
1736.771
1737.021
1737.230
1737.438
1737.689
1737.939
1738.189
1738.356
1738.606
1738.857
1739.107
1739.315
1739.566
1739.816
1740.024
1740.400
1740.775
1741.150
1741.568
1741.985
1742.360
1742.777
1743.152
1743.611
1743.987
1744.362
1744.821
1745.196
1745.613
1746.030
1746.406
1746.865
1747.156
1747.574
1747.991
1748.366
1748.783
1749.158
1749.576
1749.951
1750.368
1750.785
1751.160
1751.578
1751.776
1751.974
1752.172
1752.370
1752.704
1752.899
1753.093
1753.288
1753.522
1753.755
1753.989
1754.222
1754.456
1754.689
1754.923
1755.156
1755.390
1755.624
1755.857
1756.091
1756.324
1756.558
1756.791
1757.025
1757.258
1757.492
1757.726
1757.959
1758.193
1758.426
1758.660
1758.893
1759.127
1759.360
1759.594
1759.828
1760.061
1760.295
1760.528
1760.762
1760.995
1761.229
1761.462
1761.696
1761.930
1762.163
1762.397
1762.630
1762.864
1763.097
1763.331
1763.565
1763.798
1764.032
1764.265
1764.499
1764.732
1764.966
1765.199
1765.433
1765.667
1765.900
1766.134
1766.367
1766.601
1766.834
1767.068
1767.301
1767.535
1767.769
1768.002
1768.236
1768.469
1768.703
1768.936
1769.170
1769.403
1769.637
1769.971
1770.174
1770.376
1770.579
1770.781
1770.984
1771.186
1771.389
1771.681
1771.879
1772.077
1772.275
1772.473
1772.703
1772.932
1773.162
1773.391
1773.600
1773.850
1774.100
1774.350
1774.559
1774.809
1775.018
1775.268
1775.502
1775.735
1775.969
1776.202
1776.436
1776.670
1776.903
1777.137
1777.370
1777.604
1781.149
1781.383
1781.616
1781.850
1782.084
1782.317
1782.551
1782.785
1783.018
1783.252
1783.486
1783.719
1783.953
1784.187
1784.420
1784.654
1784.888
1785.121
1785.355
1785.589
1785.822
1786.056
1786.290
1786.523
1786.757
1786.991
1787.224
1787.458
1787.692
1787.925
1788.159
1788.393
1788.626
1788.860
1789.094
1789.327
1789.561
1789.795
1790.028
1790.262
1790.496
1790.729
1790.963
1791.197
1791.430
1791.664
1791.898
1792.131
1792.365
1792.599
1792.832
1793.066
1793.300
1793.533
1793.767
1794.001
1794.234
1794.468
1794.702
1794.935
1795.169
1795.403
1795.636
1795.870
1796.104
1796.337
1796.571
1796.805
1797.038
1797.272
1797.506
1797.739
1797.973
1798.207
1798.440
1798.674
1798.908
1799.141
1799.375
1799.609
1799.842
1800.076
1800.310
1800.543
1800.777
1801.011
1801.244
1801.478
1801.712
1801.945
1802.179
1802.413
1802.646
1802.880
1803.114
1803.347
1803.581
1803.815
1804.048
1804.282
1804.516
1804.749
1804.983
1805.216
1805.450
1805.684
1805.917
1806.151
1806.385
1806.618
1806.852
1807.086
1807.319
1807.553
1807.787
1808.020
1808.254
1808.488
1808.721
1808.955
1809.189
1809.422
1809.656
1809.890
1810.123
1810.357
1810.591
1810.824
1811.058
1811.292
1811.525
1811.759
1811.993
1812.226
1812.460
1812.694
1812.927
1813.161
1813.395
1813.581
1813.767
1813.954
1814.140
1814.432
1814.724
1814.924
1815.124
1815.325
1815.525
1815.725
1816.059
1816.351
1816.551
1816.751
1816.952
1817.152
1817.352
1817.644
1817.936
1818.136
1818.337
1818.537
1818.738
1818.938
1819.138
1819.339
1819.539
1819.740
1819.940
1820.140
1820.341
1820.541
1820.741
1820.942
1821.142
1821.343
1821.543
1821.743
1821.944
1822.144
1822.345
1822.545
1822.745
1822.946
1823.146
1823.347
1823.547
1823.747
1823.948
1824.148
1824.348
1824.549
1824.749
1824.950
1825.150
1825.350
1825.551
1825.751
1825.952
1826.152
1826.402
1826.637
1826.872
1827.107
1827.342
1827.577
1827.813
1828.048
1828.283
1828.518
1828.753
1828.988
1829.223
1829.458
1829.693
1829.928
1830.163
1830.399
1830.634
1830.869
1831.104
1831.339
1831.574
1832.241
1832.474
1832.707
1832.941
1833.174
1833.407
1833.640
1833.874
1834.107
1834.340
1834.573
1834.806
1835.040
1835.273
1835.506
1835.739
1835.973
1836.206
1836.439
1836.672
1836.906
1837.139
1837.372
1837.914
1838.123
1838.331
1838.790
1839.026
1839.263
1839.499
