53.577
53.770
54.160
54.354
54.744
54.938
55.328
55.522
55.911
56.106
56.495
56.690
57.079
57.274
57.663
57.858
58.247
58.442
58.831
59.026
59.415
59.610
59.999
60.194
60.583
60.777
61.167
61.361
61.751
61.945
62.335
62.529
62.918
63.113
63.502
63.697
64.086
64.281
64.670
64.865
65.254
65.449
65.838
66.033
66.422
66.617
67.006
67.201
67.590
67.784
68.174
68.368
68.758
68.952
69.342
69.536
69.925
70.120
70.509
70.704
71.093
71.288
71.677
71.872
72.261
72.456
72.845
73.040
73.429
73.624
74.013
74.208
74.597
74.791
75.181
75.375
75.765
75.959
76.349
76.543
76.932
77.127
77.516
77.711
78.100
78.295
78.684
78.879
79.268
79.463
79.852
80.047
80.436
80.631
81.020
81.215
81.604
81.798
82.188
82.382
82.772
82.966
83.356
83.550
83.939
84.134
84.523
84.718
85.107
85.302
85.691
85.886
86.275
86.470
86.859
87.054
87.443
87.638
88.027
88.222
88.611
88.805
89.195
89.389
89.779
89.973
90.363
90.557
90.946
91.141
91.530
91.725
92.114
92.309
92.698
92.893
93.282
93.477
93.866
94.061
94.450
94.645
95.034
95.229
95.618
95.812
96.202
96.396
96.786
96.980
97.370
97.564
97.953
98.148
98.537
98.732
99.121
99.316
99.705
99.900
100.289
100.484
100.873
101.068
101.457
101.652
102.041
102.236
102.625
102.819
103.209
103.403
103.793
103.987
104.377
104.571
104.960
105.155
105.544
105.739
106.128
106.323
106.712
106.907
107.296
107.491
107.880
108.075
108.464
108.659
109.048
109.243
109.606
109.788
110.151
110.332
110.696
110.877
111.241
111.422
111.786
111.967
112.331
112.512
112.957
113.174
122.504
122.723
122.873
123.023
123.173
123.323
123.473
123.623
123.774
123.924
124.074
124.224
124.374
124.524
124.674
124.824
124.975
125.125
125.275
125.425
125.575
125.725
125.875
126.025
126.176
126.326
126.476
126.626
126.776
126.926
127.076
127.226
127.377
127.527
127.677
127.827
127.977
128.127
128.277
128.427
128.578
128.728
128.878
129.028
129.178
129.328
129.478
129.628
129.779
129.929
130.079
130.229
130.379
130.529
130.679
130.829
130.980
131.130
131.280
131.430
131.580
131.730
131.880
132.030
132.181
132.331
132.481
132.631
132.781
132.931
133.081
133.231
133.382
133.532
133.682
133.832
133.982
134.132
134.282
134.432
134.583
134.733
134.883
135.033
135.183
135.333
135.483
135.633
135.784
135.934
136.084
136.234
136.384
136.534
136.684
136.834
136.985
137.135
137.285
137.435
137.585
137.735
137.885
138.035
138.186
138.336
138.486
138.636
138.786
138.936
139.086
139.236
139.387
139.537
139.687
139.837
139.987
140.137
140.287
140.437
140.588
140.738
140.888
141.038
141.188
141.338
141.488
141.638
141.789
141.939
142.089
142.239
142.389
142.539
142.689
142.839
142.990
143.140
143.290
143.440
143.590
143.740
143.890
144.040
144.191
144.341
144.491
144.641
144.791
144.941
145.091
145.241
145.392
145.542
145.692
145.842
145.992
146.142
146.292
146.442
146.593
146.743
146.893
147.043
147.193
147.343
147.493
147.643
147.794
147.944
148.094
148.244
148.394
148.544
148.694
148.844
148.995
149.145
149.295
149.445
149.595
149.745
149.895
150.045
150.196
150.346
150.496
150.646
150.796
150.946
151.096
151.246
151.397
151.547
151.697
151.847
151.997
152.147
152.297
152.447
152.598
152.748
152.898
153.048
153.198
153.348
153.498
153.648
153.799
153.949
154.099
154.249
154.399
154.549
154.699
154.849
155.000
155.150
155.300
155.450
155.600
155.750
155.900
156.050
156.201
156.351
156.501
156.651
156.801
156.951
157.101
157.251
157.402
157.552
157.702
157.852
158.002
158.152
158.302
158.452
158.603
158.753
158.903
159.053
159.203
159.353
159.503
159.653
159.804
159.954
160.104
160.254
160.404
160.554
160.704
160.854
161.005
161.155
161.305
161.455
161.605
161.755
161.905
162.055
162.206
162.356
162.506
162.656
162.806
162.956
163.106
163.256
163.407
163.557
163.707
163.857
164.007
164.157
164.307
164.457
164.608
164.758
164.908
165.058
165.208
165.358
165.508
165.658
165.809
165.959
166.109
166.259
166.409
166.559
166.709
166.859
167.010
167.160
167.310
167.460
167.610
167.760
167.910
168.060
168.211
168.361
168.511
168.661
168.811
168.961
169.111
169.261
169.412
169.562
169.712
169.862
170.012
170.162
170.312
170.462
170.613
170.763
170.913
171.063
171.213
171.363
171.513
171.663
171.814
171.964
172.114
172.264
172.414
172.564
172.714
172.865
173.015
173.165
173.315
173.465
173.615
173.765
173.915
174.066
174.216
174.366
174.516
174.666
174.816
174.966
175.116
175.267
175.417
175.567
175.717
175.867
176.017
176.167
176.317
176.468
176.618
176.768
176.918
177.068
177.218
177.368
177.518
177.669
177.819
177.969
178.119
178.269
178.419
178.569
178.719
178.870
179.020
179.170
179.320
179.470
179.620
179.770
179.920
180.071
180.221
180.371
180.521
180.671
180.821
180.971
181.121
181.272
181.422
181.572
181.722
181.872
182.022
182.172
182.322
182.473
182.623
182.773
182.923
183.073
183.223
183.373
183.523
183.674
183.824
183.974
184.124
184.274
184.424
184.574
184.724
184.875
185.025
185.175
185.325
185.475
185.625
185.775
185.925
186.076
186.226
186.376
186.526
186.676
186.826
186.976
187.126
187.277
187.427
187.577
187.727
187.877
188.027
188.177
188.327
188.478
188.628
188.778
188.928
189.078
189.228
189.378
189.528
189.679
189.829
189.979
190.129
190.279
190.429
190.579
190.729
190.880
191.030
191.180
191.330
191.480
191.630
191.780
191.930
192.081
192.231
192.381
192.531
192.681
192.831
192.981
193.131
193.282
193.432
193.582
193.732
193.882
194.032
194.182
194.332
194.483
194.633
194.783
194.933
195.083
195.233
195.383
195.533
195.684
195.834
195.984
196.134
196.284
196.434
196.584
196.734
196.885
197.035
197.185
197.335
197.485
197.635
197.785
197.935
198.086
198.236
198.386
198.536
198.686
198.836
198.986
199.136
199.287
199.437
199.587
199.737
199.887
200.037
200.187
200.337
200.488
200.638
200.788
200.938
201.088
201.238
201.388
201.538
201.689
201.839
201.989
202.139
202.289
202.439
202.589
202.739
202.890
203.040
203.190
203.340
203.490
203.640
203.790
203.940
204.091
204.241
204.391
204.541
204.691
204.841
204.991
205.141
205.292
205.442
205.592
205.742
205.892
206.042
206.192
206.342
206.493
206.643
206.793
206.943
207.093
207.243
207.393
207.543
207.694
207.844
207.994
208.144
208.294
208.444
208.594
208.744
208.895
209.045
209.195
209.345
209.495
209.645
209.795
209.945
210.096
210.246
210.396
210.546
210.696
210.846
210.996
211.146
211.297
211.447
211.597
211.747
211.897
212.047
212.197
212.347
212.498
212.648
212.798
212.948
213.098
213.248
213.398
213.548
213.699
213.849
213.999
214.149
214.299
214.449
214.599
214.749
214.900
215.050
215.200
215.350
215.500
215.650
215.800
215.950
216.101
216.251
216.401
216.551
216.701
216.851
217.001
217.151
217.302
217.452
217.602
217.752
217.902
218.052
218.202
218.352
218.503
218.653
218.803
218.953
219.103
219.253
219.403
219.553
219.704
219.854
220.004
220.154
220.304
220.454
220.604
220.754
220.905
221.055
221.205
221.355
221.505
221.655
221.805
221.955
222.106
222.256
222.406
222.556
222.706
222.856
223.006
223.156
223.307
223.457
223.607
223.757
223.907
224.057
224.207
224.400
241.282
241.391
241.499
241.608
241.716
241.825
241.933
242.041
242.150
242.258
242.367
242.475
242.584
242.692
242.800
242.909
243.017
243.126
243.234
243.343
243.451
243.559
243.668
243.776
243.885
243.993
244.102
244.210
244.318
244.427
244.535
244.644
244.752
244.861
244.969
245.077
245.186
245.294
245.403
245.511
245.620
245.728
245.836
245.945
246.053
246.162
246.270
246.379
246.487
246.595
246.704
246.812
246.921
247.029
247.138
247.246
247.354
247.463
247.571
247.680
247.788
247.897
248.005
248.113
248.222
248.330
248.439
248.547
248.656
248.764
248.872
248.981
249.089
249.198
249.306
249.415
249.523
249.631
249.740
249.848
249.957
250.065
250.174
250.282
250.390
250.499
250.607
250.716
250.824
250.932
251.041
251.149
251.258
251.366
251.475
251.583
251.691
251.800
251.908
252.017
252.125
252.234
252.342
252.450
252.559
252.667
252.776
252.884
252.993
253.101
253.209
253.318
253.426
253.535
253.643
253.752
253.860
253.968
254.077
254.185
254.294
254.402
254.511
254.619
254.727
254.836
254.944
255.053
255.161
255.270
255.378
255.486
255.595
255.703
255.812
255.920
256.029
256.137
256.245
256.354
256.462
256.571
256.679
256.788
256.896
257.004
257.113
257.221
257.330
257.438
257.547
257.655
257.763
257.872
257.980
258.089
258.197
258.306
258.414
258.522
258.631
258.739
258.848
258.956
259.065
259.173
259.281
259.390
259.498
259.607
259.715
259.824
259.932
260.040
260.149
260.257
260.366
260.474
260.583
260.691
260.799
260.908
261.016
261.125
261.233
261.342
261.450
261.558
261.667
261.775
261.884
261.992
262.101
262.209
262.317
262.426
262.534
262.643
262.751
262.859
262.968
263.076
263.185
263.293
263.402
263.510
263.618
263.727
263.835
263.944
264.052
264.161
264.269
264.377
264.486
264.594
264.703
264.811
264.920
265.028
265.136
265.245
265.353
265.462
265.570
265.679
265.787
265.895
266.004
266.112
266.221
266.329
266.438
266.546
266.654
266.763
266.871
266.980
267.088
267.197
267.305
267.413
267.522
267.630
267.739
267.847
267.956
268.064
268.172
268.281
268.389
268.498
268.606
268.715
268.823
268.931
269.040
269.148
269.257
269.365
269.474
269.582
269.690
269.799
269.907
270.016
270.124
270.233
270.341
270.449
270.558
270.666
270.775
270.883
270.992
271.100
271.208
271.317
271.425
271.534
271.642
271.751
271.859
271.967
272.076
272.184
272.293
272.401
272.510
272.618
272.726
272.835
272.943
273.052
273.160
273.269
273.377
273.485
273.594
273.702
273.811
273.919
274.028
274.136
274.244
274.353
274.461
274.570
274.678
274.787
274.895
275.003
275.112
275.220
275.329
275.437
275.545
275.654
275.762
275.871
275.979
276.088
276.196
276.304
276.413
276.521
276.630
276.738
276.847
276.955
277.063
277.172
277.280
277.389
277.497
277.606
277.714
277.822
277.931
278.039
278.148
278.256
278.365
278.473
278.581
278.690
278.798
278.907
279.015
279.124
279.232
279.340
279.449
279.557
279.666
279.774
279.883
279.991
280.099
280.208
280.316
280.425
280.533
280.642
280.750
280.858
280.967
281.075
281.184
281.292
281.401
281.509
281.617
281.726
281.834
281.943
282.051
282.160
282.268
282.376
282.485
282.593
282.702
282.810
282.919
283.027
283.135
283.244
283.352
283.461
283.569
283.678
283.786
283.894
284.003
284.111
284.220
284.328
284.437
284.545
284.653
284.762
284.870
284.979
285.087
285.196
285.304
285.412
285.521
285.629
285.738
285.846
285.955
286.063
286.171
286.280
286.388
286.497
286.605
286.714
286.822
286.930
287.039
287.147
287.256
287.364
287.472
287.581
287.689
287.798
287.906
288.015
288.123
288.231
288.340
288.448
288.557
288.665
288.774
288.882
288.990
289.099
289.207
289.316
289.424
289.533
289.641
289.749
289.858
289.966
290.075
290.183
290.292
290.400
290.508
290.617
290.725
290.834
290.942
291.051
291.159
291.267
291.376
291.484
291.593
291.701
291.810
291.918
292.026
292.135
292.243
292.352
292.460
292.569
292.677
292.785
292.894
293.002
293.111
293.219
293.328
293.436
293.544
293.653
293.761
293.870
293.978
294.087
294.195
294.303
294.412
294.520
294.629
294.737
294.846
294.954
295.062
295.171
295.279
295.388
295.496
295.605
295.713
295.821
295.930
296.038
296.147
296.255
296.364
296.472
296.580
296.689
296.797
296.906
297.014
297.123
297.231
297.339
297.448
297.556
297.665
297.773
297.882
297.990
298.098
298.207
298.315
298.424
298.532
298.641
298.749
298.857
298.966
299.074
299.183
299.291
299.399
299.508
299.616
299.725
299.833
299.942
300.050
300.158
300.267
300.375
300.484
300.592
300.701
300.809
300.917
301.026
301.134
301.243
301.351
301.460
301.568
301.676
301.785
301.893
302.002
302.110
302.219
302.327
302.435
302.544
302.652
302.761
302.869
302.978
303.086
303.194
303.303
303.411
303.520
303.628
303.737
303.845
303.953
304.062
304.170
304.279
304.387
304.496
304.604
304.712
304.821
304.929
305.038
305.146
305.255
305.363
305.471
305.580
305.688
305.797
305.905
306.014
306.122
306.230
306.339
306.447
306.556
306.664
306.773
306.881
306.989
307.098
307.206
307.315
307.423
307.532
307.640
307.748
307.857
307.965
308.074
308.182
308.291
308.399
308.507
308.616
308.724
308.833
308.941
309.050
309.158
309.266
309.375
309.483
309.592
309.700
309.809
309.917
310.025
310.134
310.242
310.351
310.459
310.568
310.676
310.784
310.893
311.001
311.110
311.218
311.327
311.435
311.543
311.652
311.760
311.869
311.977
312.085
312.194
312.302
312.411
312.519
312.628
312.736
312.844
312.953
313.061
313.170
313.278
313.387
313.495
313.603
313.712
313.820
313.929
314.037
314.146
314.254
314.362
314.471
314.579
314.688
314.796
314.905
315.013
315.121
315.230
315.338
315.447
315.555
315.664
315.772
315.880
315.989
316.097
316.206
316.314
316.423
316.531
316.639
316.748
316.856
316.965
317.073
317.182
317.290
317.398
317.507
317.615
317.724
317.832
317.941
318.049
318.157
318.266
318.374
318.483
318.591
318.700
318.808
318.916
319.025
319.133
319.242
319.350
319.459
319.567
319.675
319.784
319.892
320.001
320.109
320.218
320.326
320.434
320.543
320.651
320.760
320.868
320.977
321.085
321.193
321.302
321.410
321.519
321.627
321.736
321.844
321.952
322.061
322.169
322.278
322.386
322.495
322.603
322.711
322.820
322.928
323.037
323.145
323.254
323.362
323.470
323.579
323.687
323.796
323.904
324.012
324.121
324.229
324.338
324.446
324.555
324.663
324.771
324.880
324.988
325.097
325.205
325.314
325.422
325.530
325.639
325.747
325.856
325.964
326.073
326.181
326.289
326.398
326.506
326.615
326.723
326.832
326.940
327.048
327.157
327.265
327.374
327.482
327.591
327.699
327.807
327.916
328.024
328.133
328.241
328.350
328.458
328.566
328.675
328.783
328.892
329.000
329.109
329.217
329.325
329.434
329.542
329.651
329.759
329.868
329.976
330.084
330.193
330.301
330.410
330.518
330.627
330.735
330.843
330.952
331.060
331.169
331.277
331.386
331.494
331.602
331.711
331.819
331.928
332.036
332.145
332.253
332.361
332.470
332.578
332.687
332.795
332.904
333.012
333.120
333.229
333.337
333.446
333.554
333.663
333.771
333.879
333.988
334.096
334.205
334.313
334.422
334.530
334.638
334.747
334.855
334.964
335.072
335.181
335.289
335.397
335.506
335.614
335.723
335.831
335.939
336.048
336.156
336.265
336.373
336.482
336.590
336.698
336.807
336.915
337.024
337.132
337.241
337.349
337.457
337.566
337.674
337.783
337.891
338.000
338.108
338.216
338.325
338.433
338.542
338.650
338.759
338.867
338.975
339.084
339.192
339.301
339.409
339.518
339.626
339.734
339.843
339.951
340.060
340.168
340.277
340.385
340.493
340.602
340.710
340.819
340.927
341.036
341.144
341.252
341.361
341.469
341.578
341.686
341.795
341.903
342.011
342.120
342.228
342.337
342.445
342.554
342.662
342.770
342.879
342.987
343.096
343.204
343.313
343.421
343.529
343.638
343.746
343.855
343.963
344.072
344.180
344.288
344.397
344.505
344.614
344.722
344.831
344.939
345.047
345.156
345.264
345.373
345.481
345.590
345.698
345.806
345.915
346.023
346.132
346.240
346.349
346.457
346.565
346.674
346.782
346.891
346.999
347.108
347.216
347.324
347.433
347.541
347.650
347.758
347.867
347.975
348.083
348.192
348.300
348.409
348.517
348.625
348.734
348.842
348.951
349.059
349.168
349.276
349.384
349.493
349.601
349.710
349.818
349.927
350.035
350.143
350.252
350.360
350.469
350.577
350.686
350.794
350.902
351.011
351.119
351.228
351.336
351.445
351.553
351.661
351.770
351.878
351.987
352.095
352.204
352.312
352.420
352.529
352.637
352.746
352.854
352.963
353.071
353.179
353.288
353.396
353.505
353.613
353.722
353.830
353.938
354.047
354.155
354.264
354.372
354.481
354.589
354.697
354.806
354.914
355.023
355.131
355.240
355.348
355.456
355.565
355.673
355.782
355.890
355.999
356.107
356.215
356.324
356.432
356.541
356.649
356.758
356.866
356.974
357.083
357.191
357.300
357.408
357.517
357.625
357.733
357.842
357.950
358.059
358.167
358.276
358.384
358.492
358.601
358.709
358.818
358.926
359.035
359.143
359.251
359.360
359.468
359.577
359.685
359.794
359.902
360.010
360.119
360.227
360.336
360.444
360.552
360.661
360.769
360.878
360.986
361.095
361.203
361.311
361.420
361.528
361.637
361.745
361.854
361.962
362.070
362.179
362.287
362.396
362.504
362.613
362.721
362.829
362.938
363.046
363.155
363.263
363.372
363.480
363.588
363.697
363.805
363.914
364.022
364.131
364.239
364.347
364.456
364.564
364.673
364.781
364.890
364.998
365.106
365.215
365.323
365.432
365.540
365.649
365.757
365.865
365.974
366.082
366.191
366.299
366.408
366.516
366.624
366.733
366.841
366.950
367.058
367.167
367.275
367.383
367.492
367.641
367.790
367.939
368.088
368.237
368.386
368.536
368.685
368.834
368.983
369.132
369.281
369.430
369.582
369.742
369.906
370.071
370.228
370.379
370.545
370.743
370.979
371.239
371.519
371.839
372.179
372.709
