11.111
13.881
16.617
19.386
22.155
23.524
24.892
26.293
27.694
29.062
30.430
33.166
35.936
38.705
41.441
44.211
45.579
46.980
48.348
49.750
50.450
51.118
51.818
52.519
55.255
55.956
56.623
57.324
57.991
58.692
59.393
60.060
60.761
61.461
62.129
62.829
63.530
64.197
64.898
65.599
66.266
66.967
67.668
68.335
69.036
69.736
70.404
71.104
71.805
72.506
73.173
73.874
74.575
75.242
75.943
76.610
77.311
77.655
78.000
78.344
78.689
79.034
79.378
79.723
80.067
80.412
80.757
81.101
81.446
81.791
82.135
82.480
82.824
83.169
83.514
83.858
84.203
84.547
84.892
85.237
85.581
85.926
86.271
86.615
86.960
87.304
87.649
87.994
88.338
88.683
89.027
89.372
89.717
90.061
90.406
90.751
91.095
91.440
91.784
92.129
92.474
92.818
93.163
93.507
93.852
94.197
94.541
94.886
95.231
95.575
95.920
96.264
96.609
96.954
97.298
97.643
97.987
98.332
98.677
99.021
99.366
102.135
104.905
106.273
107.674
109.042
110.410
110.755
111.100
111.445
111.789
112.134
112.479
112.824
113.169
113.513
113.858
114.203
114.548
114.893
115.237
115.582
115.949
116.120
116.291
116.462
116.633
116.804
116.975
117.146
117.317
117.488
117.659
117.830
118.001
118.172
118.343
118.514
118.685
121.455
121.799
122.144
122.489
122.833
123.178
123.522
123.867
124.212
124.556
124.901
125.245
125.590
125.935
126.279
126.624
126.969
127.313
127.658
128.002
128.347
128.692
129.036
129.381
129.725
130.070
130.415
130.759
131.104
131.449
131.793
132.138
132.482
132.827
133.172
133.516
133.861
134.205
134.550
134.895
135.239
135.584
135.929
136.273
136.618
136.962
137.307
137.652
137.996
138.341
138.685
139.030
139.375
139.719
140.064
140.408
140.753
141.098
141.442
141.787
142.132
142.476
142.821
143.165
143.510
144.211
144.556
144.900
145.245
145.590
145.935
146.279
146.624
146.969
147.314
147.659
148.003
148.348
148.693
149.038
149.383
149.727
150.072
150.417
150.762
151.107
151.451
151.796
152.141
152.486
152.830
153.175
153.520
153.865
154.210
154.554
155.255
155.600
155.945
156.289
156.634
156.979
157.324
157.669
158.013
158.358
158.703
159.048
159.393
159.737
160.082
160.427
160.772
161.117
161.461
161.806
162.151
162.496
162.840
163.185
163.530
163.875
164.220
164.564
164.909
165.254
165.599
187.654
188.355
189.056
189.723
190.424
191.124
191.792
192.492
193.160
193.860
194.561
195.228
195.929
196.630
197.297
197.998
198.699
199.366
200.067
200.767
201.435
202.135
202.836
203.537
204.204
204.905
205.605
206.273
206.973
207.317
207.661
208.004
208.348
208.692
209.035
209.379
209.723
210.067
210.410
211.111
211.778
212.479
213.180
213.847
214.548
215.215
215.582
215.949
216.616
217.317
218.018
218.685
219.386
220.087
220.754
221.104
221.455
222.155
222.856
223.523
224.224
224.891
225.592
226.293
226.643
226.993
227.627
227.978
228.328
229.029
229.374
229.719
230.064
230.409
230.754
231.099
231.443
231.788
232.133
232.478
232.823
233.168
233.513
233.858
234.203
234.548
234.893
235.238
235.583
235.928
236.273
236.618
236.963
237.308
237.653
237.998
238.343
238.687
239.032
239.377
239.722
240.067
240.412
240.757
241.102
241.447
241.792
242.137
242.482
242.827
243.172
243.517
243.862
244.207
244.552
244.897
245.242
245.587
245.931
246.276
246.621
246.966
247.311
247.656
248.001
248.346
248.691
249.036
249.381
249.726
250.071
250.416
250.761
251.106
251.451
251.796
252.141
252.486
252.831
253.175
253.520
253.865
254.210
254.555
254.900
255.245
255.590
255.935
256.280
256.625
256.970
257.315
257.660
258.005
258.350
258.695
259.040
259.385
259.730
260.075
260.419
260.764
261.109
261.454
261.799
262.144
262.489
262.834
263.179
263.524
263.869
264.214
264.559
264.904
265.249
265.594
265.939
266.284
266.629
266.974
267.319
267.663
268.008
268.353
268.698
269.043
269.388
269.733
270.078
270.423
270.768
271.113
271.458
271.803
272.148
272.493
272.838
273.183
273.528
273.873
274.218
274.563
274.907
275.252
275.597
275.942
297.998
298.698
299.366
300.066
300.767
301.468
302.135
302.836
303.537
304.204
304.905
305.605
306.273
306.973
307.674
308.341
309.042
309.387
309.732
310.076
310.421
310.766
311.111
311.456
311.800
312.145
312.490
312.835
313.180
313.524
313.869
314.214
314.548
314.720
314.892
315.065
315.237
315.410
315.582
315.754
315.927
316.099
316.272
316.444
316.616
316.789
316.961
317.133
317.306
317.478
317.651
317.823
317.995
318.168
318.340
318.513
318.685
318.857
319.030
319.202
319.375
319.547
319.719
319.892
320.064
320.237
320.409
320.581
320.754
320.926
321.099
321.271
321.443
321.616
321.788
321.961
322.133
322.305
322.478
322.650
322.822
322.995
323.167
323.340
323.512
323.684
323.857
324.029
324.202
324.374
324.546
324.719
324.891
325.064
325.236
325.408
325.581
325.753
325.926
326.098
326.270
326.443
326.615
326.788
326.960
327.132
327.305
327.477
327.650
327.822
327.994
328.167
328.339
328.512
328.684
328.856
329.029
329.201
329.373
329.546
329.718
329.891
330.063
330.235
330.408
330.580
330.753
330.925
331.097
331.270
331.442
331.615
331.787
331.959
332.132
332.304
332.477
332.649
332.821
332.994
333.166
333.339
333.511
333.683
333.856
334.028
334.201
334.373
334.545
334.718
334.890
335.063
335.235
335.407
335.580
335.752
335.924
336.097
336.269
336.442
336.614
336.786
336.959
337.131
337.304
337.476
337.648
337.821
337.993
338.166
338.338
338.510
338.683
338.855
339.028
339.200
339.372
342.175
342.348
342.520
342.692
342.865
343.037
343.209
343.382
343.554
343.726
343.899
344.071
344.244
344.416
344.588
344.761
344.933
345.105
345.278
345.450
345.622
345.795
345.967
346.140
346.312
346.484
346.657
346.829
347.001
347.174
347.346
347.518
347.691
347.863
348.036
348.208
348.380
348.553
348.725
348.897
349.070
349.242
349.414
349.587
349.759
349.932
350.104
350.276
350.449
350.621
350.793
350.966
351.138
351.310
351.483
351.655
351.828
352.000
352.172
352.345
352.517
352.689
352.862
353.034
353.206
353.379
353.551
353.724
353.896
354.068
354.241
354.413
354.585
354.758
354.930
355.102
355.275
355.447
355.620
355.792
355.964
356.137
356.309
356.481
356.654
356.826
356.998
357.171
357.343
357.516
357.688
357.860
358.033
358.205
358.377
358.550
358.722
358.894
359.067
359.239
359.412
359.584
359.756
359.929
360.101
360.273
360.446
360.618
360.790
360.963
361.135
361.308
361.480
361.652
361.825
361.997
362.169
362.342
362.514
362.686
362.859
363.031
363.204
363.376
363.548
363.721
363.893
364.065
364.238
