0.193
0.648
1.103
1.558
2.014
2.469
2.924
3.379
3.493
3.834
4.289
4.744
5.199
5.654
6.109
6.564
7.019
7.133
7.475
7.930
8.385
8.840
9.295
9.750
10.205
10.660
10.774
11.115
11.570
12.025
12.480
12.936
13.391
13.846
14.301
14.415
14.756
15.211
15.438
15.666
15.894
16.007
16.121
16.349
16.576
16.804
17.031
17.259
17.486
17.714
17.941
18.169
18.397
18.852
19.079
19.307
19.534
19.648
19.762
19.989
20.217
20.444
20.558
20.672
20.899
21.127
21.355
21.582
21.696
21.810
21.923
22.037
22.492
22.720
22.947
23.175
23.289
23.402
23.630
23.858
24.085
24.313
24.540
24.768
24.995
25.223
25.450
25.678
26.133
26.360
26.588
26.816
26.929
27.043
27.271
27.498
27.726
27.840
27.953
28.181
28.408
28.636
28.863
28.977
29.091
29.205
29.319
29.774
30.001
30.229
30.684
30.911
31.139
31.594
31.821
32.049
32.277
32.504
32.732
32.959
33.414
33.642
33.869
34.324
34.552
34.780
35.235
35.462
35.690
35.917
36.145
36.259
36.372
36.486
36.600
37.055
37.282
37.510
37.851
37.965
38.193
38.420
38.875
39.103
39.330
39.558
39.785
40.013
40.241
40.696
40.923
41.151
41.606
41.833
42.061
42.516
42.743
42.971
43.199
43.426
43.540
43.654
43.767
43.881
44.336
44.564
44.791
45.019
45.133
45.246
45.474
45.702
45.929
46.043
46.157
46.384
46.612
46.839
47.067
47.294
47.522
47.749
47.977
48.204
48.432
48.660
48.773
48.887
49.115
49.342
49.570
49.683
49.797
50.025
50.252
50.480
50.707
50.821
50.935
51.049
51.163
51.618
51.845
52.073
52.300
52.414
52.528
52.755
52.983
53.210
53.324
53.438
53.665
53.893
54.121
54.348
54.576
54.803
55.031
55.258
55.486
55.713
55.941
56.055
56.168
56.396
56.624
56.851
56.965
57.079
57.306
57.534
57.761
57.989
58.216
58.444
58.671
58.899
59.126
59.354
59.809
60.037
60.264
60.492
60.605
60.719
60.947
61.174
61.402
61.629
61.857
62.085
62.540
62.767
62.995
63.450
63.677
63.905
64.132
64.246
64.360
64.587
64.815
65.043
65.270
65.498
65.725
65.953
66.180
66.408
66.635
66.863
67.090
67.318
67.546
67.773
68.001
68.228
68.456
68.683
68.911
69.138
69.366
69.480
69.593
69.707
69.821
69.935
70.048
70.162
70.276
70.390
70.504
70.617
70.731
70.845
70.959
71.072
71.186
71.414
71.527
71.641
71.869
72.096
72.324
72.551
72.779
73.006
73.120
73.234
73.462
73.917
74.030
74.144
74.372
74.827
74.941
75.054
75.282
75.509
75.737
75.965
76.192
76.647
76.761
76.875
77.102
77.330
77.557
77.671
77.785
78.012
78.467
78.581
78.695
78.923
79.150
79.378
79.605
79.833
80.060
80.288
80.402
80.515
80.743
80.970
81.198
81.312
81.426
81.653
82.108
82.222
82.336
82.563
82.791
83.018
83.246
83.473
83.928
84.042
84.156
84.384
84.611
84.839
84.952
85.066
85.294
85.749
85.863
85.976
86.204
86.431
86.659
86.887
87.114
87.342
87.569
87.797
87.910
88.024
88.252
88.366
88.479
88.707
88.934
89.162
89.389
89.617
89.731
89.845
90.072
90.300
90.527
90.755
90.982
91.210
91.437
91.551
91.665
91.892
92.006
92.120
92.348
92.575
92.803
93.030
93.258
93.485
93.713
93.940
94.168
94.395
94.623
94.850
95.078
95.192
95.306
95.533
95.647
95.761
95.988
96.216
96.443
96.671
96.898
97.012
97.126
97.353
97.581
97.809
98.036
98.264
98.491
98.719
98.832
98.946
99.174
99.288
99.401
99.629
99.856
100.084
100.311
100.539
100.767
100.994
101.222
101.449
101.677
101.904
102.132
105.317
105.772
106.228
106.455
106.683
107.138
107.365
107.593
108.048
108.275
108.503
108.731
108.958
109.186
109.413
109.868
110.096
110.323
110.778
111.006
111.233
111.689
111.916
112.144
112.371
112.599
112.712
112.826
112.940
113.054
113.509
113.736
113.964
114.305
114.419
114.647
114.874
115.329
115.557
115.784
116.012
116.239
116.467
116.694
117.150
117.377
117.605
118.060
118.287
118.515
118.970
119.197
119.425
119.653
119.880
119.994
120.108
120.221
120.335
120.790
121.018
121.245
121.473
121.587
121.700
121.928
122.155
122.383
122.497
122.611
122.838
123.066
123.293
123.521
123.748
123.976
124.431
124.658
124.886
125.113
125.227
125.341
125.569
125.796
126.024
126.137
126.251
126.479
126.706
126.934
127.161
127.275
127.389
127.503
127.616
128.072
128.299
128.527
128.754
128.868
128.982
129.209
129.437
129.664
129.778
129.892
130.119
130.347
130.574
130.802
131.030
131.257
131.485
131.712
131.940
132.167
132.395
132.509
132.622
132.850
133.077
133.305
133.419
133.533
133.760
133.988
134.215
134.443
134.670
134.898
135.353
135.580
135.808
136.263
136.491
136.718
136.946
137.059
137.173
137.401
137.628
137.856
138.083
138.311
138.538
138.994
139.221
139.449
139.904
140.131
140.359
140.586
140.700
140.814
141.041
141.269
141.496
141.724
141.952
142.179
142.407
142.634
142.862
143.089
143.317
143.544
143.772
143.999
144.227
144.455
144.682
144.910
145.137
145.365
145.592
145.820
145.934
146.047
146.161
146.275
146.389
146.502
146.616
146.730
146.844
146.957
147.071
147.185
147.299
147.413
147.526
147.640
147.868
147.981
148.095
148.323
148.550
148.778
149.005
149.233
149.460
149.574
149.688
149.916
150.143
150.371
150.598
150.826
151.053
151.281
151.395
151.508
151.736
151.963
152.191
152.418
152.646
153.101
153.215
153.329
153.556
153.784
154.011
154.239
154.466
154.694
155.149
155.377
155.604
155.832
156.059
156.287
156.514
156.742
156.856
156.969
157.197
157.424
157.652
157.879
158.107
158.335
158.562
158.676
158.790
159.017
159.245
159.472
159.700
159.927
160.382
160.496
160.610
160.838
161.065
161.293
161.520
161.748
161.975
162.430
162.658
162.885
163.113
163.340
163.568
163.796
164.023
164.251
164.364
164.478
164.706
164.819
164.933
165.161
165.388
165.616
165.843
166.071
166.185
166.299
166.526
166.754
166.981
167.209
167.436
167.664
167.891
168.005
168.119
168.346
168.460
168.574
168.801
169.029
169.257
169.484
169.712
169.939
170.167
170.394
170.622
170.849
171.077
171.304
171.532
171.646
171.760
171.987
172.101
172.215
172.442
172.670
172.897
173.125
173.352
173.466
173.580
173.807
174.035
174.262
174.490
174.718
174.945
175.173
175.286
175.400
175.628
175.741
175.855
176.083
176.310
176.538
176.765
176.993
177.221
177.448
177.676
177.903
178.131
178.358
178.586
179.041
179.268
179.496
179.951
180.179
180.406
180.634
180.747
180.861
181.089
181.316
181.544
181.771
181.999
182.226
182.681
182.909
183.137
183.592
183.819
184.047
184.274
184.388
184.502
184.729
184.957
185.184
185.412
185.640
185.867
186.095
186.322
186.550
186.777
187.005
187.232
187.460
187.687
187.915
188.142
188.370
188.598
188.825
189.053
189.280
189.508
189.622
189.735
189.849
189.963
190.077
190.190
190.304
190.418
190.532
190.645
190.759
190.873
190.987
191.101
191.214
191.328
193.148
193.603
193.831
194.059
194.286
194.400
194.514
194.741
194.969
195.196
195.424
195.651
195.879
196.106
196.334
196.562
196.789
197.244
197.472
197.699
197.927
198.041
198.154
198.382
198.609
198.837
198.951
199.064
199.292
199.520
199.747
199.975
200.088
200.202
200.316
200.430
200.885
201.112
201.340
201.567
201.681
201.795
202.023
202.250
202.478
202.705
202.933
203.160
203.388
203.615
203.843
204.070
204.525
204.753
204.981
205.208
205.322
205.436
205.663
205.891
206.118
206.232
206.346
206.573
206.801
207.028
207.256
207.370
207.484
207.597
207.711
208.166
208.394
208.621
208.849
208.963
209.076
209.304
209.531
209.759
209.986
210.214
210.442
210.669
210.897
211.124
211.352
211.807
212.034
212.262
212.489
212.603
212.717
212.945
213.172
213.400
213.513
213.627
213.855
214.082
214.310
214.537
214.651
214.765
214.879
214.992
215.447
215.675
215.903
216.130
216.244
216.358
216.585
216.813
217.040
217.268
217.495
217.723
217.950
218.178
218.406
218.633
219.088
219.316
219.543
219.771
219.885
219.998
220.226
220.453
220.681
220.795
220.908
221.136
221.364
221.591
221.819
221.932
222.046
222.160
222.274
222.729
223.184
223.639
224.094
224.549
225.004
225.459
225.914
226.369
226.825
227.280
227.735
228.190
228.645
229.100
229.555
230.010
230.465
230.920
231.375
231.830
232.286
232.741
233.196
233.651
234.106
234.561
235.016
235.471
235.926
236.381
236.836
237.291
237.747
238.202
238.657
239.112
239.567
240.022
240.477
240.932
241.387
241.842
242.297
242.752
243.208
243.663
244.118
244.573
245.028
245.483
245.938
246.393
246.848
247.303
247.758
248.213
248.669
249.124
249.579
250.034
250.489
250.944
