8.581
9.781
10.981
12.181
13.381
14.581
15.781
16.981
18.181
18.781
19.382
19.982
20.582
21.182
21.782
22.382
22.982
23.582
24.182
24.782
25.382
25.982
26.582
27.182
27.782
30.182
32.582
33.182
33.782
34.382
34.982
35.582
36.182
36.782
37.082
37.382
37.982
38.582
39.182
39.782
40.382
40.982
41.582
42.182
42.782
43.382
43.982
44.582
45.182
45.782
46.382
46.682
46.982
47.582
48.182
48.782
49.382
49.982
50.582
51.182
51.782
52.382
52.982
53.582
54.182
54.782
55.382
55.982
56.282
56.582
57.182
57.782
58.382
58.982
59.582
60.182
60.782
61.382
61.970
62.557
63.145
63.732
64.320
64.907
65.495
66.082
66.669
67.257
67.844
68.432
69.019
69.607
70.194
70.782
71.063
71.344
71.626
71.907
72.188
72.470
72.751
73.032
73.314
73.595
73.876
74.157
74.439
74.720
75.001
75.283
75.492
75.700
75.909
76.118
76.327
76.536
76.745
76.954
77.163
77.372
77.581
77.790
77.999
78.208
78.417
78.626
78.835
79.044
79.252
79.738
80.019
80.299
80.580
80.861
81.142
81.423
81.704
81.985
82.265
82.546
82.827
83.108
83.389
83.670
83.950
84.231
84.512
84.793
85.074
85.355
85.636
85.916
86.197
86.478
86.695
86.912
87.129
87.346
87.563
87.780
87.997
88.214
88.431
88.647
88.925
89.203
89.481
89.759
90.037
90.315
90.593
90.871
91.148
91.426
91.704
91.982
92.260
92.538
92.816
93.094
93.372
93.649
93.927
94.205
94.483
94.761
95.039
95.317
95.520
95.723
95.926
96.129
96.332
96.535
96.738
96.941
97.144
97.347
97.550
97.869
98.188
98.507
98.826
99.145
99.463
99.782
100.101
100.420
100.739
101.058
101.377
101.696
102.015
102.334
102.653
102.972
103.291
103.610
103.929
104.248
104.567
104.886
105.205
105.524
105.843
106.162
106.481
106.800
107.119
107.438
107.757
108.076
108.395
108.714
109.033
109.352
109.671
109.990
110.309
110.628
110.947
111.266
111.585
111.904
112.223
112.541
112.860
113.027
113.194
113.360
113.527
113.693
113.860
114.026
114.193
124.773
125.373
125.973
126.573
127.173
127.772
128.372
128.972
129.572
130.172
130.772
131.372
131.972
132.571
133.171
133.771
134.371
134.971
135.571
136.171
136.771
137.370
137.970
138.570
139.170
139.770
140.370
140.970
141.570
142.169
142.769
143.369
143.969
144.569
145.169
145.769
146.369
146.968
147.568
148.168
148.768
149.368
149.968
150.568
151.168
151.767
152.367
152.667
152.967
153.567
153.867
154.167
154.467
154.767
154.917
155.067
155.367
155.967
156.267
156.566
156.866
157.166
157.466
157.766
158.066
158.366
158.666
158.966
159.266
159.566
159.866
160.166
160.466
160.766
161.066
161.365
161.665
161.965
162.265
162.565
162.865
163.165
163.375
163.585
163.795
164.005
164.215
164.425
164.635
164.845
165.055
165.265
165.565
165.864
166.164
166.464
166.764
167.064
167.364
167.664
167.964
168.264
168.564
168.864
169.164
169.464
169.764
170.064
170.364
170.963
171.263
171.563
171.863
172.163
172.463
172.763
172.913
173.063
173.213
173.363
173.513
173.663
173.813
173.963
175.163
175.462
175.762
176.062
176.362
176.662
176.962
177.262
177.562
177.862
178.162
178.462
178.762
179.062
179.362
179.662
179.962
180.261
180.561
180.861
181.161
181.461
181.761
182.061
182.361
182.961
183.261
183.561
183.861
184.161
184.761
185.060
185.360
185.660
185.960
186.260
186.560
186.860
187.160
187.460
187.760
188.060
188.360
188.660
188.960
189.260
189.560
189.859
190.159
190.459
190.759
191.059
191.359
191.659
191.959
192.109
192.259
192.409
192.559
192.709
192.859
193.009
193.159
193.459
193.759
194.359
194.658
194.958
195.258
195.558
195.858
196.158
196.458
196.758
197.058
197.358
197.658
197.958
198.258
198.558
198.858
199.158
199.457
199.757
200.057
200.357
200.657
200.957
201.257
201.557
202.157
202.557
202.957
203.157
203.357
203.956
204.256
204.556
204.856
205.156
205.456
205.756
206.056
206.356
206.656
206.956
207.256
207.556
207.856
208.156
208.456
208.755
209.055
209.355
209.655
209.955
210.255
210.555
210.855
211.155
211.455
211.755
212.055
212.355
212.655
212.955
213.255
213.554
213.854
214.154
214.454
214.754
215.054
215.354
215.654
215.954
216.254
216.554
216.854
217.154
217.454
217.754
218.054
218.353
218.653
218.953
219.253
219.553
219.853
220.153
220.453
220.753
221.053
221.353
221.653
221.953
222.253
222.553
222.853
223.152
224.352
224.652
224.952
225.252
225.552
226.752
227.052
227.352
227.652
227.951
228.851
229.151
230.051
230.351
230.651
230.951
231.251
231.551
232.750
233.350
233.950
234.550
235.150
235.750
236.350
236.950
237.549
238.149
238.749
239.349
239.949
240.249
240.549
240.849
241.149
241.449
241.749
