1.869
2.320
2.771
3.222
3.673
4.124
4.575
5.027
5.478
5.929
6.380
6.831
7.282
7.733
8.184
8.636
9.087
9.538
9.989
10.440
10.891
11.342
11.794
12.245
12.696
13.147
13.598
14.049
14.500
14.951
15.403
15.854
16.305
16.756
17.207
17.658
17.884
18.109
18.335
18.560
18.786
19.012
19.237
19.463
19.688
19.914
20.365
20.816
21.267
21.718
22.170
22.621
23.072
23.523
23.974
24.425
24.876
25.327
25.779
26.230
26.681
27.132
27.583
28.034
28.485
28.936
29.388
29.839
30.290
30.741
31.192
31.643
32.094
32.546
32.997
33.448
33.899
34.350
34.801
35.252
35.703
36.155
36.606
37.057
37.508
38.410
39.313
40.215
41.117
41.568
42.019
42.470
42.922
43.373
43.824
44.275
44.726
45.177
45.628
46.079
46.531
46.982
47.433
47.884
48.335
48.786
49.237
49.463
49.689
49.914
50.140
50.365
50.591
50.816
51.042
51.267
51.493
51.719
51.944
52.170
52.395
52.846
54.651
55.102
55.553
56.004
56.455
56.907
57.358
57.809
58.260
58.711
59.162
59.613
60.065
60.516
60.967
61.418
61.869
62.320
62.771
63.222
63.674
64.125
64.576
65.027
65.478
65.929
66.380
66.832
67.283
67.734
68.185
68.636
69.087
69.538
69.989
70.441
70.892
71.343
71.794
72.245
72.696
73.147
73.598
74.050
74.501
74.952
75.403
75.854
76.305
76.756
77.208
77.659
78.110
78.561
79.012
79.463
79.914
80.365
80.817
81.268
81.719
82.170
82.621
83.072
83.523
83.975
84.426
84.877
85.328
85.779
86.230
86.681
87.132
87.584
88.035
88.260
88.486
88.711
88.937
89.163
89.388
89.614
89.839
90.065
90.290
90.516
90.741
90.967
91.193
91.418
91.644
92.095
92.465
92.836
93.206
93.576
93.947
94.317
94.687
95.058
95.428
95.798
96.169
96.539
96.910
97.280
97.650
98.021
98.391
98.761
98.999
99.238
99.476
99.714
99.952
100.190
100.428
100.666
101.117
101.569
102.020
102.471
102.922
103.373
103.824
104.275
104.727
105.178
105.629
106.080
106.531
106.982
107.433
107.884
108.336
108.787
109.238
109.689
110.140
110.591
111.042
111.494
111.945
112.170
112.396
112.621
112.847
113.072
113.298
113.524
113.749
113.975
114.200
114.426
114.651
114.877
115.103
115.554
116.005
116.456
116.907
117.358
117.809
118.260
118.712
119.163
119.614
120.065
120.516
120.967
121.418
121.870
122.321
122.772
123.223
123.674
124.125
124.576
125.027
125.479
125.930
126.381
126.832
127.283
127.734
128.185
128.637
129.088
129.539
129.990
130.441
130.892
131.343
131.794
132.246
132.697
133.148
133.599
134.050
134.501
134.952
135.403
135.855
136.306
136.757
137.208
137.659
137.885
138.110
138.336
138.561
138.787
139.013
139.238
139.464
139.689
139.915
140.140
140.366
140.591
140.817
141.043
141.268
141.494
141.719
141.945
142.170
142.622
143.073
143.524
143.975
144.426
144.652
144.877
145.103
145.328
145.554
145.779
146.005
146.231
146.682
147.133
147.584
148.035
148.486
148.937
149.389
149.840
150.291
150.742
150.968
151.193
151.419
151.644
151.870
152.095
152.321
152.546
152.772
152.998
153.223
153.449
153.900
154.351
154.802
155.253
155.704
156.156
156.607
157.058
157.509
157.960
158.411
158.862
159.313
159.765
160.216
160.667
161.118
161.569
162.020
162.471
162.922
163.374
163.825
164.276
164.727
165.178
165.629
166.080
166.532
166.983
167.434
167.885
168.110
168.336
168.562
168.787
169.013
169.238
169.464
169.689
170.141
170.592
171.043
171.494
171.945
172.396
172.847
173.299
173.750
174.201
174.652
175.103
175.554
176.005
176.456
176.908
177.133
177.359
177.584
177.810
178.035
178.261
178.487
178.712
178.938
179.163
179.389
179.614
179.840
180.065
180.291
180.517
180.968
181.419
181.870
182.321
182.772
183.223
183.675
184.126
184.577
184.802
185.028
185.253
185.479
185.705
185.930
186.156
186.381
186.607
186.832
187.058
187.284
187.509
187.735
188.186
188.637
189.088
189.539
189.990
190.441
190.667
190.893
191.118
191.344
191.795
192.381
192.968
193.554
194.141
194.727
195.314
195.900
196.487
197.073
197.660
198.111
198.562
199.013
199.464
199.915
200.366
