0.435
0.915
1.275
1.395
1.635
1.875
2.355
2.835
3.315
3.795
4.275
4.755
5.115
5.235
5.475
5.715
6.194
6.674
7.034
7.154
7.394
7.634
8.114
8.594
8.954
9.074
9.314
9.554
10.034
10.514
10.874
10.994
11.954
12.434
12.794
12.914
13.154
13.394
13.874
14.354
14.714
14.834
15.074
15.314
15.794
16.274
16.634
16.754
16.994
17.234
17.714
18.194
18.673
19.153
19.633
19.873
19.993
20.233
20.353
20.593
20.833
20.953
21.193
21.313
21.553
21.793
21.913
22.153
22.273
22.513
22.753
22.873
23.113
23.233
23.473
23.713
23.833
24.073
24.193
24.433
24.673
24.793
25.033
25.153
25.393
25.633
25.753
25.993
26.113
26.353
26.593
26.713
26.953
27.073
27.313
27.553
27.673
27.913
28.033
28.273
28.513
28.633
28.873
28.993
29.233
29.473
29.593
29.833
29.953
30.193
30.433
30.553
30.793
30.912
31.152
31.392
31.512
31.752
31.872
32.112
32.352
32.472
32.712
32.832
33.072
33.312
33.432
33.672
33.792
34.032
34.272
34.392
34.632
34.752
34.992
35.232
35.472
35.952
36.192
36.432
36.912
37.152
37.392
37.872
38.112
38.352
38.832
39.072
39.312
39.792
40.032
40.272
40.752
40.992
41.232
41.712
41.952
42.192
42.672
42.912
43.152
43.631
43.871
44.111
44.591
44.831
45.071
45.551
45.791
46.031
46.511
46.751
46.991
47.231
47.471
47.711
47.951
48.191
48.431
50.351
50.831
51.311
51.791
52.271
52.751
53.231
53.711
54.191
54.671
55.151
55.631
56.110
56.590
57.070
57.550
58.030
58.510
58.990
59.470
59.950
60.430
60.910
61.030
61.150
61.390
61.630
61.870
62.350
62.830
63.310
63.790
64.270
64.750
65.230
65.710
65.830
65.950
66.070
66.190
66.430
66.670
66.910
67.150
67.390
67.630
67.870
68.110
68.350
68.590
68.829
69.069
69.309
69.549
70.029
70.269
70.389
70.509
70.749
70.989
71.109
71.229
71.469
71.709
71.829
71.949
72.189
72.429
72.669
72.909
73.149
73.389
73.869
74.109
74.349
74.589
74.829
75.069
75.309
75.549
75.789
76.029
76.269
76.509
76.749
76.989
77.229
77.709
77.949
78.189
78.429
78.669
78.909
79.149
79.389
79.629
79.869
80.109
80.349
80.589
80.829
81.548
82.028
82.508
82.988
83.468
83.948
84.428
84.908
85.388
85.868
86.348
86.828
87.308
87.788
88.268
88.748
89.228
89.708
90.188
90.668
91.148
91.628
92.108
92.588
93.068
93.548
94.027
94.507
94.987
95.467
95.947
96.427
97.387
98.347
99.307
100.267
101.227
102.187
103.147
104.107
105.067
106.027
106.986
107.946
108.906
109.866
110.826
111.786
112.026
112.146
112.386
112.506
112.746
112.986
113.106
113.346
113.466
113.706
113.946
114.066
114.306
114.426
114.666
114.906
115.026
115.266
115.386
115.626
115.866
115.986
116.226
116.346
116.586
116.826
116.946
117.186
117.306
117.546
117.786
117.906
118.146
118.266
118.506
118.746
118.866
119.105
119.225
119.465
119.705
119.825
120.065
120.185
120.425
120.665
120.785
121.025
121.145
121.385
121.625
121.745
121.985
122.105
122.345
122.585
122.705
122.945
123.065
123.305
123.545
123.665
123.905
124.025
124.265
124.505
124.625
124.865
124.985
125.225
125.465
125.585
125.825
125.945
126.185
126.425
126.545
126.785
126.905
127.145
127.385
127.625
127.745
128.105
128.345
128.585
128.705
128.945
129.065
129.305
129.545
129.665
130.025
130.265
130.505
130.625
130.865
130.985
131.225
131.465
131.585
131.944
132.184
132.424
132.544
132.784
132.904
133.144
133.384
133.504
133.864
134.104
134.344
134.464
134.704
134.824
135.064
135.304
135.544
135.784
136.024
136.264
136.504
136.744
136.984
137.224
137.464
137.704
137.944
138.184
138.424
138.664
138.784
138.904
139.024
139.144
139.264
139.384
139.504
139.624
139.744
139.864
139.984
140.104
140.224
140.344
140.464
140.584
142.504
142.984
143.464
143.944
144.423
144.903
145.383
145.863
146.343
146.823
147.303
147.783
148.263
148.743
149.223
149.703
150.663
151.143
151.623
152.103
152.583
153.063
153.303
153.543
153.783
154.023
154.263
154.503
154.983
155.463
155.943
156.423
156.902
157.382
157.862
157.982
158.102
158.222
158.342
158.582
158.822
159.062
159.302
159.542
159.782
160.022
160.262
160.502
160.742
160.982
161.222
161.462
161.702
162.182
162.422
162.542
162.662
162.902
163.142
163.382
163.502
163.622
163.862
163.982
164.102
164.342
164.462
164.582
165.062
166.022
166.502
166.982
167.462
167.942
168.422
168.902
169.382
169.861
170.341
170.821
171.301
171.781
172.261
172.741
173.221
173.701
174.181
174.661
175.141
175.621
176.101
176.581
177.061
177.541
178.021
178.501
178.981
179.461
179.941
180.421
180.901
181.381
181.861
182.340
182.820
183.300
183.780
184.260
184.740
185.220
185.700
186.180
186.660
187.140
187.620
188.100
188.580
189.060
189.540
190.020
190.500
190.980
191.460
191.940
192.420
192.900
193.380
193.860
194.340
194.819
195.299
195.779
196.259
196.739
197.219
197.699
198.179
198.659
199.139
199.619
200.099
200.579
201.059
201.539
202.019
202.499
202.979
203.459
203.939
204.419
204.899
205.379
205.859
206.339
206.819
207.298
207.778
208.258
208.738
209.218
209.698
210.178
210.658
211.138
211.618
212.098
212.578
213.058
213.538
214.018
214.498
214.978
215.458
215.938
216.418
216.898
217.378
217.858
218.338
218.818
219.298
