0.142
0.386
0.751
1.117
1.483
1.849
2.093
3.068
3.312
3.922
4.044
4.288
4.654
5.020
5.385
5.751
5.995
7.093
7.215
7.337
7.458
7.580
7.702
7.824
7.946
8.190
8.556
8.922
9.288
9.653
9.897
10.385
10.873
11.117
11.361
11.727
11.849
12.092
12.458
12.824
13.190
13.556
13.800
14.287
14.775
15.019
15.263
15.629
15.751
15.995
16.360
16.726
17.092
17.458
17.702
18.190
18.677
18.921
19.165
19.531
19.653
19.897
20.263
20.629
20.994
21.360
21.604
23.433
23.555
23.799
24.165
24.531
24.897
25.262
25.506
25.750
25.994
26.238
26.482
26.726
26.970
27.336
27.457
27.701
28.067
28.433
28.799
29.165
29.409
29.653
29.896
30.140
30.384
30.628
30.872
31.238
31.360
31.604
31.969
32.335
32.701
33.067
33.311
33.555
33.799
34.043
34.286
34.530
34.774
35.140
35.262
35.506
35.872
36.238
36.603
36.969
37.213
37.457
37.701
37.945
38.189
38.433
38.555
38.676
38.798
38.920
39.042
39.164
39.408
39.652
39.896
40.140
40.384
40.628
40.871
41.115
41.603
41.847
42.091
42.579
42.945
43.066
43.310
43.554
43.798
44.042
44.286
44.530
44.774
45.018
45.505
45.749
45.993
46.481
46.847
46.969
47.213
47.456
47.700
47.944
48.188
48.432
48.676
48.920
49.408
49.652
49.895
50.383
50.749
50.871
51.115
51.359
51.603
51.847
52.090
52.334
52.578
52.822
53.310
53.554
53.798
54.042
54.163
54.285
54.407
54.529
54.651
54.773
55.017
55.383
55.749
56.115
56.480
56.724
57.212
57.700
57.944
58.188
58.554
58.675
58.919
59.285
59.651
60.017
60.383
60.627
61.114
61.602
61.846
62.090
62.456
62.578
62.822
63.187
63.553
63.919
64.285
64.529
65.017
65.504
65.748
65.992
66.358
66.480
66.724
67.090
67.456
67.821
68.187
68.431
68.919
69.407
69.651
69.894
70.260
70.382
70.626
70.992
71.358
71.724
72.089
72.333
72.577
72.821
73.065
73.309
73.553
73.797
74.162
74.284
74.528
74.894
75.260
75.626
75.992
76.236
76.479
76.723
76.967
77.211
77.455
77.699
78.065
78.187
78.431
78.796
79.162
79.528
79.894
80.138
80.382
80.626
80.869
81.113
81.357
81.601
81.967
82.089
82.333
82.699
83.064
83.430
83.796
84.040
84.284
84.528
84.772
85.016
85.260
85.503
85.869
85.991
86.235
86.479
86.723
86.967
87.211
87.455
87.698
87.942
88.430
88.674
88.918
89.406
89.771
89.893
90.137
90.381
90.625
90.869
91.113
91.357
91.601
91.845
92.332
92.576
92.820
93.308
93.674
93.796
94.040
94.283
94.527
94.771
95.015
95.259
95.503
95.747
96.235
96.478
96.722
97.210
97.576
97.698
97.942
98.186
98.430
98.673
98.917
99.161
99.405
99.649
100.137
100.381
100.625
101.112
101.478
101.600
102.088
102.576
103.064
103.551
104.039
104.527
105.015
105.502
105.990
106.478
106.966
107.454
108.551
108.673
108.795
108.917
109.039
109.161
109.283
109.405
109.649
110.014
110.380
110.746
111.112
111.356
111.844
112.331
112.575
113.185
113.307
113.551
113.917
114.282
114.648
115.014
115.258
115.746
116.234
116.477
117.087
117.209
117.453
117.697
117.941
118.185
118.429
118.672
118.916
119.160
119.648
119.892
120.136
120.624
120.989
121.111
121.355
121.599
121.843
122.087
122.331
122.575
122.819
123.063
123.550
123.794
124.038
124.526
124.892
125.014
125.258
125.501
125.745
125.989
126.233
126.477
126.721
126.965
127.453
127.696
127.940
128.428
128.794
128.916
129.160
129.404
129.648
129.891
130.135
130.379
130.623
130.867
131.355
131.599
131.843
132.330
132.696
132.818
133.062
133.428
133.794
134.160
134.525
134.769
135.257
135.745
135.989
136.233
136.598
136.720
136.964
137.330
137.696
138.062
138.428
138.672
139.159
139.647
139.891
140.135
140.501
140.623
140.867
141.232
141.598
141.964
142.330
142.574
143.062
143.549
143.793
144.037
144.403
144.525
144.769
145.135
145.500
145.866
146.232
146.476
146.964
147.452
147.695
147.939
148.305
148.427
148.671
148.915
149.159
149.403
149.647
149.890
150.134
150.378
150.866
151.110
151.354
151.842
152.207
152.329
152.573
152.817
153.061
153.305
153.549
153.793
154.037
154.280
154.768
155.012
155.256
155.744
156.110
156.232
156.476
156.719
156.963
157.207
157.451
157.695
157.939
158.183
158.671
158.914
159.158
159.646
160.012
160.134
160.378
160.622
160.866
161.109
161.353
161.597
161.841
162.085
162.573
162.817
163.061
163.548
