0.457
2.151
3.053
3.778
4.207
4.655
5.317
6.143
8.029
9.303
11.044
11.337
12.534
12.840
13.455
13.747
14.935
15.826
16.138
17.331
17.666
18.228
18.564
19.733
20.222
20.550
20.670
21.510
21.630
21.990
22.110
22.470
22.590
22.950
23.070
23.911
24.031
24.391
24.511
24.871
24.991
25.351
25.531
25.711
25.891
26.071
26.251
26.431
26.791
26.911
27.271
27.391
27.751
27.871
28.712
28.832
30.152
30.272
31.112
31.232
31.592
31.712
32.072
32.192
32.552
32.672
33.513
33.633
33.993
34.113
34.473
34.593
34.953
35.073
35.913
36.033
36.393
36.513
36.873
36.993
37.353
37.473
38.314
38.434
38.554
38.674
38.794
38.914
39.034
39.154
39.274
39.394
39.514
39.634
39.754
40.354
40.954
41.554
42.154
42.754
43.355
43.955
44.555
45.155
45.755
46.355
46.955
47.555
48.156
48.756
49.356
49.956
50.106
50.256
50.556
51.156
51.756
52.356
52.506
52.656
52.957
53.557
54.157
54.757
54.907
55.057
55.357
55.957
56.107
56.257
56.557
56.707
56.857
57.007
57.157
57.307
57.457
57.607
57.758
58.958
59.258
59.558
59.708
59.858
60.158
60.458
60.758
60.908
61.058
61.358
61.658
61.958
62.108
62.258
62.559
62.859
63.159
63.309
63.459
63.759
64.059
64.359
64.509
64.659
64.959
65.259
65.559
65.709
65.859
66.159
66.426
66.693
66.959
67.226
67.493
67.760
68.026
68.293
68.560
68.860
69.160
69.310
69.460
69.760
70.060
70.360
70.510
70.660
70.960
71.260
71.560
71.710
71.860
72.160
72.461
72.761
72.911
73.061
73.361
73.661
73.961
74.111
74.261
74.561
74.861
75.161
75.311
75.461
75.761
76.061
76.361
76.661
76.961
77.262
77.562
77.862
78.162
78.462
79.662
79.962
80.562
80.862
82.063
82.363
82.963
83.263
84.463
84.763
85.363
85.663
86.864
87.164
87.764
88.064
89.264
89.564
90.164
90.464
91.664
91.890
92.115
92.340
92.565
92.865
94.065
94.365
94.965
95.265
96.465
96.766
96.916
97.066
97.216
97.366
97.486
98.326
98.446
98.806
98.926
99.286
99.406
99.766
99.886
100.726
100.846
101.206
101.326
101.687
101.807
102.167
102.321
102.475
102.630
102.784
102.938
103.093
103.247
103.607
103.727
104.087
104.207
104.567
104.687
105.527
105.647
106.968
107.088
107.928
108.048
108.408
108.528
108.888
109.008
109.368
109.488
110.328
110.448
110.808
110.928
111.289
111.409
111.769
111.923
112.077
112.232
112.386
112.540
112.695
112.849
113.209
113.329
113.689
113.809
114.169
114.289
115.129
115.249
115.369
115.489
115.609
115.729
115.849
115.969
116.090
116.210
116.330
116.450
116.570
