0.002
0.471
0.940
1.409
1.877
2.346
2.815
3.284
3.752
4.221
4.690
5.158
5.627
6.096
6.565
7.033
7.502
7.971
8.439
8.908
9.377
9.846
10.314
10.783
11.252
11.720
12.189
12.658
13.127
13.595
14.064
14.181
14.298
14.416
14.533
14.767
15.001
15.939
16.173
16.408
17.111
17.345
17.579
17.814
18.048
18.282
18.517
18.986
19.220
19.454
19.689
19.923
20.157
20.392
20.860
21.095
21.329
21.563
21.798
22.032
22.267
22.501
22.735
22.970
23.204
23.438
23.673
23.907
24.141
24.376
24.610
24.844
25.079
25.313
25.548
25.782
26.016
26.251
26.485
26.719
26.954
27.188
27.422
27.657
27.891
28.125
28.360
28.594
28.829
29.063
29.297
29.532
29.766
30.000
30.235
30.469
30.703
30.938
31.172
31.407
31.641
31.875
32.110
32.344
32.578
32.813
33.047
33.281
33.516
33.750
33.984
34.219
34.453
34.688
34.922
35.156
35.391
35.625
35.859
36.094
36.328
36.562
36.797
37.031
37.265
37.500
37.734
37.969
38.203
38.437
38.672
38.906
39.140
39.375
39.609
39.843
40.078
40.312
40.546
40.781
41.015
41.250
41.484
41.718
41.953
42.187
42.421
42.656
42.890
43.124
43.359
43.593
43.827
44.062
44.296
44.531
44.765
44.999
45.468
45.937
46.405
46.874
47.343
47.812
48.280
48.749
49.218
49.686
50.155
50.624
51.093
51.561
52.030
52.499
52.967
53.436
53.905
54.374
54.842
55.311
55.780
56.248
56.717
57.186
57.655
58.123
58.592
59.061
59.178
59.295
59.412
59.530
59.764
59.998
61.873
63.748
65.154
65.623
66.092
66.560
66.795
67.029
67.263
67.498
68.435
68.669
68.904
70.310
70.544
70.779
72.654
73.122
73.591
74.060
74.177
74.294
74.411
74.528
74.763
74.997
75.935
76.169
76.403
77.809
78.044
78.278
80.153
80.622
81.090
81.559
81.676
81.794
81.911
82.028
82.262
82.497
83.434
83.668
83.903
84.840
84.957
85.075
85.192
85.309
85.543
85.778
86.246
87.653
88.121
88.590
89.059
89.293
89.527
89.996
90.465
90.934
91.402
91.871
92.340
92.808
93.277
93.746
94.215
94.683
95.152
95.621
96.089
96.558
97.027
97.496
97.964
98.433
98.902
99.370
99.839
100.308
100.777
101.245
101.714
102.183
102.651
103.120
103.589
104.058
104.526
104.995
105.229
105.464
105.932
106.167
106.401
106.870
107.104
107.339
107.807
108.042
108.276
108.745
108.979
109.213
109.682
109.917
110.151
110.620
110.854
111.088
111.557
111.791
112.026
112.494
112.729
112.963
113.198
113.432
113.666
113.901
114.135
114.369
114.604
114.838
115.072
115.307
115.541
115.776
116.010
116.244
116.361
116.479
116.596
116.713
116.830
116.947
117.064
117.182
117.299
117.416
117.533
117.650
117.768
117.885
118.002
118.119
118.353
118.588
118.822
119.057
119.291
119.525
119.994
120.463
120.931
121.400
121.869
122.338
122.806
123.275
123.744
124.212
124.681
125.150
125.619
126.087
126.556
127.025
127.493
127.962
128.431
128.900
129.368
129.837
130.306
130.774
131.243
131.712
132.181
132.649
133.118
133.587
134.055
134.524
134.993
135.462
135.930
136.399
136.868
137.336
137.805
138.274
138.743
139.211
139.680
140.149
140.617
141.086
141.555
142.024
142.492
142.961
143.430
143.899
144.367
144.836
145.305
145.773
146.242
146.711
147.180
147.648
148.117
148.586
149.054
149.523
149.992
150.461
150.929
151.164
151.398
151.867
152.335
152.804
153.038
153.273
153.742
154.210
154.679
155.148
155.616
156.085
156.554
157.023
157.491
157.960
158.429
158.663
158.897
159.366
159.835
160.304
160.538
160.772
161.241
161.710
162.178
162.647
163.116
163.585
164.053
164.522
164.991
165.459
165.928
166.163
166.397
166.866
167.334
167.803
168.037
168.272
168.740
169.209
169.678
170.147
170.615
171.084
171.553
172.022
172.490
172.959
173.428
173.662
173.896
174.365
174.834
175.303
175.771
176.240
176.709
177.177
177.646
178.115
178.584
179.052
179.169
179.287
179.404
179.521
179.755
179.990
180.224
180.458
180.693
180.927
181.161
181.396
181.630
181.865
182.099
182.333
182.568
182.802
183.036
183.271
183.505
183.739
183.974
184.208
184.443
184.677
184.911
185.146
185.380
185.614
185.849
186.083
186.317
186.552
186.786
187.020
187.255
187.489
187.724
187.958
188.192
188.427
188.661
188.895
189.130
189.364
189.598
189.833
190.067
190.301
190.536
190.770
191.005
191.239
191.473
191.708
191.942
192.176
192.411
192.645
192.879
193.114
193.348
193.582
193.817
194.051
194.168
194.286
194.403
194.520
194.754
194.989
195.457
195.926
196.395
196.863
197.332
197.801
198.270
198.738
199.207
199.676
200.145
200.613
201.082
201.551
202.019
202.488
202.957
203.426
203.894
204.363
204.832
205.300
205.769
206.238
206.707
207.175
207.644
208.113
208.581
209.050
209.167
209.284
209.402
209.519
209.753
209.988
210.456
210.925
211.394
211.862
212.331
212.800
213.269
213.737
214.206
214.675
215.143
215.612
216.081
216.550
217.018
217.487
217.956
218.424
218.893
219.362
219.831
220.299
220.768
221.237
221.705
222.174
222.643
223.112
223.580
224.049
224.518
224.987
225.455
225.690
225.924
226.627
227.096
227.330
227.564
227.799
228.033
228.268
228.971
229.205
229.439
229.674
229.908
230.377
230.845
231.080
231.314
231.549
231.783
232.017
232.720
232.955
233.189
233.423
234.126
234.595
234.830
235.298
235.767
236.470
236.704
236.939
237.173
237.876
238.345
238.579
238.814
239.048
239.517
239.985
240.454
240.923
241.392
241.860
242.329
242.798
243.266
243.735
244.204
244.673
245.141
245.610
246.079
246.547
247.016
247.485
247.954
248.422
248.891
249.360
249.828
250.297
250.766
251.235
251.703
252.172
252.641
253.110
253.578
254.047
254.516
254.984
255.219
255.687
255.922
256.156
256.625
256.859
257.094
257.562
257.797
258.031
258.500
258.734
258.968
259.437
259.672
259.906
260.375
260.609
260.843
261.312
261.546
261.781
262.249
262.484
262.718
262.953
263.187
263.421
263.656
263.890
264.124
264.359
264.593
264.827
265.062
265.296
265.530
265.765
265.999
266.234
266.351
266.468
266.585
266.702
266.819
266.937
267.054
267.171
267.288
267.405
267.523
267.640
267.757
267.874
267.991
268.108
268.167
268.226
268.284
268.343
268.401
268.460
268.519
268.577
268.636
268.694
268.753
268.812
268.870
268.929
268.987
269.046
269.280
269.515
269.749
269.983
270.452
270.921
271.389
271.858
272.327
272.796
273.264
273.733
274.202
274.670
275.139
275.608
276.077
276.545
277.014
277.483
277.951
278.420
278.889
279.358
279.826
280.295
280.764
281.233
281.701
282.170
282.639
283.107
283.576
284.045
284.514
284.982
285.451
285.920
286.388
286.857
287.326
287.795
288.263
288.732
289.201
289.669
290.138
290.607
291.076
291.544
292.013
292.482
292.950
293.419
293.888
294.357
294.825
295.294
295.763
296.231
296.700
297.169
297.638
298.106
298.575
299.044
299.512
299.981
300.450
300.919
301.387
301.856
302.325
302.793
303.262
303.731
304.200
304.668
305.137
305.606
306.074
306.543
307.012
307.481
307.949
308.418
308.887
309.356
309.824
310.293
310.762
311.230
311.699
312.168
312.637
313.105
313.574
314.043
314.511
314.980
315.449
315.918
316.386
316.855
317.324
317.792
318.261
318.730
319.199
319.667
320.136
320.605
321.073
321.542
322.011
322.480
322.948
323.417
323.886
324.354
324.823
325.292
325.761
326.229
326.698
327.167
327.635
328.104
328.573
329.042
329.510
329.979
330.448
330.916
331.151
331.385
331.854
332.323
332.791
333.260
333.729
334.197
334.666
335.135
335.604
336.072
336.541
336.775
337.010
337.479
337.947
338.416
338.650
338.885
339.353
339.822
340.291
340.525
340.760
341.228
341.697
342.166
342.634
343.103
343.572
344.041
344.275
344.509
344.978
345.447
345.915
346.150
346.384
346.853
347.322
347.790
348.025
348.259
348.728
349.196
349.665
350.134
350.603
351.071
351.540
352.009
352.477
352.946
353.415
353.649
353.884
354.352
354.821
355.290
355.758
356.227
356.696
357.165
357.633
358.102
358.571
359.039
359.508
359.977
360.446
360.914
361.383
361.852
362.320
362.789
363.258
363.727
364.195
364.664
365.133
365.602
366.070
366.539
367.008
367.476
367.945
368.414
368.883
369.351
369.820
370.289
370.757
371.226
371.695
372.164
