15.179
16.007
16.834
17.662
18.489
19.317
20.144
20.972
21.799
22.627
23.454
24.281
25.109
25.936
26.764
27.591
28.419
29.246
30.074
30.901
31.729
32.556
33.384
34.211
35.039
35.866
36.694
37.521
38.348
39.176
40.003
40.831
41.658
42.072
42.486
42.900
43.313
43.727
44.141
44.555
44.968
45.382
45.796
46.209
46.623
47.037
47.451
47.864
48.278
48.692
49.106
49.519
49.933
50.347
50.761
51.174
51.588
52.002
52.415
52.829
53.243
53.657
54.070
54.484
54.898
55.312
55.725
56.139
56.553
56.967
57.380
57.794
58.208
58.622
59.035
59.449
59.863
60.276
60.690
61.104
61.518
61.931
62.345
62.759
63.173
63.586
64.000
64.414
64.828
65.241
65.655
66.069
66.482
66.896
67.310
67.724
69.792
70.206
70.620
71.034
71.447
71.861
72.275
72.689
73.102
73.516
73.930
74.343
74.757
75.171
75.585
75.998
76.412
76.826
77.240
77.653
78.067
78.481
78.895
79.308
79.722
80.136
80.549
80.963
81.377
81.791
82.204
82.618
83.032
83.446
83.859
84.273
84.687
85.101
85.514
85.928
86.342
86.756
87.169
87.583
87.997
88.410
88.824
89.238
89.652
90.065
90.479
90.893
91.307
91.720
92.134
92.548
92.962
93.375
93.789
94.203
94.616
95.030
95.444
95.858
96.271
96.685
97.099
97.513
97.926
98.340
98.754
99.168
99.581
99.995
100.409
100.823
101.236
101.650
102.064
102.477
102.891
103.305
103.719
104.132
104.546
104.960
105.374
105.787
106.201
106.615
107.029
107.442
107.856
108.270
108.684
109.097
109.511
109.925
110.338
110.752
111.166
111.580
111.993
112.407
112.821
113.235
113.648
114.062
114.476
114.890
115.303
116.131
116.544
116.958
117.372
117.786
118.199
118.613
119.027
119.441
119.854
120.268
120.682
121.096
121.509
121.923
122.751
123.578
124.405
125.233
126.060
126.888
127.715
128.543
129.370
130.198
131.025
131.853
132.680
133.508
134.335
135.163
135.990
136.404
136.818
137.231
137.645
138.059
138.472
138.886
139.300
139.714
140.127
140.541
140.955
141.369
141.782
142.196
142.610
143.024
143.437
143.851
144.265
144.678
145.092
145.506
145.920
146.333
146.747
147.161
147.575
147.988
148.402
148.816
149.230
149.643
150.057
150.471
150.885
151.298
151.712
152.126
152.539
152.953
153.367
153.781
154.194
154.608
155.022
155.436
155.849
156.263
156.677
157.091
157.504
157.918
158.332
158.745
159.159
159.573
159.987
160.400
160.814
161.228
161.642
162.055
162.469
162.883
163.297
163.710
164.124
164.538
164.952
165.365
165.779
166.193
166.606
167.020
167.434
167.848
168.261
168.675
169.089
169.503
169.916
170.330
170.744
171.158
171.571
171.985
172.399
172.812
173.226
173.640
174.054
174.467
174.881
175.295
175.709
176.122
176.536
177.364
177.777
178.191
179.019
179.432
179.846
180.673
181.087
181.501
182.328
182.742
183.156
183.983
184.397
184.811
185.638
186.052
186.466
187.293
187.707
188.121
188.534
188.948
