6.004
6.473
6.941
7.410
7.878
8.347
8.816
9.284
9.753
10.222
10.690
11.159
11.627
12.096
12.565
13.033
13.502
13.970
14.439
14.908
15.376
15.845
16.313
16.782
17.251
17.719
18.188
18.657
19.125
19.594
20.062
20.531
21.000
21.468
21.937
22.171
22.405
22.874
23.343
23.811
24.046
24.280
24.748
25.217
25.686
25.920
26.154
26.623
27.092
27.560
27.794
28.029
28.497
28.966
29.435
29.669
29.903
30.372
30.840
31.309
31.543
31.778
32.246
32.715
33.183
33.418
33.652
34.121
34.589
35.058
35.292
35.527
35.995
36.464
36.698
36.932
37.167
37.401
37.870
38.338
38.573
38.807
39.041
39.275
39.744
40.213
40.447
40.681
40.916
41.150
41.619
42.087
42.321
42.556
42.790
43.024
43.493
43.962
44.196
44.430
44.664
44.899
45.367
45.836
46.070
46.305
46.539
46.773
47.242
47.710
47.945
48.179
48.413
48.648
48.882
49.116
49.351
49.585
49.819
50.054
50.288
50.522
50.756
50.991
51.225
51.459
51.928
52.397
52.865
53.099
53.334
53.802
54.271
54.740
54.974
55.208
55.677
56.145
56.614
56.848
57.083
57.551
58.020
58.489
58.723
58.957
59.426
59.894
60.363
60.597
60.832
61.300
61.769
62.237
62.472
62.706
63.175
63.643
64.112
64.346
64.580
65.049
65.518
65.986
66.221
66.455
66.924
67.392
67.861
68.095
68.329
68.798
69.267
69.735
69.970
70.204
70.672
71.141
71.610
71.844
72.078
72.547
72.781
73.016
73.484
73.718
73.953
74.421
74.656
74.890
75.359
75.593
75.827
76.296
76.530
76.764
77.233
77.467
77.702
77.936
78.170
78.405
78.639
78.873
79.107
79.576
80.045
80.513
80.982
81.216
81.451
81.919
82.388
82.856
83.091
83.325
83.794
84.262
84.731
84.965
85.199
85.668
86.137
86.605
86.840
87.074
87.542
88.011
88.480
88.714
88.948
89.417
89.886
90.354
90.588
90.823
91.291
91.760
92.229
92.463
92.697
93.166
93.634
94.103
94.337
94.572
95.040
95.509
95.977
96.212
96.446
96.915
97.383
97.852
98.086
98.321
98.789
99.258
99.726
99.961
100.195
100.664
101.132
101.601
101.835
102.069
102.538
103.007
103.475
103.710
103.944
104.413
104.881
105.350
105.584
105.818
106.287
106.756
107.224
107.458
107.693
108.161
108.630
109.099
109.333
109.567
110.036
110.504
110.973
111.207
111.442
111.910
112.379
112.848
113.082
113.316
113.785
114.253
114.722
114.956
115.191
115.659
116.128
116.596
116.831
117.065
117.534
118.002
118.471
118.705
118.939
119.408
119.877
120.345
120.580
120.814
121.283
121.751
122.220
122.454
122.688
123.157
123.626
124.094
124.329
124.563
124.797
125.031
125.266
125.500
125.734
125.969
127.375
128.077
128.312
128.780
129.718
131.123
131.826
132.061
132.529
133.466
134.872
135.575
135.810
136.278
137.215
138.621
139.090
139.558
140.027
140.261
140.496
140.730
140.964
141.199
141.433
141.901
142.370
142.839
143.073
143.307
143.776
144.245
144.713
144.947
145.182
145.650
146.119
146.588
146.822
147.056
147.525
147.993
148.462
148.696
148.931
149.399
149.868
150.336
150.571
150.805
151.274
151.742
152.211
152.445
152.680
153.148
153.617
154.085
154.320
154.554
155.023
155.491
155.960
156.194
156.428
156.897
157.131
157.366
157.834
158.069
158.303
158.772
159.006
159.240
159.709
159.943
160.177
160.646
160.880
161.115
161.583
161.817
162.052
162.520
162.755
162.989
163.458
163.692
163.926
164.161
164.395
164.629
164.863
165.098
165.332
165.566
165.801
166.035
166.269
166.504
166.738
166.972
167.207
167.324
167.441
167.558
167.675
167.792
167.909
168.027
168.144
168.261
168.378
168.495
168.612
168.730
168.847
168.964
169.081
169.550
170.018
170.487
170.955
171.190
171.424
171.658
171.893
172.127
172.361
172.830
173.298
173.533
173.767
174.001
174.236
174.704
174.939
175.173
175.407
175.642
175.876
176.110
176.579
177.047
177.282
177.516
177.750
177.985
178.453
178.688
178.922
179.156
179.390
179.625
179.859
180.328
180.796
181.031
181.265
181.499
181.733
182.202
182.436
182.671
182.905
183.139
183.374
183.608
184.077
184.545
184.779
185.014
185.248
185.482
185.600
185.717
185.834
185.951
186.185
186.420
186.654
186.888
187.123
187.357
187.825
188.294
188.528
188.763
188.997
189.231
189.700
189.934
190.169
190.403
190.637
190.871
191.106
191.574
192.043
192.277
192.512
192.746
192.980
193.449
193.683
193.917
194.152
194.386
194.620
194.855
195.323
195.792
196.026
196.260
196.495
196.729
197.198
197.432
197.666
197.901
198.135
198.369
198.604
199.072
199.541
199.775
200.009
200.244
200.478
200.947
201.181
201.415
201.650
201.884
202.118
202.352
202.587
202.821
203.055
203.290
203.524
203.758
203.993
204.227
204.461
204.695
204.930
205.164
205.398
205.633
205.867
206.101
206.336
206.570
206.804
207.039
207.273
207.507
207.741
207.976
208.210
208.444
208.679
208.913
209.147
209.382
209.616
209.850
210.085
210.319
210.553
210.787
211.022
211.256
211.490
211.725
211.959
212.193
212.428
212.662
212.896
213.131
213.365
213.599
213.833
214.068
214.302
214.536
214.771
215.005
215.239
215.474
215.708
215.942
216.176
216.411
216.879
217.114
217.348
217.817
218.051
218.285
218.754
218.988
219.222
219.691
219.925
220.160
220.628
220.863
221.097
221.566
221.800
222.034
222.503
222.737
222.971
223.440
223.674
223.909
224.377
224.611
224.846
225.314
225.549
225.783
226.252
226.486
226.720
227.189
227.423
227.657
228.126
228.360
228.595
229.063
229.298
229.532
229.766
230.001
230.235
230.469
230.586
230.703
230.821
230.938
231.172
231.406
231.875
232.109
232.344
232.812
233.047
233.281
233.749
233.984
234.218
234.687
234.921
235.155
235.624
235.858
236.092
236.561
236.795
237.030
237.498
237.733
237.967
238.436
238.670
238.904
239.373
239.607
239.841
240.310
240.544
240.779
241.247
241.482
241.716
242.184
242.419
242.653
243.122
243.356
243.590
244.059
244.293
244.528
244.996
245.230
245.465
245.933
