0.272
0.615
0.958
1.129
1.301
1.644
1.986
2.329
2.501
2.672
3.015
3.358
3.701
3.873
4.044
4.387
4.730
5.073
5.245
5.416
5.759
6.102
6.445
6.616
6.788
7.131
7.474
7.817
7.988
8.160
8.503
8.846
9.189
9.360
9.532
9.874
10.217
10.560
10.732
10.903
11.246
11.589
11.932
12.104
12.275
12.618
12.961
13.304
13.476
13.647
13.990
14.333
14.676
14.847
15.019
15.362
15.705
16.048
16.219
16.391
16.734
17.077
17.420
17.591
17.762
18.105
18.448
18.791
18.963
19.134
19.477
19.820
20.163
20.335
20.506
21.878
22.221
22.564
22.907
23.250
23.593
23.936
24.279
24.622
24.965
25.308
25.650
25.993
26.336
26.679
27.022
27.365
27.708
28.051
28.394
28.737
29.080
29.423
29.766
30.109
30.452
30.795
31.138
31.481
31.824
32.167
32.510
32.853
33.196
33.538
33.710
33.881
34.053
34.224
34.567
34.910
35.082
35.253
35.425
35.596
35.939
36.282
36.454
36.625
36.797
36.968
37.311
37.654
37.825
37.997
38.168
38.340
38.511
38.683
38.854
39.026
39.197
39.369
39.540
39.712
39.883
40.055
40.226
40.398
40.569
40.741
40.912
41.084
41.255
41.426
41.598
41.769
41.941
42.112
42.284
42.455
43.827
45.199
46.571
47.943
49.314
49.657
50.000
50.686
51.029
51.372
52.058
52.401
52.744
53.430
53.773
54.116
54.802
55.145
55.488
56.174
56.517
56.860
57.545
57.888
58.231
58.917
59.260
59.603
59.946
60.118
60.289
60.632
60.975
61.318
61.661
62.004
62.347
62.690
63.033
63.376
63.719
64.062
64.405
64.748
65.090
65.433
65.776
66.119
66.462
66.805
67.148
67.491
67.834
68.177
68.520
68.863
69.206
69.549
69.892
70.235
70.578
70.921
71.092
71.264
71.607
71.950
72.121
72.293
72.636
72.978
73.321
73.493
73.664
74.007
74.350
74.693
74.865
75.036
75.379
75.722
76.065
76.237
76.408
76.751
77.094
77.437
77.608
77.780
78.123
78.466
78.809
78.980
79.152
79.495
79.838
80.181
80.352
80.524
82.238
82.581
82.924
83.267
83.610
83.953
84.125
84.296
84.468
84.639
84.982
85.325
85.496
85.668
85.839
86.011
86.354
86.697
86.868
87.040
87.211
87.383
87.726
88.069
88.412
88.754
89.097
89.440
89.612
89.783
89.955
90.126
90.469
90.812
90.984
91.155
91.327
91.498
91.841
92.184
92.356
92.527
92.698
92.870
93.213
93.556
93.899
94.242
94.585
94.928
95.271
95.614
95.957
96.300
96.642
96.985
97.328
97.671
98.014
98.357
98.700
98.872
99.043
99.215
99.386
99.558
99.729
99.901
100.072
100.244
100.415
100.586
100.758
100.929
101.101
101.272
101.444
101.549
101.655
101.760
101.866
101.972
102.077
102.183
102.288
102.394
102.499
102.605
102.710
102.816
103.159
103.502
103.845
104.188
105.559
105.902
106.245
106.588
106.931
107.274
107.446
107.617
107.789
107.960
108.303
108.646
108.817
108.989
109.160
109.332
109.675
110.018
110.189
110.361
110.532
110.704
111.047
111.390
111.733
112.076
112.418
112.761
112.933
113.104
113.276
113.447
113.790
114.133
114.305
114.476
114.648
114.819
115.162
115.505
115.677
115.848
116.020
116.191
116.534
116.877
117.220
117.563
117.906
118.249
118.420
118.592
118.763
118.935
119.278
119.621
119.792
119.964
120.135
120.306
120.649
120.992
121.164
121.335
121.507
121.678
122.021
122.364
122.707
123.050
123.393
123.736
123.908
124.079
124.250
124.422
124.765
125.108
125.279
125.451
125.622
125.794
126.137
126.480
126.651
126.823
126.994
127.166
127.509
127.852
128.194
128.537
128.880
129.223
129.395
129.566
129.738
129.909
130.252
130.595
130.767
130.938
131.110
131.281
131.624
131.967
132.138
132.310
132.481
132.653
132.996
133.339
133.682
134.025
134.368
134.711
134.882
135.054
135.225
135.397
135.740
136.082
136.254
136.425
136.597
136.768
137.111
137.454
137.626
138.140
138.483
138.826
139.169
139.512
139.855
140.198
140.369
140.541
140.712
140.884
141.227
141.570
141.741
141.913
142.084
142.256
142.599
142.942
143.113
143.285
143.456
143.628
143.970
144.313
144.656
144.999
145.342
145.685
145.857
146.028
146.200
146.371
146.714
147.057
147.229
147.400
147.572
147.743
148.086
148.429
148.772
149.458
149.801
150.144
150.487
150.830
151.173
151.516
151.858
152.201
152.544
152.887
153.230
153.573
153.916
154.259
154.602
154.945
155.288
155.631
155.974
156.317
156.660
157.003
157.346
157.689
158.032
158.375
158.718
160.432
160.775
161.118
161.461
161.804
162.147
162.490
162.833
163.176
163.519
163.862
164.205
164.548
164.891
165.234
165.577
165.920
166.263
166.606
166.949
167.292
167.634
167.977
168.320
168.663
169.006
169.349
169.692
170.035
170.378
170.721
171.064
171.407
171.578
171.750
172.093
172.264
172.436
172.779
172.950
173.122
173.465
173.636
173.808
174.151
174.494
174.837
175.180
175.522
176.208
176.894
177.580
178.266
178.952
179.638
180.324
181.010
181.696
182.382
182.725
183.068
183.410
183.753
183.925
184.096
184.308
184.520
184.732
184.944
185.156
185.367
185.579
185.791
186.003
186.215
186.426
186.638
186.850
187.062
187.274
187.486
187.697
187.869
188.212
188.555
188.898
189.241
189.584
189.927
190.270
190.613
190.784
190.956
191.127
191.298
191.470
191.641
191.813
191.984
193.356
193.699
194.042
194.385
194.728
195.071
195.242
195.414
195.585
195.757
196.100
196.443
196.614
196.786
196.957
197.129
197.472
197.815
197.986
198.158
198.329
198.501
198.844
199.186
199.529
199.872
200.215
200.558
200.730
200.901
201.073
201.244
201.587
201.930
202.102
202.273
202.445
202.616
202.959
203.302
203.473
203.645
203.816
203.988
204.331
204.674
205.017
205.360
205.703
206.046
206.217
206.389
206.560
206.732
207.074
207.417
207.589
207.760
207.932
208.103
208.446
208.789
208.961
209.132
209.304
209.475
209.818
210.161
210.504
210.847
211.190
211.533
211.704
211.876
212.047
212.219
212.562
212.905
213.076
213.248
213.419
213.591
213.934
214.277
214.620
214.962
215.305
215.648
215.991
216.334
216.677
217.020
217.192
217.363
217.535
217.706
218.049
218.392
218.564
218.735
218.906
219.078
219.421
219.764
219.935
220.107
220.278
220.450
220.793
221.136
221.479
221.822
222.165
222.508
222.679
222.850
223.022
223.193
223.536
223.879
224.051
224.222
224.394
224.565
224.908
225.251
225.423
226.280
226.623
226.794
226.966
227.137
227.309
227.652
227.995
228.166
228.338
228.509
228.681
229.024
229.367
229.538
229.710
229.881
230.053
230.396
230.738
230.910
231.081
231.253
231.424
231.767
232.110
232.453
232.796
233.139
233.482
233.654
233.825
233.997
234.168
234.511
234.854
235.025
235.197
235.368
235.540
237.255
237.598
237.941
238.284
238.626
238.969
239.312
239.655
239.998
240.341
240.684
241.027
241.370
241.713
242.056
242.399
242.742
243.085
243.428
243.771
244.114
244.457
244.800
245.143
245.486
245.829
246.172
246.514
246.857
247.200
247.543
247.886
248.229
248.572
248.915
249.258
249.601
249.944
250.287
250.630
250.973
251.316
251.659
252.002
252.345
252.688
253.031
253.374
253.717
254.060
254.402
254.745
255.088
255.431
255.774
256.117
256.460
256.632
256.803
256.975
257.146
257.318
257.489
257.661
257.832
259.204
259.547
259.890
260.233
260.576
260.919
261.262
261.605
261.948
262.290
262.633
262.976
263.319
263.662
264.005
264.348
264.691
265.034
265.377
265.720
266.063
266.406
266.749
267.092
267.435
267.778
268.121
268.464
268.807
269.150
269.493
269.836
270.178
270.521
270.864
271.207
271.550
271.893
272.236
272.579
272.922
273.265
273.608
273.951
274.294
274.637
274.980
275.323
275.666
276.009
276.352
276.695
277.038
277.381
277.724
278.066
278.409
278.752
279.095
279.438
279.781
280.124
280.467
280.810
