0.043
0.845
1.647
1.747
1.847
1.947
2.048
2.148
2.248
2.348
2.449
2.549
2.649
2.749
2.849
3.250
4.052
4.854
4.954
5.055
5.155
5.255
5.355
5.455
5.556
5.656
5.756
5.856
5.957
6.057
6.458
7.260
8.062
8.162
8.262
8.362
8.462
8.563
8.663
8.763
8.863
8.964
9.064
9.164
9.264
9.665
10.467
11.269
11.369
11.469
11.570
11.670
11.770
11.870
11.971
12.071
12.271
12.472
12.672
12.873
13.674
14.476
14.577
14.677
14.777
14.877
14.977
15.078
15.178
15.278
15.378
15.479
15.579
15.679
16.080
16.882
17.684
17.784
17.884
17.984
18.085
18.185
18.285
18.385
18.486
18.586
18.686
18.786
18.887
19.287
20.089
20.891
20.991
21.092
21.192
21.292
21.392
21.493
21.593
21.693
21.793
21.893
21.994
22.094
22.495
23.297
24.099
24.199
24.299
24.399
24.499
24.600
24.700
24.800
24.900
25.101
25.301
25.502
25.702
26.504
27.306
27.406
27.506
27.607
27.707
27.807
27.907
28.008
28.108
28.208
28.308
28.408
28.509
28.910
29.711
30.513
30.614
30.714
30.814
30.914
31.015
31.115
31.215
31.315
31.415
31.516
31.616
31.716
32.117
32.919
33.721
33.821
33.921
34.021
34.122
34.222
34.322
34.422
34.523
34.623
34.723
34.823
34.924
35.324
36.126
36.928
37.028
37.129
37.229
37.329
37.429
37.530
37.630
37.730
37.930
38.131
38.331
38.532
39.334
40.136
40.236
40.336
40.436
40.536
40.637
40.737
40.837
40.937
41.038
41.138
41.238
41.338
41.739
42.541
43.343
43.443
43.543
43.644
43.744
43.844
43.944
44.045
44.145
44.245
44.345
44.446
44.546
44.947
45.749
46.550
46.651
46.751
46.851
46.951
47.052
47.152
47.252
47.352
47.452
47.553
47.653
47.753
48.154
48.956
49.758
49.858
49.958
50.058
50.159
50.259
50.359
50.459
50.560
50.760
50.961
51.161
51.361
52.163
52.965
53.065
53.166
53.266
53.366
53.466
53.567
53.667
53.767
53.867
53.967
54.068
54.168
54.569
55.371
56.173
56.273
56.373
56.473
56.574
56.674
56.774
56.874
56.974
57.075
57.175
57.275
57.375
57.776
58.578
59.380
59.480
59.580
59.681
59.781
59.881
59.981
60.082
60.182
60.282
60.382
60.483
60.583
60.984
61.786
62.587
62.688
62.788
62.888
62.988
63.089
63.189
63.289
63.389
63.590
63.790
63.991
64.191
64.993
65.795
65.895
65.995
66.095
66.196
66.296
66.396
66.496
66.597
66.697
66.797
66.897
66.998
67.399
68.200
69.002
69.102
69.203
69.303
69.403
69.503
69.604
69.704
69.804
69.904
70.005
70.105
70.205
70.606
71.408
72.210
72.310
72.410
72.510
72.611
72.711
72.811
72.911
73.011
73.112
73.212
73.312
73.412
73.813
74.615
75.417
75.517
75.617
75.718
75.818
75.918
76.018
76.119
76.219
76.419
76.620
76.820
77.021
77.823
78.624
78.725
78.825
78.925
79.025
79.126
79.226
79.326
79.426
79.527
79.627
79.727
79.827
80.228
81.030
81.832
81.932
82.032
82.133
82.233
82.333
82.433
82.533
82.634
82.734
82.834
82.934
83.035
83.436
84.237
85.039
85.139
85.240
85.340
85.440
85.540
85.641
85.741
85.841
85.941
86.042
86.142
86.242
86.643
87.445
88.247
88.347
88.447
88.547
88.648
88.748
88.848
88.948
89.048
89.249
89.449
89.650
89.850
90.652
91.454
91.554
91.655
91.755
91.855
91.955
92.055
92.156
92.256
92.356
92.456
92.557
92.657
93.058
93.860
94.661
94.762
94.862
94.962
95.062
95.163
95.263
95.363
95.463
95.564
95.664
95.764
95.864
96.265
97.067
97.869
97.969
98.069
98.170
98.270
98.370
98.470
98.570
98.671
98.771
98.871
98.971
99.072
99.473
100.274
101.076
101.176
101.277
101.377
101.477
101.577
101.678
101.778
101.878
102.079
102.279
102.479
102.680
103.482
104.284
104.384
104.484
104.584
104.685
104.785
104.885
104.985
105.086
105.186
105.286
105.386
105.486
105.887
106.689
107.491
107.591
107.692
107.792
107.892
107.992
108.092
108.193
108.293
108.393
108.493
108.594
108.694
109.095
109.897
110.698
110.799
110.899
110.999
111.099
111.200
111.300
111.400
111.500
111.601
111.701
111.801
111.901
112.302
113.104
113.906
114.708
