1.285
1.754
1.989
2.223
2.692
2.926
3.160
3.629
3.863
4.098
4.332
4.566
4.801
5.035
5.504
5.738
5.973
6.441
6.676
6.910
7.379
7.613
7.848
8.082
8.316
8.433
8.551
8.668
8.785
9.254
9.488
9.722
9.957
10.074
10.191
10.426
10.660
11.129
11.363
11.597
11.832
12.066
12.300
12.535
13.003
13.238
13.472
13.941
14.175
14.410
14.878
15.113
15.347
15.581
15.816
15.933
16.050
16.167
16.285
16.753
16.988
17.222
17.456
17.574
17.691
17.925
18.159
18.394
18.511
18.628
18.863
19.097
19.331
19.566
19.800
20.034
20.269
20.503
20.737
20.972
21.206
21.323
21.441
21.675
21.909
22.144
22.261
22.378
22.612
22.847
23.081
23.315
23.433
23.550
23.667
23.784
24.253
24.487
24.722
24.956
25.073
25.190
25.425
25.659
25.893
26.011
26.128
26.362
26.596
26.831
27.065
27.300
27.534
27.768
28.003
28.237
28.471
28.706
28.823
28.940
29.174
29.409
29.643
29.760
29.878
30.112
30.346
30.581
30.815
31.049
31.284
31.752
32.221
32.690
33.159
33.627
34.096
34.565
35.033
35.502
35.971
36.440
36.908
37.377
37.846
38.315
38.783
39.018
39.252
39.486
39.721
39.955
40.189
40.424
40.658
40.893
41.127
41.361
41.596
41.830
42.064
42.299
42.533
42.650
42.767
42.885
43.002
43.119
43.236
43.353
43.471
43.588
43.705
43.822
43.939
44.056
44.174
44.291
44.408
44.642
44.760
44.877
45.111
45.345
45.580
45.814
46.283
46.752
47.220
47.455
47.689
48.158
48.626
49.095
49.330
49.564
50.033
50.501
50.970
51.204
51.439
51.908
52.376
52.845
53.079
53.314
53.782
54.251
54.720
54.954
55.189
55.657
56.126
56.595
56.829
57.063
57.532
58.001
58.470
58.704
58.938
59.407
59.641
59.876
60.110
60.345
60.579
60.813
61.048
61.282
61.516
61.634
61.751
61.985
62.102
62.219
62.454
62.688
62.923
63.157
63.391
63.508
63.626
63.860
64.094
64.329
64.563
64.797
65.032
65.266
65.383
65.501
65.735
65.852
65.969
66.204
66.438
66.672
66.907
67.141
67.375
67.610
67.844
68.078
68.313
68.547
68.782
69.016
69.133
69.250
69.485
69.602
69.719
69.953
70.188
70.422
70.656
70.891
71.008
71.125
71.360
71.594
71.828
72.063
72.297
72.531
72.766
72.883
73.000
73.234
73.352
73.469
73.703
73.938
74.172
74.406
74.641
74.875
75.109
75.344
75.578
75.812
76.047
76.281
80.031
80.500
80.734
80.968
81.437
81.671
81.906
82.375
82.609
82.843
83.078
83.312
83.546
83.781
84.249
84.484
84.718
85.187
85.421
85.656
86.124
86.359
86.593
86.827
87.062
87.179
87.296
87.413
87.531
87.999
88.234
88.468
88.702
88.819
88.937
89.171
89.405
89.874
90.108
90.343
90.577
90.812
91.046
91.280
91.749
91.983
92.218
92.686
92.921
93.155
93.624
93.858
94.093
94.327
94.561
94.679
94.796
94.913
95.030
95.499
95.733
95.968
96.202
96.319
96.436
96.671
96.905
97.139
97.257
97.374
97.608
97.842
98.077
98.311
98.545
98.780
99.014
99.249
99.483
99.717
99.952
100.069
100.186
100.420
100.655
100.889
101.006
101.123
101.358
101.592
101.827
102.061
102.178
102.295
102.412
102.530
102.998
103.233
103.467
103.701
103.819
103.936
104.170
104.405
104.639
104.756
104.873
105.108
105.342
105.576
105.811
106.045
106.279
106.514
106.748
106.983
107.217
107.451
107.568
107.686
107.920
108.154
108.389
108.506
108.623
108.857
109.092
109.326
109.560
109.795
110.029
110.498
110.967
111.435
111.904
112.373
112.842
113.310
113.779
114.248
114.716
115.185
115.654
116.123
116.591
117.060
117.529
117.763
117.998
118.232
118.466
118.701
118.935
119.169
119.404
119.638
119.872
120.107
120.341
120.575
120.810
121.044
121.279
121.396
121.513
121.630
121.747
121.864
121.982
122.099
122.216
122.333
122.450
122.568
122.685
122.802
122.919
123.036
123.153
123.388
123.505
123.622
123.857
124.091
124.325
124.560
125.028
125.263
125.380
125.497
125.731
125.966
126.200
126.435
126.903
127.138
127.255
127.372
127.606
127.841
128.075
128.309
128.778
129.013
129.130
129.247
129.481
129.716
129.950
130.184
130.419
130.887
131.122
131.356
131.590
131.825
132.059
132.294
132.528
132.762
132.879
132.997
133.231
133.465
133.700
133.934
134.168
134.403
134.637
134.754
134.872
135.106
135.340
135.575
135.809
136.278
136.512
136.629
136.746
136.981
137.215
137.450
137.684
137.918
138.387
138.621
138.856
139.090
139.324
139.559
139.793
140.028
140.262
140.379
140.496
140.731
140.848
140.965
141.199
141.434
141.668
141.902
142.137
142.254
142.371
142.605
142.840
143.074
143.309
143.543
143.777
144.012
144.129
144.246
144.480
144.598
144.715
144.949
145.183
145.418
145.652
145.887
146.121
146.355
146.590
146.824
147.058
147.293
147.527
147.761
147.879
147.996
148.230
148.347
148.465
148.699
148.933
149.168
149.402
149.636
149.754
149.871
150.105
150.339
150.574
150.808
151.043
151.277
151.511
151.628
151.746
151.980
152.097
152.214
152.449
152.683
152.917
153.152
153.386
153.620
153.855
154.089
154.324
154.558
154.792
155.027
155.495
155.964
156.433
156.902
157.370
157.839
158.308
158.776
159.245
159.714
160.183
160.651
161.120
161.589
162.058
162.526
162.761
162.995
163.229
163.464
163.698
163.932
164.167
164.401
164.635
164.870
165.104
165.339
165.573
165.807
166.042
166.276
166.393
166.510
166.628
166.745
166.862
166.979
167.096
167.213
167.331
167.448
167.565
167.682
167.799
167.917
168.034
168.151
170.026
170.495
170.729
170.963
171.198
171.315
171.432
171.666
171.901
172.135
172.369
172.604
172.838
173.073
173.307
173.541
173.776
174.244
174.479
174.713
174.947
175.065
175.182
175.416
175.650
175.885
176.002
176.119
176.354
176.588
176.822
177.057
177.174
177.291
177.408
177.525
177.994
178.228
178.463
178.697
178.814
178.932
179.166
179.400
179.635
179.869
180.103
180.338
180.572
180.806
181.041
181.275
181.744
181.978
182.213
182.447
182.564
182.681
182.916
183.150
183.384
183.502
183.619
183.853
184.087
184.322
184.556
184.673
184.791
184.908
185.025
185.494
185.728
185.962
186.197
186.314
186.431
186.665
186.900
187.134
187.369
187.603
187.837
188.072
188.306
188.540
188.775
189.243
189.478
189.712
189.947
190.064
190.181
190.415
190.650
190.884
191.001
191.118
191.353
191.587
191.821
192.056
192.173
192.290
192.407
192.525
192.993
193.228
193.462
193.696
193.814
193.931
194.165
194.399
194.634
194.868
195.102
195.337
195.571
195.806
196.040
196.274
196.743
196.977
197.212
197.446
197.563
197.680
197.915
198.149
198.384
198.501
198.618
198.852
199.087
199.321
199.555
199.673
199.790
199.907
200.024
200.493
200.962
201.430
201.899
202.368
202.836
203.305
203.774
204.243
204.711
205.180
205.649
206.117
206.586
207.055
207.524
207.992
208.461
208.930
209.399
209.867
210.336
210.805
211.273
211.742
212.211
212.680
213.148
213.617
214.086
214.555
215.023
215.492
215.961
216.429
216.898
217.367
217.836
218.304
218.773
219.242
219.710
220.179
220.648
221.117
221.585
222.054
222.523
222.992
223.460
223.929
224.398
224.866
225.335
225.804
226.273
226.741
227.210
227.679
228.147
228.616
229.085
229.554
