1.549
1.955
2.360
2.766
3.171
3.577
3.982
4.388
4.793
5.199
5.604
6.010
6.415
6.821
7.226
7.632
8.037
8.442
8.848
9.253
9.659
10.064
10.470
10.875
11.281
11.483
11.686
11.889
12.092
12.294
12.497
12.700
12.903
13.308
13.714
14.119
14.525
14.930
15.335
15.741
16.146
16.552
16.957
17.363
17.768
18.174
18.579
18.985
19.390
19.796
20.201
20.607
21.012
21.418
21.823
22.228
22.634
23.039
23.445
23.850
24.256
24.661
25.067
25.472
25.878
26.283
26.689
27.094
27.500
27.905
28.311
28.716
29.121
29.527
29.932
30.338
30.743
31.149
31.554
31.960
32.365
32.771
33.176
33.582
33.987
34.393
34.798
35.204
35.609
36.014
36.420
36.825
37.231
37.434
37.636
37.839
38.042
38.245
38.447
38.650
38.853
39.258
39.664
40.069
40.475
40.880
41.286
41.691
42.097
42.502
42.907
43.313
43.718
44.124
44.529
44.935
45.340
45.746
46.151
46.557
46.962
47.368
47.773
48.179
48.584
48.990
49.395
49.801
50.206
50.611
51.017
51.422
51.828
52.233
52.639
53.044
53.450
53.855
54.261
54.666
55.072
55.477
55.883
56.288
56.694
57.099
57.504
57.910
58.315
58.721
59.126
59.532
59.937
60.343
60.748
61.154
61.559
61.965
62.370
62.776
63.181
63.384
63.587
63.789
63.992
64.195
64.397
64.600
64.803
65.208
65.614
66.019
66.425
66.830
67.236
67.641
68.047
68.452
68.858
69.263
69.669
70.074
70.480
70.885
71.290
71.696
72.101
72.507
72.912
73.318
73.723
74.129
74.534
74.940
75.345
75.751
76.156
76.562
76.967
77.373
77.778
78.183
78.589
78.994
79.400
79.805
80.211
80.616
81.022
81.427
81.833
82.238
82.644
83.049
83.455
83.860
84.266
84.671
85.076
85.482
85.887
86.293
86.698
87.104
87.509
87.915
88.320
88.726
89.131
89.334
89.537
89.739
89.942
90.145
90.348
90.550
90.753
91.159
91.564
91.969
92.375
92.780
93.186
93.591
93.997
94.402
94.808
95.213
95.619
96.024
96.430
96.835
97.241
97.646
98.052
98.457
98.863
99.268
99.673
100.079
100.484
100.890
101.295
101.701
102.106
102.512
102.917
103.323
103.728
104.134
104.539
104.945
105.350
105.756
106.161
106.566
106.972
107.377
107.783
108.188
108.594
108.999
109.405
109.810
110.216
110.621
111.027
111.432
111.838
112.243
112.649
113.054
113.459
113.865
114.270
114.676
115.081
115.284
115.487
115.690
115.892
116.095
116.298
116.501
116.703
117.109
117.514
117.920
118.325
118.731
119.136
119.542
119.947
120.352
120.758
121.163
121.569
121.974
122.380
122.785
123.191
123.596
124.002
124.407
124.813
125.218
125.624
126.029
126.435
126.840
127.245
127.651
128.056
128.462
128.867
129.273
129.678
130.084
130.489
130.895
131.300
131.706
132.111
132.517
132.922
133.328
133.733
134.138
134.544
134.949
135.355
135.760
136.166
136.571
136.977
137.382
137.788
138.193
138.599
139.004
139.410
139.815
140.221
140.626
141.032
141.234
141.437
141.640
141.842
142.045
142.248
142.451
142.653
143.059
143.464
143.870
144.275
144.681
145.086
145.492
145.897
146.303
146.708
147.114
147.519
147.925
148.330
148.735
149.141
149.546
149.952
150.357
150.763
151.168
151.574
151.979
152.385
152.790
153.196
153.601
154.007
154.412
154.818
155.223
155.628
156.034
156.439
156.845
157.250
157.656
158.061
158.467
158.872
159.278
159.683
160.089
160.494
160.900
161.305
161.711
162.116
162.521
162.927
163.332
163.738
164.143
164.549
164.954
165.360
165.765
166.171
166.576
166.982
167.387
167.793
168.198
168.604
169.009
169.414
169.820
170.225
170.428
170.631
170.834
171.036
171.239
171.442
171.645
171.847
172.050
172.253
172.456
172.658
172.861
173.064
173.266
173.469
173.672
173.875
174.077
174.280
174.483
174.686
175.294
175.497
175.699
175.902
176.105
176.307
176.510
176.713
176.916
177.118
177.321
177.524
177.727
177.929
178.335
178.659
178.984
179.308
179.632
179.957
180.768
181.173
181.579
181.984
182.390
182.795
183.200
183.606
184.011
184.417
184.822
185.228
185.633
186.039
186.444
186.850
187.255
187.661
188.066
188.472
188.877
189.283
189.688
190.094
190.499
190.904
191.310
191.715
192.121
192.526
192.932
193.337
193.743
194.148
194.554
194.959
195.365
195.770
196.176
196.581
196.987
197.392
197.797
198.203
198.608
199.014
199.419
199.825
200.230
200.636
201.041
201.447
201.852
202.258
202.663
203.069
203.474
203.880
204.285
204.690
205.096
205.501
205.907
206.312
206.718
207.123
207.529
207.934
208.340
208.745
209.151
209.556
209.962
210.367
210.773
211.178
211.583
211.989
212.394
212.800
213.205
213.611
214.016
214.422
214.827
215.233
215.638
216.044
216.449
216.855
217.260
217.666
218.071
218.476
218.882
219.287
219.693
220.098
220.504
220.909
221.315
221.720
222.126
222.531
222.937
223.342
223.748
224.153
224.559
224.964
225.369
225.775
226.180
226.586
226.991
227.397
227.802
228.208
228.613
229.019
229.424
229.830
230.235
230.641
231.046
231.249
231.452
231.654
231.857
232.060
232.262
232.465
232.668
233.073
233.479
233.884
234.290
234.695
235.101
235.506
235.912
236.317
236.723
237.128
237.534
237.939
238.345
238.750
239.156
239.561
239.966
240.372
240.777
241.183
241.588
241.994
242.399
242.805
243.210
243.616
244.021
244.427
244.832
245.238
245.643
246.049
246.454
246.859
247.265
247.670
248.076
248.481
248.887
249.292
249.698
250.103
250.509
250.914
251.320
251.725
252.131
252.536
252.942
253.347
253.752
254.158
254.563
254.969
255.374
255.780
256.185
256.591
256.996
257.402
257.807
258.213
258.618
259.024
259.429
259.835
260.240
260.645
261.051
261.456
261.862
262.267
262.673
263.078
263.484
263.889
264.295
264.700
265.106
265.511
265.917
266.322
266.728
267.133
267.538
267.944
268.349
268.755
269.160
269.566
269.971
270.377
270.782
271.188
271.593
271.999
272.404
272.810
273.215
273.621
274.026
274.431
274.837
275.242
275.648
276.053
276.459
276.864
277.270
277.675
278.081
278.486
278.892
279.297
279.703
280.108
280.514
280.919
281.325
281.730
282.135
282.541
282.946
283.149
283.352
283.555
283.757
283.960
284.163
284.366
284.568
284.974
285.379
285.785
286.190
286.596
287.001
287.407
287.812
288.218
288.623
289.028
289.434
289.839
290.245
290.650
291.056
291.461
291.867
292.272
292.678
293.083
293.489
293.894
294.300
294.705
295.111
295.516
295.921
296.124
296.327
296.530
296.732
296.935
297.138
297.341
297.543
297.949
298.354
298.760
299.165
299.571
299.976
300.382
300.787
301.193
301.598
302.004
302.409
302.814
303.220
303.625
304.031
304.436
304.842
305.247
305.653
306.058
306.464
306.869
307.275
307.680
308.086
308.491
308.897
309.099
309.302
309.505
309.707
309.910
310.113
310.316
310.518
310.924
311.329
311.735
312.140
313.762
315.874
317.985
320.097
322.208
324.320
326.431
328.542
330.654
332.765
