0.379
0.724
1.069
1.758
2.103
2.448
3.137
3.482
3.827
4.516
4.861
5.205
5.895
6.240
6.584
7.274
7.618
7.963
8.653
8.997
9.342
10.032
10.721
11.410
11.755
12.100
12.445
12.789
13.134
13.479
13.823
14.168
14.513
14.858
15.202
15.547
15.892
16.236
16.581
16.926
17.271
17.615
17.960
18.305
18.649
18.994
19.339
19.684
20.028
20.373
20.718
21.062
21.407
21.752
22.097
22.441
22.786
23.131
23.476
23.820
24.165
24.510
24.854
25.199
25.544
25.889
26.233
26.578
26.923
27.267
27.612
27.957
28.302
28.646
28.991
29.336
29.680
30.025
30.370
30.715
31.059
31.404
31.749
32.093
32.783
33.472
33.817
34.162
34.851
35.196
35.541
36.230
36.575
36.920
37.609
37.954
38.298
38.988
39.333
39.677
40.367
40.711
41.056
41.746
42.090
42.435
43.124
43.814
44.503
44.848
45.193
45.537
45.882
46.227
46.572
46.916
47.261
47.606
47.951
48.295
48.640
48.985
49.329
49.674
50.019
50.364
50.708
51.053
51.398
51.742
52.087
52.432
52.777
53.121
53.466
53.811
54.155
54.845
55.534
55.879
56.224
56.568
56.913
57.258
57.603
58.292
58.637
58.982
59.326
59.671
60.016
60.360
61.050
61.395
61.739
62.084
62.429
62.773
63.118
63.808
64.152
64.497
64.842
65.186
65.876
66.565
66.738
66.910
67.082
67.255
67.599
67.944
68.117
68.289
68.461
68.634
68.978
69.323
69.495
69.668
69.840
70.012
70.357
70.702
70.874
71.047
71.219
71.391
71.736
72.081
72.253
72.426
72.598
72.770
73.115
73.460
73.632
73.804
73.977
74.149
74.494
74.839
75.011
75.183
75.356
75.528
75.873
76.217
76.390
76.562
76.735
76.907
77.252
77.596
77.769
77.941
78.113
78.286
78.630
78.975
79.148
79.320
79.492
79.665
80.009
80.354
80.526
80.699
80.871
81.043
81.388
81.733
81.905
82.078
82.250
82.422
82.767
83.112
83.284
83.457
83.629
83.801
84.146
84.491
84.663
84.835
85.008
85.180
85.525
85.870
86.042
86.214
86.387
86.559
86.904
87.248
87.938
88.627
88.972
89.317
89.661
90.006
90.351
90.696
91.040
91.385
91.730
92.074
92.419
92.764
93.453
94.143
94.487
94.832
95.522
95.866
96.211
96.901
97.245
97.590
98.279
98.969
99.658
100.003
100.348
101.037
101.382
101.727
102.416
102.761
103.105
103.795
104.484
105.174
105.518
105.863
106.553
106.897
107.242
107.932
108.276
108.621
109.310
110.000
110.689
110.862
111.034
111.206
111.379
111.551
111.723
112.068
112.240
112.413
112.585
112.758
112.930
113.102
113.447
113.619
113.792
113.964
114.136
114.309
114.481
114.826
114.998
115.171
115.343
115.515
115.688
115.860
116.205
116.377
116.549
116.722
116.894
117.067
117.239
117.584
117.756
117.928
118.101
118.273
118.445
118.618
118.962
119.135
119.307
119.480
119.652
119.824
119.997
120.341
120.514
120.686
120.858
121.031
121.203
121.376
121.720
122.065
122.410
122.754
123.099
123.444
123.789
124.133
124.478
124.823
125.167
125.512
125.857
126.202
126.546
126.891
127.236
127.580
127.925
128.270
128.615
128.959
129.304
129.649
129.993
130.338
130.683
131.028
131.372
132.062
132.751
132.924
133.096
133.268
133.441
133.613
133.785
133.958
134.130
134.302
134.475
134.647
134.820
134.992
135.164
135.337
135.509
135.681
135.854
136.026
136.198
136.371
136.543
136.715
136.888
137.060
137.233
137.405
137.577
137.750
137.922
138.094
138.267
138.439
138.611
138.784
138.956
139.129
139.301
139.473
139.646
139.818
139.990
140.163
140.335
140.507
140.680
140.852
141.024
141.197
141.369
141.542
141.714
141.886
142.059
142.231
142.403
143.093
143.782
143.955
144.127
144.472
144.644
144.816
145.161
145.333
145.506
145.851
146.023
146.195
146.540
146.712
146.885
147.229
147.402
147.574
147.919
148.091
148.264
148.608
148.781
148.953
149.298
149.470
149.642
149.987
150.160
150.332
150.677
150.849
151.021
151.366
151.538
151.711
152.055
152.228
152.400
152.745
152.917
153.090
153.434
154.124
154.813
154.986
155.158
155.330
155.503
155.675
155.847
156.192
156.364
156.537
156.709
156.882
157.054
157.226
157.571
157.743
157.916
158.088
158.260
158.433
158.605
158.950
159.122
159.295
159.467
159.639
159.812
159.984
160.329
160.501
160.673
160.846
161.018
161.190
161.363
161.708
161.880
162.052
162.225
162.397
162.569
162.742
163.086
163.259
163.431
163.604
163.776
163.948
164.121
164.465
165.155
165.844
