2.575
3.036
3.498
3.960
4.421
4.883
5.344
5.806
6.267
6.729
7.191
7.652
8.114
8.575
9.037
9.268
9.499
9.729
9.960
10.422
10.883
11.345
11.806
12.268
12.730
13.191
13.653
14.114
14.576
15.037
15.268
15.499
17.345
17.576
17.807
18.038
18.268
18.499
18.730
18.961
19.192
19.422
19.653
19.884
20.115
20.346
20.576
20.807
21.038
21.269
21.500
21.730
21.961
22.192
22.423
22.653
22.884
23.115
23.346
23.577
23.807
24.038
24.269
24.500
24.731
24.961
25.192
25.423
25.654
25.885
26.115
26.346
26.577
26.808
27.038
27.269
27.500
27.731
27.962
28.192
28.423
28.885
29.116
29.346
29.808
30.270
30.731
30.962
31.193
31.423
31.654
31.885
32.116
32.347
32.577
33.039
33.270
33.501
33.962
34.193
34.424
34.885
35.808
36.039
36.270
36.732
36.962
37.193
37.655
37.886
38.116
38.578
38.809
39.040
39.501
39.963
40.424
40.886
41.347
41.809
42.271
42.732
43.194
43.655
44.117
44.578
45.040
45.502
45.963
46.425
46.886
47.256
47.625
48.363
48.733
49.102
49.471
50.210
50.579
50.810
51.041
51.271
51.502
51.733
51.964
52.194
52.425
52.656
52.887
53.118
53.348
53.579
53.810
54.041
54.272
54.502
54.733
54.964
55.195
55.426
55.656
55.887
56.118
56.349
56.579
56.810
57.041
57.272
57.503
57.733
57.964
58.195
58.426
58.657
58.887
59.118
59.349
59.580
59.811
60.041
60.272
60.503
60.734
60.964
61.195
61.426
61.657
61.888
62.118
62.349
62.580
62.811
63.042
63.272
63.503
63.734
63.965
64.196
64.426
64.657
64.888
65.119
65.349
65.580
65.811
66.042
66.273
66.503
66.734
66.965
67.196
67.657
68.119
68.581
69.042
69.273
69.504
69.734
69.965
70.196
70.427
70.658
70.888
71.350
71.812
72.273
72.735
72.966
73.196
73.658
73.889
74.119
74.581
74.812
75.043
75.504
75.735
75.966
76.427
76.658
76.889
77.351
77.581
77.812
78.274
78.504
78.735
79.197
79.428
79.658
80.120
80.351
80.582
81.043
81.274
81.505
81.966
82.197
82.428
82.889
83.120
83.351
83.813
84.043
84.274
84.736
84.967
85.197
85.659
85.890
86.121
86.582
86.813
87.044
87.505
87.875
88.244
88.982
89.352
89.721
90.090
90.829
91.198
91.429
91.659
91.890
92.121
92.352
92.583
92.813
93.044
93.275
93.506
93.737
93.967
94.198
94.429
94.660
94.890
95.121
95.352
95.583
95.814
96.044
96.275
96.506
96.737
96.968
97.198
97.429
97.660
97.891
98.122
98.352
98.583
98.814
99.045
99.275
99.506
99.737
99.968
100.199
100.429
100.660
100.891
101.122
101.353
101.583
101.814
102.045
102.276
102.507
102.737
102.968
103.199
103.430
103.660
103.891
104.122
104.353
104.584
104.814
105.045
105.276
105.507
105.738
105.968
106.199
106.430
106.661
106.892
107.122
107.353
107.584
107.815
108.276
108.738
109.199
109.661
109.892
110.123
110.353
110.584
110.815
111.046
111.277
111.507
111.969
112.430
112.892
113.354
113.584
113.815
114.046
114.277
114.508
114.738
114.969
115.200
115.431
115.662
115.892
116.123
116.354
116.585
116.815
117.046
117.277
117.508
117.739
117.969
118.200
118.431
118.662
118.893
119.123
119.354
119.585
119.816
120.047
120.277
120.508
120.739
120.970
121.200
121.662
121.893
122.124
122.585
122.816
123.047
123.508
123.739
123.970
124.432
124.662
124.893
125.355
125.585
125.816
126.278
126.509
126.739
127.201
127.432
127.663
128.124
128.355
128.586
129.047
129.278
129.509
129.970
130.201
130.432
130.894
131.124
131.355
131.817
132.048
132.278
132.740
132.971
133.201
133.663
134.894
135.509
135.740
135.971
136.202
136.433
136.663
136.894
137.125
137.356
137.586
137.817
138.048
138.279
138.510
138.740
138.971
139.202
139.433
139.664
139.894
140.125
140.356
140.587
140.818
141.048
141.279
141.510
141.741
141.971
142.202
142.433
142.664
142.895
143.125
143.356
143.587
143.818
144.049
144.279
144.510
144.741
144.972
145.203
145.433
145.664
145.895
146.126
146.356
146.587
146.818
147.049
147.280
147.510
147.741
147.972
148.203
148.434
148.895
149.357
149.818
150.280
150.511
150.741
150.972
151.203
151.434
151.665
151.895
152.126
152.357
152.588
152.819
153.049
153.280
153.511
153.742
153.973
154.203
154.434
154.665
154.896
155.126
155.357
155.588
155.819
156.050
156.280
156.511
156.742
156.973
157.204
157.434
157.665
157.896
158.127
158.358
158.588
158.819
159.050
159.281
159.511
159.742
159.973
160.204
160.435
160.665
160.896
161.127
161.358
161.589
161.819
162.050
162.281
162.512
162.742
162.973
163.204
163.666
164.127
164.589
165.050
165.281
165.512
165.743
165.974
166.204
166.435
166.666
166.897
167.127
167.358
167.589
167.820
168.051
168.281
168.512
168.743
168.974
169.205
169.435
169.666
169.897
170.128
170.359
170.589
171.051
171.512
171.974
172.436
172.666
172.897
173.128
173.359
173.590
173.820
174.051
174.282
174.513
174.744
174.974
175.205
175.436
175.667
175.897
176.128
176.359
176.590
176.821
177.051
177.282
177.513
177.744
177.975
178.205
178.436
178.667
178.898
179.129
179.359
179.590
179.821
