10.754
11.629
12.004
12.380
12.755
13.255
13.630
14.006
14.381
14.756
15.631
16.007
16.382
16.757
17.257
17.633
18.008
18.383
18.758
18.883
19.133
19.259
19.509
19.634
20.009
20.384
20.759
20.884
21.135
21.260
21.510
21.635
22.010
22.385
22.760
22.886
23.136
23.261
23.511
23.636
24.011
24.386
24.762
24.887
25.137
25.262
25.512
25.637
26.012
26.388
26.763
26.888
27.138
27.263
27.513
27.638
28.013
28.389
28.764
28.889
29.139
29.264
29.514
29.639
30.015
30.390
30.765
30.890
31.140
31.265
31.515
31.640
32.016
32.391
32.766
32.891
33.141
33.266
33.517
33.642
34.017
34.392
34.767
34.892
35.142
35.268
35.518
35.643
36.018
36.393
36.768
36.893
37.144
37.269
37.519
37.644
38.019
38.394
38.770
38.895
39.145
39.270
39.520
39.645
40.020
40.395
40.771
42.772
43.572
44.106
44.639
44.906
45.440
45.707
46.240
46.507
46.774
47.574
48.108
48.642
48.909
49.442
49.709
50.243
50.509
50.776
51.577
52.110
52.644
52.911
53.444
53.711
54.245
54.512
54.779
55.579
56.113
56.646
56.913
57.447
57.714
58.247
58.514
58.781
59.281
59.531
59.781
60.032
60.282
60.782
61.282
61.782
62.283
62.783
63.283
63.533
63.784
64.034
64.284
64.784
65.284
65.785
66.285
66.785
67.035
67.286
67.536
67.786
68.036
68.286
68.786
69.037
69.287
69.537
69.787
70.287
70.788
71.038
71.288
71.538
71.788
72.038
72.288
72.789
73.289
73.789
74.290
74.790
75.790
76.791
77.792
78.792
79.793
80.793
81.794
82.794
82.961
83.295
83.461
83.795
84.295
84.795
84.962
85.296
85.463
85.796
86.296
86.797
86.963
87.297
87.464
87.797
88.297
88.798
88.964
89.298
89.465
89.798
90.299
90.799
90.966
91.299
91.466
91.799
92.300
92.800
92.967
93.300
93.467
93.801
94.301
94.801
94.968
95.301
95.468
95.802
96.302
96.802
96.969
97.303
97.469
97.803
98.303
98.803
98.970
99.304
99.470
99.804
100.304
100.804
100.971
101.305
101.472
101.805
102.305
102.806
102.972
103.306
103.473
103.806
104.306
104.807
106.808
107.308
107.808
108.309
108.809
109.309
109.810
110.310
110.810
111.310
111.811
112.311
112.811
113.312
113.812
114.312
114.812
115.063
115.313
115.563
115.813
116.063
116.814
117.064
117.314
117.564
117.814
118.064
118.815
119.065
119.315
119.565
119.815
120.065
120.816
121.316
121.816
122.317
122.817
123.317
123.567
123.817
124.068
124.318
124.818
125.318
125.568
125.819
126.069
126.319
126.819
127.319
127.570
127.820
128.070
128.320
128.820
129.321
129.571
129.821
130.071
130.321
130.821
131.072
131.322
131.572
131.822
132.072
132.823
133.073
133.323
133.573
133.823
134.073
134.824
135.074
135.324
135.574
135.824
136.074
136.825
137.325
137.825
138.326
138.826
140.827
142.828
143.328
143.829
144.329
144.829
145.330
145.830
146.330
146.830
147.331
147.831
148.331
148.832
149.332
149.832
150.332
150.833
151.333
151.833
152.334
152.834
153.334
153.834
154.335
154.835
155.085
155.335
155.585
155.836
156.086
156.336
156.586
156.836
156.961
157.086
157.211
157.336
157.461
157.586
157.712
157.837
157.962
158.087
158.212
158.337
158.462
158.587
158.712
158.837
160.838
161.339
161.839
162.339
162.839
163.340
163.840
164.340
164.841
165.341
165.841
166.341
166.842
167.342
167.842
168.343
168.843
169.093
169.343
169.593
169.843
170.094
170.844
171.094
171.344
171.594
171.845
172.095
172.845
173.095
173.345
173.596
173.846
174.096
174.846
175.347
175.847
176.347
176.847
177.348
177.598
177.848
178.098
178.348
178.848
179.349
179.599
179.849
180.099
180.349
180.850
181.350
181.600
181.850
182.100
182.350
182.851
183.351
183.601
183.851
184.101
184.352
184.852
185.102
185.352
185.602
185.852
186.103
186.853
187.103
187.353
187.603
187.854
188.104
188.854
189.104
189.354
189.605
189.855
190.105
190.855
191.356
191.856
192.356
