0.113
1.988
3.238
3.550
3.863
5.738
6.988
7.301
7.613
9.488
10.738
11.051
11.363
13.239
14.489
14.801
15.114
16.989
18.239
18.551
18.864
19.333
19.802
20.270
20.739
21.208
21.677
22.145
22.614
24.489
26.365
26.833
27.302
27.771
28.240
28.708
29.177
29.646
30.115
30.584
31.052
31.521
31.990
32.459
32.928
33.396
33.865
34.334
34.803
35.271
35.740
36.209
36.678
37.147
37.615
38.084
38.553
39.022
39.491
39.803
40.116
40.428
40.741
41.053
41.209
41.366
41.835
42.303
42.772
43.241
43.710
44.178
44.647
45.116
45.585
46.054
46.522
46.991
47.460
47.929
48.398
48.866
49.335
49.804
50.273
50.741
51.210
51.679
52.148
52.617
53.085
53.554
54.023
54.492
54.804
55.117
55.273
55.429
55.742
56.367
56.836
57.304
57.773
58.242
58.711
59.180
59.648
60.117
60.586
61.055
61.524
61.992
62.305
62.617
62.930
63.086
63.242
63.399
63.867
64.336
64.805
65.274
65.743
65.977
66.211
66.446
66.680
66.915
67.149
67.383
67.618
67.735
67.852
67.969
68.087
68.204
68.321
68.438
68.555
68.673
68.790
68.907
69.024
69.141
69.258
69.376
69.493
71.368
71.837
72.306
72.774
73.243
73.712
74.181
74.650
74.884
75.118
75.587
76.056
76.525
76.993
77.306
77.619
77.931
78.244
78.869
79.337
79.806
80.275
80.744
81.213
81.681
82.150
82.385
82.619
83.088
83.556
84.025
84.494
84.807
85.119
85.432
85.744
86.369
86.838
87.307
87.776
88.244
88.713
89.182
89.651
89.885
90.119
90.588
91.057
91.526
91.995
92.307
92.620
92.932
93.245
93.870
94.339
94.807
95.276
95.745
96.214
96.682
97.151
97.386
97.620
98.089
98.558
99.026
99.495
99.808
100.120
100.433
100.589
100.745
100.902
101.370
101.839
102.308
102.777
103.245
103.714
104.183
104.652
104.886
105.121
105.589
106.058
106.527
106.996
107.308
107.621
107.933
108.246
108.871
109.340
109.808
110.277
110.746
111.215
111.684
112.152
112.387
112.621
113.090
113.559
114.028
114.496
114.965
115.434
115.903
116.371
118.247
120.122
121.997
123.403
123.638
123.872
125.747
127.622
129.498
130.904
131.138
131.373
131.841
132.076
132.310
132.545
132.662
132.896
133.013
133.248
133.717
133.951
134.185
134.420
134.537
134.771
134.889
135.123
135.592
135.826
136.061
136.295
136.412
136.646
136.764
136.998
137.467
137.701
137.936
138.170
138.287
138.522
138.639
138.873
139.342
139.576
139.811
140.045
140.162
140.397
140.514
140.748
141.217
141.452
141.686
141.920
142.038
142.272
142.389
142.624
142.858
143.092
143.327
143.561
143.795
144.030
144.264
144.499
144.616
144.733
144.850
144.967
145.085
145.202
145.319
145.436
145.905
146.374
146.843
147.311
147.780
148.249
148.718
149.187
149.655
149.890
150.124
150.593
151.062
151.530
151.999
152.312
152.624
152.937
153.249
153.874
154.343
154.812
155.281
155.750
156.218
156.687
157.156
157.390
157.625
158.093
158.562
159.031
159.500
159.812
160.125
160.437
160.594
160.750
160.906
161.375
161.844
162.313
162.781
163.250
163.719
164.188
164.656
164.891
165.125
165.594
166.063
166.532
167.000
167.313
167.625
167.938
168.250
168.876
169.344
169.813
170.282
170.751
171.219
171.688
172.157
172.391
172.626
173.095
173.563
174.032
174.501
174.970
175.439
175.907
176.376
178.251
180.126
182.002
183.408
183.642
183.877
185.752
187.627
189.502
190.908
191.143
191.377
191.846
192.080
192.315
192.549
192.666
192.901
193.018
193.252
193.721
193.956
194.190
194.424
194.542
194.776
194.893
195.128
195.596
195.831
196.065
196.300
196.417
196.651
196.768
197.003
197.471
197.706
197.940
198.175
198.292
198.526
198.643
198.878
199.347
199.581
199.815
200.050
200.167
200.401
200.519
200.753
201.222
201.456
201.691
201.925
202.042
202.277
202.394
202.628
202.863
203.097
203.331
203.566
203.800
204.034
204.269
204.503
204.620
204.738
204.855
204.972
205.089
205.206
205.324
205.441
206.378
206.847
207.316
207.785
208.254
208.722
209.191
209.660
209.894
210.129
210.597
211.066
211.535
212.004
212.316
212.629
212.941
213.254
213.879
214.348
214.817
215.285
215.754
216.223
216.692
217.161
217.395
217.629
218.098
218.567
219.036
219.504
219.817
220.129
220.442
220.598
220.755
220.911
221.380
221.848
222.317
222.786
223.255
223.724
224.192
224.661
224.895
225.130
225.599
226.067
226.536
227.005
227.318
227.630
227.943
228.255
228.880
229.349
229.818
230.287
230.755
231.224
231.693
232.162
232.396
232.630
233.099
233.568
234.037
234.506
234.974
235.443
235.912
236.381
238.256
