0.096
0.534
0.973
1.411
1.849
2.287
2.725
3.163
3.602
4.278
4.935
5.154
6.031
6.469
6.907
7.783
8.441
8.660
9.536
9.974
10.412
11.289
11.946
12.165
13.042
13.480
13.918
14.794
15.451
15.671
16.547
16.985
17.423
18.300
18.957
19.176
20.052
20.491
20.929
21.805
22.462
22.681
23.558
23.996
24.434
25.310
25.968
26.187
27.063
27.501
27.939
28.816
29.473
29.692
30.569
31.007
31.445
31.883
32.321
32.540
32.759
33.198
33.636
34.074
34.293
34.512
34.950
35.388
35.827
36.046
36.265
36.703
37.141
37.579
37.798
38.018
38.456
38.894
39.332
39.551
39.770
40.208
40.647
41.085
41.304
41.523
41.961
42.399
42.837
43.057
43.276
43.714
44.152
44.590
44.809
45.028
45.467
46.343
47.000
47.219
48.096
48.534
48.972
49.848
50.506
50.725
51.601
52.039
52.477
53.354
54.011
54.230
55.106
55.545
55.983
56.859
57.516
57.735
58.612
59.050
59.488
60.365
61.022
61.241
62.117
62.555
62.994
63.870
64.527
64.746
65.623
66.061
66.499
67.375
68.033
68.252
69.128
69.566
70.004
70.881
71.538
71.757
72.633
73.072
73.510
73.729
73.948
74.386
74.605
74.824
75.263
75.482
75.701
76.139
76.358
76.577
77.015
77.234
77.453
77.892
78.111
78.330
78.768
78.987
79.206
79.644
79.863
80.082
80.521
80.740
80.959
81.397
81.616
81.835
82.273
82.492
82.712
83.150
83.369
83.588
84.026
84.245
84.464
84.902
85.121
85.341
85.779
85.998
86.217
86.655
86.874
87.093
87.531
87.970
88.408
88.846
89.284
89.722
90.160
90.599
90.891
91.037
91.183
91.475
91.913
92.351
92.643
92.790
93.228
93.666
93.885
94.104
94.323
94.542
94.980
95.419
95.857
96.295
96.733
97.171
97.609
98.048
98.486
98.924
99.362
99.800
100.239
100.677
100.896
101.115
101.334
101.553
101.991
102.210
102.429
102.868
103.087
103.306
103.744
103.963
104.182
104.620
104.839
105.058
105.497
105.716
105.935
106.373
106.592
106.811
107.249
107.468
107.688
107.907
108.126
108.345
108.564
108.783
109.002
109.221
109.440
109.878
110.317
110.536
110.755
110.974
111.193
111.631
112.069
112.288
112.507
112.727
112.946
113.384
113.822
114.041
114.260
114.479
114.698
115.137
115.575
115.794
116.013
116.232
116.451
116.889
117.327
117.546
117.766
117.985
118.204
118.642
119.080
119.299
119.518
119.737
119.956
120.395
120.833
121.052
121.271
121.490
121.709
122.147
122.586
123.024
123.462
123.900
124.338
124.776
125.215
125.653
126.091
126.529
126.967
127.405
127.844
128.282
128.720
129.158
129.596
130.035
130.473
130.911
131.349
131.787
132.225
132.664
133.102
133.540
133.978
134.416
134.854
135.293
135.731
136.169
136.607
137.045
137.484
137.922
138.214
138.360
138.798
139.236
139.674
139.967
140.113
140.551
140.989
141.427
141.719
141.865
142.303
142.742
143.180
143.472
143.618
144.056
144.494
144.932
145.225
145.371
145.809
146.247
146.685
146.977
147.123
147.562
148.000
148.438
148.730
148.876
149.314
149.752
150.191
150.629
151.505
152.162
152.381
153.258
153.696
154.134
155.011
155.668
155.887
156.763
157.201
157.640
158.516
159.173
159.392
160.269
160.707
161.145
162.021
162.679
162.898
163.774
164.212
164.650
165.527
166.184
166.403
167.279
167.718
168.156
169.032
169.689
169.909
170.785
171.223
171.661
172.538
173.195
173.414
174.290
174.728
175.167
176.043
176.700
176.919
177.796
178.234
178.672
179.110
179.548
179.767
179.987
180.425
180.863
181.301
181.520
181.739
182.177
182.616
183.054
183.273
183.492
183.930
184.368
184.807
185.026
185.245
185.683
186.121
186.559
186.778
186.997
187.436
187.874
188.312
188.531
188.750
189.188
189.626
190.065
190.284
190.503
190.941
191.379
191.817
192.036
192.256
192.694
193.132
193.570
194.008
194.446
194.885
195.323
195.761
196.199
196.637
197.075
197.514
197.952
