0.191
0.653
1.114
2.037
2.499
2.960
3.883
4.344
4.806
5.729
6.190
6.651
7.574
7.805
8.036
8.497
8.728
9.189
9.420
9.651
9.882
10.112
10.343
10.574
10.804
11.035
11.266
11.497
11.727
12.189
12.419
12.881
13.112
13.342
13.573
13.804
14.034
14.265
14.496
14.727
14.957
15.188
15.419
15.880
16.111
16.572
16.803
17.034
17.264
17.495
17.726
17.957
18.187
18.418
18.649
18.880
19.110
19.572
19.802
20.264
21.417
21.648
21.879
22.110
22.340
22.571
22.802
23.263
23.494
23.955
24.186
24.417
24.647
24.878
25.109
25.340
25.570
25.801
26.032
26.263
26.493
26.955
27.185
27.647
27.878
28.108
28.339
28.570
28.800
29.031
29.262
29.493
29.723
29.954
30.185
30.646
30.877
31.338
31.569
31.800
32.030
32.261
32.492
32.723
32.953
33.184
33.415
33.646
33.876
34.338
34.568
35.030
35.261
35.491
35.722
35.953
36.183
36.414
36.645
36.876
37.106
37.568
38.029
38.491
38.952
39.413
39.875
40.336
40.798
41.259
41.721
42.182
42.644
43.566
44.489
44.720
44.951
45.412
45.643
46.104
46.335
46.566
46.796
47.027
47.258
47.489
47.719
47.950
48.181
48.412
48.642
49.104
49.334
49.796
50.027
50.257
50.488
50.719
50.949
51.180
51.411
51.642
51.872
52.103
52.334
52.795
53.026
53.487
53.718
53.949
54.179
54.410
54.641
54.872
55.102
55.333
55.564
55.795
56.025
56.487
56.717
57.179
57.410
57.640
57.871
58.102
58.332
58.563
58.794
59.025
59.255
59.717
60.178
60.640
61.101
61.562
62.024
62.485
62.947
63.408
63.870
64.331
64.793
65.254
65.715
66.177
66.638
67.100
67.561
68.023
68.484
68.945
69.407
69.868
70.330
70.791
71.253
71.714
72.176
72.637
73.098
73.329
73.560
73.791
74.021
74.252
74.483
74.944
75.175
75.636
75.867
76.098
76.328
76.559
76.790
77.021
77.251
77.482
77.713
77.943
78.174
78.636
78.866
79.328
79.559
79.789
80.020
80.251
80.481
80.712
80.943
81.174
81.404
81.635
81.866
82.327
82.789
83.250
83.481
83.711
84.173
84.634
85.096
85.326
85.557
86.019
86.480
86.942
87.172
87.403
87.864
88.326
88.787
89.018
89.249
89.710
90.172
90.633
90.864
91.094
91.556
92.017
92.479
92.709
92.940
93.402
93.863
94.325
94.555
94.786
95.247
95.709
96.170
96.401
96.632
97.093
97.555
98.016
98.247
98.477
98.939
99.400
99.862
100.092
100.323
100.785
101.246
101.708
101.938
102.169
102.630
103.092
103.553
103.784
104.015
104.476
104.938
105.399
105.630
105.860
106.322
106.783
107.245
107.475
107.706
108.168
108.629
109.090
109.321
109.552
110.013
110.475
110.936
111.167
111.398
111.628
111.859
112.090
112.321
112.551
112.782
113.705
113.936
114.166
114.397
114.628
114.858
115.089
115.551
115.781
116.243
116.473
116.704
116.935
117.166
117.396
117.627
117.858
118.089
118.319
118.550
118.781
119.242
119.473
119.934
120.165
120.396
120.626
120.857
121.088
121.319
121.549
121.780
122.011
122.241
122.472
122.934
123.164
123.626
123.856
124.087
124.318
124.549
124.779
125.010
125.241
125.472
125.702
125.933
126.164
126.625
126.856
127.317
127.548
127.779
128.009
128.240
128.471
128.702
128.932
129.163
129.394
129.855
130.317
130.778
131.239
131.701
132.162
132.624
133.085
133.547
134.008
134.470
134.931
135.392
135.854
136.315
136.777
137.238
137.700
138.161
138.622
139.084
139.545
140.007
140.468
140.930
141.391
141.853
142.314
142.775
143.237
143.468
143.698
143.929
144.160
144.314
144.621
144.775
145.083
145.236
145.544
145.698
146.005
146.159
146.467
146.621
146.928
147.082
147.390
147.544
147.851
148.005
148.313
148.466
148.774
148.928
149.236
149.389
149.697
149.851
150.158
150.312
150.620
150.774
151.081
151.235
151.543
151.697
152.004
152.158
152.466
152.619
152.927
153.081
153.388
153.542
153.850
154.004
154.311
154.465
154.773
154.927
155.234
155.388
155.696
155.849
156.157
156.311
156.619
156.772
157.080
157.234
157.541
157.695
158.003
158.157
158.464
158.618
160.771
162.617
162.848
163.079
163.540
163.771
164.232
164.463
164.694
164.924
165.155
165.386
165.617
165.847
166.078
166.309
166.539
166.770
167.232
167.462
167.924
168.154
168.385
168.616
168.847
169.077
169.308
169.539
169.769
170.000
170.231
170.462
170.923
171.154
171.615
171.846
172.077
172.307
172.538
172.769
173.000
173.230
173.461
173.692
173.922
174.153
174.615
174.845
175.307
175.537
175.768
175.999
176.230
176.460
176.691
176.922
177.152
177.383
177.614
177.845
178.306
178.537
178.998
179.229
179.460
179.690
179.921
180.152
180.383
180.613
180.844
181.075
181.305
181.536
181.998
182.228
182.690
182.920
183.151
183.382
183.613
183.843
184.074
184.305
184.535
184.766
184.997
185.228
185.689
185.920
186.381
186.612
186.843
187.073
187.304
187.535
187.766
187.996
188.227
188.458
188.688
188.919
189.381
189.611
190.073
190.303
190.534
190.765
190.996
191.226
191.457
191.688
191.918
192.149
192.380
192.611
193.072
193.303
193.764
193.995
194.226
194.456
194.687
194.918
195.149
195.379
195.610
195.841
196.071
196.302
196.764
196.994
197.456
197.686
197.917
198.148
198.379
198.609
198.840
199.071
199.301
199.532
199.763
199.994
200.455
200.686
201.147
201.378
201.609
201.839
202.070
202.301
202.532
202.762
202.993
203.224
203.454
203.685
204.147
204.377
204.839
205.069
205.300
205.531
205.762
205.992
206.223
206.454
206.684
206.915
