0.396
0.796
1.195
1.595
1.995
2.395
2.795
2.995
3.194
3.594
3.994
4.394
4.794
5.194
5.593
5.993
6.193
6.393
6.793
7.193
7.592
7.992
8.392
8.792
9.192
9.392
9.591
9.991
10.391
10.791
11.191
11.591
11.790
11.990
12.190
12.390
12.590
12.790
12.990
13.190
13.590
13.989
14.389
14.789
15.189
15.589
15.989
16.388
16.788
17.188
17.588
17.988
18.387
18.787
19.187
19.387
19.587
19.987
20.386
20.786
21.186
21.586
21.986
22.386
22.785
22.985
23.385
23.585
23.985
24.385
24.784
25.184
25.584
25.984
26.384
26.783
27.183
27.583
27.983
28.383
28.783
29.182
29.582
29.982
30.382
30.782
31.181
31.581
31.981
32.381
32.781
33.181
33.580
33.980
34.380
34.780
35.180
35.579
35.779
36.179
36.379
36.779
37.179
37.578
37.978
38.378
38.778
39.578
40.377
41.177
41.976
42.363
42.556
42.750
43.136
43.523
43.909
44.102
44.296
44.682
45.069
45.455
45.649
45.842
46.228
46.615
47.001
47.195
47.388
47.775
48.161
48.548
48.741
48.934
49.321
49.707
50.094
50.287
50.480
50.867
51.253
51.640
51.833
52.027
52.413
52.800
52.993
53.379
53.573
53.766
54.346
54.732
54.926
55.119
55.505
55.699
55.892
56.279
56.472
56.665
57.052
57.245
57.438
57.825
58.018
58.211
58.598
58.791
58.984
59.371
59.564
59.757
60.337
60.530
60.917
61.110
61.304
61.690
61.883
62.077
62.463
62.656
62.850
63.236
63.430
63.623
64.009
64.203
64.396
64.782
64.976
65.169
65.556
65.749
65.942
66.329
66.522
66.715
67.102
67.295
67.488
67.875
68.068
68.261
68.648
68.841
69.034
69.421
69.614
69.808
70.194
70.387
70.581
70.967
71.160
71.354
71.740
71.933
72.127
72.513
72.707
72.900
73.286
73.480
73.673
74.059
74.253
74.446
74.833
75.026
75.219
75.606
75.799
75.992
76.379
76.572
76.765
77.152
77.345
77.538
77.925
78.118
78.311
78.698
78.891
79.085
79.471
79.664
79.858
80.244
80.437
80.631
81.017
81.211
81.404
81.790
81.984
82.177
82.563
82.757
82.950
83.336
83.530
83.723
85.127
85.528
85.728
85.928
86.328
86.528
86.728
87.128
87.328
87.528
87.728
87.928
88.328
88.728
88.928
89.128
89.528
89.728
89.928
90.328
90.528
90.728
90.928
91.128
91.528
91.928
92.128
92.328
92.728
92.928
93.128
93.528
93.728
93.928
94.128
94.328
94.728
95.128
95.328
95.528
95.928
96.128
96.328
96.728
96.928
97.128
97.328
97.528
97.928
98.128
98.328
98.528
98.728
98.928
99.128
99.328
99.529
99.729
99.929
100.129
100.329
100.529
100.729
100.929
101.129
101.329
101.529
101.729
101.929
102.129
102.329
102.529
102.729
102.929
103.129
103.329
103.529
103.729
103.929
104.129
104.329
104.529
104.729
104.929
105.129
105.329
105.529
105.729
105.929
106.129
106.329
106.529
106.729
106.929
107.129
107.329
107.529
107.729
107.929
108.129
108.329
108.529
108.729
108.929
109.129
109.329
109.529
109.729
109.929
110.129
110.329
110.529
110.729
111.529
112.329
113.129
113.930
114.123
114.317
114.511
114.705
115.092
115.480
115.673
115.867
116.061
116.255
116.642
117.030
117.224
117.417
117.611
117.805
118.192
118.580
118.774
118.967
119.161
119.355
119.742
120.130
120.324
120.518
120.711
120.905
121.293
121.680
121.874
122.068
122.261
122.455
122.843
123.230
123.424
123.618
123.811
124.005
124.393
124.780
124.974
125.168
125.362
125.555
125.943
126.330
126.524
126.718
126.912
127.105
127.493
127.881
128.074
128.268
128.462
128.656
129.043
129.431
129.624
129.818
130.012
130.206
130.593
130.981
131.175
131.368
131.562
131.756
132.143
132.531
132.725
132.918
133.112
133.306
133.693
134.081
134.469
134.856
135.244
135.631
136.019
136.406
136.794
137.181
137.569
137.956
138.344
138.741
139.131
139.514
139.890
140.259
140.620
140.975
141.323
141.664
141.997
142.324
142.644
142.956
143.262
143.560
143.852
144.136
144.413
144.684
144.947
145.203
145.452
145.694
145.930
146.158
146.379
146.593
146.800
147.000
147.192
