0.573
1.042
1.276
1.510
1.745
1.979
2.448
2.916
3.150
3.385
3.619
3.853
4.322
4.791
5.025
5.259
5.494
5.728
6.196
6.665
6.899
7.134
7.368
7.602
8.071
8.540
8.774
9.008
9.242
9.477
9.945
10.414
10.648
10.883
11.117
11.351
11.820
12.288
12.523
12.757
12.991
13.226
13.694
14.163
14.397
14.631
14.866
15.100
15.569
16.037
16.506
16.975
17.443
17.912
18.380
18.849
19.318
19.786
20.255
20.723
21.192
21.661
22.129
22.598
23.067
23.535
24.004
24.472
24.941
25.410
25.878
26.347
26.815
27.284
27.753
28.221
28.690
29.158
29.627
30.096
30.564
31.033
31.502
31.970
32.439
32.907
33.376
33.845
34.313
34.782
35.250
35.719
36.188
36.656
37.125
37.594
38.062
38.531
38.999
39.468
39.937
40.405
40.874
41.342
41.811
42.280
42.748
43.217
43.685
44.154
44.623
45.091
45.560
47.434
49.309
51.183
53.058
54.932
56.807
58.681
60.556
62.430
64.304
66.179
68.053
69.928
71.802
73.677
75.551
76.020
76.488
76.957
77.426
79.300
81.174
82.112
82.346
83.049
83.518
83.752
83.986
84.455
84.689
84.923
85.392
85.626
85.861
86.329
86.798
86.915
87.032
87.149
87.266
87.735
87.852
87.969
88.086
88.204
88.672
88.789
88.907
89.024
89.141
89.375
89.609
89.844
90.078
90.312
90.547
91.015
91.250
91.484
91.953
92.187
92.421
92.890
93.124
93.358
93.593
93.827
94.061
94.296
94.413
94.530
94.764
94.881
94.999
95.233
95.350
95.467
95.701
95.819
95.936
96.170
96.287
96.404
96.639
96.756
96.873
97.107
97.224
97.342
97.576
97.693
97.810
98.045
98.513
98.982
99.450
99.919
100.388
100.856
101.325
101.793
102.262
102.731
103.199
103.668
104.136
104.371
104.605
104.839
105.074
105.308
105.542
105.659
105.777
105.894
106.011
106.245
106.480
106.714
106.948
107.182
107.417
107.534
107.651
107.768
107.885
108.120
108.354
108.588
108.823
109.057
109.291
109.408
109.526
109.643
109.760
109.994
110.228
110.463
110.697
110.931
111.166
111.283
111.400
111.517
111.634
111.751
111.869
111.986
112.103
112.220
112.337
112.454
112.571
112.689
112.806
112.923
113.040
113.509
113.977
114.446
114.915
115.383
115.852
116.320
116.789
117.258
117.726
118.195
118.663
119.132
119.601
120.069
120.538
121.007
121.475
121.944
122.412
122.881
123.350
123.818
124.287
124.755
125.224
125.693
126.161
126.630
127.098
127.567
128.036
128.504
128.973
129.442
129.910
130.379
130.847
131.316
131.785
132.253
132.722
133.190
133.659
134.128
134.596
135.065
135.533
136.002
136.471
136.939
137.408
137.877
138.345
138.814
139.282
139.751
140.220
140.688
141.157
141.625
142.094
142.563
143.031
143.500
143.969
144.437
144.906
145.374
145.843
146.312
146.780
147.249
147.717
148.186
148.655
149.123
149.592
150.060
150.529
150.998
151.466
151.935
152.404
152.872
153.341
153.809
154.278
154.747
155.215
155.684
156.152
156.621
157.090
157.558
158.027
158.261
158.496
160.370
162.244
164.119
165.290
165.525
165.759
165.993
167.399
169.274
171.148
173.022
173.257
173.491
173.725
173.960
174.194
174.428
174.663
174.897
175.131
175.366
175.600
175.834
176.068
176.303
176.537
176.771
177.006
177.240
177.474
177.709
177.943
178.177
178.412
178.646
178.880
179.114
179.349
179.583
179.817
180.052
180.286
180.520
180.755
180.989
181.223
181.458
181.692
181.926
182.160
182.395
182.629
182.863
183.098
183.332
183.566
183.801
184.035
184.269
184.503
184.738
184.972
185.206
185.441
185.675
185.909
186.144
186.378
186.612
186.847
187.081
187.315
187.549
187.784
188.018
189.893
191.767
193.641
195.516
195.750
195.984
196.219
196.453
196.687
196.844
197.156
197.390
197.625
197.859
198.093
198.328
198.562
198.718
199.030
199.265
199.499
199.616
199.733
200.202
200.436
200.553
200.671
201.139
201.374
201.608
201.842
202.076
202.311
202.545
202.779
203.014
203.482
203.717
203.951
204.420
204.654
204.888
205.357
205.591
205.825
206.294
206.528
206.763
206.880
206.997
207.114
207.231
207.348
207.466
207.583
207.700
207.817
207.934
208.051
208.168
208.286
208.403
208.520
208.637
208.871
208.988
209.106
209.340
209.574
209.691
209.809
210.043
210.277
210.511
210.863
210.980
211.214
211.449
211.683
211.917
212.034
212.152
212.269
212.386
212.737
212.855
213.089
213.323
213.557
213.792
213.909
214.026
214.143
214.260
214.612
214.729
214.963
215.198
215.432
215.666
215.783
215.901
216.018
216.135
216.369
216.603
216.838
217.072
217.189
217.306
217.424
217.541
217.658
217.775
217.892
218.009
218.126
218.244
218.361
218.478
218.712
218.947
219.181
219.415
219.532
219.649
219.767
219.884
220.001
220.118
220.235
220.352
220.587
220.821
221.055
221.290
221.407
221.524
221.641
221.758
221.875
221.992
222.110
222.227
222.461
222.695
222.930
223.164
223.281
223.398
223.515
223.633
224.101
224.570
224.687
224.804
224.921
225.038
225.156
225.273
225.390
225.507
225.976
226.210
226.444
226.561
226.679
226.913
227.147
227.264
227.382
227.733
227.850
228.084
228.319
228.553
228.787
228.905
229.022
229.139
229.256
229.607
229.725
229.959
230.193
230.428
230.662
230.779
230.896
231.013
231.130
231.482
231.599
231.833
232.068
232.302
232.536
232.653
232.771
232.888
233.005
233.942
234.059
234.176
234.294
234.411
234.528
234.645
234.762
234.879
235.231
235.345
235.582
235.817
236.051
236.285
236.402
236.519
236.637
236.754
237.105
237.222
237.457
237.691
237.925
238.160
238.277
238.394
238.511
238.628
238.980
239.097
239.331
239.565
239.800
240.034
240.268
240.386
240.503
242.377
242.729
242.846
243.080
243.314
243.549
243.783
243.900
244.017
244.134
244.252
244.603
244.720
244.954
245.189
245.423
245.657
245.775
245.892
246.009
246.126
246.477
246.595
246.829
247.063
247.298
247.532
247.649
247.766
247.883
248.000
248.938
249.055
249.172
249.289
249.406
249.523
249.641
249.758
249.875
250.226
250.344
250.578
250.812
251.046
251.281
251.398
251.515
251.632
251.749
252.101
252.218
252.452
252.687
252.921
253.155
253.272
253.390
253.507
253.624
253.975
254.092
254.327
254.561
254.795
255.030
255.147
255.264
255.381
255.498
255.615
255.733
255.850
255.967
256.084
256.201
256.318
256.435
256.553
256.670
256.787
256.904
257.021
257.138
257.256
257.373
257.841
258.310
258.779
259.247
259.716
260.184
260.653
261.122
261.590
262.059
262.527
262.996
263.465
263.933
264.402
264.871
265.339
265.808
266.276
266.745
267.214
267.682
268.151
268.619
269.088
269.557
270.025
270.494
270.962
271.431
271.900
272.368
272.837
273.306
273.540
273.657
273.891
274.008
274.243
274.711
275.180
275.649
276.117
276.586
277.054
277.289
277.406
277.640
277.757
277.992
278.460
278.929
279.398
279.866
280.335
280.803
281.038
281.155
281.389
281.506
281.741
282.209
282.678
283.146
283.615
284.084
284.552
284.787
284.904
285.138
285.255
285.489
285.958
286.427
286.895
287.364
287.833
288.301
288.535
288.653
288.887
289.004
289.238
289.707
290.176
290.644
291.113
291.581
292.050
292.284
292.401
292.636
292.753
292.987
293.456
293.924
294.393
294.862
295.330
295.799
296.033
296.150
296.385
296.502
296.736
297.205
297.673
298.142
298.611
299.079
299.548
299.782
299.899
300.134
300.251
300.485
300.954
301.422
301.891
302.360
