6.492
6.867
7.242
7.616
7.991
8.366
8.741
9.116
9.491
9.866
10.241
10.616
10.991
11.366
11.740
12.115
12.490
12.865
13.240
13.615
13.990
14.365
14.740
15.115
15.490
15.864
16.239
16.614
16.989
17.364
17.739
18.114
18.489
18.864
19.239
19.614
19.988
20.363
20.738
21.113
21.488
21.863
22.238
22.613
22.988
23.363
23.738
24.112
24.487
24.862
25.237
25.612
25.987
26.362
26.737
27.112
27.487
27.862
28.236
28.611
28.986
29.361
30.486
30.861
31.236
31.611
31.986
32.360
32.735
33.110
33.485
33.860
34.235
34.610
34.985
35.360
35.735
36.110
36.484
36.859
37.234
37.609
37.984
38.359
38.734
39.109
39.484
39.859
40.234
40.609
40.983
41.358
41.733
42.108
42.483
42.858
43.233
43.608
43.983
44.358
44.733
45.107
45.482
45.857
46.232
46.607
46.982
47.357
47.732
48.107
48.482
48.857
49.231
49.606
49.981
50.356
50.731
51.106
51.481
51.856
52.231
52.606
52.981
53.280
53.580
53.880
54.480
54.855
55.230
55.605
55.980
56.355
56.730
57.105
57.479
57.854
58.229
58.604
58.979
59.354
59.729
60.104
60.479
60.854
61.229
61.603
61.978
62.353
62.728
63.103
63.478
63.853
64.228
64.603
64.978
65.165
65.353
65.727
66.477
66.665
66.852
67.227
67.415
67.602
67.977
68.352
68.727
69.102
69.477
69.851
70.226
70.601
70.976
71.351
71.726
72.101
72.476
72.663
72.851
73.226
73.413
73.601
73.975
74.350
74.725
75.100
75.475
75.850
76.225
76.600
76.975
77.350
77.725
78.099
78.474
78.662
78.849
79.224
79.412
79.599
79.974
80.349
80.724
81.099
81.474
81.849
82.223
82.598
82.973
83.348
83.723
84.098
84.473
84.660
84.848
85.223
85.410
85.598
85.973
86.347
86.722
87.097
87.472
87.847
88.222
88.597
88.972
89.347
89.722
90.097
90.471
91.221
91.596
91.971
92.721
93.471
93.846
94.221
94.595
94.970
95.345
95.720
96.095
96.470
96.845
97.220
97.595
97.970
98.345
98.719
99.094
99.469
99.844
100.219
100.594
100.969
101.344
101.719
102.094
102.469
102.843
103.218
103.593
103.968
104.343
104.718
105.093
105.468
105.843
106.218
106.593
106.967
107.342
107.717
108.092
108.467
108.842
109.217
109.592
109.967
110.342
110.717
111.091
111.466
111.841
112.216
112.591
112.966
113.341
113.716
114.091
114.466
114.841
115.216
115.590
115.965
116.215
116.715
117.090
117.465
117.840
118.215
118.590
118.965
119.340
119.714
120.089
120.464
120.839
121.214
121.589
121.964
122.339
122.714
123.089
123.464
123.838
124.213
124.588
124.963
125.338
125.713
126.088
126.463
126.838
127.213
127.588
127.962
128.150
128.337
128.525
128.712
129.462
129.650
129.837
130.212
130.399
130.587
130.962
131.337
131.712
132.086
132.461
132.836
133.211
133.586
133.961
134.336
134.711
135.086
135.461
135.648
135.836
136.210
136.398
136.585
136.960
137.335
137.710
138.085
138.460
138.835
139.210
139.585
139.960
140.334
140.709
141.084
141.459
141.647
141.834
142.209
142.396
142.584
142.959
143.334
143.709
144.084
144.458
144.833
145.208
145.583
145.958
146.333
146.708
147.083
147.458
147.645
147.833
148.208
148.395
148.582
148.957
149.332
149.707
150.082
150.457
150.832
151.207
151.582
151.957
152.332
152.706
153.081
153.587
154.179
154.702
155.000
155.706
156.456
156.830
157.205
157.580
157.955
158.330
158.705
159.080
159.455
159.830
160.205
160.580
160.954
161.329
161.704
162.079
162.454
162.829
163.204
163.579
163.954
164.329
164.704
165.078
165.453
165.828
166.203
166.578
166.953
167.328
167.703
168.453
168.828
169.202
169.577
169.952
170.327
170.702
171.077
171.452
171.827
172.202
172.577
172.952
173.326
173.701
174.076
174.451
174.826
175.201
175.576
175.951
176.326
176.701
177.076
177.450
177.825
178.200
178.575
178.950
179.325
179.700
180.075
180.450
180.825
181.200
181.574
181.949
182.324
182.699
183.074
183.449
183.824
184.199
184.574
184.949
185.324
185.699
186.073
186.448
186.823
187.198
187.573
187.948
188.323
188.698
189.073
189.448
189.823
190.197
190.572
190.947
191.135
191.510
191.885
192.447
193.947
194.696
195.446
195.821
196.196
196.571
196.946
197.321
197.696
198.071
198.445
198.820
199.195
199.570
199.945
200.320
200.695
201.070
201.445
201.820
202.195
202.569
202.944
203.132
203.319
203.507
203.694
204.444
204.631
204.819
205.194
205.381
205.569
205.944
206.319
206.693
207.068
207.443
207.818
208.193
208.568
208.943
209.318
209.693
210.068
210.443
210.630
210.817
211.192
211.380
211.567
211.942
212.317
212.692
213.067
213.442
213.817
214.192
214.567
214.941
215.316
215.691
216.066
216.441
216.629
216.816
217.191
217.378
217.566
217.941
218.316
218.691
219.065
219.440
219.815
220.190
220.565
220.940
221.315
221.690
222.065
222.440
222.627
222.815
223.189
223.377
223.564
223.939
224.314
224.689
225.064
225.439
225.814
226.189
226.564
226.939
227.313
227.688
228.063
228.438
229.046
229.576
229.938
230.688
231.437
231.812
232.187
232.562
232.937
233.312
233.687
234.062
234.437
234.812
235.187
235.561
235.936
236.311
236.686
237.061
237.436
237.811
238.186
238.561
238.936
239.311
239.685
240.060
240.435
240.810
241.185
241.560
241.935
242.310
242.685
243.060
243.435
243.809
244.184
244.559
244.934
245.309
245.684
246.059
246.434
246.809
247.184
247.559
247.933
248.308
248.683
249.058
249.433
249.808
250.183
250.558
250.933
251.308
251.683
252.057
252.432
252.807
253.182
253.557
253.932
254.307
254.682
255.057
255.432
255.807
256.181
256.556
256.931
257.306
257.681
258.056
258.431
258.806
259.181
259.556
259.931
260.305
260.680
261.055
261.430
261.805
262.180
262.555
262.930
263.305
263.680
264.055
264.430
264.804
265.179
265.554
265.929
266.179
266.429
266.679
266.866
267.054
267.241
267.429
268.179
268.928
269.303
269.678
270.053
273.427
274.177
274.927
275.302
275.677
276.052
276.427
277.926
279.426
280.176
280.926
281.675
282.425
282.800
283.175
283.925
284.300
284.675
285.424
286.174
286.924
287.674
288.424
288.799
289.174
289.923
290.298
290.673
291.423
292.038
292.567
292.957
293.672
