7.464
8.569
9.675
10.780
11.350
11.687
12.024
12.362
12.699
13.036
13.373
13.710
14.047
14.384
14.721
15.058
15.395
15.732
16.069
16.406
16.743
17.080
17.417
17.755
18.092
18.429
18.766
19.103
19.440
19.777
20.114
20.451
20.788
21.462
22.136
22.473
22.810
23.148
23.485
23.822
24.159
24.496
24.833
25.170
25.507
25.844
26.181
26.518
26.855
27.192
27.529
27.866
28.203
28.541
28.878
29.215
29.552
29.889
30.226
30.563
30.900
31.237
31.574
31.911
32.248
32.585
32.922
33.259
33.596
33.934
34.271
34.608
34.945
35.282
35.619
35.956
36.293
36.630
36.967
37.304
37.641
37.978
38.315
38.652
38.989
39.327
39.664
40.001
40.338
40.675
41.012
41.349
41.686
42.023
42.360
42.697
43.034
43.371
43.708
44.045
44.382
44.720
45.057
45.394
45.731
46.068
46.405
46.742
47.079
47.416
47.753
48.090
48.427
48.764
49.101
49.438
49.775
50.113
50.450
50.787
51.124
51.461
51.798
52.135
52.472
52.809
53.146
53.820
54.494
54.831
55.168
55.506
55.843
56.180
56.517
56.854
57.191
57.528
57.865
58.202
58.539
58.876
59.213
59.550
59.887
60.224
60.561
60.899
61.236
61.573
61.910
62.247
62.584
62.921
63.258
63.595
63.932
64.269
64.606
64.943
65.280
65.617
65.954
66.292
66.629
66.966
67.303
67.640
67.977
68.314
68.651
68.988
69.325
69.662
69.999
70.336
70.673
71.010
71.347
71.685
72.022
72.359
72.696
73.033
73.370
73.707
74.044
74.381
74.718
75.055
75.392
75.729
76.066
76.403
76.741
77.078
77.415
77.752
78.089
78.426
78.763
79.100
79.437
79.774
80.111
80.448
80.785
81.122
81.459
81.796
82.134
82.471
82.808
83.145
83.482
83.819
84.156
84.493
84.830
85.167
85.504
85.841
86.178
86.852
87.189
87.527
87.864
88.201
88.538
88.875
89.212
89.549
89.886
90.223
90.560
90.897
91.234
91.571
91.908
92.245
92.582
92.920
93.257
93.594
93.931
94.268
94.605
94.942
95.279
95.616
95.953
96.290
96.964
97.638
97.975
98.313
98.650
98.987
99.324
99.661
99.998
100.335
100.672
101.009
101.346
101.683
102.020
102.357
102.694
103.031
103.368
103.706
104.043
104.380
104.717
105.054
105.391
105.728
106.065
106.402
106.739
107.076
107.413
107.750
108.087
108.424
108.761
109.099
109.436
109.773
110.110
110.447
110.784
111.121
111.458
111.795
112.132
112.469
112.806
113.143
113.480
113.817
114.154
114.492
114.829
115.166
115.503
115.840
116.177
116.514
116.851
117.188
117.525
117.862
118.199
118.536
119.210
119.547
119.885
120.222
120.559
120.896
121.233
121.570
121.907
122.244
122.581
122.918
123.255
123.592
123.929
124.266
124.603
124.940
125.278
125.615
125.952
126.289
126.626
126.963
127.300
127.637
127.974
128.311
128.648
129.322
129.996
130.333
130.671
131.008
131.345
131.682
132.019
132.356
132.693
133.030
133.367
133.704
134.041
134.378
134.715
135.052
135.389
135.726
136.064
136.401
136.738
137.075
137.412
137.749
138.086
138.760
139.434
140.108
140.782
141.119
141.457
141.794
142.131
142.468
142.805
143.142
143.479
143.816
144.153
144.490
144.827
145.164
145.501
145.838
146.175
146.513
146.850
147.187
147.524
147.861
148.198
148.535
148.872
149.209
149.546
149.883
150.220
150.557
150.894
151.231
151.568
151.906
152.243
152.580
152.917
153.254
153.591
153.928
154.265
154.602
154.939
155.276
155.613
155.950
156.287
156.624
156.961
157.299
157.636
157.973
158.310
158.647
158.984
159.321
159.658
159.995
160.332
160.669
161.006
161.680
162.354
162.692
163.029
163.366
163.703
164.040
164.377
164.714
165.051
165.388
165.725
166.062
166.399
166.736
167.073
167.410
167.747
168.085
168.422
168.759
169.096
169.433
169.770
170.107
170.444
170.781
171.118
171.455
171.792
172.129
172.466
172.803
173.140
173.478
173.815
174.152
174.489
174.826
175.163
175.500
175.837
176.174
176.511
176.848
177.185
177.522
177.859
178.196
178.533
