1.278
1.867
2.455
3.044
3.632
4.221
4.809
5.398
5.986
6.575
7.163
7.752
8.340
8.929
9.518
10.106
10.695
13.049
13.637
14.226
14.814
15.403
15.991
16.580
17.168
17.757
18.345
18.934
19.522
20.111
20.405
20.699
20.994
21.288
21.582
21.876
22.171
22.465
23.053
23.642
24.230
24.819
25.407
25.996
26.584
27.173
27.761
28.350
28.938
29.527
30.115
30.704
30.998
31.292
31.587
31.881
32.470
33.058
33.647
34.235
34.824
35.412
36.001
36.589
37.178
37.766
38.355
38.943
39.532
40.120
40.709
41.297
41.886
42.474
43.063
43.651
44.240
44.828
45.417
46.005
46.594
47.182
47.771
48.359
48.948
49.536
50.125
50.713
51.302
51.890
52.479
53.067
53.656
54.244
54.833
55.421
56.010
56.599
57.187
57.776
58.364
58.953
59.541
60.130
61.307
62.484
63.661
64.838
65.426
66.015
66.603
67.192
67.486
67.780
68.075
68.369
68.663
68.957
69.252
69.546
70.134
70.723
71.311
71.900
72.488
73.077
73.665
74.254
74.842
75.431
76.019
76.608
77.196
77.785
78.373
78.962
79.551
80.139
80.728
81.316
81.905
82.493
83.082
83.670
84.259
84.847
85.436
86.024
86.613
87.201
87.790
88.378
88.967
89.555
90.144
90.732
91.321
91.909
92.498
93.086
93.675
94.263
94.852
95.440
96.029
96.617
97.206
97.794
98.383
98.971
99.560
100.148
100.737
101.325
101.914
102.502
103.091
103.680
104.268
104.857
105.445
106.034
106.622
107.211
107.799
108.388
108.976
109.565
110.153
110.742
111.330
111.919
112.507
113.096
113.684
114.273
114.861
115.450
116.627
116.921
117.215
117.510
117.804
118.098
118.392
118.687
118.981
119.275
119.569
119.864
120.158
120.452
120.746
121.041
121.335
121.629
121.923
122.218
122.512
122.806
123.100
123.395
123.689
123.983
124.277
124.572
124.866
125.160
125.454
125.749
126.043
126.337
126.632
126.926
127.220
127.514
127.809
128.103
128.397
128.691
128.986
129.280
129.574
129.868
130.163
130.457
130.751
131.045
131.340
131.634
131.928
132.222
132.517
132.811
133.105
133.694
134.282
134.871
135.459
136.636
137.813
138.990
140.167
140.756
141.050
141.344
141.491
141.639
141.786
141.933
142.080
142.227
142.374
142.521
142.668
142.816
142.963
143.110
143.257
143.404
143.551
143.698
143.845
143.993
144.140
144.287
144.434
144.581
144.728
144.875
145.170
145.464
145.758
146.052
