23.581
24.050
24.519
24.753
24.987
25.456
25.925
26.393
26.628
26.862
27.096
27.331
27.799
28.268
28.502
28.737
29.205
29.440
29.674
29.909
30.143
30.377
30.612
30.846
31.080
31.549
32.018
32.252
32.486
32.955
33.424
33.892
34.127
34.361
34.595
34.830
35.299
35.767
36.002
36.236
36.705
36.939
37.173
37.408
37.642
37.876
38.111
38.345
38.579
39.048
39.517
39.751
39.986
40.454
40.923
41.392
41.626
41.860
42.095
42.329
42.798
43.266
43.501
43.735
44.204
44.438
44.672
44.907
45.141
45.376
45.610
45.844
46.079
46.547
47.016
47.250
47.485
47.953
48.422
48.891
49.125
49.359
49.594
49.828
50.297
50.766
51.000
51.234
51.703
52.402
52.923
53.199
53.578
53.890
54.359
54.828
55.140
55.452
55.765
56.234
56.702
57.015
57.327
57.640
58.108
58.577
58.890
59.202
59.515
59.983
60.452
60.764
61.077
61.389
61.858
62.327
62.639
62.952
63.264
63.733
64.201
64.514
64.826
65.139
65.608
66.076
66.389
66.701
67.014
67.482
67.951
68.264
68.576
68.928
69.396
69.748
70.216
70.451
70.802
71.271
71.623
72.091
72.326
72.677
73.146
73.497
73.966
74.200
74.552
75.021
75.372
75.841
76.075
76.427
76.895
77.247
77.716
77.950
78.301
78.770
79.122
79.590
79.825
80.176
80.645
80.996
81.465
81.700
82.145
82.683
83.574
84.395
84.746
85.449
85.683
85.918
86.152
86.386
86.621
86.855
87.090
87.324
87.558
88.027
88.496
89.199
89.667
90.136
90.605
91.073
91.308
91.776
92.245
92.948
93.183
93.417
93.651
93.886
94.120
94.354
94.589
94.823
95.057
95.526
95.995
96.698
96.932
97.166
97.401
97.635
97.870
98.104
98.338
98.573
98.807
99.276
99.744
100.447
100.682
100.916
101.150
101.385
101.619
101.853
102.088
102.322
102.557
103.025
103.494
104.197
104.431
104.666
104.900
105.134
105.369
105.603
105.837
106.072
106.306
106.775
107.243
107.947
108.181
108.415
108.650
108.884
109.118
109.353
109.587
109.821
110.056
110.524
110.993
111.696
111.930
112.165
112.399
112.633
112.868
113.102
113.337
113.571
113.883
114.352
114.821
115.446
115.758
116.227
116.696
117.008
117.320
117.633
118.102
118.570
119.195
119.508
119.976
120.445
120.758
121.070
121.382
121.851
122.320
122.945
123.257
123.726
124.195
124.507
124.820
125.132
125.601
126.069
126.382
126.694
127.343
127.839
128.105
128.569
128.921
129.389
129.741
130.210
130.444
130.795
131.264
131.616
132.084
132.319
132.670
133.139
133.490
133.959
134.194
134.545
135.014
135.365
135.834
136.068
136.420
136.889
137.240
137.709
137.943
138.295
138.763
139.115
139.584
139.818
140.169
140.638
140.990
141.458
141.693
142.044
142.513
142.864
143.333
143.567
143.802
144.036
144.271
144.505
144.739
144.974
145.208
145.442
145.677
145.911
146.145
146.380
146.614
146.848
147.083
147.317
147.551
147.786
148.020
148.254
148.489
148.723
148.957
149.192
149.426
149.661
149.895
150.129
150.364
150.598
150.832
151.067
151.301
151.535
151.770
152.004
152.238
152.473
152.707
152.941
153.176
153.410
153.644
153.879
154.113
154.347
154.582
154.816
155.051
155.285
155.519
155.754
155.988
156.222
156.457
156.691
156.925
157.160
157.394
157.628
157.863
158.097
158.331
158.566
158.917
159.386
159.737
160.206
160.441
160.792
161.261
161.612
162.081
162.315
162.667
163.136
163.487
163.956
164.190
164.542
165.010
165.362
165.831
166.065
166.416
166.885
167.237
167.705
167.940
168.291
168.760
169.111
169.580
169.814
170.166
170.635
170.986
171.455
171.689
172.249
172.650
173.564
173.798
174.267
174.736
175.439
175.673
175.908
176.142
176.376
176.611
176.845
177.079
177.314
177.548
178.017
178.485
179.188
179.423
179.657
179.891
180.126
180.360
180.594
180.829
181.063
181.298
181.766
182.235
182.938
183.172
183.407
183.641
183.875
184.110
184.344
184.578
184.813
185.047
185.516
185.985
186.688
186.922
187.156
187.391
187.625
187.859
188.094
188.328
188.562
188.797
189.265
189.734
190.437
190.671
190.906
191.140
191.375
191.609
191.843
192.078
192.312
192.546
193.015
193.484
194.187
194.421
194.655
194.890
195.124
195.358
195.593
195.827
196.061
196.296
196.765
197.233
197.936
198.171
198.405
198.639
198.874
199.108
199.342
199.577
199.811
200.045
200.514
200.983
201.686
201.920
202.155
202.389
202.623
202.858
203.092
203.326
203.561
203.912
204.381
204.732
205.435
205.787
206.256
206.607
207.076
207.310
207.662
208.130
208.482
209.185
209.537
210.005
210.357
210.825
211.060
211.411
211.880
212.232
212.935
213.286
213.755
214.106
214.575
214.809
215.161
215.630
215.981
216.684
217.453
217.899
218.151
218.559
218.793
219.028
219.262
219.496
219.731
219.965
220.434
220.668
220.902
221.137
221.371
221.605
221.840
222.074
222.308
222.543
222.777
223.012
223.246
223.480
223.715
223.949
224.183
224.418
224.652
224.886
225.121
225.355
225.589
225.824
226.058
226.292
226.527
226.761
226.995
227.230
227.464
227.933
228.167
228.402
228.636
228.870
229.105
229.339
229.573
229.808
230.042
230.276
230.511
230.745
230.979
231.214
231.448
231.682
231.917
232.151
232.385
232.620
232.854
233.089
233.557
233.792
234.026
234.260
234.495
234.729
234.963
235.432
235.666
235.901
236.135
236.369
236.604
236.838
237.072
237.307
237.541
237.775
238.010
238.244
238.479
238.713
238.947
239.182
239.416
239.650
239.885
240.119
240.353
240.588
240.822
241.056
241.291
241.525
241.759
241.994
242.228
242.462
242.931
243.165
243.400
243.634
243.869
244.103
244.337
244.572
244.806
245.040
245.275
245.509
245.743
245.978
246.212
246.446
246.681
247.450
247.895
248.148
248.555
249.024
249.493
249.962
250.430
