62.552
63.752
64.952
66.152
67.352
68.552
69.752
70.952
72.152
73.352
74.552
75.752
76.952
77.552
78.152
78.752
79.351
79.951
80.551
81.151
81.751
82.351
82.951
83.551
84.151
84.751
85.351
85.951
86.551
87.151
87.751
88.351
88.951
89.551
90.151
90.751
91.351
91.951
92.551
93.151
93.751
94.351
94.951
95.551
96.151
96.751
97.351
97.951
98.551
99.151
99.751
100.351
100.951
101.551
102.151
102.751
103.351
103.951
104.551
105.151
105.751
106.351
106.951
107.551
108.151
108.751
109.351
109.951
110.551
111.151
111.751
112.351
112.951
113.551
114.151
114.751
115.351
115.951
116.550
117.150
117.750
118.350
118.950
119.550
120.150
124.950
127.350
128.550
129.750
130.950
132.150
133.350
134.550
135.750
136.950
138.150
139.350
140.550
141.750
142.950
144.150
144.750
145.350
145.950
146.550
147.150
147.750
148.350
148.950
149.550
150.150
150.750
151.350
151.950
152.550
153.149
153.749
154.349
154.949
155.549
156.149
156.749
157.349
157.949
158.549
159.149
159.749
160.349
160.949
161.549
162.149
162.749
163.349
163.949
164.549
165.149
165.749
166.349
166.949
167.549
168.149
168.749
169.349
169.949
170.549
171.149
171.749
172.349
172.949
173.549
174.149
174.749
175.349
175.949
176.549
177.149
177.749
178.349
178.949
179.549
180.149
180.749
181.349
181.949
182.549
183.149
183.749
184.349
184.949
185.549
186.149
186.749
187.349
192.148
194.548
195.748
196.948
197.548
198.148
198.748
199.348
199.948
200.548
201.148
201.748
202.348
202.948
203.548
204.148
204.448
204.748
205.048
205.348
205.648
205.948
206.248
206.548
