0.386
0.854
1.323
1.792
2.261
2.730
3.199
3.667
4.136
4.605
5.074
5.543
6.012
6.480
6.949
7.184
7.418
7.887
8.356
8.824
9.293
9.762
10.231
10.700
11.169
11.637
12.106
12.575
13.044
13.513
13.747
13.982
14.216
14.450
14.919
15.154
15.388
15.857
16.091
16.326
16.794
17.029
17.263
17.732
17.967
18.201
18.670
18.904
19.139
19.607
19.842
20.076
20.545
20.779
21.014
21.483
21.717
21.952
22.420
22.655
22.889
23.124
23.358
23.592
23.827
24.061
24.296
24.530
24.764
24.999
25.233
25.468
25.702
25.937
26.171
26.288
26.405
26.523
26.640
26.757
26.874
26.991
27.109
27.226
27.343
27.460
27.577
27.695
27.812
27.929
28.046
28.281
28.515
28.749
28.984
29.218
29.453
29.922
30.156
30.273
30.390
30.625
30.859
31.094
31.328
31.562
31.797
32.031
32.266
32.500
32.734
32.969
33.672
33.907
34.024
34.141
34.375
34.610
34.844
35.079
35.313
35.547
36.016
36.485
37.423
37.657
37.774
37.892
38.126
38.360
38.595
38.829
39.064
39.298
39.532
39.767
40.001
40.236
40.470
41.173
41.408
41.525
41.642
41.877
42.111
42.345
42.580
42.814
43.049
43.517
43.986
44.924
45.158
45.276
45.393
45.627
45.862
46.096
46.330
46.565
46.799
47.034
47.151
47.268
47.502
47.737
47.971
48.206
48.440
48.675
48.909
49.026
49.143
49.378
49.612
49.847
50.081
50.315
50.550
50.784
50.901
51.019
51.253
51.487
51.722
51.956
52.425
52.542
52.660
52.777
52.894
53.011
53.128
53.246
53.363
53.480
53.597
53.714
53.832
53.949
54.066
54.183
54.300
54.418
54.535
54.652
54.769
54.886
55.004
55.121
55.238
55.355
55.472
55.590
55.707
55.824
55.941
56.058
56.176
56.293
56.410
56.527
56.645
56.762
56.879
56.996
57.113
57.231
57.348
57.465
57.582
57.699
57.817
57.934
58.051
58.520
58.989
59.457
59.926
60.161
60.278
60.395
60.630
60.864
61.098
61.333
61.567
61.802
62.036
62.270
62.505
62.739
62.974
63.677
63.911
64.029
64.146
64.380
64.615
64.849
65.083
65.318
65.552
66.021
66.490
67.427
67.662
67.779
67.896
68.131
68.365
68.600
68.834
69.068
69.303
69.537
69.772
70.006
70.240
70.475
71.178
71.412
71.530
71.647
71.881
72.116
72.350
72.585
72.819
73.053
73.522
73.991
74.929
75.163
75.280
75.398
75.632
75.866
76.101
76.335
76.570
76.804
77.038
77.273
77.507
77.742
77.976
78.679
78.914
79.031
79.148
79.383
79.617
79.851
80.086
80.320
80.555
81.023
81.492
82.430
82.547
82.664
82.781
82.899
83.016
83.133
83.250
83.368
83.485
83.602
83.719
83.836
83.954
84.071
84.188
84.305
84.422
84.540
84.657
84.774
84.891
85.008
85.126
85.243
85.360
85.477
85.594
85.712
85.829
85.946
86.063
86.180
86.298
86.415
86.532
86.649
86.766
86.884
87.001
87.118
87.235
87.353
87.470
87.587
87.704
87.821
87.939
88.056
88.525
88.993
89.931
90.869
91.806
92.744
93.682
94.619
95.557
96.495
96.963
97.432
97.901
98.370
98.839
99.308
99.776
100.245
100.714
101.183
101.417
101.652
101.886
102.120
102.355
102.589
102.824
103.058
103.293
103.527
103.761
103.996
104.230
104.933
105.402
105.637
105.871
106.105
106.340
106.574
106.809
107.043
107.278
107.512
107.746
107.981
108.215
108.450
108.684
109.153
109.387
109.622
109.856
110.091
110.325
110.559
110.794
111.028
111.263
111.497
111.731
111.966
112.200
112.435
112.903
113.138
113.372
113.607
113.841
114.076
114.310
114.544
114.779
115.013
115.248
115.482
115.716
115.951
116.185
116.654
116.888
117.123
117.357
117.592
117.826
118.061
118.295
118.529
118.764
118.998
119.233
119.936
120.405
120.873
121.342
121.811
122.280
122.749
123.218
123.686
124.155
124.624
125.093
125.562
126.031
126.499
126.968
127.437
127.671
127.906
128.140
128.375
128.609
128.843
129.078
129.312
129.547
129.781
130.016
130.250
130.484
130.719
130.953
131.188
131.305
131.422
131.539
131.656
131.774
131.891
132.008
132.125
132.242
132.360
132.477
132.594
132.711
132.828
132.946
133.063
133.532
134.001
134.469
134.938
135.173
135.290
135.407
135.641
135.876
136.110
136.345
136.579
136.813
137.048
137.282
137.517
137.751
137.986
138.689
138.923
139.040
139.158
139.392
139.626
139.861
140.095
140.330
140.564
141.033
141.502
142.439
142.674
142.791
142.908
143.143
143.377
143.611
143.846
144.080
144.315
144.549
144.783
145.018
145.252
145.487
146.190
146.424
146.542
146.659
146.893
147.128
147.362
147.596
147.831
148.065
148.534
149.003
149.941
150.175
150.292
150.409
150.644
150.878
151.113
151.347
151.581
151.816
152.050
152.285
152.519
152.754
152.988
153.691
153.926
154.043
154.160
154.394
154.629
154.863
155.098
155.332
155.566
156.035
156.504
157.442
157.676
157.911
158.145
158.379
158.614
158.848
159.083
159.317
159.551
159.786
160.020
160.255
160.489
160.724
160.958
161.192
161.310
161.427
161.544
161.661
161.778
161.896
162.013
162.130
162.247
162.364
162.482
162.599
162.716
162.833
162.950
163.068
163.536
164.005
164.943
165.177
165.412
165.646
165.881
166.115
166.349
166.584
166.818
167.053
167.287
167.521
167.756
167.990
168.225
168.459
168.694
168.928
169.162
169.397
169.631
169.866
170.100
170.334
170.569
170.803
171.038
171.272
171.506
171.741
172.444
172.679
172.913
173.147
173.382
173.616
173.851
174.085
174.319
174.554
174.788
175.023
175.257
175.491
175.726
175.960
176.195
176.429
176.664
176.898
177.132
177.367
177.601
177.836
178.070
178.539
179.008
179.945
180.180
180.414
180.649
180.883
181.117
181.352
181.586
181.821
182.055
182.289
182.524
182.758
182.993
183.227
183.462
183.696
183.930
184.165
184.399
184.634
184.868
185.102
185.337
185.571
185.806
186.040
186.274
186.509
186.743
187.447
187.681
187.915
188.150
188.384
188.619
188.853
189.087
189.322
189.556
189.791
190.025
190.259
190.494
190.728
190.963
191.197
191.432
191.666
191.900
192.135
192.369
192.604
192.838
193.072
193.541
194.010
194.948
195.182
195.417
195.651
195.885
196.120
196.354
196.589
196.823
197.057
197.292
197.526
197.761
197.995
198.229
198.464
198.698
198.933
199.167
199.402
199.636
199.870
200.105
200.339
200.574
200.808
201.042
201.277
201.511
201.746
201.980
202.214
202.449
202.683
202.918
203.152
203.387
203.621
203.855
204.090
204.324
204.559
204.793
205.027
205.262
205.496
205.731
205.965
206.199
206.434
206.668
206.903
207.137
207.372
207.606
207.840
208.075
208.544
209.012
209.508
209.983
210.438
210.871
211.283
211.674
212.045
212.394
212.723
213.030
213.317
213.583
213.828
214.052
214.303
214.593
214.922
215.290
215.698
216.143
216.628
217.152
217.715
218.316
218.957
