19.049
19.525
20.001
20.477
20.953
21.430
21.906
22.382
22.858
23.334
23.810
24.286
24.762
25.238
25.714
26.191
26.667
27.024
27.381
27.619
27.976
28.333
28.571
30.475
30.833
31.190
31.428
31.785
32.142
32.380
34.284
34.641
34.998
35.236
35.594
35.951
36.189
36.546
36.903
37.141
37.498
37.855
38.093
38.450
38.807
39.045
39.402
39.759
39.998
40.355
40.712
40.950
41.307
41.664
41.902
42.259
42.616
42.854
43.211
43.568
43.806
44.163
44.520
44.759
45.116
45.473
45.711
46.068
46.425
46.663
47.020
47.377
47.615
49.520
49.996
50.472
50.829
51.186
51.662
51.900
52.376
52.733
53.090
53.328
53.804
54.281
54.638
54.995
55.471
55.709
56.185
56.542
56.899
57.137
57.613
58.089
58.446
58.804
59.280
59.518
59.994
60.351
60.708
60.946
61.422
61.898
62.255
62.612
63.088
63.327
63.803
64.160
64.517
64.755
64.993
65.231
65.588
65.826
66.064
66.183
66.421
66.659
66.897
67.135
67.492
67.730
67.969
68.088
68.326
68.564
68.802
69.040
69.397
69.635
69.873
69.992
70.230
70.468
70.706
70.944
71.301
71.539
71.777
71.896
72.134
72.372
72.730
73.087
73.325
73.682
74.039
74.277
74.634
74.991
75.229
75.586
75.943
76.181
76.538
76.895
77.134
77.491
77.848
77.967
78.086
79.990
80.466
80.942
81.299
81.656
82.133
82.490
82.847
83.204
83.561
83.799
84.275
84.751
85.108
85.465
85.941
86.179
86.656
87.013
87.370
87.608
88.084
88.560
88.917
89.274
89.750
90.107
90.464
90.821
91.179
91.417
91.893
92.369
92.726
93.083
93.559
93.797
94.273
94.630
94.987
95.225
95.702
96.178
96.535
96.892
97.368
97.725
98.082
98.439
98.796
99.034
99.510
99.986
100.344
100.701
101.177
101.415
101.891
102.248
102.605
102.843
103.319
103.795
104.152
104.509
104.985
105.343
105.700
106.057
106.414
106.652
107.128
107.604
107.961
108.318
108.794
109.032
109.508
109.866
110.223
110.461
110.699
110.937
111.294
111.532
111.770
111.889
112.127
112.365
112.603
112.841
113.198
113.436
113.674
113.793
114.031
114.269
114.508
114.746
115.103
115.341
115.579
115.698
115.936
116.174
116.412
116.650
117.007
117.245
117.483
117.602
117.840
118.078
118.435
118.792
119.031
119.388
119.745
119.983
121.887
122.244
122.601
122.839
123.196
123.553
123.792
125.696
126.172
126.648
127.005
127.362
127.838
128.195
128.552
128.910
129.267
129.505
129.981
130.457
130.814
131.171
131.647
131.885
132.361
132.718
133.076
133.314
133.790
134.266
134.623
134.980
135.456
135.813
136.170
136.527
136.884
137.122
137.599
138.075
138.432
138.789
139.265
139.503
139.979
140.336
140.693
140.931
141.407
141.883
142.360
142.836
143.312
143.788
144.264
144.740
145.216
