2.450
3.302
4.154
5.006
5.859
6.711
7.563
8.415
9.267
10.120
10.972
11.824
12.293
12.761
13.230
13.699
14.167
14.636
15.105
15.573
16.042
16.511
16.980
17.448
17.917
18.386
18.854
19.323
19.440
19.557
19.675
19.792
20.026
20.143
20.260
20.378
20.729
20.846
20.964
21.081
21.198
21.315
21.432
21.549
21.667
21.901
22.018
22.135
22.252
22.604
22.721
22.838
22.955
23.073
23.190
23.307
23.424
23.541
23.776
23.893
24.010
24.127
24.479
24.596
24.713
24.830
24.947
25.182
25.416
25.650
26.119
26.354
26.588
26.822
26.939
27.057
27.174
27.291
27.525
27.642
27.760
27.877
28.228
28.346
28.463
28.580
28.697
28.814
28.931
29.049
29.166
29.400
29.517
29.634
29.752
30.103
30.220
30.337
30.455
30.572
31.041
31.509
31.744
31.978
32.212
32.447
32.681
32.915
33.150
33.618
33.853
34.087
34.321
34.790
35.259
35.727
36.196
36.665
37.134
37.602
38.071
38.540
38.774
39.008
39.477
39.946
40.414
40.649
40.883
41.352
41.821
42.289
42.524
42.758
43.227
43.695
44.164
44.633
45.101
45.570
46.039
46.273
46.508
46.976
47.445
47.914
48.148
48.382
48.851
49.320
49.788
50.023
50.257
50.726
51.195
51.663
52.132
52.601
53.069
53.186
53.304
53.421
53.538
53.772
53.890
54.007
54.124
54.475
54.593
54.710
54.827
54.944
55.061
55.178
55.296
55.413
55.647
55.764
55.882
55.999
56.350
56.467
56.585
56.702
56.819
56.936
57.053
57.170
57.288
57.522
57.639
57.756
57.873
58.225
58.342
58.459
58.577
58.694
58.928
59.162
59.397
59.865
60.100
60.334
60.568
60.686
60.803
60.920
61.037
61.272
61.389
61.506
61.623
61.975
62.092
62.209
62.326
62.443
62.560
62.678
62.795
62.912
63.146
63.264
63.381
63.498
63.849
63.967
64.084
64.201
64.318
64.435
64.552
64.670
64.787
65.021
65.138
65.255
65.373
65.724
65.841
65.959
66.076
66.193
66.427
66.662
66.896
67.365
67.599
67.833
68.068
68.536
69.005
69.474
69.942
70.411
70.880
71.349
71.817
72.286
72.755
73.223
73.692
74.161
74.629
74.747
74.864
74.981
75.098
75.332
75.567
76.036
76.504
76.973
77.442
77.910
78.379
78.848
79.316
79.785
80.254
80.723
81.191
81.660
82.129
82.246
82.363
82.480
82.597
82.832
83.066
83.535
84.003
84.472
84.941
85.409
85.878
86.347
86.816
87.284
87.753
88.222
88.690
89.159
89.628
90.096
90.448
90.565
90.917
91.034
91.385
91.503
91.854
91.971
92.323
92.440
92.791
92.909
93.260
93.377
93.729
93.846
94.198
94.315
94.432
94.549
94.666
94.783
94.901
95.018
95.135
95.252
95.486
95.604
95.955
96.072
96.190
96.307
96.658
96.775
96.893
97.127
97.244
97.478
97.596
97.947
98.064
98.416
98.533
98.885
99.002
99.353
99.470
99.822
99.939
100.291
100.408
100.759
100.877
101.228
101.345
101.697
101.814
101.931
102.048
102.165
102.283
102.400
102.517
102.634
102.751
102.986
103.103
103.454
103.689
103.806
103.923
104.040
104.157
104.275
104.392
104.626
104.743
104.978
105.095
105.329
105.563
105.798
106.032
106.267
106.501
106.735
106.970
107.204
107.438
107.555
108.141
108.259
108.844
108.962
109.313
109.430
110.016
110.133
110.602
110.719
110.954
111.188
113.063
114.000
114.937
115.640
116.344
116.812
117.515
117.750
117.867
117.984
118.218
118.453
118.687
119.390
120.093
120.562
121.031
121.499
121.968
122.437
122.554
122.671
122.788
122.905
123.140
123.257
123.374
123.491
123.843
123.960
124.077
124.194
124.311
124.429
124.546
124.663
124.780
125.014
125.132
125.249
125.366
125.717
125.835
125.952
126.069
126.186
126.303
126.421
126.538
126.655
126.889
127.006
127.124
127.241
127.592
127.709
127.827
127.944
128.061
128.178
128.295
128.413
128.530
128.764
128.881
128.998
129.116
129.467
129.584
129.701
129.819
129.936
130.053
130.170
130.287
130.404
130.639
130.756
130.873
130.990
131.342
131.459
131.576
131.693
131.811
131.928
132.045
132.162
132.279
132.514
132.631
132.748
132.865
133.217
133.334
133.451
133.568
133.685
133.803
133.920
134.037
134.154
134.388
134.506
134.623
134.740
135.091
135.209
135.326
135.443
135.560
135.677
135.795
135.912
136.029
136.263
136.380
136.498
136.615
136.966
137.083
137.201
137.318
137.435
137.552
137.669
137.786
137.904
138.138
138.255
138.372
138.490
138.841
138.958
139.075
139.193
139.310
139.427
139.544
139.661
139.778
140.013
140.130
140.247
140.364
140.716
140.833
140.950
141.067
141.185
141.302
141.419
141.536
141.653
141.888
142.005
142.122
142.239
142.591
142.708
142.825
142.942
143.059
143.176
143.294
143.411
143.528
143.762
143.880
143.997
144.114
144.465
144.583
144.700
144.817
144.934
145.051
145.168
145.286
145.403
145.637
145.754
145.872
145.989
146.340
146.457
146.575
146.692
146.809
146.926
147.043
147.160
147.278
147.512
147.629
147.746
147.863
148.215
148.332
148.449
148.567
148.684
148.801
148.918
149.035
149.152
149.387
149.504
149.621
149.738
150.090
150.207
150.324
150.441
150.558
150.676
150.793
150.910
151.027
151.262
151.379
151.496
151.613
151.965
152.082
152.199
152.316
152.433
152.550
152.668
152.785
152.902
153.136
153.254
153.371
153.488
153.839
153.957
154.074
154.191
154.308
154.425
154.542
154.660
154.777
155.011
155.128
155.245
155.363
155.714
155.831
155.949
156.066
156.183
156.300
156.417
156.534
156.652
156.886
157.003
157.120
157.237
157.589
157.706
157.823
157.940
158.058
158.175
158.292
158.409
158.526
158.761
158.878
158.995
159.112
159.464
159.581
159.698
159.815
159.932
160.050
160.167
160.284
160.401
160.635
160.753
160.870
160.987
161.339
161.456
161.573
161.690
161.807
161.924
162.042
162.159
162.276
162.510
162.627
162.745
162.862
163.213
163.331
163.448
163.565
163.682
163.799
163.916
164.034
164.151
164.385
164.502
164.619
164.737
165.088
165.205
165.322
165.440
165.557
165.674
165.791
165.908
166.026
166.260
166.377
166.494
166.611
166.963
167.080
167.197
167.314
167.432
167.549
167.666
167.783
167.900
168.135
168.252
168.369
168.486
168.838
168.955
169.072
169.189
169.306
169.424
169.541
169.658
169.775
170.009
170.127
170.244
170.361
170.713
170.830
170.947
171.064
171.181
171.298
171.416
171.533
171.650
171.884
172.001
172.119
172.236
172.587
172.704
172.822
172.939
173.056
173.173
173.290
173.408
173.525
173.759
173.876
173.993
174.111
174.462
174.579
174.696
174.814
174.931
175.048
175.165
175.282
175.399
175.634
175.751
175.868
175.985
176.337
176.571
176.806
