4.030
4.382
4.616
4.733
4.968
5.319
5.553
5.671
5.905
6.257
6.491
6.608
6.842
7.077
7.311
7.546
7.780
8.131
8.366
8.483
8.717
9.069
9.303
9.420
9.655
10.006
10.241
10.358
10.592
10.827
11.061
11.295
11.530
11.881
12.115
12.233
12.467
12.819
13.053
13.170
13.404
13.756
13.990
14.107
14.342
14.576
14.811
15.045
15.279
15.631
15.865
15.982
16.217
16.568
16.803
16.920
17.154
17.506
17.740
17.857
18.092
18.326
18.560
18.677
18.795
19.029
19.381
19.615
19.732
19.966
20.318
20.552
20.669
20.904
21.255
21.490
21.607
21.841
22.076
22.310
22.544
22.779
23.130
23.365
23.482
23.716
24.068
24.302
24.419
24.654
25.005
25.239
25.357
25.591
25.825
26.060
26.294
26.528
26.880
27.114
27.231
27.466
27.817
28.052
28.169
28.403
28.755
28.989
29.106
29.341
29.575
29.809
30.044
30.278
30.630
30.864
30.981
31.216
31.567
31.801
31.919
32.153
32.504
32.739
32.856
33.090
33.325
33.559
33.676
33.793
34.028
34.496
34.965
35.434
35.903
36.371
36.840
37.309
37.777
38.246
38.715
39.184
39.652
40.121
40.590
41.058
41.527
41.762
41.996
42.230
42.465
42.699
42.933
43.168
43.402
43.636
43.871
44.105
44.339
44.574
44.808
45.043
45.277
45.394
45.511
45.628
45.746
45.863
45.980
46.097
46.214
46.331
46.449
46.566
46.683
46.800
46.917
47.035
47.152
47.386
47.620
47.855
48.089
48.324
48.558
48.792
49.027
49.730
49.964
50.198
50.433
50.550
50.667
50.784
50.901
51.605
51.839
52.073
52.308
52.542
52.776
53.479
53.714
53.948
54.182
54.300
54.417
54.534
54.651
55.354
55.589
55.823
56.057
56.292
56.526
57.229
57.463
57.698
57.932
58.049
58.166
58.284
58.401
59.104
59.338
59.573
59.807
60.041
60.276
60.979
61.213
61.447
61.682
61.799
61.916
62.033
62.151
62.854
63.088
63.322
63.557
63.791
64.025
64.728
64.963
65.197
65.432
65.549
65.666
65.783
65.900
66.603
66.838
67.072
67.306
67.541
67.775
68.478
68.713
68.947
69.181
69.298
69.416
69.533
69.650
70.353
70.587
70.822
71.056
71.290
71.525
72.228
72.462
72.697
72.931
73.048
73.165
73.282
73.400
74.103
74.337
74.571
74.806
75.040
75.275
75.978
76.212
76.446
76.681
76.798
76.915
77.032
77.149
77.852
78.087
78.321
78.555
78.790
79.024
79.493
79.962
80.430
80.899
81.368
81.836
82.305
82.774
83.243
83.711
84.180
84.649
85.117
85.586
86.055
86.524
86.992
87.461
87.930
88.398
88.867
89.336
89.805
90.273
90.742
91.211
91.679
92.148
92.617
93.086
93.554
94.023
94.492
94.960
95.429
95.898
96.367
96.835
97.304
97.773
98.241
98.717
99.174
99.602
99.995
100.352
100.675
100.970
101.250
101.522
101.874
102.108
102.225
102.460
102.811
103.046
103.163
103.397
103.749
103.983
104.100
104.335
104.569
104.803
105.038
105.272
105.624
105.858
105.975
106.210
106.561
106.795
106.913
107.147
107.499
107.733
107.850
108.084
108.319
108.553
108.787
109.022
109.373
109.608
109.725
109.959
110.311
110.545
110.662
110.897
111.248
111.483
111.600
111.834
112.068
112.303
112.537
112.772
113.123
113.357
113.475
113.709
114.060
114.295
114.412
114.646
114.998
115.232
115.349
115.584
115.818
116.053
116.170
116.287
116.521
116.873
117.224
117.810
118.162
118.748
119.099
119.568
119.802
120.037
120.271
120.622
120.974
121.560
121.911
122.497
122.849
123.318
123.552
123.786
124.021
124.372
124.724
125.310
125.661
126.247
126.599
127.067
127.302
127.536
127.770
128.122
128.473
129.059
129.411
129.997
130.348
130.817
131.051
131.168
131.286
131.520
131.989
132.106
132.340
132.457
132.692
132.926
133.161
133.278
133.395
133.864
133.981
134.215
134.332
134.567
134.801
135.035
135.153
135.270
135.738
135.856
136.090
136.207
136.442
136.676
136.910
137.027
137.145
137.613
137.730
137.965
138.082
138.316
138.551
138.785
138.902
139.019
139.254
139.488
139.723
139.957
140.191
140.426
140.660
140.894
141.129
141.363
141.597
141.832
142.066
142.300
142.535
142.769
142.886
143.003
143.121
143.238
143.355
143.472
143.589
143.707
143.824
143.941
144.058
144.175
144.292
144.410
144.527
144.644
145.113
145.581
146.050
146.519
146.870
147.105
147.222
147.456
147.808
148.042
148.159
148.394
148.745
148.980
149.097
149.331
149.565
149.800
150.034
150.269
150.620
150.854
150.972
151.206
151.557
151.792
151.909
152.143
152.495
152.729
152.846
153.081
153.315
153.550
153.784
154.018
154.370
154.604
154.721
154.956
155.307
155.542
155.659
155.893
156.245
156.479
156.596
156.831
157.065
157.299
157.534
157.768
158.119
158.354
158.471
158.705
159.057
159.291
159.408
159.643
159.994
160.229
160.346
160.580
160.815
161.049
161.283
161.518
161.869
162.104
162.221
162.455
162.807
163.041
163.158
163.392
163.744
163.978
164.096
164.330
164.564
164.799
165.033
165.267
165.619
165.853
165.970
166.205
166.556
166.791
166.908
167.142
167.494
167.728
167.845
168.080
168.314
168.548
168.783
169.017
169.369
169.603
169.720
169.954
170.306
170.540
170.658
170.892
171.243
171.478
171.595
171.829
172.064
172.298
172.532
172.767
173.118
173.353
173.470
173.704
174.056
174.290
174.407
174.642
174.993
175.227
175.345
175.579
175.813
176.048
176.282
176.516
176.985
177.454
177.923
178.391
178.860
179.329
179.797
180.266
180.735
181.204
181.672
182.141
182.610
183.078
183.547
184.016
184.485
184.953
185.422
185.891
186.359
186.828
187.297
187.766
188.234
188.703
189.172
189.640
190.109
190.578
191.047
191.515
191.984
192.453
192.921
193.390
193.859
194.328
194.796
195.265
195.734
196.202
196.671
197.140
197.609
198.077
198.546
199.015
199.483
199.952
200.421
200.890
201.358
201.827
202.296
202.764
203.233
203.702
204.170
204.639
205.108
205.577
206.045
206.514
206.983
213.030
213.499
213.967
214.436
214.905
215.374
215.843
216.312
216.781
217.249
217.718
218.187
218.656
219.125
219.594
220.063
220.531
221.000
221.469
221.938
222.407
222.876
223.345
223.813
224.282
224.751
225.220
225.689
226.158
226.627
227.095
227.564
228.033
228.502
228.971
229.088
229.322
229.440
229.557
229.674
229.909
230.377
230.846
231.315
231.784
232.253
232.722
232.839
233.073
233.191
233.308
233.425
233.659
234.128
234.597
235.066
235.535
236.004
236.473
236.590
236.824
236.941
237.059
237.176
237.410
237.879
238.348
238.817
239.286
239.755
240.223
240.341
240.575
240.692
240.810
240.927
241.161
241.630
242.099
242.216
242.333
242.451
242.568
242.685
242.802
242.919
243.037
243.505
243.974
244.092
244.326
244.443
244.560
244.678
244.912
245.381
245.850
246.319
246.787
247.256
247.725
247.842
248.077
248.194
248.311
248.428
248.663
249.132
249.601
249.835
250.069
250.304
250.538
251.007
251.476
251.945
252.414
252.883
253.351
253.820
254.289
254.524
254.758
254.992
255.227
255.461
255.696
255.930
256.165
256.282
256.399
256.516
256.633
256.751
256.868
256.985
257.102
258.040
258.392
258.626
258.743
258.978
259.212
259.447
259.915
260.267
260.502
260.619
260.853
261.088
261.322
261.791
262.143
262.377
262.494
262.729
262.963
263.197
263.666
264.018
264.252
264.370
264.604
264.838
265.073
265.307
265.542
265.893
266.128
266.245
266.479
266.714
266.948
267.417
267.769
268.003
268.120
268.355
268.589
268.824
269.293
269.644
269.879
269.996
270.230
270.465
270.699
271.168
271.637
272.106
272.575
273.043
273.395
273.630
273.747
273.981
274.216
274.450
274.919
275.271
275.505
275.622
275.857
276.091
276.325
276.560
276.794
277.146
277.380
277.498
277.732
277.966
278.201
278.670
279.021
279.256
279.373
279.607
279.842
280.076
280.311
280.545
280.897
281.131
281.248
281.483
281.717
281.952
282.421
282.772
283.007
283.124
283.358
283.593
283.827
284.062
284.296
284.648
284.882
284.999
285.234
285.468
285.703
286.171
286.406
286.640
286.875
287.109
287.344
287.578
287.812
288.047
288.399
288.633
288.750
288.985
289.219
289.453
289.922
290.274
290.508
290.626
290.860
291.094
291.329
291.798
292.149
292.384
292.501
292.735
292.970
293.204
293.673
294.025
294.259
294.376
294.611
294.845
295.080
295.314
295.549
295.900
296.135
296.252
296.486
296.721
296.955
297.424
297.776
298.010
298.127
298.362
298.596
298.831
299.299
299.651
299.886
300.003
300.237
300.472
300.706
301.175
301.644
302.113
302.581
303.050
303.402
303.636
303.754
303.988
304.222
304.457
304.926
305.277
305.512
305.629
305.863
306.098
306.332
306.567
306.801
307.153
307.387
307.504
307.739
307.973
308.208
308.677
309.028
309.263
309.380
309.614
309.849
310.083
310.318
310.552
310.904
311.138
311.255
311.490
311.724
311.959
312.427
312.779
313.014
313.131
313.365
313.600
313.834
314.068
314.303
314.655
314.889
315.006
315.241
315.475
315.709
316.178
316.413
316.647
316.882
317.116
317.350
317.585
317.819
318.054
318.523
318.991
319.460
319.929
320.398
320.867
321.336
321.805
322.273
322.742
323.211
323.680
324.149
324.618
325.087
325.556
326.024
326.493
326.962
327.431
327.900
328.369
328.838
329.306
329.775
330.244
330.713
331.182
331.651
332.120
332.588
333.057
333.526
333.995
334.112
334.347
334.464
334.581
334.698
334.933
335.402
335.870
336.339
336.808
337.277
337.746
337.863
338.097
338.215
338.332
338.449
338.684
339.152
339.621
340.090
340.559
341.028
341.497
341.614
341.848
341.966
342.083
342.200
342.434
342.903
343.372
343.841
344.310
344.779
345.248
345.365
345.599
345.716
345.834
345.951
346.185
346.654
347.123
347.240
347.357
347.475
347.592
347.709
347.826
347.943
348.061
348.530
348.998
349.116
349.350
349.467
349.584
349.702
349.936
350.405
350.874
351.343
351.812
352.280
352.749
352.866
353.101
353.218
353.335
353.453
353.687
354.156
354.625
354.859
355.094
355.328
355.562
356.031
356.500
356.969
357.438
357.907
358.376
358.844
359.313
359.548
359.782
360.017
360.251
360.485
360.720
360.954
361.189
361.306
361.423
361.540
361.658
361.775
361.892
362.009
362.126
363.064
363.416
363.650
363.767
364.002
364.236
364.471
364.940
365.291
365.526
365.643
365.877
366.112
366.346
366.815
367.167
367.401
367.518
367.753
367.987
368.222
368.690
369.042
369.276
369.394
369.628
369.863
370.097
370.331
370.566
370.917
371.152
371.269
371.504
371.738
371.972
372.441
372.793
373.027
373.145
373.379
373.613
373.848
374.317
374.668
374.903
375.020
375.254
375.489
375.723
376.192
376.661
377.130
377.599
378.068
378.419
378.654
378.771
379.005
379.240
379.474
379.943
380.295
380.529
380.646
380.881
381.115
381.350
381.584
381.818
382.170
382.404
382.522
382.756
382.991
383.225
383.694
384.045
384.280
384.397
384.632
384.866
385.100
385.335
385.569
385.921
386.155
386.273
386.507
386.741
386.976
387.445
387.796
388.031
388.148
388.382
388.617
388.851
389.086
389.320
389.672
389.906
390.023
390.258
390.492
390.727
391.196
391.430
391.664
391.899
392.133
392.368
392.602
392.837
393.071
393.423
393.657
393.774
394.009
394.243
394.478
394.946
395.298
395.532
395.650
395.884
396.119
396.353
396.822
397.173
397.408
397.525
397.760
397.994
398.228
398.697
399.049
399.283
399.401
399.635
399.869
400.104
400.338
400.573
400.924
401.159
401.276
401.510
401.745
401.979
402.448
402.800
403.034
403.151
403.386
403.620
403.855
404.324
404.675
404.910
405.027
405.261
405.496
405.730
406.199
406.668
407.137
407.606
408.074
408.426
408.660
408.778
409.012
409.247
409.481
409.950
410.301
410.536
410.653
410.888
411.122
411.356
411.591
411.825
412.177
412.411
412.529
412.763
412.997
413.232
413.701
414.052
414.287
414.404
414.638
414.873
415.107
415.342
415.576
415.928
416.162
416.279
416.514
416.748
416.983
417.452
417.803
418.038
418.155
418.389
418.624
418.858
419.093
419.327
419.679
419.913
420.030
420.265
420.499
420.734
421.202
421.437
421.671
421.906
422.140
422.375
422.609
422.843
423.078
423.547
424.016
424.484
424.953
425.422
425.891
426.360
426.829
427.298
427.766
428.235
428.704
429.173
429.642
430.111
430.580
431.048
431.517
431.986
432.455
432.924
433.393
433.862
434.330
434.799
435.268
435.737
436.206
436.675
437.144
437.612
438.081
438.550
439.019
439.488
439.957
440.426
440.894
441.363
441.832
442.301
442.770
443.239
443.708
444.176
444.645
445.114
445.583
446.052
446.521
446.990
447.458
447.927
448.396
448.865
449.334
449.803
450.272
450.740
451.209
451.678
452.147
452.616
453.085
453.554
454.022
454.491
454.960
455.429
455.898
456.367
456.836
457.304
457.773
458.242
458.711
459.180
459.649
460.118
460.586
461.055
461.524
461.993
462.462
462.931
463.400
463.868
464.337
464.806
465.275
465.744
466.213
466.682
467.150
467.619
468.088
