0.407
0.869
1.330
1.792
2.253
2.715
3.177
3.638
4.100
4.562
5.023
5.485
5.947
6.408
6.870
7.331
7.793
8.255
8.716
9.178
9.640
10.101
10.563
11.024
11.486
11.948
12.409
12.871
13.333
13.794
14.256
14.717
15.179
15.641
16.102
16.564
17.026
17.487
17.949
18.410
18.872
19.334
19.795
20.257
20.719
21.180
21.642
22.103
22.565
23.027
23.488
23.950
24.412
24.873
25.335
25.797
26.258
26.720
27.181
27.643
28.105
28.566
29.028
29.490
29.720
29.951
30.413
30.644
30.874
31.336
31.567
31.798
32.259
32.490
32.721
33.183
33.413
33.644
34.106
34.337
34.567
35.029
35.260
35.491
35.952
36.183
36.414
36.876
37.106
37.337
37.799
38.030
38.260
38.722
38.953
39.184
39.645
39.876
40.107
40.569
40.799
41.030
41.492
41.723
41.953
42.415
42.646
42.877
43.108
43.338
43.800
44.262
44.492
44.723
44.954
45.185
45.646
46.108
46.339
46.570
46.801
47.031
47.493
47.955
48.185
48.416
48.647
48.878
49.340
49.801
50.032
50.263
50.494
50.724
51.186
51.648
51.878
52.109
52.340
52.571
53.033
53.494
53.725
53.956
54.187
54.417
54.879
55.341
55.571
55.802
56.033
56.264
56.726
57.187
57.418
57.649
57.880
58.110
58.341
58.572
59.034
59.265
59.495
59.726
59.957
60.419
60.880
61.111
61.342
61.573
61.803
62.265
62.727
62.958
63.188
63.419
63.650
64.112
64.573
64.804
65.035
65.266
65.496
65.958
66.420
66.651
66.881
67.112
67.343
67.805
68.266
68.497
68.728
68.959
69.190
69.651
70.113
70.344
70.574
70.805
71.036
71.498
71.959
72.190
72.421
72.652
72.883
73.113
73.344
73.806
74.037
74.267
74.729
74.960
75.191
75.652
75.883
76.114
76.576
76.806
77.037
77.268
77.499
77.730
77.960
78.422
78.653
78.884
79.345
79.576
79.807
80.269
80.499
80.730
80.961
81.192
81.423
81.653
81.884
82.115
82.346
82.577
82.808
83.038
83.269
83.500
83.731
83.962
84.192
84.423
84.654
84.885
85.000
85.116
85.231
85.346
85.462
85.577
85.693
85.808
85.924
86.039
86.154
86.270
86.385
86.501
86.616
86.731
87.193
87.655
88.116
88.578
89.039
89.501
89.732
89.963
90.424
90.886
91.348
91.578
91.809
92.271
92.733
93.194
93.425
93.656
94.117
94.579
95.041
95.271
95.502
95.964
96.195
96.426
96.656
96.887
97.118
97.349
97.810
98.041
98.272
98.503
98.734
98.964
99.195
99.657
99.888
100.119
100.349
100.580
100.811
101.042
101.503
101.965
102.196
102.427
102.658
102.888
103.350
103.812
104.273
104.735
105.196
105.658
106.120
106.351
106.581
106.812
107.043
107.505
107.966
108.428
108.889
109.351
109.813
110.044
110.274
110.505
110.736
110.967
111.198
111.659
111.890
112.121
112.583
112.813
113.044
113.506
113.737
113.967
114.198
114.429
114.660
114.891
115.352
115.583
115.814
116.276
116.506
116.737
117.199
117.430
117.660
117.891
118.122
118.584
119.045
119.507
119.969
120.430
120.892
121.353
121.815
122.277
122.738
123.200
123.662
124.123
124.585
125.046
125.508
125.970
126.431
126.893
127.355
127.816
128.278
128.739
129.201
129.663
130.124
130.586
131.048
131.509
131.971
132.433
132.894
134.741
136.587
137.510
138.434
139.357
140.280
140.742
141.203
141.665
142.127
142.588
143.050
143.512
143.973
144.204
144.435
144.896
145.127
145.358
145.820
146.051
146.281
146.743
146.974
147.205
147.666
147.897
148.128
148.359
148.589
149.051
149.513
149.744
149.974
150.205
150.436
150.898
151.359
151.590
151.821
152.052
152.282
152.744
153.206
153.437
153.667
153.898
154.129
154.591
154.821
155.052
155.283
155.514
155.745
155.976
156.206
156.437
156.668
156.899
157.130
157.360
157.591
157.822
158.053
158.284
158.514
158.745
158.861
158.976
159.091
159.207
159.322
159.438
159.553
159.669
159.784
159.899
160.015
160.130
160.246
160.361
160.476
160.592
160.823
161.053
161.284
161.515
161.746
161.977
162.438
162.669
162.900
163.131
163.362
163.823
164.285
164.516
164.746
164.977
165.208
165.670
166.131
166.362
166.593
166.824
167.055
167.516
167.978
168.209
168.439
168.670
168.901
169.132
169.363
169.824
170.055
170.286
170.517
170.748
171.209
171.671
171.902
172.132
172.363
172.594
173.056
173.517
173.748
173.979
174.210
174.441
174.902
175.364
175.595
175.826
176.056
176.287
176.518
176.749
177.210
177.441
177.672
178.134
178.364
178.595
179.057
179.288
179.519
179.980
180.211
180.442
180.673
180.903
181.134
181.365
181.827
182.057
182.288
182.750
182.981
183.212
183.673
183.904
184.135
184.366
184.596
184.827
185.058
185.289
185.520
185.750
185.981
186.212
186.443
186.674
186.905
187.135
187.366
187.597
187.828
188.059
188.289
188.405
188.520
188.636
188.751
188.866
188.982
189.097
189.213
189.328
189.444
189.559
189.674
189.790
189.905
190.021
190.136
190.598
191.059
191.521
191.982
192.444
192.906
193.137
193.367
193.829
194.291
194.752
194.983
195.214
195.675
196.137
196.599
196.830
197.060
197.522
197.984
198.445
198.676
198.907
199.369
199.599
199.830
200.061
200.292
200.523
200.753
201.215
201.446
201.677
201.907
202.138
202.369
202.600
203.062
203.292
203.523
203.754
203.985
204.216
204.446
204.908
205.370
205.831
206.293
206.755
207.216
207.678
208.139
208.601
209.063
209.524
209.755
209.986
210.217
210.448
210.909
211.371
211.832
212.294
212.756
213.217
213.448
213.679
213.910
214.141
214.371
214.602
215.064
215.295
215.525
215.987
216.218
216.449
216.910
217.141
217.372
217.603
217.834
218.064
218.295
218.757
218.988
219.219
219.680
219.911
220.142
220.603
220.834
221.065
221.296
221.527
221.988
222.450
222.912
223.373
223.835
224.296
224.758
225.220
225.681
226.143
226.605
227.066
227.528
227.989
228.451
228.913
229.374
229.836
230.298
230.759
231.221
231.682
232.144
232.606
233.067
233.529
233.991
234.452
234.914
235.375
235.837
236.299
236.760
237.222
237.684
238.145
238.607
239.068
239.530
239.992
240.453
240.915
241.377
241.838
242.300
242.762
243.223
243.685
244.146
244.608
245.070
245.531
245.993
246.455
246.916
247.378
247.839
248.301
248.763
249.224
249.686
250.148
250.609
251.071
