0.129
0.729
1.029
1.329
1.928
2.528
3.128
3.728
4.328
4.927
5.527
5.827
6.127
6.727
7.327
7.926
8.526
9.126
9.726
10.326
10.625
10.925
11.525
12.125
12.725
13.325
13.924
14.524
15.124
15.424
15.724
16.324
16.923
18.123
19.323
20.522
21.722
22.921
24.121
25.321
26.520
27.720
28.919
29.519
30.119
30.719
31.319
31.618
31.918
32.218
32.518
32.818
33.118
33.418
33.718
33.868
34.018
34.168
34.318
34.468
34.617
34.767
34.917
35.067
35.217
35.367
35.517
35.667
35.817
35.967
36.117
38.516
38.966
39.416
39.716
39.866
40.016
40.316
40.615
40.915
41.215
41.515
41.815
41.965
42.115
42.415
42.715
43.315
43.764
44.214
44.514
44.664
44.814
45.114
45.414
45.714
46.014
46.314
46.613
46.763
46.913
47.063
47.213
47.513
48.113
48.563
49.013
49.313
49.463
49.612
49.912
50.212
50.512
50.812
51.112
51.412
51.562
51.712
52.012
52.312
52.911
53.361
53.811
54.111
54.261
54.411
54.711
55.011
55.311
55.610
55.910
56.210
56.360
56.510
56.660
56.810
57.110
57.710
58.160
58.609
58.909
59.059
59.209
59.509
59.809
60.109
60.409
60.709
61.009
61.159
61.309
61.608
61.908
62.508
62.958
63.408
63.708
63.858
64.008
64.308
64.607
64.907
65.207
65.507
65.807
65.957
66.107
66.257
66.407
66.707
67.307
67.756
68.206
68.506
68.656
68.806
69.106
69.406
69.706
70.006
70.306
70.605
70.755
70.905
71.205
71.505
72.105
72.555
73.005
73.305
73.455
73.604
73.904
74.204
74.504
74.804
75.104
75.404
75.554
75.704
75.854
76.004
76.304
76.903
78.103
79.303
80.502
81.702
82.901
84.101
85.301
86.500
87.100
87.700
88.300
88.899
89.199
89.499
89.799
90.099
90.399
90.699
90.999
91.299
91.449
91.599
91.748
91.898
92.048
92.198
92.348
92.498
92.648
92.798
92.948
93.098
93.248
93.398
93.548
93.698
93.848
93.998
94.148
94.298
94.448
94.598
94.747
94.897
95.497
95.647
95.797
95.947
96.097
96.547
96.847
96.997
97.147
97.297
97.447
97.597
97.746
97.896
98.196
98.496
98.946
99.096
99.246
99.396
99.546
99.621
99.696
99.996
100.296
100.895
101.345
101.645
101.795
101.945
102.095
102.245
102.395
102.545
102.695
102.995
103.295
103.744
103.894
104.044
104.194
104.344
104.419
104.494
104.794
105.094
105.694
106.144
106.444
106.594
106.743
106.893
107.043
107.193
107.343
107.493
107.793
108.093
108.543
108.693
108.843
108.993
109.143
109.218
109.293
109.593
109.892
110.492
110.942
111.242
111.392
111.542
111.692
111.842
111.992
112.142
112.292
112.592
112.891
113.341
113.491
113.641
113.791
113.941
114.016
114.091
114.391
114.691
115.291
115.740
116.040
116.190
116.340
116.490
116.640
116.790
116.940
117.090
117.390
117.690
118.140
118.290
118.440
118.590
118.739
118.814
118.889
119.189
119.489
120.089
120.539
120.839
120.989
121.139
121.289
121.439
121.589
121.738
121.888
122.188
122.488
122.938
123.088
123.238
123.388
123.538
123.613
123.688
123.988
124.288
124.887
125.337
125.637
125.787
125.937
126.087
126.237
126.387
126.537
126.687
126.987
127.287
127.736
127.886
128.036
128.186
128.336
128.411
128.486
128.786
129.086
129.686
130.136
130.436
130.586
130.735
130.885
131.035
131.185
131.335
131.485
131.785
132.085
132.535
132.685
132.835
132.985
133.135
133.210
133.285
133.585
133.884
134.484
135.384
135.684
136.883
137.783
138.083
139.283
140.182
140.482
141.682
142.582
142.881
144.081
144.681
144.981
145.281
145.880
146.480
147.080
147.380
147.680
148.280
148.879
149.479
149.779
150.079
150.679
151.279
151.579
151.878
152.178
152.328
152.478
152.628
152.778
153.078
153.678
156.077
158.476
160.875
163.275
164.474
165.674
166.873
168.073
168.673
169.273
169.872
170.472
171.072
171.672
172.272
172.871
173.321
173.771
174.071
174.221
174.371
174.671
174.971
175.271
175.571
175.870
176.170
176.320
176.470
176.770
177.070
177.670
178.120
178.570
178.869
179.019
179.169
179.469
179.769
180.069
180.369
180.669
180.969
181.119
181.269
181.419
181.569
181.868
182.468
182.768
183.068
183.368
183.668
183.968
184.268
184.568
184.867
185.167
185.467
185.767
186.067
186.367
186.667
186.967
187.267
187.417
187.567
187.716
187.866
188.016
188.166
188.316
188.466
188.616
188.766
188.916
189.066
189.216
189.366
189.516
189.666
189.741
189.816
189.891
189.966
190.041
190.116
190.191
190.266
190.341
190.416
190.491
190.566
190.641
190.715
190.790
190.865
191.465
191.615
191.765
191.915
192.065
192.515
192.815
192.965
193.115
193.265
193.415
193.565
193.714
193.864
194.164
194.464
194.914
195.064
195.214
195.364
195.514
195.589
195.664
195.964
196.264
196.863
197.313
197.538
197.763
197.913
198.063
198.213
198.363
198.513
198.663
198.963
199.263
199.712
199.862
200.012
200.162
200.312
200.387
200.462
200.762
201.062
201.662
202.112
202.337
202.561
202.711
202.861
203.011
203.161
203.311
203.461
203.761
204.061
204.511
204.661
204.811
204.961
205.111
205.186
205.261
205.560
205.860
206.460
206.910
207.135
207.360
207.510
207.660
207.810
207.960
208.110
208.259
208.559
208.859
209.309
209.459
209.609
209.759
209.909
209.984
210.059
210.359
210.659
211.258
211.708
211.933
212.158
212.308
212.458
212.608
212.758
212.908
213.058
213.358
213.658
214.107
214.257
214.407
214.557
214.707
214.782
214.857
215.157
215.457
216.057
216.507
216.732
216.957
217.106
217.256
217.406
217.556
217.706
217.856
218.156
218.456
218.906
219.056
219.206
219.356
219.506
219.581
219.656
219.955
220.255
220.855
221.305
221.530
221.755
221.905
222.055
222.205
222.355
222.505
222.655
222.954
223.254
223.704
223.854
224.004
224.154
224.304
224.379
224.454
224.754
225.054
225.654
226.103
226.328
226.553
226.703
226.853
227.003
227.153
227.303
227.453
227.753
228.053
228.503
228.652
228.802
228.952
229.102
229.177
229.252
229.552
229.852
230.452
231.052
231.651
231.951
232.251
232.551
232.851
233.451
234.051
234.651
235.250
235.850
236.450
236.750
237.050
237.350
237.650
238.249
238.549
238.849
239.149
239.449
240.049
240.649
241.248
241.548
241.848
242.148
242.448
243.048
243.648
244.248
244.847
245.447
246.047
246.347
246.647
246.947
247.247
247.846
248.146
248.446
248.746
249.046
249.646
