0.152
0.621
1.089
1.558
2.027
2.495
2.964
3.432
3.901
4.369
4.838
5.307
5.775
6.244
6.712
7.181
7.650
8.118
8.587
9.055
9.524
9.993
10.461
10.930
11.398
11.867
12.336
12.804
13.273
13.741
14.210
14.678
15.147
15.616
16.084
16.553
17.021
17.490
17.959
18.427
18.896
19.364
19.833
20.302
20.770
21.239
21.707
22.176
22.645
22.879
23.113
23.347
23.582
23.816
24.050
24.285
24.402
24.519
24.753
24.988
25.222
25.456
25.690
25.925
26.042
26.159
26.276
26.393
26.510
26.628
26.745
26.862
26.979
27.096
27.213
27.330
27.448
27.565
27.682
27.799
27.916
28.033
28.151
28.268
28.736
29.205
29.439
29.673
29.908
30.142
30.611
31.079
31.548
32.016
32.485
32.954
33.422
33.891
34.359
34.828
35.297
35.765
36.234
36.702
37.171
37.640
38.108
38.577
39.045
39.514
39.982
40.451
40.920
41.388
41.857
42.325
42.794
43.263
43.731
43.966
44.200
44.434
45.137
45.606
47.011
47.246
47.480
47.949
48.417
48.651
48.886
50.760
51.229
51.463
51.697
51.932
52.166
52.634
53.103
53.572
54.040
54.509
54.743
54.977
55.212
55.446
55.680
55.915
56.149
56.383
56.500
56.618
56.735
56.852
56.969
57.086
57.203
57.320
57.438
57.555
57.672
57.789
57.906
58.023
58.140
58.258
58.726
58.960
59.195
59.429
60.132
60.601
61.069
61.421
61.538
61.772
62.006
62.241
62.358
62.475
62.709
62.943
63.178
63.412
63.646
63.881
64.349
64.818
65.169
65.286
65.521
65.755
65.989
66.106
66.224
66.458
66.692
66.927
67.161
67.395
67.629
68.098
68.567
68.918
69.035
69.269
69.504
69.738
69.855
69.972
70.207
70.441
70.675
70.910
71.144
71.378
72.198
72.315
73.135
73.253
74.073
74.190
75.127
75.595
76.064
76.416
76.533
76.767
77.001
77.236
77.353
77.470
77.704
77.938
78.173
78.407
78.641
78.876
79.344
79.813
80.164
80.281
80.516
80.750
80.984
81.101
81.219
81.453
81.687
81.921
82.156
82.390
82.624
83.093
83.562
83.913
84.030
84.264
84.499
84.733
84.850
84.967
85.202
85.436
85.670
85.905
86.139
86.373
87.310
88.247
89.185
90.122
90.356
90.590
90.825
91.059
91.293
91.528
91.996
92.231
92.465
92.699
92.933
93.168
93.402
93.636
93.871
94.105
94.339
94.573
94.808
95.042
95.276
95.745
95.979
96.214
96.448
96.682
96.916
97.151
97.385
97.619
97.854
98.088
98.322
98.557
98.791
99.025
99.494
99.728
99.962
100.197
100.431
100.665
100.899
101.134
101.368
101.602
101.837
102.071
102.305
102.540
102.774
103.242
103.477
103.711
103.945
104.180
104.414
104.648
104.883
105.117
106.991
108.866
110.740
112.614
113.083
113.551
114.020
114.489
114.957
115.426
115.894
116.363
116.480
116.597
116.714
116.832
116.949
117.066
117.183
117.300
117.417
117.535
117.652
117.769
117.886
118.003
118.120
118.237
118.706
118.940
119.175
119.409
120.112
120.580
121.986
122.220
122.338
122.923
123.392
123.743
123.861
125.735
126.203
126.438
126.672
126.906
127.141
127.609
128.078
128.546
129.015
129.484
129.952
130.421
130.889
131.358
131.475
131.592
131.709
131.827
131.944
132.061
132.178
132.295
132.412
132.529
132.647
132.764
132.881
132.998
133.115
133.232
133.701
133.935
134.170
134.404
135.107
135.575
136.044
136.395
136.512
136.747
136.981
137.215
137.333
137.450
137.684
137.918
138.153
138.387
138.621
138.855
139.324
139.793
140.144
140.261
140.496
140.730
140.964
141.081
141.198
141.433
141.667
141.901
142.136
142.370
142.604
143.073
143.541
143.893
144.010
144.244
144.479
144.713
144.830
144.947
145.181
145.416
145.650
145.884
146.119
146.353
147.173
147.290
148.110
148.227
149.047
149.164
150.102
150.570
151.039
151.390
151.507
151.742
151.976
152.210
152.327
152.445
152.679
152.913
153.148
153.382
153.616
153.850
154.319
154.788
155.139
155.256
155.490
155.725
155.959
156.076
156.193
156.428
156.662
156.896
157.131
157.365
157.599
158.068
158.536
158.888
159.005
159.239
159.474
159.708
159.825
159.942
160.176
160.411
160.645
160.879
161.114
161.348
162.285
163.222
164.159
165.097
165.331
165.565
165.800
166.034
166.268
166.502
166.971
167.205
167.440
167.674
167.908
168.142
168.377
168.611
168.845
169.080
169.314
169.548
169.783
170.017
170.251
170.720
170.954
171.188
171.423
171.657
171.891
172.126
172.360
172.594
172.828
173.063
173.297
173.531
173.766
174.000
174.468
174.703
174.937
175.171
175.406
175.640
175.874
176.109
176.343
176.577
176.811
177.046
177.280
177.514
177.749
178.217
178.452
178.686
178.920
179.154
179.389
179.623
179.857
180.092
181.966
183.840
185.715
187.589
188.058
188.526
188.995
189.463
189.932
190.401
190.869
191.338
191.455
191.572
191.689
191.806
191.924
192.041
192.158
192.275
192.392
192.509
192.626
192.744
192.861
192.978
193.095
193.212
193.681
193.915
194.149
194.384
195.087
195.555
196.961
197.195
197.312
197.898
198.367
198.835
199.304
199.772
200.241
200.710
201.178
201.413
201.647
201.881
202.115
202.584
203.053
203.521
203.990
204.458
204.927
205.396
205.864
206.333
206.450
206.567
206.684
206.801
206.918
207.036
207.153
207.270
207.387
207.504
207.621
207.739
207.856
207.973
208.090
208.207
208.676
208.910
209.144
209.379
210.081
210.550
211.019
211.370
211.487
211.722
211.956
212.190
212.307
212.424
212.659
212.893
213.127
213.362
213.596
213.830
214.299
214.767
215.119
215.236
215.470
215.705
215.939
216.056
216.173
216.407
216.642
216.876
217.110
217.345
217.579
218.048
218.516
218.868
218.985
219.219
219.453
219.688
219.805
219.922
220.156
220.391
220.625
220.859
221.093
221.328
222.148
222.265
223.085
223.202
224.022
224.139
225.076
225.545
226.014
226.365
226.482
226.717
226.951
227.185
227.302
227.419
227.654
227.888
228.122
228.357
228.591
228.825
229.294
229.762
230.114
230.231
230.465
230.700
230.934
231.051
231.168
231.402
231.637
231.871
232.105
232.340
232.574
233.043
233.511
233.863
233.980
234.214
234.448
234.683
234.800
234.917
235.151
235.385
235.620
235.854
236.088
236.323
236.791
237.260
237.728
238.197
238.666
239.134
239.603
240.071
240.306
240.540
240.774
241.009
241.243
241.477
241.946
242.180
242.414
242.649
242.883
243.117
243.352
243.586
243.820
244.054
244.289
244.523
244.757
244.992
245.226
245.694
245.929
246.163
246.397
246.632
246.866
247.100
247.335
247.569
247.803
248.037
248.272
248.506
248.740
248.975
249.443
249.678
249.912
250.146
250.380
250.615
250.849
251.083
251.318
251.552
251.786
252.020
252.255
252.489
252.723
253.192
253.661
254.129
254.598
255.066
256.941
258.815
260.689
262.564
263.032
263.501
263.970
264.438
264.907
265.141
265.375
265.610
265.844
266.313
266.430
266.547
266.664
266.781
266.898
267.015
267.133
267.250
267.367
267.484
267.601
267.718
267.835
267.953
268.070
268.187
268.656
268.890
269.124
269.358
270.061
270.530
271.936
272.170
272.287
272.873
273.341
273.810
274.747
275.684
276.622
277.559
278.027
279.433
279.667
279.785
280.370
280.839
281.308
282.245
283.182
283.650
283.885
284.119
284.353
284.588
285.056
285.525
285.993
286.462
286.931
287.399
287.868
288.336
288.805
288.922
289.039
289.156
289.274
289.391
289.508
289.625
289.742
289.859
289.976
290.094
290.211
290.328
290.445
290.562
290.679
291.148
291.382
291.617
291.851
292.554
293.022
293.257
293.491
293.960
294.194
294.428
294.780
294.897
295.131
295.365
295.717
295.834
296.068
296.302
296.771
297.005
297.240
297.708
297.943
298.177
298.528
298.645
298.880
299.114
299.465
299.583
299.817
300.051
300.520
300.754
300.988
301.457
301.691
301.926
302.277
302.394
302.628
302.863
303.214
303.331
303.566
303.800
304.269
304.503
304.737
305.206
305.440
305.674
306.026
306.143
306.377
306.611
306.963
307.080
307.314
307.549
308.017
308.252
308.486
308.954
309.189
309.423
309.774
309.892
310.126
310.360
310.712
310.829
311.063
311.297
311.766
312.000
312.235
312.703
312.937
313.172
313.523
313.640
313.875
314.109
314.460
314.578
314.812
315.046
315.515
315.749
315.983
316.452
316.686
316.921
317.272
317.389
317.623
317.858
318.209
318.326
318.561
318.795
319.263
319.498
319.732
319.966
320.201
320.669
321.138
321.372
321.606
321.841
322.544
322.778
323.012
323.247
323.481
323.715
323.949
324.418
324.652
324.887
325.121
325.355
325.589
325.824
326.058
326.292
326.527
326.761
326.995
327.230
327.464
327.698
328.167
328.401
328.635
328.870
329.104
329.338
329.573
329.807
330.041
330.275
330.510
330.744
330.978
331.213
331.447
331.915
332.150
332.384
332.618
332.853
333.087
333.321
333.556
333.790
334.024
334.258
334.493
334.727
334.961
335.196
335.430
335.664
336.133
336.601
337.070
337.539
338.007
338.476
338.827
338.944
339.179
339.413
339.764
339.882
340.116
340.350
340.702
340.819
341.053
341.287
341.756
342.225
342.576
342.693
342.927
343.162
343.513
343.630
343.865
344.099
344.450
344.567
344.802
345.036
345.505
345.973
346.325
346.442
346.676
346.910
347.262
347.379
347.613
347.848
348.199
348.316
348.551
348.785
348.902
349.019
349.136
349.253
349.371
349.488
349.605
349.722
349.839
349.956
350.073
350.191
350.308
350.425
350.542
350.659
351.831
352.065
352.299
352.534
