0.172
0.641
1.110
1.579
2.047
2.516
2.985
3.453
3.922
4.391
4.860
5.328
5.797
6.266
6.735
7.203
7.672
8.141
8.610
9.078
9.547
9.782
10.016
10.250
10.485
10.719
10.953
11.188
11.422
11.539
11.656
11.774
11.891
12.008
12.125
12.242
12.360
12.477
12.594
12.711
12.828
12.946
13.063
13.180
13.297
13.766
14.235
14.352
14.469
14.586
14.703
14.938
15.172
15.406
15.641
16.110
16.344
16.578
17.047
17.281
17.516
17.985
18.219
18.453
18.922
19.156
19.391
19.859
20.094
20.328
20.797
21.031
21.266
21.734
21.969
22.203
22.672
22.906
23.141
23.609
23.844
24.078
24.547
24.781
25.016
25.484
25.719
25.953
26.422
26.539
26.656
26.773
26.891
27.008
27.125
27.242
27.359
27.477
27.594
27.711
27.828
27.945
28.062
28.180
28.297
28.531
28.766
29.000
29.234
29.469
29.703
30.172
32.047
33.922
34.273
34.625
34.859
35.797
36.734
37.672
37.906
38.375
38.609
38.844
39.312
39.547
39.781
40.250
40.484
40.719
40.953
41.187
41.422
41.656
42.125
42.359
42.593
43.062
43.297
43.531
44.000
44.234
44.468
44.703
44.937
45.172
45.406
45.640
45.875
46.109
46.343
46.578
46.812
47.047
47.281
47.515
47.750
47.984
48.218
48.453
48.687
48.921
49.156
49.390
49.625
49.859
50.093
50.328
50.562
50.796
51.148
51.265
51.617
51.734
52.086
52.203
52.671
52.906
53.375
53.609
53.843
54.312
54.546
54.781
55.250
55.484
55.718
55.953
56.187
56.421
56.656
57.124
57.359
57.593
58.062
58.296
58.531
58.999
59.234
59.468
59.703
59.937
60.171
60.289
60.406
60.523
60.640
60.757
60.874
60.992
61.109
61.226
61.343
61.460
61.578
61.695
61.812
61.929
62.046
62.163
62.281
62.398
62.515
62.632
62.749
62.867
62.984
63.101
63.218
63.335
63.453
63.570
63.687
63.804
63.921
64.038
64.156
64.273
64.390
64.507
64.624
64.742
64.859
64.976
65.093
65.210
65.327
65.445
65.562
65.679
65.796
66.265
66.734
67.202
67.671
68.023
68.140
68.491
68.609
68.960
69.077
69.429
69.546
69.898
70.015
70.366
70.484
70.835
70.952
71.304
71.421
71.773
71.890
72.241
72.359
72.710
72.827
73.179
73.296
73.648
73.765
74.116
74.234
74.585
74.702
75.054
75.171
75.523
75.640
75.991
76.109
76.460
76.577
76.929
77.046
77.398
77.515
77.866
77.984
78.335
78.452
78.804
78.921
79.273
79.390
79.741
79.859
80.210
80.327
80.679
80.796
81.265
81.499
81.616
81.968
82.085
82.671
83.140
83.257
83.374
83.491
83.608
83.726
83.843
83.960
84.077
84.194
84.312
84.429
84.546
84.663
84.780
84.897
85.015
85.132
85.249
85.366
85.483
85.601
85.718
85.835
85.952
86.421
86.772
86.890
87.241
87.358
87.710
87.827
88.179
88.296
88.647
88.765
89.116
89.233
89.585
89.702
90.054
90.171
90.405
90.640
90.874
91.108
91.343
91.577
91.811
92.046
92.280
92.515
92.749
92.983
93.218
93.452
93.686
93.921
94.155
94.390
94.624
94.858
95.093
95.327
95.561
95.796
96.030
96.264
96.499
96.733
97.202
97.671
98.608
99.546
100.483
100.952
101.421
101.889
102.358
102.827
103.296
103.764
104.233
104.702
105.171
105.405
105.874
106.108
106.342
106.811
107.046
107.280
107.749
107.983
108.217
108.452
108.686
108.921
109.155
109.624
109.858
110.092
110.561
110.796
111.030
111.499
111.733
111.967
112.202
112.436
112.670
112.905
113.139
113.374
113.608
113.842
114.077
114.311
114.545
114.780
115.014
115.249
115.483
115.717
115.952
116.186
116.420
116.655
116.889
117.124
117.358
117.592
117.827
118.061
118.295
118.530
118.764
118.998
119.233
119.467
119.702
119.936
120.170
120.522
120.639
120.991
121.108
121.459
121.577
121.928
122.045
122.397
122.514
122.866
122.983
123.334
123.452
123.803
123.920
124.272
124.389
124.741
124.858
125.209
125.327
125.678
125.795
126.147
126.264
126.616
126.733
127.084
127.201
127.553
127.670
128.022
128.139
128.491
128.608
128.959
129.076
129.428
129.545
129.897
130.014
130.365
130.483
130.834
130.951
131.303
131.420
131.772
131.889
132.240
132.358
132.709
132.826
133.178
133.295
133.647
133.764
134.115
134.233
134.584
134.701
135.053
135.170
135.404
135.873
136.108
136.342
136.811
137.045
137.279
137.748
137.983
138.217
138.451
138.686
138.920
139.154
139.623
139.858
140.092
140.561
140.795
141.029
141.498
141.733
141.967
142.201
142.436
142.670
142.787
142.904
143.022
143.139
143.256
143.373
143.490
143.607
143.725
143.842
143.959
144.076
144.193
144.311
144.428
144.545
144.662
144.779
144.897
145.014
145.131
145.248
145.365
145.482
145.600
145.717
145.834
145.951
146.068
146.186
146.303
146.420
146.537
146.654
146.771
146.889
147.006
147.123
147.240
147.357
147.475
147.592
147.709
147.826
147.943
148.061
148.178
148.295
148.764
149.232
149.350
149.467
149.584
149.701
150.170
150.521
150.639
150.990
151.107
151.459
151.576
151.928
152.045
152.396
152.514
152.865
152.982
153.334
153.451
153.803
153.920
154.271
154.389
154.740
154.857
155.209
155.326
155.678
155.795
156.146
156.264
156.615
156.732
157.084
157.201
157.553
157.670
158.021
158.138
158.490
158.607
158.959
159.076
159.428
159.545
159.896
160.013
160.365
160.482
160.834
160.951
161.302
161.420
161.771
161.888
162.240
162.357
162.709
162.826
163.177
163.295
163.646
163.763
164.115
164.232
164.584
164.701
165.052
165.170
165.638
165.756
165.873
165.990
166.107
166.224
166.341
166.459
166.576
166.693
166.810
166.927
167.045
167.162
167.279
167.396
167.513
167.631
167.748
167.865
167.982
168.099
168.216
168.334
168.451
168.920
169.271
169.388
169.740
169.857
170.209
170.326
170.677
170.795
171.146
171.263
171.615
171.732
172.084
172.201
172.670
173.138
173.373
173.607
173.841
174.076
174.310
174.544
175.013
175.248
175.482
175.951
176.068
176.185
176.419
176.888
177.123
177.357
177.591
177.826
178.294
178.529
178.763
178.998
179.232
179.701
180.169
180.521
180.638
180.990
181.107
181.458
181.576
181.927
182.044
182.396
182.513
182.865
182.982
183.333
183.451
183.802
183.919
184.271
184.388
184.740
184.857
185.208
185.326
185.677
185.794
186.146
186.263
186.615
186.732
187.083
187.201
187.552
187.669
188.021
188.138
188.490
188.607
188.958
189.075
189.427
189.544
189.896
190.013
190.365
190.482
190.833
190.950
191.302
191.419
191.536
191.654
191.771
191.888
192.005
192.122
192.239
192.357
192.474
192.591
192.708
192.825
192.943
193.060
193.177
193.294
193.529
193.763
193.997
194.232
194.466
194.700
195.169
195.521
195.638
195.989
196.107
196.458
196.575
196.927
197.044
197.396
197.513
197.864
197.982
198.333
198.450
198.802
198.919
199.271
199.388
199.739
199.857
200.208
200.325
200.677
200.794
201.146
201.263
201.614
201.732
202.083
202.200
202.552
202.669
203.021
203.138
203.489
203.607
203.958
204.075
204.427
204.544
204.896
205.013
205.364
205.481
205.833
205.950
206.302
206.419
206.536
206.653
206.771
206.888
207.005
207.122
207.239
207.356
207.474
207.591
207.708
207.825
207.942
208.060
208.177
208.294
208.645
208.763
209.114
209.231
209.349
209.466
209.583
209.700
209.817
209.935
210.169
