0.330
0.571
0.812
1.293
1.774
2.255
2.496
2.736
3.218
3.699
4.180
4.421
4.661
5.143
5.624
6.105
6.346
6.586
7.068
7.549
8.030
8.271
8.511
8.993
9.474
9.955
10.196
10.436
10.918
11.399
11.880
12.121
12.361
12.843
13.324
13.805
14.046
14.286
14.768
15.249
15.730
15.971
16.211
16.693
16.933
17.174
17.655
17.896
18.136
18.618
18.858
19.099
19.580
19.821
20.061
20.543
20.783
21.024
21.505
21.746
21.986
22.468
22.708
22.949
23.430
23.671
23.911
24.393
24.633
24.874
25.355
25.596
25.836
26.318
26.558
26.799
27.280
27.521
27.761
28.243
28.483
28.724
29.205
29.446
29.686
30.168
30.408
30.649
31.130
31.611
31.852
32.093
32.333
32.574
33.055
33.536
33.777
34.018
34.258
34.499
34.980
35.461
35.702
35.943
36.183
36.424
36.905
37.386
37.627
37.868
38.108
38.349
38.830
39.311
39.552
39.793
40.033
40.274
40.755
41.236
41.477
41.718
41.958
42.199
42.680
43.161
43.402
43.642
43.883
44.124
44.605
45.086
45.327
45.567
45.808
46.049
46.530
47.011
47.252
47.492
47.733
47.974
48.455
48.936
49.177
49.417
49.658
49.899
50.380
50.861
51.102
51.342
51.583
51.824
52.305
52.786
53.027
53.267
53.508
53.749
54.230
54.711
54.952
55.192
55.433
55.674
55.914
56.155
56.636
57.117
57.599
58.080
58.561
58.802
59.042
59.283
59.524
59.764
60.005
60.486
60.967
61.449
61.930
62.411
62.652
62.892
63.133
63.374
63.614
63.855
64.336
64.817
65.299
65.780
66.261
66.502
66.742
66.983
67.224
67.464
67.705
68.186
68.667
69.149
69.630
70.111
70.352
70.592
70.833
71.074
71.314
71.555
72.036
72.517
72.999
73.480
73.961
74.202
74.442
74.683
74.924
75.164
75.405
75.886
76.367
76.849
77.330
77.811
78.052
78.292
78.533
78.774
79.014
79.255
79.736
80.217
80.699
81.180
81.661
81.902
82.142
82.383
82.623
82.864
83.105
83.586
84.067
84.548
85.030
85.511
85.992
86.473
86.955
87.436
87.917
88.398
88.880
89.361
89.842
90.323
90.805
91.286
91.767
92.248
92.730
93.211
93.692
94.173
94.655
95.136
95.617
96.098
96.580
97.061
97.542
98.023
98.505
98.986
99.467
99.948
100.430
101.392
102.355
103.317
104.280
105.242
106.205
107.167
108.130
109.092
110.055
111.017
111.980
112.942
113.905
114.867
115.830
117.755
119.680
121.605
123.529
123.770
124.011
124.492
124.973
125.454
125.695
125.936
126.417
126.898
127.379
127.620
127.861
128.342
128.823
129.304
129.545
129.786
130.267
130.748
131.229
131.470
131.711
132.192
132.673
133.154
133.395
133.636
134.117
134.598
135.079
135.320
135.561
136.042
136.523
137.004
137.245
137.486
137.967
138.448
138.929
139.170
139.411
139.892
140.373
140.854
141.095
141.336
141.817
142.298
142.779
143.020
143.261
143.742
144.223
144.704
144.945
145.186
145.667
145.907
146.148
146.389
146.629
146.870
147.111
147.351
147.592
147.832
148.073
148.314
148.554
149.036
149.276
149.517
149.757
149.998
150.479
150.961
151.201
151.442
151.682
151.923
152.404
152.886
153.126
153.367
153.607
153.848
154.329
154.811
155.051
155.292
155.532
155.773
156.254
156.736
156.976
157.217
157.457
157.698
158.179
158.661
158.901
159.142
159.382
159.623
160.104
160.586
160.826
161.067
161.307
161.548
162.029
162.510
162.751
162.992
163.232
163.473
163.954
164.435
164.676
164.917
165.157
165.398
165.639
165.879
166.360
166.842
167.323
167.804
168.285
168.526
168.767
169.007
169.248
169.489
169.729
170.210
170.692
171.173
171.654
172.135
172.376
172.617
172.857
173.098
173.339
173.579
174.060
174.542
175.023
175.504
175.985
176.226
176.467
176.707
176.948
177.189
177.429
177.910
178.392
178.873
179.354
179.835
180.317
180.798
181.279
181.760
182.242
182.723
183.204
183.685
184.167
184.648
185.129
185.610
186.092
186.573
187.054
187.535
188.017
188.498
188.979
189.460
189.942
190.423
190.904
191.385
191.867
192.348
192.829
193.310
193.792
194.273
194.754
194.995
195.235
195.717
196.198
196.679
196.920
197.160
197.642
198.123
198.604
198.845
199.085
199.567
200.048
200.529
200.770
201.010
201.492
201.973
202.454
202.695
202.935
203.416
203.898
204.379
204.620
204.860
205.341
205.823
206.304
206.545
206.785
207.266
207.748
208.229
208.470
208.710
209.191
209.673
210.154
