0.499
1.422
2.345
3.268
4.190
5.113
6.036
6.959
7.882
8.805
9.728
10.651
11.574
12.497
13.420
14.343
15.266
15.727
16.189
16.650
17.112
17.804
18.035
18.958
19.188
19.419
19.881
20.111
20.342
20.804
21.496
21.727
22.650
22.996
23.342
23.573
24.034
24.495
25.188
25.418
25.649
26.341
26.572
26.803
27.264
27.495
27.726
28.187
28.880
29.110
30.033
30.379
30.725
30.956
31.418
31.879
32.225
32.571
32.917
33.264
33.379
33.494
33.610
33.725
34.071
34.417
34.763
35.109
35.225
35.340
35.456
35.571
35.917
36.263
36.609
36.955
37.071
37.186
37.301
37.417
37.763
38.109
38.455
38.801
39.032
39.263
39.609
39.955
40.301
40.647
40.763
40.878
40.993
41.109
41.455
41.801
42.147
42.493
42.608
42.724
42.839
42.955
43.301
43.647
43.993
44.339
44.454
44.570
44.685
44.800
45.147
45.493
45.839
46.185
46.416
46.646
47.108
47.339
47.569
47.915
48.262
48.838
49.271
49.415
49.877
50.184
50.646
51.261
51.569
52.030
52.492
53.107
53.415
54.030
54.491
54.722
54.953
55.414
55.876
56.337
56.799
57.260
57.722
58.183
58.645
59.106
59.568
60.029
60.491
60.952
61.414
61.783
62.152
62.521
62.706
62.890
63.075
63.260
63.629
63.998
64.367
64.552
64.736
64.921
65.105
65.475
65.844
66.213
66.398
66.582
66.767
66.951
67.413
67.644
67.874
68.336
68.797
69.259
69.720
70.182
70.643
71.105
71.566
72.028
72.489
72.720
72.951
73.181
73.412
73.643
73.874
74.104
74.335
74.450
74.566
74.681
74.796
74.912
75.027
75.143
75.258
75.373
75.489
75.604
75.719
76.181
76.412
76.642
77.104
77.565
78.027
78.488
78.719
78.950
79.181
79.411
79.527
79.642
79.757
79.873
80.334
80.565
80.796
81.026
81.257
81.373
81.488
81.603
81.719
82.180
82.411
82.642
82.872
83.103
83.218
83.334
83.449
83.565
84.026
84.257
84.487
84.718
84.949
85.064
85.180
85.295
85.410
85.872
86.103
86.333
86.564
86.795
86.910
87.026
87.141
87.256
87.718
87.949
88.179
88.410
88.641
88.756
88.872
88.987
89.102
89.564
89.794
90.025
90.256
90.487
90.602
90.717
90.833
90.948
91.410
91.640
91.871
92.102
92.333
92.794
93.256
93.486
93.717
93.948
94.179
94.294
94.409
94.525
94.640
95.101
95.332
95.563
95.794
96.024
96.140
96.255
96.371
96.486
96.947
97.178
97.409
97.640
97.870
97.986
98.101
98.216
98.332
98.793
99.024
99.255
99.485
99.716
99.832
99.947
100.062
100.178
100.639
100.870
101.101
101.331
101.562
101.678
101.793
101.908
102.024
102.485
102.716
102.947
103.177
103.408
103.523
103.639
103.754
103.870
104.100
104.331
104.562
104.792
105.023
105.254
105.485
105.715
105.831
105.946
106.062
106.177
106.408
106.638
106.869
107.100
107.331
107.561
108.023
108.484
108.946
109.407
109.869
110.330
110.792
111.253
111.945
112.176
113.099
113.330
113.561
114.022
114.253
114.483
114.945
115.637
115.868
116.560
116.791
117.022
117.252
117.483
117.714
118.175
118.637
119.329
119.560
119.790
120.483
120.713
120.944
121.406
121.636
121.867
122.329
123.021
123.252
123.944
124.175
124.405
124.636
124.867
125.097
125.559
126.020
126.390
126.759
127.128
127.313
127.497
127.682
127.866
128.236
128.605
128.974
129.158
129.343
129.528
129.712
130.081
130.451
130.820
131.004
131.189
131.374
131.558
131.927
132.297
132.666
133.035
133.404
133.773
134.142
134.512
134.696
134.881
135.065
135.250
135.619
135.988
136.358
136.542
136.727
136.911
137.096
137.465
137.834
138.203
138.388
138.573
138.757
138.942
139.311
139.680
140.049
140.419
140.788
141.249
141.480
141.711
142.057
142.403
142.980
143.412
143.557
144.018
144.326
144.787
145.402
145.710
146.172
146.633
147.248
147.556
148.171
148.633
149.094
149.556
150.017
150.479
150.940
151.402
151.863
152.325
152.786
153.248
153.709
154.171
154.632
155.093
155.555
155.924
156.293
156.662
156.847
157.032
157.216
157.401
157.770
158.139
158.508
158.693
158.878
159.062
159.247
159.616
159.985
160.354
160.539
160.723
160.908
161.093
161.462
161.831
162.200
162.385
162.569
162.754
162.939
163.400
163.862
164.323
164.784
165.246
165.707
166.169
166.630
166.861
167.092
167.323
167.553
167.784
168.015
168.246
168.476
168.592
168.707
168.822
168.938
169.053
169.169
169.284
169.399
169.515
169.630
169.745
169.861
170.322
170.553
170.784
171.245
171.707
172.168
172.630
172.860
173.091
173.322
173.553
173.668
173.783
173.899
174.014
174.476
174.706
174.937
175.168
175.398
175.514
175.629
175.745
175.860
176.321
176.552
176.783
177.014
177.244
177.360
177.475
177.590
177.706
178.167
178.398
178.629
178.860
179.090
179.206
179.321
179.436
179.552
180.013
180.244
180.475
180.705
180.936
181.052
181.167
181.282
181.398
181.859
182.090
182.321
182.551
182.782
182.897
183.013
183.128
183.244
183.705
183.936
184.167
184.397
184.628
184.743
184.859
184.974
185.089
185.551
185.782
186.012
186.243
186.474
186.935
187.397
187.628
187.858
188.089
188.320
188.435
188.551
188.666
188.781
189.243
189.474
189.704
189.935
190.166
190.281
190.396
190.512
190.627
191.089
191.319
191.550
191.781
192.012
192.127
192.242
192.358
192.473
192.935
193.165
193.396
193.627
193.858
193.973
194.088
194.204
194.319
194.780
195.011
195.242
195.473
195.703
195.819
195.934
196.050
196.165
196.626
196.857
197.088
197.319
197.549
197.665
197.780
197.895
198.011
198.472
198.703
198.934
199.165
199.395
199.511
199.626
199.741
199.857
199.972
200.087
200.203
200.318
200.549
200.780
201.010
201.241
201.472
201.703
201.976
202.264
202.568
202.887
203.222
203.572
203.937
204.318
204.714
205.125
205.552
205.995
206.452
206.925
207.414
