4.967
5.400
5.832
6.264
6.697
7.129
7.561
7.993
8.209
8.426
8.858
9.290
9.722
10.155
10.587
11.019
11.451
11.884
12.316
12.748
13.181
13.613
14.045
14.477
14.910
15.126
15.342
15.774
16.206
16.639
17.071
17.503
17.935
18.368
18.800
19.232
19.665
20.097
20.529
20.961
21.394
21.826
22.042
22.258
22.690
23.123
23.555
23.987
24.419
24.852
25.284
25.716
26.077
26.437
26.797
27.157
27.517
27.878
28.238
28.418
28.598
28.958
29.319
29.679
30.039
30.399
30.759
31.120
31.480
31.840
32.200
32.561
32.921
33.281
33.641
34.001
34.182
34.362
34.722
35.082
35.442
35.803
36.163
36.523
36.883
37.243
37.604
37.964
38.324
38.684
39.045
39.405
39.765
39.945
40.125
40.485
40.846
41.206
41.566
41.926
42.287
42.647
43.007
43.367
43.727
44.088
44.448
44.808
45.168
45.529
45.709
45.889
46.249
46.609
46.969
47.330
47.690
48.050
48.410
48.771
49.131
49.491
49.851
50.211
50.572
50.932
51.292
51.472
51.652
52.013
52.373
52.733
53.093
53.453
53.814
54.174
54.534
54.894
55.255
55.615
55.975
56.335
56.695
57.056
57.236
57.416
57.776
58.136
58.497
58.857
59.217
59.577
59.938
60.298
60.690
61.081
61.473
61.865
62.257
62.649
63.041
63.433
63.824
64.216
64.608
65.000
65.392
65.784
66.176
66.567
66.959
67.351
67.743
68.135
68.527
68.919
69.310
69.702
70.094
70.486
70.878
71.270
71.662
72.053
72.445
72.837
73.229
73.621
74.013
74.405
74.796
75.188
75.580
75.776
75.972
76.364
76.756
77.148
77.539
77.931
78.323
78.715
79.107
79.499
79.891
80.282
80.674
81.066
81.458
81.850
82.046
82.242
82.634
83.025
83.417
83.809
84.201
84.593
84.985
85.377
85.768
86.160
86.552
86.944
87.336
87.728
88.120
88.316
88.511
88.903
89.295
89.687
90.079
90.471
90.863
91.254
91.646
92.038
92.430
92.822
93.214
93.606
93.997
94.389
94.781
95.173
95.565
95.957
96.349
96.740
97.132
97.524
97.916
98.308
98.700
99.092
99.483
99.875
100.267
100.659
101.051
101.443
101.835
102.226
102.618
103.010
103.402
103.794
104.186
104.578
104.969
105.361
105.753
106.145
106.537
106.929
107.321
107.712
108.104
108.496
108.888
109.280
109.672
110.064
110.455
110.847
111.239
111.631
112.023
112.415
112.807
113.198
113.590
113.923
114.256
114.588
114.921
115.254
115.586
115.919
116.252
116.584
116.917
117.250
117.582
117.915
118.248
118.580
118.747
118.913
119.246
119.578
119.911
120.243
120.576
120.909
121.241
121.574
121.907
122.239
122.572
122.905
123.237
123.570
123.903
124.235
124.544
124.853
125.161
125.470
125.779
126.088
126.396
126.705
127.014
127.322
127.631
127.940
128.248
128.557
128.866
129.020
129.174
129.483
129.792
130.100
130.409
130.718
131.026
131.335
131.644
131.953
132.261
132.570
132.879
133.187
133.496
133.805
134.113
134.420
134.728
135.035
135.342
135.649
135.956
136.263
136.417
136.570
136.877
137.184
137.491
137.798
138.105
138.413
138.720
139.027
139.334
139.641
139.948
140.255
140.562
140.869
141.176
141.330
141.483
141.791
142.098
142.405
142.712
143.019
143.326
143.633
143.940
144.227
144.514
144.801
145.088
145.375
145.662
145.948
146.092
146.235
146.522
146.809
147.096
147.383
147.670
147.957
148.244
148.531
148.817
149.104
149.391
149.678
149.965
150.252
150.539
150.682
150.826
151.113
151.400
151.686
151.973
152.260
152.547
152.834
153.121
153.409
153.697
153.984
154.272
154.560
154.848
155.136
155.423
155.711
155.999
156.287
156.575
156.862
157.150
157.438
157.726
158.014
158.302
158.589
158.877
159.165
159.453
159.741
160.028
160.316
160.604
160.892
161.180
161.467
161.755
162.043
162.331
162.619
162.906
163.194
163.482
163.770
164.058
164.345
164.489
164.633
164.921
165.209
165.497
165.785
166.072
166.360
166.648
166.936
167.224
167.511
167.799
168.087
168.375
168.663
168.950
169.094
169.238
169.526
169.814
170.102
170.389
170.677
170.965
171.253
171.541
171.828
172.116
172.404
172.692
172.980
173.268
173.555
173.699
173.843
174.131
174.419
174.707
174.994
175.282
175.570
175.858
176.146
