0.334
0.976
1.618
2.260
2.902
3.224
3.545
4.187
4.829
5.471
6.114
6.756
7.398
8.040
8.361
8.683
9.325
9.967
10.609
11.252
11.894
12.536
13.178
13.499
13.821
14.463
15.105
15.747
16.389
17.032
17.674
18.316
18.637
18.958
19.601
20.243
20.885
21.527
22.170
22.812
23.454
23.775
24.096
24.739
25.381
26.023
26.665
27.308
27.950
28.592
28.913
29.234
29.876
30.519
31.161
31.803
32.445
33.088
33.730
34.051
34.372
34.693
35.014
35.657
36.299
36.941
37.583
38.226
38.868
39.189
39.510
39.831
40.152
40.795
41.437
42.079
42.721
43.363
44.006
44.327
44.648
44.969
45.290
45.932
46.575
47.217
47.859
48.501
49.144
49.465
49.786
50.107
50.428
51.070
51.713
52.034
52.355
52.997
53.639
54.282
54.603
54.924
55.245
55.566
56.208
56.850
57.172
57.493
58.135
58.777
59.419
59.741
60.062
60.383
60.704
61.346
61.988
62.310
62.631
63.273
63.915
64.557
64.878
65.200
65.521
65.842
66.484
67.126
67.447
67.769
68.411
69.053
69.695
70.016
70.338
70.659
70.980
71.622
72.264
72.585
72.906
73.549
74.191
74.833
75.154
75.475
75.797
76.118
76.760
77.402
77.723
78.044
78.687
79.329
79.971
80.292
80.613
80.934
81.256
81.898
82.540
82.861
83.182
83.825
84.467
85.109
85.430
85.751
86.072
86.393
87.036
87.678
87.999
88.320
88.962
89.605
90.247
90.568
90.889
91.210
91.531
92.174
92.816
93.137
93.458
94.100
94.421
94.743
95.385
95.706
96.027
96.348
96.669
97.312
97.954
98.275
98.596
99.238
99.559
99.880
100.523
100.844
101.165
101.486
101.807
102.449
103.092
103.413
103.734
104.376
104.697
105.018
105.661
105.982
106.303
106.624
106.945
107.587
108.230
108.551
108.872
109.514
109.835
110.156
110.799
111.120
111.441
111.762
112.083
112.725
113.367
113.689
114.010
114.652
114.973
115.294
115.936
116.258
116.579
116.900
117.221
117.863
118.505
118.827
119.148
119.790
120.111
120.432
121.074
121.395
121.717
122.038
122.359
123.001
123.643
123.964
124.286
124.928
125.249
125.570
126.212
126.533
126.854
127.176
127.497
128.139
128.781
129.102
129.423
130.066
130.387
130.708
131.350
131.671
131.992
132.314
132.635
133.277
133.919
134.080
134.561
134.722
135.204
135.364
135.846
136.006
136.488
136.809
137.130
137.451
137.773
138.094
138.415
138.736
139.057
139.218
139.699
139.860
140.341
140.502
140.984
141.144
141.626
141.947
142.268
142.589
142.910
143.232
143.553
143.874
144.195
144.355
144.837
144.998
145.479
145.640
146.122
146.282
146.764
146.924
147.406
147.567
148.048
148.209
148.691
148.851
149.333
149.493
149.975
150.136
150.617
150.778
151.260
151.420
151.902
152.223
152.544
152.865
153.186
153.507
153.828
154.150
154.471
154.631
155.113
155.274
155.755
155.916
156.397
156.558
157.040
157.200
157.682
157.842
158.324
158.485
158.966
159.127
159.609
159.769
160.251
160.411
160.893
161.054
161.535
161.696
162.178
162.499
162.820
163.141
163.462
163.783
164.104
164.425
164.747
164.907
165.068
165.228
165.389
165.549
165.710
165.870
166.031
166.352
166.673
166.994
167.316
167.476
167.637
167.797
167.958
168.118
168.279
168.439
168.600
168.921
169.242
169.563
169.884
170.045
170.206
170.366
170.527
170.687
170.848
171.008
171.169
171.490
171.811
172.132
172.453
172.614
172.775
172.935
173.096
173.256
173.417
173.577
173.738
174.059
174.380
174.701
175.022
175.183
175.665
175.825
176.307
176.467
176.949
177.110
177.591
177.912
178.234
178.555
178.876
179.518
180.160
180.321
180.803
180.963
181.445
181.605
182.087
182.248
182.729
183.050
183.371
183.693
184.014
184.656
185.298
185.459
185.940
186.101
186.583
186.743
187.225
187.385
187.867
188.188
188.509
188.830
189.152
189.794
190.436
190.597
191.078
191.239
191.721
191.881
192.363
192.523
193.005
193.326
193.647
193.968
194.290
194.932
195.574
195.735
196.216
196.377
196.858
197.019
197.501
197.661
198.143
198.464
198.785
199.106
199.427
200.070
200.712
200.872
201.354
201.515
201.996
202.157
202.639
202.799
203.281
203.602
203.923
204.244
204.565
205.208
205.850
206.010
206.492
206.653
207.134
207.295
207.777
207.937
208.419
208.740
209.061
209.382
209.703
210.345
210.988
211.148
211.630
211.791
212.272
212.433
212.914
213.075
213.557
213.878
214.199
214.520
214.841
215.483
216.126
216.768
217.410
218.052
218.695
219.016
219.337
219.658
219.979
220.621
221.264
221.906
222.548
223.190
223.832
224.154
224.475
224.796
225.117
225.759
226.401
227.044
227.686
228.328
228.970
229.292
229.613
229.934
230.255
230.897
231.539
232.182
232.824
233.466
234.108
234.429
234.751
235.072
235.393
236.035
236.677
237.319
237.962
238.604
239.246
239.888
240.531
241.173
241.815
242.457
243.100
243.742
244.384
245.026
245.669
246.311
246.953
247.595
248.238
248.880
249.522
250.164
250.806
251.449
252.091
252.733
253.375
254.018
254.660
255.302
255.944
256.587
257.229
258.513
259.798
261.082
262.367
263.651
264.936
266.220
267.505
268.147
268.789
269.431
270.074
270.716
271.358
272.000
272.643
273.285
273.927
274.569
275.212
275.854
276.496
277.138
277.781
