1.079
1.548
2.017
2.485
2.954
3.423
3.891
4.360
4.829
5.297
5.531
5.766
6.000
6.234
6.469
6.703
7.172
7.640
8.109
8.578
9.046
9.515
9.984
10.452
10.687
10.921
11.390
11.858
12.327
12.796
13.030
13.264
13.499
13.733
14.201
14.670
15.139
17.951
19.825
21.231
21.700
22.169
22.637
23.106
23.574
24.043
24.512
24.980
25.449
25.918
26.386
26.855
27.324
27.792
28.261
28.730
29.198
29.667
30.136
30.604
31.073
31.541
32.010
32.479
32.947
33.416
33.885
34.353
34.822
35.291
35.759
36.228
36.697
37.165
37.634
38.103
38.571
39.040
39.508
39.977
40.446
40.914
41.383
41.852
42.320
42.789
43.258
43.726
44.195
44.664
45.132
45.601
46.070
46.538
47.007
47.476
47.944
48.413
48.647
48.881
49.116
49.350
49.584
49.819
50.287
50.756
51.225
51.693
52.162
52.631
53.099
53.568
53.802
54.037
54.505
54.974
55.443
55.911
56.146
56.380
56.614
56.848
57.083
57.317
57.786
58.254
58.723
59.192
59.660
60.129
60.598
61.066
61.535
62.004
62.472
62.941
63.410
63.878
64.347
64.815
65.284
65.753
66.221
66.690
66.958
67.226
67.493
67.761
68.029
68.297
68.565
68.721
68.877
69.033
69.190
69.346
69.502
69.658
69.814
69.971
70.127
70.283
70.439
75.594
76.063
76.297
76.532
76.766
77.000
77.235
77.469
77.938
78.172
78.406
78.641
78.875
79.812
80.281
80.750
81.218
81.687
82.155
82.624
82.858
83.093
83.327
83.561
84.030
84.499
84.967
85.436
85.905
86.373
86.842
87.311
87.779
88.248
88.717
89.185
89.654
89.888
90.123
90.357
90.591
90.825
91.060
91.528
91.997
92.466
92.934
93.403
93.872
94.106
94.340
94.575
94.809
95.278
95.746
96.215
96.684
97.152
97.621
97.855
98.090
98.324
98.558
99.027
99.495
99.964
100.433
100.901
101.370
101.604
101.839
102.073
102.307
102.776
103.245
103.713
104.182
105.119
105.354
105.588
106.057
106.525
106.994
107.462
107.931
108.400
108.868
109.337
109.806
110.274
110.509
110.743
110.977
111.212
111.446
111.680
112.149
112.618
113.086
113.555
114.024
114.492
114.961
115.430
115.664
115.898
116.132
116.367
117.304
117.773
118.007
118.241
118.476
118.710
118.944
119.179
119.647
120.116
120.585
121.053
121.522
121.991
122.459
122.928
123.397
123.865
124.334
124.802
125.271
125.505
125.740
125.974
126.208
126.443
126.677
127.146
127.614
128.083
128.552
129.020
129.489
129.958
130.426
130.661
130.895
131.129
131.364
131.832
132.301
132.770
133.004
133.238
133.472
133.707
133.941
134.175
134.644
135.113
135.581
136.050
136.987
137.222
137.456
137.690
137.925
138.393
139.331
139.799
140.737
141.205
141.674
142.142
143.548
144.017
145.423
145.892
147.298
148.235
148.704
151.047
151.984
152.218
152.453
152.687
152.921
153.390
154.327
154.796
155.733
156.202
156.671
157.139
158.545
159.014
160.420
160.888
162.294
163.232
163.700
166.044
166.512
166.981
167.918
168.387
168.855
169.324
169.793
170.261
170.496
170.730
170.964
171.199
171.433
171.667
172.136
172.605
173.542
174.011
174.479
174.948
175.416
175.651
175.885
176.119
176.354
177.291
177.994
178.228
178.463
178.697
178.931
179.166
179.634
180.103
180.572
181.040
181.509
181.978
182.446
182.915
183.384
183.852
184.321
184.789
185.258
185.727
186.195
186.664
187.133
187.601
188.070
188.539
189.007
189.476
189.945
190.413
190.882
191.351
191.819
192.288
192.756
193.225
193.694
194.162
194.631
195.100
196.037
196.506
196.740
196.974
197.912
198.380
198.615
198.849
199.318
199.786
200.255
200.489
200.724
201.192
201.661
202.129
202.598
203.067
203.535
204.004
204.238
204.473
205.410
205.879
206.347
206.816
207.285
207.753
207.988
208.222
208.691
209.159
209.628
210.096
210.565
211.034
211.502
211.971
212.440
212.908
213.377
213.846
214.314
214.783
215.252
215.720
216.189
216.658
217.126
217.595
218.063
218.532
219.001
219.469
219.938
220.407
220.875
221.344
221.813
222.281
222.750
223.219
223.687
224.156
224.625
225.093
225.562
226.031
226.499
226.968
227.436
227.905
228.374
228.842
229.311
229.780
230.248
230.717
231.186
231.654
232.123
232.592
233.060
233.529
233.998
234.466
234.935
235.403
235.872
236.341
236.809
237.278
237.747
238.215
238.684
239.153
239.621
240.090
240.559
241.027
241.262
241.496
241.730
241.965
242.199
242.433
242.668
242.902
243.136
243.371
243.605
243.839
243.995
244.152
244.308
244.542
244.776
245.011
245.245
245.479
245.714
245.948
246.182
246.417
246.651
246.885
247.120
247.354
247.588
247.745
247.901
248.057
248.291
248.526
248.760
248.994
249.229
249.463
249.697
249.932
250.166
250.400
250.635
250.869
251.103
251.338
251.494
251.650
251.806
252.040
252.275
252.509
252.743
252.978
253.212
253.446
253.681
253.915
254.149
254.384
254.618
254.852
255.087
255.243
255.399
255.555
255.790
256.024
256.493
256.961
257.430
257.899
258.367
258.836
259.070
259.305
259.773
260.242
260.710
261.179
261.648
262.116
262.585
262.819
263.054
263.522
263.991
264.460
264.928
265.397
265.866
266.334
266.569
266.803
267.272
267.740
268.209
268.678
269.146
269.615
270.083
270.318
270.552
