11.182
12.147
13.113
14.078
15.043
16.009
16.974
17.940
18.905
19.388
19.549
19.709
19.870
20.353
20.836
21.318
21.479
21.640
21.801
22.284
22.767
23.249
23.410
23.571
23.732
24.215
24.697
25.180
25.341
25.502
25.663
26.145
26.628
27.111
27.352
27.593
27.835
28.076
28.317
28.559
29.042
29.162
29.283
29.404
29.524
29.766
30.007
30.248
30.490
30.972
31.093
31.214
31.334
31.455
31.696
31.938
32.179
32.420
32.903
33.024
33.144
33.265
33.386
33.627
33.868
34.110
34.351
34.834
34.995
35.156
35.317
35.799
36.282
36.765
36.925
37.086
37.247
37.730
38.213
38.695
38.856
39.017
39.178
39.661
40.143
40.626
40.787
40.948
41.109
41.591
42.074
42.557
42.678
42.798
42.919
43.040
43.160
43.281
43.402
43.522
43.643
43.764
43.884
44.005
44.488
44.608
44.729
44.850
44.970
45.091
45.212
45.332
45.453
45.574
45.694
45.815
45.936
46.418
46.539
46.660
46.780
46.901
47.022
47.142
47.263
47.384
47.504
47.625
47.746
47.866
48.349
48.470
48.591
48.711
48.832
48.953
49.073
49.194
49.315
49.435
49.556
49.677
49.797
50.280
50.401
50.521
50.642
50.763
50.883
51.004
51.125
51.245
51.366
51.487
51.607
51.728
52.211
52.331
52.452
52.573
52.693
52.814
52.935
53.055
53.176
53.297
53.417
53.538
53.659
54.141
54.262
54.383
54.503
54.624
54.745
54.866
54.986
55.107
55.228
55.348
55.469
55.590
56.072
56.193
56.314
56.434
57.520
58.003
58.124
58.244
58.365
58.486
58.606
58.727
58.848
58.968
59.089
59.210
59.330
59.451
59.934
60.054
60.175
60.296
60.416
60.537
60.658
60.778
60.899
61.020
61.141
61.261
61.382
61.865
61.985
62.106
62.227
62.347
62.468
62.589
62.709
62.830
62.951
63.071
63.192
63.313
63.795
64.278
64.761
65.243
65.726
65.847
65.967
66.088
66.209
66.329
66.691
66.812
66.933
67.053
67.174
67.657
67.898
68.019
68.140
68.260
68.622
68.743
68.864
68.984
69.105
69.588
69.829
69.950
70.070
70.191
70.553
70.674
70.794
70.915
71.036
71.518
72.001
72.484
72.966
73.449
73.932
74.254
74.575
74.897
75.380
75.621
75.863
76.184
76.506
76.828
77.311
77.793
78.115
78.437
78.759
79.241
79.724
80.207
80.690
81.172
81.655
81.977
82.298
82.620
83.103
83.344
83.586
83.907
84.229
84.551
85.034
85.516
85.838
86.053
86.160
86.267
86.375
86.482
86.964
87.447
87.689
87.930
88.171
88.413
88.895
89.378
89.619
89.861
90.343
90.585
90.826
91.067
91.309
91.550
91.791
92.274
92.757
93.239
93.481
93.722
94.205
94.446
94.688
94.929
95.170
95.412
95.653
96.136
96.618
97.101
97.342
97.584
98.066
98.308
98.549
98.790
99.032
99.273
99.514
99.997
100.480
100.963
101.204
101.445
101.928
102.169
102.411
102.652
102.893
103.135
103.376
103.859
103.979
104.100
104.221
104.341
104.462
104.583
104.703
104.824
104.945
105.065
105.186
105.307
105.548
105.669
105.789
105.910
106.031
106.151
106.272
106.513
106.634
106.755
106.996
107.117
107.238
107.358
107.479
107.600
107.720
107.841
107.962
108.082
108.203
108.324
108.444
108.565
108.806
108.927
109.048
109.168
109.289
109.410
109.530
109.772
109.892
110.013
110.134
110.254
110.375
110.496
110.616
110.858
110.978
111.099
111.220
111.340
111.582
112.064
112.225
112.386
112.547
113.030
113.513
113.995
114.156
114.317
114.478
114.961
115.443
115.926
116.087
116.248
116.409
116.891
117.374
117.857
118.339
118.822
119.305
119.546
119.788
120.029
120.270
120.512
120.753
120.994
121.236
121.718
121.839
121.960
122.080
122.201
122.322
122.442
122.563
122.684
122.804
122.925
123.046
123.166
123.649
123.770
123.890
124.011
124.132
124.252
124.373
124.494
124.614
124.735
124.856
124.976
125.097
125.580
125.700
125.821
125.942
126.062
126.183
126.304
126.425
126.545
126.666
126.787
126.907
127.028
127.511
127.631
127.752
127.873
127.993
128.114
128.235
128.355
128.476
128.597
128.717
128.838
128.959
129.441
129.562
129.683
129.803
129.924
130.045
130.165
130.286
130.407
130.527
130.648
130.769
130.889
131.372
131.493
131.613
131.734
131.855
131.975
132.096
132.217
132.337
132.458
132.579
132.700
132.820
133.303
133.424
133.544
133.665
133.786
133.906
134.027
134.148
134.268
134.389
134.510
134.630
134.751
135.234
135.354
135.475
135.596
136.682
137.183
137.684
138.185
138.687
138.854
138.974
139.095
139.216
139.337
139.457
139.578
139.819
139.940
140.061
140.302
140.543
140.989
141.434
141.880
142.325
142.474
142.715
142.836
142.957
143.077
143.198
143.319
143.439
143.681
143.801
143.922
144.163
144.405
144.850
145.296
145.741
146.187
146.336
146.577
146.698
146.818
146.939
147.060
147.180
147.301
147.542
147.663
147.784
148.025
148.266
148.712
149.157
149.603
150.049
150.197
150.438
150.559
150.680
150.800
150.921
151.042
151.162
151.404
151.524
151.645
151.886
152.128
152.573
153.019
153.465
153.910
154.059
154.300
154.421
154.541
154.662
154.783
154.903
155.024
155.265
155.386
155.507
155.748
155.989
156.435
156.880
157.326
157.772
157.920
158.161
158.282
158.403
158.523
158.644
158.765
158.886
159.127
159.248
159.368
159.610
159.851
160.296
160.742
161.188
161.633
161.782
162.023
162.144
162.264
162.385
162.506
162.626
162.747
162.988
163.109
163.230
163.471
163.712
164.158
164.604
165.049
165.495
165.643
165.885
166.005
166.126
166.247
166.367
166.488
166.609
166.850
166.971
167.091
167.333
167.574
168.057
168.298
168.539
169.022
169.263
169.505
169.987
170.229
170.470
170.953
171.194
171.435
171.918
172.160
172.401
172.884
173.125
173.366
173.849
174.090
174.332
174.814
175.297
175.780
176.021
176.262
176.745
176.986
177.228
177.710
177.952
178.193
178.676
178.917
179.159
179.641
179.883
180.124
180.607
180.848
181.089
181.572
181.813
182.055
182.537
184.951
185.434
185.675
185.916
186.158
186.399
186.640
186.882
187.364
187.485
187.606
187.726
187.847
188.088
188.330
188.571
188.812
189.295
189.416
189.536
189.657
189.778
190.019
190.260
190.502
190.743
191.226
191.347
191.467
191.588
191.709
191.950
192.191
192.433
192.674
193.157
193.317
193.478
193.639
194.122
194.605
195.087
195.248
195.409
195.570
196.053
196.535
197.018
197.179
197.340
197.501
197.984
198.466
198.949
199.110
199.271
199.432
199.914
200.397
200.880
201.000
201.121
201.242
201.362
201.483
201.604
201.724
201.845
201.966
202.086
202.207
202.328
202.810
202.931
203.052
203.172
203.293
203.414
203.534
203.655
203.776
203.896
204.017
204.138
204.259
204.741
204.862
204.983
205.103
205.224
205.345
205.465
205.586
205.707
205.827
205.948
206.069
206.189
206.672
206.793
206.913
207.034
207.155
207.275
207.396
207.517
207.637
207.758
207.879
207.999
208.120
208.603
208.723
208.844
208.965
209.085
209.206
209.327
209.447
209.568
209.689
209.809
209.930
210.051
210.533
210.654
210.775
210.896
211.016
211.137
211.258
211.378
211.499
211.620
211.740
211.861
211.982
212.464
212.585
212.706
212.826
212.947
213.068
213.188
213.309
213.430
213.550
213.671
213.792
213.912
214.395
214.516
214.636
214.757
215.360
215.843
216.004
216.326
216.808
217.291
217.774
217.935
218.257
218.739
219.222
219.705
219.866
220.187
220.670
221.153
221.635
221.796
222.118
222.601
223.083
223.566
223.727
224.049
224.532
225.014
225.497
225.658
225.980
226.462
226.945
227.428
227.589
227.910
228.393
228.876
229.358
229.519
229.841
230.324
230.807
