0.162
1.099
2.037
2.974
3.912
4.849
5.787
6.724
7.662
8.131
8.365
8.834
9.068
9.303
9.771
10.006
10.240
10.709
10.943
11.178
11.412
11.881
12.115
12.584
12.818
13.053
13.522
13.756
13.990
14.459
14.693
14.928
15.162
15.631
15.865
16.334
16.568
16.803
17.272
17.506
17.740
18.209
18.444
18.678
18.912
19.381
19.615
20.084
20.319
20.553
21.022
21.256
21.490
21.959
22.194
22.428
22.662
23.131
23.366
23.834
24.069
24.303
24.772
25.006
25.241
25.709
25.944
26.178
26.413
26.881
27.116
27.584
27.819
28.053
28.522
28.756
28.991
29.459
29.694
29.928
30.163
30.631
30.866
31.335
31.569
31.803
32.272
32.506
32.741
33.210
33.444
33.678
33.913
34.381
34.616
35.085
35.319
35.553
36.022
36.257
36.491
36.960
37.194
37.428
37.663
38.132
38.366
38.835
39.069
39.304
39.538
40.007
40.241
40.710
40.944
41.179
41.413
41.882
42.116
42.585
42.819
43.054
43.288
43.757
43.991
44.460
44.694
44.929
45.163
45.397
45.632
45.866
46.101
46.335
46.569
46.804
47.038
47.272
47.507
47.741
47.976
48.210
48.444
48.679
48.913
49.030
49.148
49.265
49.382
49.499
49.616
49.734
49.851
49.968
50.085
50.202
50.319
50.437
50.554
50.671
50.788
51.257
51.726
52.195
52.663
52.898
53.132
53.366
53.601
53.835
54.070
54.304
54.538
54.773
55.007
55.241
55.476
55.710
55.945
56.179
56.413
56.648
56.882
57.117
57.351
57.585
57.820
58.054
58.288
58.523
58.757
58.992
59.226
59.460
59.695
59.812
59.929
60.046
60.164
60.398
60.632
60.867
61.101
61.335
61.570
61.804
62.039
62.273
62.507
62.742
62.976
63.210
63.445
63.679
63.914
64.148
64.382
64.617
64.851
65.086
65.320
65.554
65.789
66.023
66.257
66.492
66.726
66.961
67.195
67.429
67.664
68.132
68.367
68.601
68.718
68.836
69.070
69.304
69.539
69.773
70.008
70.242
70.476
70.711
70.945
71.179
71.414
71.648
71.883
72.117
72.351
72.586
72.820
73.055
73.289
73.523
73.758
73.992
74.226
74.461
74.695
74.812
74.930
75.047
75.164
75.398
75.633
75.867
76.101
76.219
76.336
76.570
76.805
77.039
77.273
77.508
77.742
77.977
78.211
78.445
78.680
78.914
79.148
79.383
79.617
79.852
80.086
80.320
80.555
80.789
81.727
82.195
82.664
83.133
83.367
83.602
83.789
83.977
84.164
84.352
84.539
85.008
85.242
85.477
85.633
85.789
85.946
86.180
86.414
86.883
87.117
87.352
87.508
87.664
87.821
87.977
88.133
88.289
88.758
88.992
89.227
89.383
89.539
89.696
89.930
90.164
90.633
90.868
91.102
91.258
91.414
91.571
91.727
91.883
92.039
92.508
92.743
92.977
93.133
93.289
93.446
93.680
93.914
94.383
94.618
94.852
95.008
95.165
95.321
95.477
95.633
95.790
96.727
97.196
97.665
98.602
99.540
100.477
101.415
102.352
103.290
104.227
105.165
105.634
105.868
106.337
106.571
106.806
107.274
107.509
107.743
108.212
108.446
108.681
108.915
109.384
109.618
110.087
110.321
110.556
111.024
111.259
111.493
111.962
112.196
112.431
112.665
113.134
113.368
113.837
114.071
114.306
114.774
115.009
115.243
115.712
115.946
116.181
116.415
116.884
117.118
117.587
117.821
118.056
118.525
118.759
118.993
119.462
119.697
119.931
120.165
120.634
120.868
121.337
121.572
121.806
122.275
122.509
122.743
123.212
123.447
123.681
123.915
124.384
124.619
125.087
125.322
125.556
126.025
126.259
126.494
126.962
127.197
127.431
127.665
128.134
128.369
128.837
129.072
129.306
129.775
130.009
130.244
130.712
130.947
131.181
131.416
131.884
132.119
132.588
132.822
133.056
133.525
133.759
133.994
134.463
134.697
134.931
135.166
135.634
135.869
136.338
136.572
136.806
137.041
137.510
137.744
138.213
138.447
138.681
138.916
139.385
139.619
140.088
140.322
140.556
140.791
141.260
141.494
141.963
142.197
142.432
142.666
142.900
143.135
143.369
143.603
143.838
144.072
144.307
144.541
144.775
145.010
145.244
145.479
145.713
145.947
146.182
146.416
146.533
146.650
146.768
146.885
147.002
147.119
147.236
147.354
147.471
147.588
147.705
147.822
147.940
148.057
148.174
148.291
148.760
149.229
149.697
150.166
150.401
150.635
150.869
151.104
151.338
151.572
151.807
152.041
152.276
152.510
152.744
152.979
153.213
153.447
153.682
153.916
154.151
154.385
154.619
154.854
155.088
155.323
155.557
155.791
156.026
156.260
156.494
156.729
156.963
157.198
157.315
157.432
157.549
157.666
157.901
158.135
158.370
158.604
158.838
159.073
159.307
159.541
159.776
160.010
160.245
160.479
160.713
160.948
161.182
161.416
161.651
161.885
162.120
162.354
162.588
162.823
163.057
163.292
163.526
163.760
163.995
164.229
164.463
164.698
164.932
165.167
165.635
165.870
166.104
166.221
166.339
166.573
166.807
167.042
167.276
167.510
167.745
167.979
168.214
168.448
168.682
168.917
169.151
169.385
169.620
169.854
170.089
170.323
170.557
170.792
171.026
171.261
171.495
171.729
171.964
172.198
172.315
172.432
172.550
172.667
172.901
173.136
173.370
173.604
173.722
173.839
174.073
174.307
174.542
174.776
175.011
175.245
175.479
175.714
175.948
176.183
176.417
176.651
176.886
177.120
177.354
177.589
177.823
178.058
178.292
179.230
179.698
180.167
180.636
180.870
181.105
181.261
181.417
181.573
181.730
181.886
182.042
182.511
182.745
182.980
183.136
183.292
183.448
183.683
183.917
184.386
184.620
184.855
185.011
185.167
185.323
185.480
185.636
185.792
186.261
186.495
186.730
186.886
187.042
187.198
187.433
187.667
188.136
188.370
188.605
188.761
188.917
189.074
189.230
189.386
189.542
190.011
190.245
190.480
190.636
190.792
190.949
191.183
191.417
191.886
192.121
192.355
192.511
192.667
192.824
192.980
193.136
193.292
194.230
194.699
195.167
195.636
196.105
196.574
197.043
197.511
197.980
198.449
198.918
199.386
199.855
200.324
200.793
201.261
201.730
202.199
202.316
202.433
202.551
202.668
203.136
203.605
204.074
204.543
205.012
205.480
205.949
206.418
206.887
207.355
207.824
208.293
208.762
209.230
209.699
210.168
210.637
210.871
211.105
211.340
211.574
212.043
212.512
212.746
212.981
213.449
213.918
214.387
214.621
214.856
215.090
215.324
215.793
216.262
216.496
216.731
216.965
217.199
217.668
218.137
218.371
218.606
219.074
219.543
220.012
220.246
220.481
220.949
221.418
221.887
222.121
222.356
222.825
223.293
223.762
223.996
224.231
224.700
225.168
