0.184
0.653
1.121
1.355
1.590
2.058
2.527
2.995
3.229
3.463
3.932
4.400
4.869
5.103
5.337
5.806
6.274
6.742
6.977
7.211
7.679
8.148
8.616
8.850
9.085
9.553
10.022
10.490
10.724
10.958
11.427
11.895
12.364
12.598
12.832
13.301
13.769
14.237
14.472
14.706
15.174
15.409
15.643
16.111
16.345
16.580
17.048
17.282
17.517
17.985
18.219
18.453
18.922
19.156
19.390
19.859
20.093
20.327
20.796
21.030
21.264
21.732
21.967
22.201
22.669
22.904
23.138
23.606
23.840
24.075
24.543
24.777
25.012
25.480
25.714
25.948
26.417
26.651
26.885
27.354
27.588
27.822
28.291
28.525
28.759
29.227
29.462
29.696
30.164
30.399
30.633
31.101
31.335
31.570
32.038
32.272
32.507
32.975
33.209
33.443
33.912
34.146
34.380
34.849
35.083
35.317
35.786
36.020
36.254
36.722
36.957
37.191
37.659
37.894
38.128
38.596
38.830
39.065
39.533
39.767
40.002
40.470
40.704
40.938
41.407
41.875
42.344
42.812
43.281
43.749
44.217
44.686
45.154
45.389
45.623
45.857
46.091
46.325
46.560
47.028
47.262
47.496
47.965
48.199
48.433
48.902
49.136
49.370
49.604
49.839
50.073
50.307
50.776
51.010
51.244
51.712
51.947
52.181
52.649
52.884
53.118
53.352
53.586
53.820
54.055
54.523
54.757
54.991
55.460
55.694
55.928
56.397
56.631
56.865
57.099
57.334
57.568
57.802
58.271
58.505
58.739
59.207
59.442
59.676
60.144
60.379
60.613
60.847
61.081
61.315
61.550
62.018
62.252
62.486
62.955
63.189
63.423
63.892
64.126
64.360
64.594
64.829
65.063
65.297
65.766
66.000
66.234
66.702
66.937
67.171
67.639
67.874
68.108
68.342
68.576
68.810
69.045
69.513
69.747
69.981
70.450
70.684
70.918
71.387
71.621
71.855
72.089
72.324
72.558
72.792
73.261
73.495
73.729
74.197
74.432
74.666
75.134
75.369
75.603
75.837
76.071
76.305
76.540
76.774
77.008
77.242
77.476
77.711
77.945
78.179
78.413
78.648
78.882
79.116
79.350
79.584
79.819
80.053
80.287
80.521
80.756
80.990
81.224
81.458
81.692
81.927
82.161
82.395
82.629
82.864
83.098
83.332
83.566
83.800
84.035
84.269
84.503
84.737
84.971
85.206
85.440
85.674
85.908
86.143
86.377
86.611
86.845
87.079
87.314
87.548
87.782
88.016
88.251
88.485
88.719
88.953
89.187
89.422
89.656
89.890
90.124
90.359
90.593
90.827
91.061
91.295
91.530
91.764
91.998
92.232
92.466
92.701
92.935
93.169
93.403
93.638
93.872
94.106
94.340
94.574
94.809
95.043
95.277
95.511
95.746
95.980
96.214
96.448
96.682
96.917
97.151
97.385
97.619
97.853
98.088
98.322
98.556
98.790
99.025
99.259
99.493
99.727
99.961
100.196
100.430
100.664
100.898
101.133
101.367
101.601
101.835
102.069
102.304
102.538
102.772
103.006
103.241
103.475
103.709
103.943
104.177
104.412
104.646
104.880
105.114
105.583
106.051
106.520
106.988
107.456
107.925
108.393
108.862
109.096
109.330
109.564
109.799
110.033
110.267
110.736
110.970
111.204
111.672
111.907
112.141
112.609
112.843
113.078
113.312
113.546
113.780
114.015
114.483
114.717
114.951
115.420
115.654
115.888
116.357
116.591
116.825
117.059
117.294
117.528
117.762
118.231
118.465
118.699
119.167
119.402
119.636
120.104
120.338
120.573
120.807
121.041
121.275
121.510
121.978
122.212
122.446
122.915
123.149
123.383
123.852
124.086
124.320
124.554
124.789
125.023
125.257
125.726
125.960
126.194
126.662
126.897
127.131
127.599
127.833
128.068
128.302
128.536
128.770
129.005
129.473
129.707
129.941
130.410
130.644
130.878
131.347
131.581
131.815
132.049
132.284
132.518
132.752
133.221
133.455
133.689
134.157
134.392
134.626
135.094
135.328
135.563
135.797
136.031
136.265
136.500
136.968
137.202
137.436
137.905
138.139
138.373
138.842
140.716
142.589
144.463
145.238
145.868
146.192
147.827
148.210
150.084
151.958
152.783
153.363
153.717
155.304
155.626
157.005
157.579
157.727
157.875
158.023
159.453
160.252
160.967
161.223
162.827
163.200
165.074
166.948
167.715
168.353
168.597
170.269
170.561
172.569
174.443
176.317
178.190
179.007
179.596
180.064
180.298
180.533
180.767
181.001
181.235
181.470
181.938
182.172
182.406
182.875
183.109
183.343
183.812
184.280
184.749
185.217
185.685
186.154
186.622
187.091
187.559
187.793
188.028
188.262
188.496
188.730
188.965
189.433
189.667
189.901
190.370
190.604
190.838
191.307
191.775
192.244
192.712
193.180
193.649
194.117
194.586
195.054
195.288
195.523
195.757
195.991
196.225
196.460
196.928
197.162
197.396
197.865
198.099
198.333
198.802
199.270
199.739
200.207
200.675
201.144
201.612
202.081
202.549
202.783
203.018
203.252
203.486
203.720
203.955
204.423
204.657
204.891
205.360
205.594
205.828
206.297
206.765
207.234
207.702
208.170
208.639
209.107
209.576
210.044
210.278
210.513
210.747
210.981
211.215
211.450
211.918
212.152
212.386
212.855
213.089
213.323
213.792
214.260
214.729
215.197
215.665
216.134
216.602
217.071
217.539
217.773
218.008
218.242
218.476
218.710
218.945
219.413
219.647
219.881
220.350
220.584
220.818
221.287
221.755
222.224
222.692
223.160
223.629
224.097
224.566
225.034
225.268
225.503
225.737
225.971
226.205
226.440
226.908
227.142
227.376
227.845
228.079
228.313
228.782
229.250
229.719
230.187
230.655
231.124
231.592
232.061
232.529
232.763
232.998
233.232
233.466
233.700
233.935
234.403
234.637
234.871
235.340
235.574
235.808
236.277
236.511
236.745
236.979
237.214
237.448
237.682
238.150
238.385
238.619
239.087
239.322
239.556
240.024
240.258
240.493
240.727
240.961
241.195
241.429
241.898
242.132
242.366
242.835
243.069
243.303
243.772
244.006
244.240
244.474
244.709
244.943
245.177
245.645
245.880
246.114
246.582
246.817
247.051
247.519
247.753
247.988
248.222
248.456
248.690
248.924
249.393
249.627
249.861
250.330
250.564
250.798
251.267
251.735
252.204
252.672
253.140
253.609
254.077
254.546
255.014
255.248
255.483
255.717
255.951
256.185
256.419
256.888
257.122
257.356
257.825
258.059
258.293
258.762
259.230
259.699
260.167
260.635
261.104
261.572
262.041
262.509
262.743
262.978
263.212
263.446
263.680
263.914
264.383
264.617
264.851
265.320
265.554
265.788
266.257
266.725
267.194
267.662
268.130
268.599
269.067
269.536
270.004
270.238
270.473
270.707
270.941
271.175
271.409
271.878
272.112
272.346
272.815
273.049
273.283
273.752
274.220
274.689
275.157
275.625
276.094
276.562
277.031
277.499
277.733
277.968
278.202
278.436
278.670
278.904
279.373
279.607
279.841
280.310
280.544
280.778
281.247
281.715
282.184
282.652
283.120
283.589
284.057
284.526
284.994
285.228
285.463
285.697
285.931
286.165
286.399
286.868
287.102
287.336
287.805
288.039
288.273
288.742
289.210
289.679
290.147
290.615
291.084
291.552
292.021
292.489
292.723
292.958
293.192
293.426
293.660
293.894
294.363
294.597
294.831
295.300
295.534
295.768
296.237
296.705
297.174
297.642
298.110
298.579
299.047
299.516
299.984
300.218
300.453
300.687
300.921
301.155
301.389
301.858
302.092
302.326
302.795
303.029
303.263
303.732
303.966
304.200
304.434
304.669
304.903
305.137
305.605
305.840
306.074
306.542
306.776
307.011
307.479
307.713
307.948
308.182
308.416
308.650
308.884
309.353
309.587
309.821
310.290
310.524
310.758
311.227
311.461
311.695
311.929
312.164
312.398
312.632
313.100
313.335
313.569
314.037
314.271
314.506
314.974
315.208
315.443
315.677
315.911
316.145
316.379
316.848
317.082
317.316
317.785
318.019
318.253
318.722
318.956
319.190
319.424
319.659
319.893
320.127
320.595
320.830
321.064
321.532
321.766
322.001
322.469
322.703
322.938
323.172
323.406
323.640
323.874
324.343
324.577
324.811
325.280
325.514
325.748
326.217
326.451
326.685
326.919
327.154
327.388
327.622
328.090
328.325
328.559
329.027
329.261
329.496
329.964
330.198
330.433
330.667
330.901
331.135
331.369
331.838
332.072
332.306
332.775
333.009
333.243
333.712
334.180
334.649
335.117
335.585
336.054
336.522
336.991
337.459
337.928
338.396
338.864
339.333
339.801
340.270
340.738
341.207
341.675
342.143
342.612
343.080
343.549
344.017
344.486
344.954
345.423
345.891
346.359
346.828
347.296
347.765
347.999
348.233
348.702
349.170
349.638
350.107
350.575
351.044
351.512
351.981
352.449
352.918
353.386
353.854
354.323
354.791
355.260
355.728
356.197
356.665
357.133
357.602
358.070
358.539
359.007
359.476
359.944
360.413
360.881
361.349
361.818
362.286
362.755
362.989
363.223
363.692
