0.069
0.924
1.780
2.635
3.491
4.346
5.202
6.058
6.913
7.341
7.769
8.196
8.624
9.052
9.480
9.907
10.335
10.763
11.191
11.619
12.046
12.474
12.902
13.330
13.757
13.971
14.185
14.399
14.613
14.827
15.041
15.255
15.468
15.682
15.896
16.110
16.324
16.538
16.752
16.966
17.393
17.607
17.821
18.035
18.249
18.463
18.677
18.891
19.104
19.318
19.532
19.746
19.960
20.174
20.388
20.816
21.029
21.243
21.457
21.671
21.885
22.099
22.313
22.527
22.740
22.954
23.168
23.382
23.596
23.810
24.238
24.452
24.665
24.879
25.093
25.307
25.521
25.735
25.949
26.163
26.377
26.590
26.804
27.018
27.232
28.301
29.157
30.013
30.868
31.082
31.296
31.510
31.724
32.151
32.579
32.793
33.007
33.221
33.435
34.290
34.504
34.718
34.932
35.146
35.574
36.001
36.215
36.429
36.643
36.857
37.712
37.926
38.140
38.568
38.782
38.996
39.423
39.637
39.851
40.279
40.493
40.707
41.135
41.348
41.562
41.990
42.204
42.418
42.846
43.059
43.273
43.701
43.915
44.129
44.557
44.771
44.984
45.412
45.626
45.840
46.268
46.482
46.695
47.123
47.337
47.551
47.979
48.193
48.407
48.834
49.048
49.262
49.690
49.904
50.118
50.545
50.759
50.973
51.401
51.829
52.043
52.256
52.684
53.112
53.540
53.754
53.968
54.395
54.823
55.037
55.251
55.465
55.679
56.106
56.534
56.748
56.962
57.176
57.390
58.245
58.459
58.673
58.887
59.101
59.529
59.956
60.170
60.384
60.598
60.812
61.667
62.550
63.432
64.314
65.196
66.079
66.961
67.843
68.726
69.608
70.490
71.372
72.255
73.137
74.019
74.901
75.784
76.225
76.666
77.107
77.548
77.989
78.430
78.872
79.313
79.754
80.195
80.636
81.077
81.518
81.960
82.401
82.842
83.283
83.724
84.165
84.606
85.048
85.489
85.930
86.371
86.591
86.812
87.033
87.253
87.694
89.018
89.238
89.459
89.679
89.900
90.328
90.542
90.756
91.183
91.397
91.611
92.039
92.467
92.680
92.894
93.108
93.322
93.750
93.964
94.178
94.605
94.819
95.033
95.461
95.889
96.103
96.317
96.530
96.744
97.172
97.386
97.600
98.028
98.241
98.455
98.883
99.311
99.525
99.739
99.953
100.166
100.594
100.808
101.022
101.450
101.664
101.878
102.305
102.733
102.947
103.161
103.375
103.589
104.016
104.230
104.444
104.872
105.300
105.514
105.727
105.941
106.155
106.369
106.583
106.797
107.011
107.439
107.652
107.866
108.294
108.722
108.936
109.150
109.363
109.577
109.791
110.005
110.219
110.433
110.861
111.075
111.288
111.716
112.144
112.358
112.572
112.786
113.000
113.213
113.427
113.641
113.855
114.283
114.497
114.711
115.138
115.566
115.780
115.994
116.208
116.422
116.636
116.849
117.063
117.277
117.705
118.133
118.561
118.988
119.416
119.844
120.272
120.699
120.913
121.127
121.341
121.555
121.983
122.410
122.624
122.838
123.052
123.266
124.121
124.335
124.549
124.763
124.977
125.405
125.833
126.046
126.260
126.474
126.688
127.544
128.427
129.310
130.193
131.076
131.959
132.842
133.726
134.609
135.492
136.375
137.258
138.141
139.024
139.908
140.791
141.674
142.115
142.557
142.998
143.440
143.882
144.323
144.765
145.206
145.648
146.089
146.531
146.973
147.414
147.856
148.297
148.739
149.180
149.622
150.064
150.505
150.947
151.388
151.830
152.271
152.492
152.713
152.934
153.154
153.596
154.921
155.349
155.776
156.204
156.418
156.632
157.060
157.273
157.487
157.915
158.343
158.557
158.771
158.985
159.198
159.626
159.840
160.054
160.482
160.909
161.123
161.337
161.551
161.765
162.193
162.621
163.048
163.262
163.476
163.904
164.118
164.332
164.759
165.187
165.401
165.615
165.829
166.043
166.470
166.684
166.898
167.326
167.754
167.968
168.182
168.395
168.609
168.823
169.037
169.251
169.465
169.893
170.107
170.320
170.748
170.962
171.176
171.604
172.031
172.245
172.459
172.673
172.887
173.315
173.529
173.743
174.170
174.598
174.812
175.026
175.240
175.454
175.668
175.881
176.095
176.309
176.737
176.951
177.165
177.592
177.806
178.020
178.448
178.876
179.090
179.304
179.517
179.731
180.159
180.373
180.587
181.015
181.442
181.656
181.870
182.084
182.298
182.512
182.726
182.940
183.153
183.581
184.009
184.437
184.865
185.292
185.720
186.148
186.576
187.003
187.431
187.859
188.287
188.714
189.142
189.329
189.515
189.702
