6.229
7.429
8.629
9.830
11.030
12.230
13.431
14.631
15.831
17.032
18.232
19.432
20.633
21.833
23.033
24.234
25.434
25.734
26.034
26.635
26.935
27.235
27.835
28.135
28.435
29.035
29.335
29.635
30.236
30.536
30.836
31.436
31.736
32.036
32.636
32.936
33.236
33.837
34.137
34.437
35.037
35.187
35.337
35.487
35.937
36.087
36.237
36.387
36.537
36.687
37.138
37.288
37.438
37.588
37.738
37.888
38.338
38.488
38.638
38.788
38.938
39.088
39.538
39.688
39.838
39.988
40.139
40.289
40.439
40.589
40.739
40.889
41.039
41.189
41.339
41.489
41.639
41.789
41.939
42.089
42.239
44.640
45.240
45.840
45.990
46.440
46.590
47.041
47.341
47.641
47.941
48.241
48.541
48.841
49.441
49.741
50.041
50.642
50.792
51.242
51.392
51.842
52.142
52.442
53.042
53.192
53.342
53.642
53.793
53.943
54.243
54.843
55.443
55.593
56.043
56.193
56.643
56.943
57.244
57.394
57.544
57.844
57.994
58.144
58.444
58.594
59.044
59.494
59.644
59.794
60.244
60.394
60.845
60.995
61.445
62.045
62.645
63.245
63.845
64.446
65.046
65.196
65.646
65.796
66.246
66.546
66.846
67.447
67.597
67.747
68.047
68.197
68.647
68.947
69.247
69.847
69.997
70.447
70.597
71.048
71.348
71.648
72.248
72.398
72.548
72.848
72.998
73.148
73.448
74.048
74.198
74.649
74.799
75.249
75.399
75.849
76.149
76.449
77.049
77.199
77.349
77.650
77.800
78.250
78.700
78.850
79.000
79.450
79.600
80.050
80.200
80.650
81.251
81.851
82.451
83.051
83.351
83.651
83.801
84.251
84.401
84.852
85.002
85.452
85.752
86.052
86.202
86.652
86.802
87.252
87.402
87.853
88.153
88.453
88.603
89.053
89.203
89.653
89.803
90.253
90.553
90.853
91.003
91.454
91.604
92.054
92.204
92.654
92.954
93.254
93.404
93.854
94.004
94.454
94.604
95.055
95.355
95.655
95.805
96.255
96.405
96.855
97.005
97.455
97.755
98.055
98.206
98.656
98.806
99.256
99.406
99.856
100.456
101.056
101.657
102.257
102.557
102.857
103.007
103.457
103.607
104.057
104.207
104.657
104.958
105.258
105.408
105.858
106.008
106.458
106.608
107.058
107.358
107.658
107.808
108.258
108.409
108.859
109.009
109.459
109.759
110.059
110.209
110.659
110.809
111.259
111.409
111.860
112.160
112.460
112.610
113.060
113.210
113.660
113.810
114.260
114.560
114.860
115.010
115.461
115.611
116.061
116.211
116.661
116.961
117.261
117.411
117.861
118.011
118.461
118.612
119.062
119.662
120.262
120.862
121.462
121.762
122.063
122.363
122.663
122.963
123.263
123.563
123.863
124.163
124.463
124.763
125.063
125.364
125.664
125.964
126.264
126.564
126.864
127.164
127.464
127.764
128.064
128.364
128.664
128.965
129.265
129.565
129.865
130.165
130.465
130.765
131.065
131.365
131.665
131.965
132.266
132.566
132.866
133.166
133.466
133.766
134.066
134.366
134.666
134.966
135.266
135.566
135.867
136.167
136.467
136.767
137.067
137.367
137.667
137.967
138.267
138.567
138.867
139.168
139.468
139.768
140.068
140.368
140.668
140.818
140.968
141.118
141.568
141.718
141.868
142.018
142.168
142.318
142.769
142.919
143.069
143.219
143.369
143.519
143.969
144.119
144.269
144.419
144.569
144.719
145.169
145.319
145.469
145.619
145.769
145.920
146.370
146.520
146.670
146.820
146.970
147.120
147.570
147.720
147.870
148.020
148.170
148.320
148.770
148.920
149.070
149.220
149.371
149.521
149.971
150.121
150.271
150.707
151.144
151.580
152.017
152.453
152.672
153.108
153.544
153.981
154.417
154.854
155.072
155.222
155.372
155.522
155.672
155.822
155.972
156.123
156.273
156.423
156.573
156.723
156.873
157.023
157.173
157.323
157.473
157.673
157.873
158.073
158.273
158.473
158.673
159.874
160.174
160.474
161.074
161.374
161.674
162.274
162.574
162.875
163.475
163.775
164.075
165.275
165.575
165.875
166.476
166.776
167.076
167.676
167.976
168.276
168.876
169.176
169.476
170.077
170.377
170.677
171.277
171.577
171.877
172.477
172.777
173.077
173.678
173.978
174.278
174.878
175.178
175.478
176.078
176.378
176.679
177.279
177.879
178.479
179.079
179.229
179.679
179.829
179.980
180.130
180.280
180.430
180.880
181.030
181.180
181.330
181.480
181.630
182.080
182.230
182.380
182.530
182.680
182.830
182.980
183.130
183.280
183.431
183.731
183.881
184.031
184.481
184.631
184.781
184.931
185.081
185.231
185.681
185.831
185.981
186.131
186.281
186.431
186.882
187.032
187.182
187.332
187.482
187.632
187.782
187.932
188.082
188.232
188.532
188.832
189.282
189.432
189.582
189.732
189.882
190.032
190.483
190.633
190.783
190.933
191.083
191.233
191.683
191.833
191.983
192.133
192.283
192.433
192.583
192.733
192.883
193.033
193.483
193.634
194.084
194.234
194.384
194.534
194.684
194.834
195.284
195.434
195.584
195.734
195.884
198.285
198.435
198.885
199.035
199.185
199.335
199.485
199.635
200.085
200.235
200.386
200.536
200.686
200.836
201.286
201.436
201.586
201.736
201.886
202.036
202.186
202.336
202.486
202.636
203.236
203.686
203.837
203.987
204.137
204.287
204.437
204.887
205.037
205.187
205.337
205.487
205.637
206.087
206.237
206.387
206.537
206.687
206.837
206.987
207.137
207.288
207.438
207.738
208.038
208.488
208.638
208.788
208.938
209.088
209.238
209.688
209.838
209.988
210.138
210.288
210.438
210.889
211.039
211.189
211.339
211.489
211.639
211.789
211.939
212.089
212.239
212.539
212.839
213.289
213.439
213.589
213.739
213.889
214.040
214.490
214.640
214.790
214.940
215.090
215.690
216.290
216.890
217.491
217.641
218.091
218.241
218.391
218.541
218.691
218.841
219.291
219.441
219.591
219.741
219.891
220.041
220.491
220.641
220.791
220.942
221.092
221.242
221.392
221.542
221.692
221.842
222.142
222.292
222.442
222.892
223.042
223.192
223.342
223.492
223.642
224.092
224.242
224.393
224.543
224.693
224.843
225.293
225.443
225.593
225.743
225.893
226.043
226.193
226.343
226.493
226.643
226.943
227.243
227.694
227.844
227.994
228.144
228.294
228.444
228.894
229.044
229.194
229.344
229.494
229.644
230.094
230.244
230.394
230.544
230.694
230.844
230.994
231.145
231.295
231.445
231.745
231.895
232.045
232.495
232.645
232.795
232.945
233.095
233.245
233.695
233.845
233.995
234.145
234.295
236.696
236.996
237.296
237.446
237.596
237.746
237.897
238.047
238.197
238.347
238.497
238.647
238.797
238.947
239.097
239.397
239.697
239.847
239.997
240.147
240.297
240.447
240.597
240.747
240.897
241.047
241.197
241.348
241.498
241.798
242.098
242.248
242.398
242.548
242.698
242.848
242.998
243.148
243.298
243.448
243.598
243.748
243.898
244.498
244.648
244.799
244.949
245.099
245.249
245.399
245.549
245.699
245.999
246.149
246.299
246.599
246.899
247.049
247.199
247.349
247.499
247.649
247.799
247.949
248.099
248.250
248.400
248.550
248.700
249.000
249.300
249.450
249.600
249.750
249.900
250.050
250.200
250.350
250.500
250.650
250.800
251.100
251.400
251.701
251.851
252.001
252.151
252.301
252.451
252.601
252.751
252.901
253.051
253.201
253.351
253.501
253.801
254.101
254.251
254.401
254.551
254.701
254.851
255.002
255.152
255.302
255.452
255.602
255.752
255.902
256.502
256.652
256.802
256.952
257.102
257.252
257.402
257.552
257.702
257.852
258.002
258.603
258.903
259.053
259.203
259.353
259.503
259.653
259.803
259.953
260.103
260.253
260.403
260.703
260.853
261.003
261.303
261.453
261.603
261.753
261.904
262.054
262.204
262.354
262.504
262.654
262.804
263.104
263.254
263.404
263.704
263.854
264.004
264.154
264.304
264.454
264.604
264.754
264.904
265.205
265.505
265.805
266.105
266.255
266.405
266.555
266.705
266.855
267.005
267.155
267.305
267.455
267.605
267.755
267.905
268.205
268.505
268.656
268.806
268.956
269.106
269.256
269.406
269.556
269.706
269.856
270.006
270.156
270.306
270.606
270.906
271.056
271.206
271.356
271.506
271.656
271.806
271.956
272.107
272.257
272.407
272.557
272.707
272.857
273.007
273.157
273.307
273.457
273.607
273.757
273.907
274.057
274.207
274.357
274.507
274.657
274.807
274.957
275.107
275.708
276.308
276.908
277.508
278.108
278.708
279.309
279.909
280.509
281.109
281.709
282.310
282.910
283.510
284.110
284.710
285.310
285.911
286.511
287.111
287.711
288.311
288.911
289.512
290.112
290.712
291.312
291.912
292.513
293.113
293.713
294.313
294.463
294.613
294.763
294.913
295.213
295.513
295.663
295.813
295.964
296.114
296.414
296.714
296.864
297.014
297.164
297.314
297.614
297.914
298.064
298.214
298.364
298.514
298.814
299.114
299.264
299.415
299.565
299.715
300.015
300.315
300.465
300.615
300.765
300.915
301.215
301.515
301.665
301.815
301.965
302.115
302.415
302.716
302.866
303.016
303.166
303.316
303.616
303.916
304.066
304.216
304.366
304.516
304.816
305.116
305.266
305.416
305.566
305.716
306.016
306.317
306.467
306.617
306.767
306.917
307.217
307.517
307.667
307.817
307.967
308.117
308.417
308.717
308.867
309.017
309.167
309.317
309.618
309.918
310.068
310.218
310.368
310.518
310.818
311.118
311.718
312.318
312.919
313.519
314.119
314.719
315.319
315.919
316.520
317.120
317.720
318.320
318.470
318.620
318.770
318.920
319.520
320.121
320.721
321.321
321.921
322.521
323.121
323.422
323.722
324.322
324.622
324.922
325.522
325.822
326.122
326.723
327.023
327.323
327.923
328.223
328.523
329.123
329.423
329.723
330.324
330.624
330.924
331.524
331.824
332.124
332.724
333.024
333.324
333.475
333.625
333.775
333.925
334.075
334.225
334.375
334.525
334.825
335.125
335.425
335.725
336.025
336.175
336.325
336.475
336.625
336.775
336.926
337.226
337.526
337.826
337.976
338.126
338.276
338.426
338.726
339.326
339.926
340.527
341.127
341.727
342.327
342.627
342.927
343.077
343.227
343.527
343.678
343.828
344.128
344.278
344.428
344.728
345.028
345.328
345.478
345.628
345.928
346.078
346.228
346.528
346.678
346.828
347.129
347.429
347.729
347.879
348.029
348.329
348.479
348.629
348.929
349.079
349.229
349.529
349.679
349.829
350.129
350.279
350.430
350.730
350.880
351.030
351.330
351.480
351.630
351.930
352.530
353.130
353.730
354.331
354.931
355.531
356.131
356.731
357.332
357.932
358.532
359.132
359.732
360.332
360.933
361.533
362.133
362.733
363.333
363.933
364.534
365.134
365.734
366.334
366.934
367.535
368.135
368.735
369.335
369.935
370.535
371.136
