0.620
1.089
1.558
2.026
2.495
2.963
3.432
3.901
4.369
4.838
5.306
5.775
6.243
6.712
7.181
7.649
8.118
8.586
9.055
9.523
9.992
10.461
10.929
11.398
11.866
12.335
12.804
13.272
13.741
15.146
15.615
16.084
16.552
17.021
17.489
17.958
18.426
18.895
19.364
19.832
20.301
20.769
21.238
21.706
22.175
22.644
23.112
23.581
24.049
24.518
24.987
25.455
25.924
26.392
26.861
27.329
27.798
28.267
28.735
29.204
29.672
30.141
30.609
31.078
31.547
32.015
32.484
32.952
33.421
33.890
34.358
34.827
35.295
35.764
36.232
36.701
37.170
37.638
38.107
38.575
39.044
39.512
39.981
40.450
40.918
41.387
41.855
42.324
42.793
43.261
43.730
44.198
44.667
45.135
45.604
46.073
46.541
47.010
47.478
47.947
48.415
48.884
49.353
49.821
50.290
50.758
51.227
51.696
52.164
52.633
52.867
53.101
53.336
53.570
53.804
54.038
54.273
54.507
54.741
54.976
55.210
55.444
55.678
55.913
56.147
56.381
56.537
56.694
56.850
57.006
57.162
57.318
57.475
57.631
57.787
57.943
58.099
58.256
60.130
60.598
61.067
61.536
62.004
62.473
62.941
63.410
63.879
64.347
64.816
65.284
65.753
66.221
66.690
67.159
67.627
68.096
68.564
69.033
69.501
69.970
70.439
70.907
71.376
71.844
72.313
72.782
73.250
73.719
75.124
75.593
76.062
76.530
76.999
77.467
77.936
78.404
78.873
79.342
79.810
80.279
80.747
81.216
81.685
82.153
82.622
83.090
83.559
84.027
84.496
84.965
85.433
85.902
86.370
86.839
87.307
87.776
88.245
88.713
89.182
89.650
90.119
90.587
91.056
91.525
91.993
92.462
92.930
93.399
93.868
94.336
94.805
95.273
95.742
96.210
96.679
97.148
97.616
98.085
98.553
99.022
99.490
99.959
100.428
100.896
101.365
101.599
101.833
102.068
102.302
102.536
102.771
103.005
103.239
103.473
103.708
103.942
104.176
104.645
105.113
105.363
105.613
105.863
106.113
106.363
108.862
109.096
109.331
109.565
109.799
110.033
112.611
112.845
113.079
113.314
113.548
113.782
114.016
115.188
115.422
115.656
115.891
116.125
116.359
116.594
116.828
117.062
117.296
117.531
117.765
118.936
119.171
119.405
119.639
119.874
120.108
120.342
120.576
120.811
121.045
121.279
121.514
123.857
124.091
124.325
124.559
124.794
125.028
127.605
127.839
128.074
128.308
128.542
128.777
130.182
130.417
130.651
130.885
131.120
131.354
131.588
131.822
132.057
132.291
132.525
133.931
134.165
134.400
134.634
134.868
135.102
135.571
136.040
136.508
136.977
137.445
137.914
138.382
138.851
139.320
139.788
140.257
140.725
141.194
141.663
142.131
142.600
143.068
143.537
144.005
144.474
144.943
145.411
145.880
146.348
146.817
147.285
147.754
148.223
148.691
149.160
149.628
150.097
150.566
151.034
151.503
151.971
152.440
152.908
153.377
153.846
154.314
154.783
155.251
155.720
156.188
156.657
157.126
157.594
158.063
158.531
159.000
159.468
159.937
160.406
160.874
161.343
161.811
162.280
162.749
163.217
163.686
164.154
164.623
165.091
165.326
165.560
165.794
166.029
166.263
166.497
166.731
166.966
167.200
167.434
167.669
167.903
168.137
168.371
168.606
168.840
169.074
169.309
169.543
169.777
170.011
170.246
170.480
170.714
170.949
171.183
171.417
171.652
171.886
172.120
172.354
172.589
172.823
173.057
173.292
173.526
173.760
173.994
174.229
174.463
174.697
174.932
175.166
175.400
175.634
175.869
176.103
176.337
176.572
176.806
177.040
177.274
177.509
177.743
177.977
178.212
178.446
178.680
180.086
180.555
181.023
181.492
181.960
182.429
182.897
183.366
183.835
184.303
184.772
185.240
185.709
186.177
186.646
187.115
187.583
188.052
188.520
188.989
189.457
189.926
190.395
190.863
191.332
191.800
192.269
192.738
193.206
193.675
195.080
195.549
196.018
196.486
196.955
197.423
197.892
198.360
198.829
199.298
199.766
200.235
200.703
201.172
201.641
202.109
202.578
203.046
203.515
203.983
204.452
204.921
205.389
205.858
206.326
206.483
206.639
206.795
206.951
207.107
207.263
207.420
207.576
207.732
207.888
208.044
208.201
208.357
208.513
208.669
208.825
208.982
209.138
209.294
209.450
209.606
210.075
210.544
211.012
211.481
211.949
212.418
212.886
213.355
213.824
214.292
214.761
215.229
215.698
216.166
216.635
217.104
217.572
218.041
218.509
218.978
219.446
219.915
220.384
220.852
221.321
221.789
222.258
222.727
223.195
223.664
224.132
224.601
