0.373
0.842
1.076
1.193
1.311
1.545
1.779
2.248
2.717
2.952
3.186
3.655
3.890
4.124
4.359
4.593
4.828
5.062
5.296
5.531
5.765
6.000
6.234
6.469
6.703
6.938
7.407
7.641
7.876
8.110
8.344
8.579
8.813
9.048
9.282
9.517
9.751
9.986
10.220
10.455
10.689
10.924
11.158
11.275
11.392
11.510
11.627
11.744
11.861
11.979
12.096
12.213
12.330
12.448
12.565
12.682
12.799
12.916
13.034
13.503
13.972
14.441
14.909
15.378
15.496
15.613
15.847
15.965
16.082
16.316
16.551
16.785
17.020
17.137
17.254
17.489
17.606
17.723
17.957
18.192
18.426
18.661
18.895
19.013
19.130
19.364
19.481
19.599
19.833
20.068
20.302
20.537
21.005
21.474
21.943
22.412
22.647
22.764
22.881
23.116
23.233
23.350
23.585
23.819
24.053
24.288
24.522
24.640
24.757
24.991
25.109
25.226
25.460
25.695
25.929
26.164
26.398
26.515
26.633
26.867
26.984
27.102
27.336
27.570
27.805
28.039
28.274
28.508
28.743
28.977
29.212
29.446
29.681
29.915
30.150
30.267
30.384
30.618
30.736
30.853
31.087
31.322
31.556
31.791
32.025
32.142
32.260
32.494
32.611
32.729
32.963
33.198
33.432
33.666
33.901
34.018
34.135
34.370
34.487
34.604
34.839
35.073
35.308
35.542
36.011
36.480
36.949
37.418
37.652
37.770
37.887
38.121
38.239
38.356
38.590
38.825
39.059
39.294
39.528
39.645
39.763
39.997
40.114
40.231
40.466
40.700
40.935
41.169
41.404
41.521
41.638
41.873
41.990
42.107
42.342
42.576
42.811
43.045
43.514
43.983
44.452
44.921
45.155
45.272
45.390
45.624
45.741
45.859
46.093
46.328
46.562
46.796
47.031
47.148
47.265
47.500
47.617
47.734
47.969
48.203
48.438
48.672
48.907
49.024
49.141
49.376
49.493
49.610
49.844
50.079
50.313
50.548
51.017
51.486
51.955
52.424
52.658
52.775
52.892
53.127
53.244
53.361
53.596
53.830
54.065
54.299
54.534
54.651
54.768
55.003
55.120
55.237
55.472
55.706
55.940
56.175
56.409
56.527
56.644
56.878
56.996
57.113
57.347
57.582
57.816
58.051
58.520
58.989
59.457
59.926
62.813
62.997
63.154
63.311
63.549
64.014
64.479
64.944
65.409
65.873
66.338
66.803
67.268
67.733
68.198
68.663
69.128
69.593
70.057
70.522
70.987
71.452
71.917
72.149
72.382
72.847
73.312
73.777
74.009
74.242
74.706
75.171
75.636
75.869
76.101
76.566
77.031
77.496
77.728
77.961
78.426
78.890
79.355
79.588
79.820
80.285
80.750
81.215
81.447
81.680
82.145
82.610
83.075
83.307
83.539
84.004
84.469
84.934
85.167
85.399
85.864
85.980
86.329
86.445
86.794
86.910
87.259
87.375
87.724
87.840
88.188
88.305
88.653
88.770
89.118
89.234
89.583
89.699
90.048
90.164
90.513
90.629
90.978
91.094
91.443
91.559
91.908
92.024
92.372
92.489
92.837
92.954
93.302
93.418
93.767
93.883
94.232
94.348
94.697
94.813
95.162
95.278
95.627
95.743
96.092
96.208
96.557
96.673
97.021
97.138
97.486
97.603
97.951
98.067
98.416
98.532
98.881
99.113
99.346
99.578
99.811
100.741
101.205
101.670
101.903
102.135
102.252
102.368
102.484
102.600
103.065
103.530
103.762
103.879
103.995
104.227
104.460
104.925
105.390
105.622
105.854
105.971
106.087
106.203
106.319
106.784
107.249
107.714
108.179
108.644
108.876
108.992
109.109
109.341
109.574
109.690
109.806
109.922
110.039
110.503
110.968
111.201
111.317
111.433
111.666
111.898
112.363
112.595
112.712
112.828
113.060
113.293
113.525
113.641
113.758
114.223
114.687
115.152
115.617
116.082
116.547
117.012
117.477
117.942
118.407
118.872
119.336
119.801
120.266
120.731
121.196
121.661
122.126
122.591
123.056
123.520
123.985
124.450
124.915
125.380
125.845
126.310
126.775
127.240
127.705
128.169
128.634
129.099
129.564
130.029
130.494
130.610
130.959
131.075
131.424
131.540
131.889
132.005
132.354
132.470
132.818
132.935
133.283
133.400
133.748
133.864
134.213
134.329
134.678
134.794
135.143
135.259
135.608
135.724
136.073
136.189
136.538
136.654
137.002
137.119
137.467
137.584
137.932
138.048
138.397
138.513
138.862
138.978
139.327
139.443
139.792
139.908
140.257
140.373
140.722
140.838
141.187
141.303
141.651
141.768
142.116
142.233
142.581
142.697
143.046
143.162
143.511
143.627
143.976
144.092
144.441
144.557
144.906
145.022
145.371
145.487
145.835
145.952
146.300
146.417
146.765
146.882
147.230
147.346
147.695
147.811
148.160
148.276
148.625
148.741
149.090
149.206
149.555
149.671
150.020
150.136
150.484
150.601
150.949
151.066
151.414
151.530
151.879
151.995
152.344
152.460
152.809
152.925
153.274
153.390
153.739
153.855
154.204
154.320
154.669
154.785
155.133
155.250
155.598
155.715
156.063
156.179
156.528
156.644
156.993
157.109
157.458
157.574
157.923
158.039
158.388
158.632
158.876
159.121
159.365
160.343
160.458
160.805
160.920
161.267
161.382
161.729
161.844
162.191
162.306
162.653
162.768
163.115
163.230
163.577
163.692
164.039
164.154
164.501
164.616
164.963
165.078
165.425
165.540
165.887
166.002
166.349
166.464
166.811
166.926
167.273
167.389
167.735
167.851
168.197
168.313
168.659
168.775
169.121
169.237
169.583
169.699
170.045
170.161
170.507
170.623
170.969
171.085
171.431
171.547
171.893
172.009
172.355
172.471
172.817
172.933
173.279
173.510
173.741
173.972
174.203
175.127
175.244
175.360
175.593
175.826
176.059
176.176
176.292
176.525
176.991
177.457
177.923
178.039
178.156
178.389
178.854
179.320
179.553
179.670
179.786
180.252
180.718
181.184
181.650
182.115
182.581
183.047
183.280
183.397
183.513
183.979
184.212
184.328
184.445
184.911
185.144
185.260
185.377
185.609
185.726
185.842
186.308
186.774
187.007
187.124
187.240
187.356
187.473
187.589
187.706
187.939
188.055
188.172
188.380
188.588
188.796
189.005
189.838
189.954
190.303
190.420
190.769
190.886
191.235
191.351
191.701
191.817
192.166
192.283
192.632
192.748
193.098
193.214
193.563
193.680
194.029
194.146
194.495
194.611
194.961
195.077
195.426
195.543
195.892
196.008
196.358
196.474
196.823
196.940
197.289
197.406
197.755
197.871
198.220
198.337
198.686
198.803
199.152
199.268
199.618
199.734
200.083
200.200
200.549
200.665
201.015
201.131
201.480
201.597
201.946
202.063
202.412
202.528
202.878
203.113
203.349
203.584
203.820
204.762
205.226
205.690
205.922
206.155
206.619
207.083
207.548
207.780
208.012
208.476
208.941
209.405
209.637
209.869
210.334
210.798
211.262
211.727
212.191
212.655
213.120
213.352
213.584
214.048
214.513
214.977
215.209
215.441
215.906
216.370
216.834
217.066
217.299
217.763
218.227
218.692
219.156
219.620
219.852
220.085
220.317
220.549
221.013
221.478
221.710
221.942
222.174
222.406
222.638
222.871
223.103
223.335
223.567
223.799
224.031
224.263
224.496
224.728
224.960
225.192
226.121
227.049
227.282
227.514
227.746
227.978
228.210
228.442
228.675
228.907
229.139
229.371
229.603
229.835
230.068
230.300
230.532
230.764
230.996
231.228
231.461
231.693
231.925
232.157
232.389
232.621
232.852
233.082
233.313
233.544
234.466
234.931
235.397
235.863
236.328
236.794
237.260
237.725
238.191
238.657
239.122
239.588
240.054
240.519
240.985
241.451
241.916
242.382
242.848
243.313
243.779
244.244
244.710
245.176
245.641
246.107
246.573
247.038
247.504
247.970
248.435
248.901
249.367
249.832
250.298
250.764
251.229
251.695
252.161
252.626
253.092
253.558
254.023
254.489
254.955
255.420
255.886
256.352
256.817
257.283
257.749
258.214
258.680
259.146
259.611
260.077
