0.177
0.645
1.114
1.583
2.052
2.521
2.989
3.458
3.927
4.396
4.865
5.334
5.802
6.271
6.740
7.209
7.678
8.146
8.615
9.084
9.553
10.022
10.490
10.959
11.428
11.897
12.366
12.834
13.303
13.772
14.241
14.710
15.178
15.882
16.350
16.819
17.054
17.757
18.226
18.694
18.929
19.632
20.101
20.570
20.804
21.507
21.976
22.445
22.679
23.383
23.851
24.320
24.555
25.258
25.727
26.195
26.430
27.133
27.602
28.071
28.305
29.008
29.477
29.946
30.180
30.883
31.352
31.821
32.055
32.759
33.228
33.696
33.931
34.634
35.103
35.572
35.806
36.509
36.978
37.447
37.681
38.384
38.853
39.322
39.556
40.260
40.728
41.197
41.432
42.135
42.604
43.072
43.307
44.010
44.479
44.948
45.182
45.885
46.354
46.823
47.057
47.761
48.229
48.698
48.933
49.636
50.105
50.573
50.808
51.511
51.980
52.449
52.683
53.386
53.855
54.324
54.558
55.261
55.730
56.199
56.433
57.137
57.605
58.074
58.309
59.012
59.481
59.949
60.184
60.536
60.653
60.770
60.887
61.004
61.122
61.356
61.590
61.708
61.825
61.942
62.059
62.411
62.528
62.645
62.762
62.880
62.997
63.231
63.466
63.583
63.700
63.817
63.934
64.286
64.403
64.520
64.638
64.755
64.872
65.106
65.341
65.458
65.575
65.692
65.810
66.161
66.278
66.396
66.513
66.630
66.747
66.982
67.216
67.333
67.450
67.568
67.685
68.036
68.154
68.271
68.388
68.505
68.622
68.857
69.091
69.208
69.326
69.443
69.560
69.912
70.029
70.146
70.263
70.380
70.498
70.732
70.966
71.084
71.201
71.318
71.435
71.787
71.904
72.021
72.138
72.256
72.373
72.490
72.607
72.724
72.842
72.959
73.076
73.193
73.310
73.428
73.545
73.662
73.779
73.896
74.014
74.131
74.248
74.365
74.483
74.600
74.717
74.951
75.303
75.655
75.772
75.889
76.006
76.123
76.358
76.592
76.709
76.827
76.944
77.061
77.413
77.530
77.647
77.764
77.881
77.999
78.233
78.467
78.585
78.702
78.819
78.936
79.288
79.405
79.522
79.639
79.757
79.874
80.108
80.343
80.460
80.577
80.694
80.811
81.163
81.280
81.397
81.515
81.632
81.749
81.983
82.218
82.687
83.038
83.155
83.273
83.390
83.507
83.624
83.859
84.093
84.210
84.327
84.445
84.562
84.913
85.031
85.148
85.265
85.382
85.499
85.734
85.968
86.085
86.203
86.320
86.437
86.789
86.906
87.023
87.140
87.257
87.375
87.609
87.843
87.961
88.078
88.195
88.312
88.664
88.781
88.898
89.016
89.133
89.250
89.484
89.719
90.188
90.656
90.774
90.891
91.008
91.125
91.360
91.594
91.711
91.828
91.946
92.063
92.414
92.532
92.649
92.766
92.883
93.000
93.235
93.469
93.586
93.704
93.821
93.938
94.290
94.407
94.524
94.641
94.758
94.876
95.110
95.344
95.462
95.579
95.696
95.813
96.165
96.282
96.399
96.516
96.634
96.751
96.985
97.220
97.688
98.040
98.157
98.274
98.392
98.509
98.626
98.860
99.095
99.212
99.329
99.446
99.564
99.915
100.032
100.150
100.267
100.384
100.501
100.736
100.970
101.087
101.204
101.322
101.439
101.790
101.908
102.025
102.142
102.259
102.377
102.611
102.845
102.963
103.080
103.197
103.314
103.666
103.783
103.900
104.017
104.135
104.252
104.486
104.721
105.189
105.658
106.127
107.065
108.940
110.815
112.690
113.393
113.862
114.331
114.565
115.269
115.738
116.206
116.441
117.144
117.613
118.082
118.316
119.019
119.488
119.957
120.191
120.894
121.363
121.832
122.066
122.770
123.238
123.707
123.942
124.645
125.114
125.582
125.817
126.520
126.989
127.458
127.692
128.395
128.864
129.333
129.567
130.271
130.739
131.208
131.443
132.146
132.615
133.083
133.318
134.021
134.490
134.959
135.193
135.896
136.365
136.834
137.068
137.771
138.240
138.709
138.943
139.647
140.115
140.584
140.819
141.522
141.991
142.459
142.694
144.569
146.444
146.913
147.030
147.148
147.265
147.382
147.499
147.616
147.734
147.851
147.968
148.085
148.202
148.320
148.788
148.906
149.023
149.140
149.257
149.374
149.492
149.609
149.726
149.843
149.960
150.078
150.195
150.664
150.781
150.898
151.015
151.132
151.250
151.367
151.484
151.601
151.718
151.836
151.953
152.070
152.539
152.656
152.773
152.890
153.008
153.125
153.242
153.359
153.476
153.594
153.711
153.828
153.945
154.414
154.531
154.648
154.766
154.883
155.000
155.117
155.234
155.352
155.469
155.586
155.703
155.820
156.289
156.406
156.524
156.641
156.758
156.875
156.993
157.110
157.227
157.344
157.461
157.579
157.696
158.165
158.282
158.399
158.516
158.633
158.751
158.868
158.985
159.102
159.219
159.337
159.454
159.571
160.040
160.157
160.274
160.391
160.509
160.626
160.743
160.860
160.977
161.095
161.212
161.329
161.446
161.798
161.915
162.032
162.149
162.267
162.384
162.618
162.853
162.970
163.087
163.204
163.321
163.673
163.790
163.907
164.025
164.142
164.259
164.493
164.728
164.845
164.962
165.079
165.197
165.548
165.665
165.783
165.900
166.017
166.134
166.369
166.603
166.720
166.837
166.955
167.072
167.423
167.541
167.658
167.775
167.892
168.009
168.244
168.478
168.595
168.713
168.830
168.947
169.299
169.416
169.533
169.650
169.767
169.885
170.119
170.353
170.471
170.588
170.705
170.822
171.174
171.291
171.408
171.526
171.643
171.760
171.994
172.229
172.346
172.463
172.580
172.698
173.049
173.166
173.284
173.401
173.518
173.635
173.752
173.870
173.987
174.104
174.221
174.338
174.456
174.573
174.690
174.807
174.924
175.042
175.159
175.276
175.393
175.510
175.628
175.745
175.862
175.979
176.214
176.448
176.800
176.917
177.034
177.151
177.268
177.386
177.620
177.854
177.972
178.089
178.206
178.323
178.675
178.792
178.909
179.026
179.144
179.261
179.495
179.730
179.847
179.964
180.081
180.198
180.550
180.667
180.784
180.902
181.019
181.136
181.370
181.605
181.722
181.839
181.956
182.074
182.425
182.542
182.660
182.777
182.894
183.011
183.246
183.480
183.949
184.300
184.418
184.535
184.652
184.769
184.887
185.121
185.355
185.473
185.590
185.707
185.824
186.176
186.293
186.410
186.527
186.645
186.762
186.996
187.231
187.348
187.465
187.582
187.699
188.051
188.168
188.285
188.403
188.520
188.637
188.871
189.106
189.223
189.340
189.457
189.575
189.926
190.043
190.161
190.278
190.395
190.512
190.747
190.981
191.450
191.919
192.036
192.153
192.270
192.387
192.622
192.856
192.973
193.091
193.208
193.325
193.677
193.794
193.911
194.028
194.145
194.263
194.497
194.731
194.849
194.966
195.083
195.200
195.552
195.669
195.786
195.903
196.021
196.138
196.372
196.607
196.724
196.841
196.958
197.075
197.427
197.544
197.661
197.779
197.896
198.013
198.248
198.482
198.951
199.302
199.420
199.537
199.654
199.771
199.888
200.123
200.357
200.474
200.592
200.709
200.826
201.178
201.295
201.412
201.529
201.646
201.764
201.998
202.232
202.350
202.467
202.584
202.701
203.053
203.170
203.287
203.404
203.522
203.639
203.756
203.873
203.990
204.108
204.225
204.342
204.459
204.576
205.280
205.748
206.217
206.452
206.920
207.038
207.155
207.272
207.389
207.624
207.858
207.975
208.092
208.210
208.327
208.678
208.796
208.913
209.030
209.147
209.264
209.499
209.733
209.850
209.968
210.085
210.202
210.554
210.671
210.788
210.905
211.022
211.140
211.374
211.608
211.726
211.843
211.960
212.077
212.429
212.546
212.663
212.781
212.898
213.015
213.249
213.484
213.953
214.304
214.421
214.539
214.656
214.773
214.890
215.125
215.359
215.476
215.593
215.711
215.828
216.179
216.297
216.414
216.531
216.648
216.765
217.000
217.234
217.703
218.055
218.172
218.289
218.406
218.523
218.641
218.875
219.109
219.227
219.344
219.461
219.578
219.930
220.047
220.164
220.281
220.399
220.516
220.750
221.453
221.922
222.039
222.157
222.274
222.391
222.625
222.860
222.977
223.094
223.211
223.329
223.680
223.797
223.915
224.032
224.149
224.266
224.501
224.735
224.852
224.969
225.087
225.204
225.555
225.673
225.790
225.907
226.024
226.142
226.376
226.610
226.728
226.845
226.962
227.079
227.431
227.548
227.665
227.782
227.900
228.017
228.251
228.486
228.954
229.306
229.423
229.540
229.658
229.775
229.892
230.126
230.361
230.478
230.595
230.712
230.830
231.181
231.298
231.416
231.533
231.650
231.767
232.002
232.236
232.353
232.470
232.588
232.705
233.056
233.174
233.291
233.408
233.525
233.642
233.760
233.877
233.994
234.111
234.228
234.346
234.463
234.580
234.697
234.814
234.932
235.049
235.166
235.283
235.400
235.518
235.635
235.752
235.869
235.986
236.455
236.924
237.393
237.862
238.330
238.799
239.268
239.737
240.206
240.675
241.143
241.612
242.081
242.550
243.019
243.487
243.956
244.425
244.894
245.363
245.831
246.300
246.769
247.238
247.707
248.175
248.644
249.113
249.582
250.051
250.519
250.988
251.457
251.926
252.395
252.863
253.332
253.801
254.270
254.739
255.208
255.676
256.145
256.614
257.083
257.552
258.020
258.489
258.958
259.427
259.896
260.364
260.833
261.302
261.771
262.240
262.708
264.584
265.287
265.756
266.224
266.459
