0.101
0.793
1.023
1.254
1.484
1.715
1.946
2.637
2.868
3.099
4.482
4.713
4.943
5.174
5.405
5.635
6.327
6.558
6.788
7.480
8.172
8.402
8.633
8.864
9.094
9.325
10.017
10.247
10.478
11.170
11.861
12.092
12.323
12.553
12.784
13.015
13.476
13.937
14.398
14.859
15.090
15.321
15.551
15.782
16.012
16.243
16.474
16.704
17.165
17.396
17.627
17.857
18.088
18.318
18.549
18.780
19.010
19.241
19.471
19.702
19.933
20.163
20.394
20.624
20.855
21.086
21.316
21.547
21.777
22.008
22.239
22.469
22.700
22.930
23.161
23.392
23.622
23.853
24.083
24.314
24.545
24.775
25.006
25.236
25.467
25.698
25.928
26.159
26.390
26.620
26.851
27.081
27.312
27.543
27.773
28.004
28.234
28.465
28.696
28.926
29.157
29.387
29.618
29.733
29.849
30.079
30.194
30.310
30.540
31.002
31.347
31.463
31.578
31.693
31.924
32.039
32.155
32.385
32.500
32.616
32.846
32.962
33.077
33.308
33.423
33.538
33.769
33.884
33.999
34.230
34.691
35.037
35.152
35.268
35.383
35.614
35.729
35.844
36.075
36.190
36.305
36.536
36.651
36.767
36.997
37.113
37.228
37.458
37.574
37.689
37.920
38.381
38.727
38.842
38.957
39.073
39.303
39.419
39.534
39.765
39.880
39.995
40.226
40.341
40.456
40.687
40.802
40.918
41.148
41.263
41.379
41.609
42.071
42.532
42.993
43.454
43.915
44.377
45.068
45.299
45.530
45.760
45.991
46.221
46.683
47.144
47.605
48.066
48.758
48.989
49.219
49.450
49.680
49.911
50.372
50.833
51.295
51.756
52.448
52.678
52.909
53.140
53.370
53.601
54.062
54.523
54.984
55.446
56.137
56.368
56.599
56.829
57.060
57.290
57.982
58.213
58.443
59.135
59.251
59.366
59.596
59.712
59.827
60.058
60.519
60.865
60.980
61.095
61.211
61.441
61.557
61.672
61.902
62.018
62.133
62.364
62.479
62.594
62.825
62.940
63.055
63.286
63.401
63.517
63.747
64.208
64.554
64.670
64.785
64.900
65.131
65.246
65.361
65.592
65.707
65.823
66.053
66.169
66.284
66.515
66.630
66.745
66.976
67.091
67.206
67.437
67.552
68.244
68.359
68.475
68.590
68.821
68.936
69.051
69.282
69.397
69.512
69.743
69.858
69.974
70.204
70.319
70.435
70.665
70.781
70.896
71.127
71.357
71.588
71.818
72.049
72.280
72.510
72.741
72.971
73.202
73.433
73.663
73.894
74.009
74.124
74.355
74.470
74.586
74.816
75.277
75.623
75.739
75.854
75.969
76.200
76.315
76.430
76.661
76.776
76.892
77.122
77.238
77.353
77.583
77.699
77.814
78.045
78.160
78.275
78.506
78.967
79.313
79.428
79.544
79.659
79.890
80.005
80.120
80.351
80.466
80.581
80.812
80.927
81.043
81.273
81.388
81.504
81.734
81.850
81.965
82.196
82.657
83.003
83.118
83.233
83.349
83.579
83.694
83.810
84.040
84.156
84.271
84.502
84.617
84.732
84.963
85.078
85.193
85.424
85.539
85.655
85.885
86.346
86.692
86.808
86.923
87.038
87.269
87.384
87.499
87.730
88.191
88.652
88.998
89.114
89.344
89.575
90.036
90.497
90.843
90.958
91.189
91.420
91.650
91.996
92.342
92.688
92.803
93.034
93.265
93.726
94.187
