11.157
11.619
11.850
12.080
12.542
12.658
12.773
13.004
13.581
13.812
14.043
14.389
14.504
14.620
14.850
15.427
15.658
15.889
16.235
16.351
16.466
16.697
16.812
16.928
17.043
17.159
17.274
17.390
17.505
17.620
17.736
17.851
17.967
18.082
18.197
18.313
18.428
18.544
19.121
19.352
19.582
19.929
20.044
20.159
20.390
20.967
21.198
21.429
21.775
21.891
22.006
22.237
22.814
23.045
23.276
23.622
23.737
23.853
24.084
24.661
24.891
25.122
25.469
25.584
25.699
25.930
26.507
26.738
26.969
27.315
27.431
27.546
27.777
28.354
28.585
28.816
29.162
29.277
29.393
29.623
30.201
30.431
30.662
31.008
31.124
31.239
31.470
31.586
31.701
31.816
31.932
32.047
32.163
32.278
32.393
32.509
32.624
32.740
32.855
32.971
33.086
33.201
33.317
33.894
34.125
34.355
34.702
34.817
34.933
35.163
35.740
35.971
36.202
36.548
36.664
36.779
37.010
37.587
37.818
38.049
38.395
38.510
38.626
38.857
39.434
39.665
39.895
40.242
40.357
40.472
40.703
41.280
41.511
41.742
42.088
42.204
42.319
42.550
43.127
43.358
43.589
43.935
44.050
44.166
44.397
44.974
45.204
45.435
45.782
45.897
46.012
46.243
46.359
46.474
46.589
46.705
46.820
46.936
47.051
47.167
47.282
47.397
47.513
47.628
47.744
47.859
47.974
48.090
48.551
49.013
49.475
49.936
50.398
50.860
51.321
51.783
52.245
52.706
53.168
53.630
54.091
54.553
55.015
55.476
55.938
56.400
56.861
57.323
57.785
58.246
58.708
59.170
59.631
60.093
60.555
61.016
61.478
61.940
62.401
62.863
63.325
63.786
64.710
65.171
65.633
66.556
67.018
67.479
68.403
68.634
68.864
69.095
69.326
69.557
69.788
70.019
70.249
70.365
70.480
70.596
70.711
70.827
70.942
71.057
71.173
71.288
71.404
71.519
71.634
71.750
71.865
71.981
72.096
72.211
72.327
72.442
72.558
72.673
72.789
72.904
73.019
73.135
73.250
73.366
73.481
73.596
73.712
73.827
73.943
74.058
74.174
74.289
74.404
74.520
74.635
74.751
74.866
74.981
75.097
75.212
75.328
75.443
75.559
75.674
75.789
77.636
78.098
78.213
78.328
78.675
79.021
79.136
79.252
79.483
79.944
80.060
80.175
80.521
80.868
80.983
81.098
81.329
81.791
81.906
82.022
82.368
82.714
82.830
82.945
83.176
83.638
83.753
83.868
84.215
84.561
84.676
84.792
85.023
85.484
85.600
85.715
86.061
86.408
86.523
86.638
86.869
87.331
87.446
87.562
87.908
88.254
88.370
88.485
88.716
89.177
89.293
89.408
89.755
90.101
90.216
90.332
90.562
90.747
90.932
91.301
91.670
92.040
92.409
92.640
92.871
93.102
93.332
93.563
93.794
94.025
94.256
94.487
94.717
94.948
95.179
95.641
96.102
96.333
96.564
96.795
97.026
97.256
97.487
97.718
97.949
98.180
98.411
98.641
98.872
99.103
99.334
99.565
99.796
100.257
100.373
100.488
100.834
101.181
101.296
101.411
101.642
102.104
102.219
102.335
102.681
103.027
103.143
103.258
103.489
103.951
104.066
104.181
104.528
104.874
104.989
105.105
105.336
105.797
105.913
106.028
106.374
106.720
106.836
106.951
107.182
107.644
108.105
108.567
109.029
109.490
109.952
110.414
110.875
111.337
111.799
112.260
112.722
113.184
113.645
114.107
114.569
115.030
115.492
115.954
116.415
116.877
117.339
117.800
118.262
118.724
119.185
119.647
120.109
121.955
122.417
122.532
122.648
122.994
123.340
123.456
123.571
123.802
124.264
124.379
124.494
124.841
125.187
125.302
125.418
125.648
126.110
126.226
126.341
126.687
127.033
127.149
127.264
127.495
127.957
128.072
128.188
128.534
128.880
128.996
129.111
129.342
129.803
129.919
130.034
130.380
130.727
130.842
130.958
131.188
131.650
131.765
131.881
132.227
132.573
132.689
132.804
133.035
133.497
133.612
133.728
134.074
134.420
134.535
134.651
134.882
135.343
135.459
135.574
135.920
136.267
136.382
136.497
136.728
137.305
137.536
137.767
138.113
138.229
138.344
138.575
139.152
139.383
139.614
139.960
140.075
140.191
140.422
140.999
141.229
141.460
141.807
141.922
142.037
142.268
142.845
143.076
143.307
143.653
143.769
143.884
144.115
144.692
144.923
145.154
145.500
145.615
145.731
145.961
146.539
146.769
147.000
147.346
147.462
147.577
147.808
148.385
148.616
148.847
149.193
149.308
149.424
149.655
149.770
149.886
150.001
150.116
150.232
150.347
150.463
150.578
150.693
150.809
150.924
151.040
151.155
151.271
151.386
151.501
152.078
152.309
152.540
152.886
153.002
153.117
153.348
153.925
154.156
154.387
154.733
154.848
154.964
155.195
155.772
156.003
156.233
156.580
156.695
156.810
157.041
157.618
157.849
158.080
158.426
158.542
158.657
158.888
159.465
159.696
159.927
160.273
160.388
160.504
160.735
161.312
161.542
161.773
162.120
162.235
162.350
162.581
163.158
163.389
163.620
163.966
164.082
164.197
164.428
166.274
166.736
167.198
167.659
167.890
168.121
168.583
168.814
169.044
169.506
169.737
169.968
170.429
170.660
170.891
171.353
171.584
171.814
172.276
172.507
172.738
173.199
173.430
173.661
174.123
174.353
174.584
175.046
175.277
175.508
175.969
176.200
176.431
176.893
177.123
177.354
177.816
178.047
178.278
178.739
178.970
179.201
179.316
179.432
179.547
179.663
179.778
179.893
180.009
180.124
180.240
180.355
180.470
180.586
180.701
180.817
180.932
181.048
181.163
181.278
181.394
181.509
181.625
181.740
181.855
181.971
182.086
182.202
182.317
182.433
182.548
182.663
182.779
182.894
183.010
183.125
183.240
183.356
183.471
183.587
183.702
183.817
183.933
184.048
184.164
184.279
184.395
184.510
184.625
184.741
184.856
184.972
185.087
185.202
185.318
185.433
185.549
185.664
185.780
185.895
186.010
186.126
186.241
186.357
186.472
186.587
186.703
186.818
186.934
187.049
187.165
187.280
187.395
187.511
187.626
187.742
187.857
187.972
188.088
188.203
188.319
188.434
188.549
188.665
188.780
188.896
189.011
189.127
189.242
189.357
189.473
189.588
189.704
189.819
189.934
190.050
190.165
190.281
190.396
190.512
190.627
190.742
190.858
190.973
191.089
191.204
191.319
191.435
191.550
191.666
191.781
191.897
192.012
192.127
192.589
193.051
193.512
193.974
195.821
196.282
196.398
196.513
196.859
197.206
197.321
197.436
197.667
198.129
198.244
198.360
198.706
199.052
199.168
199.283
199.514
199.976
200.091
200.206
200.553
200.899
201.014
201.130
201.360
201.822
201.938
202.053
202.399
202.745
202.861
202.976
203.207
203.669
203.784
203.900
204.246
204.592
204.708
204.823
205.054
205.515
205.631
205.746
206.092
206.439
206.554
206.670
206.900
207.362
207.477
207.593
207.939
208.285
208.401
208.516
208.747
208.862
208.978
209.093
209.209
209.324
209.439
209.555
209.670
209.786
209.901
210.017
210.132
210.247
210.363
210.478
210.594
210.748
211.055
211.209
211.517
211.671
211.979
212.132
212.440
212.594
212.902
213.056
213.364
213.517
213.825
213.979
214.287
214.441
214.749
214.902
215.210
215.364
215.672
215.826
216.134
216.287
216.595
216.749
217.057
217.211
217.519
217.672
217.980
218.134
218.442
218.596
218.904
219.057
219.365
219.519
219.827
219.981
220.289
220.442
220.750
220.904
221.212
221.366
221.673
221.827
222.135
222.289
222.597
222.751
223.058
223.212
223.520
223.982
224.443
