0.395
0.864
1.333
1.802
2.271
2.740
3.209
3.678
4.146
4.615
5.084
5.553
6.022
6.491
6.960
7.429
7.898
8.132
8.366
8.835
9.304
9.773
10.008
10.242
10.476
10.711
11.180
11.649
11.883
12.118
12.586
13.055
13.524
13.759
13.993
14.228
14.462
14.931
15.400
15.634
15.869
16.338
16.806
17.275
17.510
17.744
17.979
18.213
18.682
19.151
19.385
19.620
20.089
20.558
21.026
21.261
21.495
21.730
21.964
22.433
22.902
23.136
23.371
23.840
24.309
24.778
25.012
25.246
25.481
25.715
26.184
26.653
26.888
27.122
27.591
28.060
28.529
28.763
28.998
29.232
29.467
29.935
30.404
30.639
30.873
31.342
31.811
32.280
32.514
32.749
32.983
33.218
33.687
34.155
34.390
34.624
35.093
35.562
36.031
36.265
36.500
36.734
36.969
37.438
37.907
38.141
38.375
38.844
39.313
39.782
40.017
40.251
40.485
40.720
41.189
41.658
41.892
42.127
42.595
43.064
43.533
43.768
44.002
44.237
44.471
44.940
45.174
45.409
45.643
45.878
46.112
46.347
46.581
46.815
47.050
47.284
47.519
47.753
47.870
47.988
48.105
48.222
48.457
48.691
48.925
49.160
49.394
49.629
49.863
50.098
50.332
50.567
50.801
51.035
51.270
51.504
51.739
51.973
52.090
52.208
52.325
52.442
52.550
52.657
52.764
52.872
52.979
53.087
53.194
53.302
53.409
53.517
53.624
53.732
53.839
53.946
54.054
54.161
54.269
54.376
54.484
54.591
54.699
54.806
54.914
55.021
55.128
55.236
55.343
55.451
55.558
55.666
55.773
55.881
55.988
56.096
56.203
56.310
56.418
56.525
56.633
56.740
56.848
56.955
57.063
57.170
57.278
57.385
57.492
57.600
58.069
58.538
59.007
59.475
59.944
60.179
60.413
60.648
60.882
61.351
61.820
62.054
62.289
62.523
62.758
63.227
63.695
63.930
64.164
64.399
64.633
65.102
65.571
65.805
66.040
66.157
66.274
66.509
66.978
67.447
67.681
67.915
68.150
68.384
68.853
69.322
69.557
69.791
70.025
70.260
70.729
71.198
71.432
71.667
71.901
72.135
72.604
73.073
73.308
73.542
73.659
73.777
74.011
74.480
74.949
75.183
75.418
75.652
75.887
76.355
76.824
77.059
77.293
77.528
77.762
78.231
78.700
78.934
79.169
79.403
79.638
80.107
80.575
80.810
81.044
81.162
81.279
81.513
81.982
82.451
82.685
82.920
83.154
83.389
83.858
84.327
84.561
84.795
85.030
85.264
85.733
86.202
86.437
86.671
86.905
87.140
87.609
88.078
88.547
88.781
89.015
89.250
89.953
90.188
90.422
90.657
90.891
91.360
91.829
92.063
92.298
92.532
92.767
93.236
93.704
93.939
94.173
94.408
94.642
95.111
95.580
95.814
96.049
96.166
96.283
96.518
96.987
97.456
97.690
97.924
98.159
98.393
98.862
99.331
99.566
99.800
100.034
100.269
100.738
101.207
101.441
101.676
101.910
102.144
102.613
102.848
103.082
103.317
103.551
103.786
104.020
104.489
104.958
105.192
105.427
105.661
105.896
106.364
106.833
107.068
107.302
107.537
107.771
108.240
108.709
108.943
109.178
109.412
109.647
110.116
110.584
110.819
111.053
111.171
111.288
111.522
111.991
112.460
112.694
112.929
113.163
113.398
113.867
114.336
114.570
114.804
115.039
115.273
115.742
116.211
116.446
116.680
116.914
117.149
117.618
117.852
118.087
118.321
118.556
118.790
119.024
119.493
125.120
126.996
127.933
128.871
129.340
129.809
130.278
130.747
131.216
131.450
131.684
132.153
132.622
133.091
133.560
134.029
134.498
134.967
135.201
135.436
135.904
136.373
136.842
137.311
137.780
138.249
138.718
138.952
139.187
139.656
140.124
140.593
141.062
141.531
142.000
142.469
142.703
142.938
143.407
143.876
144.344
144.813
145.282
145.751
146.220
146.454
146.689
147.158
147.627
148.096
148.564
149.033
149.502
149.971
150.206
150.440
150.909
151.378
151.612
151.847
152.081
152.316
152.550
152.784
153.019
153.253
153.488
153.722
153.957
154.191
154.426
154.660
154.777
154.894
155.012
155.129
155.363
155.598
155.832
156.067
156.301
156.536
156.770
157.005
157.239
157.473
157.708
157.942
158.177
158.411
158.646
158.880
158.997
159.115
159.232
159.349
159.466
159.583
159.701
159.818
159.935
160.052
160.170
160.287
160.404
160.521
160.638
160.756
160.873
160.990
161.107
161.225
161.342
161.459
161.576
161.693
161.811
161.928
162.045
162.162
162.280
162.397
162.514
162.631
162.748
162.866
162.983
163.100
163.217
163.335
163.452
163.569
163.686
163.803
163.921
164.038
164.155
164.272
164.390
164.507
164.976
165.445
165.913
166.382
166.851
167.555
167.789
168.023
168.258
168.727
169.430
169.665
169.899
170.133
170.602
170.837
171.071
171.306
171.423
171.540
171.775
172.009
172.478
172.712
172.947
173.064
173.181
173.416
173.650
173.885
174.353
175.057
175.291
175.526
175.760
176.229
176.932
177.167
177.401
177.636
178.105
178.339
178.573
178.808
178.925
179.042
179.277
179.511
179.980
180.449
180.683
180.918
181.152
181.856
182.090
182.325
182.559
182.793
183.028
183.262
183.731
183.966
184.200
184.435
184.669
184.786
184.903
185.138
185.607
185.841
186.076
186.310
186.545
186.779
187.013
187.482
187.717
187.951
188.186
188.420
188.889
189.358
189.592
189.827
190.061
190.296
190.530
190.765
191.233
191.468
191.702
191.937
192.171
192.288
192.406
192.640
193.109
193.343
193.578
193.812
194.047
194.281
194.516
194.985
195.453
195.922
196.391
196.860
197.563
197.798
198.032
198.267
198.736
199.439
199.673
199.908
200.142
200.611
200.846
201.080
201.315
201.432
201.549
201.783
202.018
202.487
202.721
202.956
203.073
203.190
203.425
203.659
203.893
204.362
205.066
205.300
205.535
205.769
206.238
206.941
207.176
207.410
207.645
208.113
208.348
208.582
208.700
208.817
209.051
209.286
209.520
209.989
210.458
210.692
210.927
211.161
211.865
212.099
212.333
212.568
212.802
213.037
213.271
213.740
213.975
214.209
214.443
214.678
214.795
214.912
215.147
215.616
215.850
216.085
216.319
216.553
216.788
217.022
217.491
217.726
217.960
218.195
218.429
218.898
219.367
219.601
219.836
220.070
220.305
220.539
220.774
221.242
221.477
221.711
221.946
222.180
222.297
222.415
222.649
223.118
223.352
223.587
223.821
224.056
224.290
224.525
224.994
225.462
225.931
226.400
226.869
227.104
227.338
227.572
227.807
228.276
228.745
228.979
229.214
229.448
229.682
230.151
230.620
230.855
231.089
231.324
231.558
232.027
232.496
232.730
232.965
233.082
233.199
233.434
233.902
234.371
234.606
234.840
235.075
235.309
235.778
236.247
236.481
236.716
236.950
237.185
237.654
238.122
238.357
238.591
238.826
239.060
239.529
239.998
240.467
240.701
240.936
241.170
241.874
242.108
242.342
242.577
242.811
243.280
243.749
243.984
244.218
244.452
244.687
245.156
245.625
245.859
246.094
246.328
246.562
247.031
247.500
247.735
247.969
248.086
248.204
248.438
248.907
249.376
249.610
249.845
250.079
250.314
250.782
251.251
251.486
251.720
251.955
252.189
252.658
253.127
253.361
253.596
253.830
254.065
254.534
255.002
255.471
255.940
256.409
262.036
263.911
264.849
265.787
266.256
266.725
267.194
267.662
268.131
268.366
268.600
269.069
269.538
270.007
270.476
270.945
271.414
271.882
272.117
272.351
272.820
273.289
273.758
274.227
274.696
274.930
275.165
275.634
276.102
276.337
276.571
276.806
277.040
277.509
277.978
278.447
278.681
278.916
279.385
279.854
280.088
280.322
280.557
280.791
281.260
281.729
282.198
282.432
282.667
283.136
283.605
283.839
284.074
284.308
284.543
285.011
285.480
285.949
286.184
286.418
286.887
287.356
287.590
287.825
288.059
288.294
288.763
289.231
289.700
289.935
290.169
290.638
291.107
291.341
291.576
291.810
292.045
292.514
292.983
293.451
293.686
293.920
294.389
294.858
295.093
295.327
295.561
295.796
296.265
296.734
297.203
297.437
297.671
298.140
298.609
298.844
299.078
299.313
299.547
300.016
300.485
300.954
301.188
301.423
301.891
302.360
302.595
302.829
303.064
303.298
303.533
303.767
304.001
304.236
304.470
304.705
304.939
305.174
305.408
305.643
305.877
306.111
306.346
306.580
306.698
306.815
306.932
307.049
307.284
307.518
307.753
307.987
308.221
308.456
308.690
308.925
309.159
309.394
309.628
309.863
310.097
310.331
310.566
310.800
311.035
311.269
311.504
311.738
311.973
312.207
312.441
312.676
312.910
313.145
313.379
313.614
313.848
314.083
314.200
314.317
314.434
314.551
314.786
315.020
315.255
315.489
315.724
315.958
316.193
316.427
316.661
316.896
317.130
317.365
317.599
317.834
318.068
318.303
318.420
318.537
318.654
318.771
318.889
319.006
319.123
319.240
319.358
319.475
319.592
319.709
319.826
319.944
320.061
320.178
320.295
320.413
320.530
320.647
320.764
320.881
320.999
321.116
321.233
321.350
321.468
321.585
321.702
321.819
321.936
322.054
322.171
322.288
322.405
322.523
322.640
322.757
322.874
322.991
323.109
323.226
323.343
323.460
323.578
323.695
323.812
323.929
324.398
324.867
325.336
325.805
326.274
326.508
326.743
326.977
327.211
327.680
328.149
328.384
328.618
328.853
329.087
329.556
330.025
330.259
330.494
330.728
330.963
331.431
331.900
332.135
332.369
332.486
332.604
332.838
333.307
333.776
334.010
334.245
334.479
334.714
335.183
335.651
335.886
336.120
336.355
336.589
337.058
337.527
337.761
337.996
338.230
338.465
338.934
339.403
339.637
339.871
339.989
340.106
340.340
340.809
341.278
341.513
341.747
341.981
342.216
342.685
343.154
343.388
343.623
343.857
344.091
344.560
345.029
345.264
345.498
345.733
345.967
346.436
346.905
347.139
347.374
347.491
347.608
347.843
348.312
348.780
349.015
349.249
349.484
349.718
350.187
350.656
350.890
351.125
351.359
351.594
352.063
352.532
352.766
353.000
353.235
353.469
353.938
354.407
354.642
354.876
354.993
355.110
355.345
355.814
356.283
356.517
356.752
356.986
357.220
357.689
358.158
358.393
358.627
358.862
359.096
359.565
360.034
360.268
360.503
360.737
360.972
361.440
361.909
362.378
362.613
362.847
363.082
363.785
364.019
364.254
364.488
364.723
365.192
365.660
365.895
366.129
366.364
366.598
367.067
367.536
367.770
368.005
368.239
368.474
368.943
369.412
369.646
369.880
369.998
370.115
370.349
370.818
371.287
371.522
371.756
371.990
372.225
372.694
373.163
373.397
373.632
373.866
374.100
374.569
375.038
375.273
375.507
375.742
375.976
376.445
376.914
377.383
377.852
378.320
378.789
379.024
379.258
379.493
379.727
380.196
380.665
380.899
381.134
381.368
381.603
382.072
382.540
382.775
383.009
383.244
383.478
383.947
384.416
384.650
384.885
385.002
385.119
385.354
385.823
386.292
386.526
386.760
386.995
387.229
387.698
388.167
388.402
388.636
388.870
389.105
389.574
390.043
390.277
390.512
390.746
390.980
391.449
391.918
392.387
392.856
393.325
393.794
394.028
394.263
394.497
394.732
395.200
395.669
395.904
396.138
396.373
396.607
397.076
397.545
397.779
398.014
398.248
398.483
398.952
399.420
399.889
400.124
400.358
400.593
401.296
401.530
401.765
401.999
402.234
402.703
403.172
403.406
403.640
403.875
404.109
404.578
405.047
405.282
405.516
405.750
405.985
406.454
406.923
407.157
407.392
407.509
407.626
407.860
408.329
408.798
409.033
409.267
409.502
409.736
410.205
410.674
410.908
411.143
411.377
411.612
412.081
412.549
412.784
413.018
413.253
413.487
413.956
414.425
414.894
415.363
415.832
416.301
416.535
416.769
417.004
417.238
417.707
418.176
418.411
418.645
418.879
419.114
419.583
420.052
420.286
420.521
420.755
420.989
421.458
421.927
422.162
422.396
422.513
422.631
422.865
423.334
423.803
424.037
424.272
424.506
424.741
425.209
425.678
425.913
426.147
426.382
426.616
427.085
427.554
427.788
428.023
428.257
428.492
428.961
429.429
429.898
430.367
430.836
431.305
431.774
432.243
432.712
433.181
433.649
434.118
434.587
435.056
435.525
435.994
436.463
436.932
437.401
437.869
438.338
438.807
439.276
439.745
440.214
440.683
441.152
441.621
442.089
442.558
443.027
443.496
443.965
444.434
444.903
445.372
445.841
446.309
446.778
447.247
447.716
448.185
448.654
449.123
449.592
450.061
450.529
450.998
451.467
451.936
452.405
452.874
453.343
453.812
454.281
454.749
455.218
455.687
456.156
456.625
457.094
457.563
458.032
458.501
458.969
459.438
459.907
460.376
460.845
