0.125
0.580
1.034
1.489
1.944
2.398
2.853
3.194
3.535
3.762
4.217
4.672
5.126
5.581
6.036
6.490
6.831
7.172
7.400
7.854
8.309
8.764
9.218
9.673
10.128
10.469
10.810
11.037
11.492
11.946
12.401
12.856
14.675
15.129
15.584
16.039
16.493
16.948
17.403
17.744
18.085
18.312
18.767
19.221
19.676
20.131
20.585
21.040
21.381
21.722
21.949
22.404
22.859
23.313
23.768
24.223
24.677
25.018
25.359
25.587
26.041
26.496
26.951
27.406
29.224
30.134
31.043
31.952
32.862
33.771
34.680
35.590
36.499
37.408
38.318
39.227
40.136
41.046
41.955
42.865
43.774
44.683
45.593
46.502
47.411
48.321
49.230
50.139
51.049
51.958
52.867
53.777
54.686
55.596
56.505
57.414
58.324
58.778
59.233
59.688
60.142
60.597
61.052
61.506
61.961
63.780
64.689
65.598
66.508
67.417
68.327
69.236
70.145
71.055
71.964
72.873
73.783
74.692
75.601
76.511
77.420
78.329
78.784
79.239
79.693
80.148
80.603
81.058
81.512
81.967
82.422
82.876
83.331
83.786
84.240
84.695
85.150
85.604
86.059
86.514
86.968
87.423
87.878
88.332
88.787
89.242
89.696
90.151
90.606
91.060
91.515
91.970
92.424
92.879
94.698
95.153
95.607
96.062
96.517
96.971
97.426
97.767
98.108
98.335
98.790
99.245
99.699
100.154
100.609
101.063
101.518
101.973
102.427
102.882
103.337
103.791
104.246
104.701
105.042
105.383
105.610
106.065
106.519
106.974
107.429
107.883
108.338
108.793
109.248
109.702
110.157
110.612
111.066
111.521
111.976
112.317
112.658
112.885
113.340
113.794
114.249
114.704
115.158
115.613
116.068
116.522
116.977
117.432
117.886
118.341
118.796
119.250
119.591
119.932
120.160
120.614
121.069
121.524
121.979
122.433
122.888
123.343
123.797
124.252
124.707
125.161
125.616
126.071
126.525
126.866
127.207
127.435
127.889
128.344
128.799
129.253
129.708
130.163
130.617
131.072
131.527
131.981
132.436
132.891
133.345
133.800
134.141
134.482
134.709
135.164
135.619
136.074
136.528
136.983
137.438
137.892
138.347
138.802
139.256
139.711
140.166
140.620
141.075
141.416
141.757
141.984
142.439
142.894
143.348
143.803
144.258
144.712
145.053
145.394
145.622
146.076
146.531
146.986
147.440
147.895
148.350
148.691
149.032
149.259
149.714
150.169
150.623
151.078
151.533
151.987
152.328
152.669
152.897
153.124
153.351
153.579
153.806
154.033
154.261
154.488
154.715
155.625
156.534
157.443
158.353
159.262
160.171
161.081
161.990
162.900
163.809
164.718
165.628
166.537
167.446
168.356
169.265
170.174
171.084
171.993
172.902
173.812
174.721
175.630
176.540
177.449
178.359
179.268
180.177
181.087
181.996
182.905
183.815
184.724
185.633
186.543
187.452
189.271
189.725
190.180
190.635
191.090
191.544
191.999
192.454
192.908
193.363
193.818
194.272
194.727
195.182
195.636
196.091
196.546
197.000
197.455
197.910
198.364
198.819
199.274
199.728
200.183
200.638
201.092
201.547
202.002
202.456
202.911
203.366
203.821
204.275
204.730
205.185
205.639
206.094
206.549
207.003
207.458
207.913
208.367
208.822
209.277
209.731
210.186
210.641
211.095
211.550
212.005
212.459
212.914
213.369
213.823
214.278
214.733
215.187
215.642
216.097
216.551
217.006
217.461
217.916
218.370
220.189
220.644
221.098
221.553
222.008
222.462
222.917
223.258
223.599
223.826
224.281
224.736
225.190
225.645
226.100
226.554
227.009
227.464
227.918
228.373
228.828
229.282
229.737
230.192
230.533
230.874
231.101
231.556
232.011
232.465
232.920
233.375
233.829
234.284
234.739
235.193
235.648
236.103
236.557
237.012
237.467
237.808
238.149
238.376
238.831
239.285
239.740
240.195
240.649
241.104
241.559
242.013
242.468
242.923
243.377
243.832
244.287
244.742
245.083
245.424
245.651
246.106
246.560
247.015
247.470
247.924
248.379
248.834
249.288
249.743
250.198
250.652
251.107
251.562
252.016
252.357
252.698
252.926
253.380
253.835
254.290
254.744
255.199
255.654
256.108
256.563
257.018
257.472
257.927
258.382
258.837
259.291
259.632
259.973
260.201
260.655
261.110
261.565
262.019
262.474
262.929
263.383
263.838
264.293
264.747
265.202
265.657
266.111
266.566
266.907
267.248
267.475
267.930
268.385
268.839
269.294
269.749
270.203
270.544
270.885
271.113
271.567
272.022
272.477
272.932
273.386
273.841
274.182
274.523
274.750
275.205
275.660
276.114
276.569
277.024
277.478
277.819
278.160
278.388
278.615
278.842
279.070
279.297
279.524
279.752
279.979
280.206
281.102
281.998
282.894
283.790
284.686
285.582
286.478
287.374
288.269
289.165
290.061
290.957
291.853
292.749
293.645
