0.089
0.558
0.910
1.027
1.496
1.965
2.434
2.785
2.902
3.371
3.840
4.309
4.661
4.778
5.247
5.716
6.184
6.536
6.653
7.122
7.591
7.825
8.060
8.294
8.529
8.646
8.763
8.880
8.997
9.232
9.466
9.701
9.935
10.170
10.287
10.404
10.521
10.638
10.873
11.107
11.342
11.576
11.811
12.045
12.279
12.397
12.514
12.631
12.748
12.983
13.217
13.452
13.686
13.920
14.038
14.155
14.272
14.389
14.624
14.858
15.092
15.327
15.561
15.796
16.030
16.147
16.265
16.382
16.499
16.733
16.968
17.202
17.437
17.671
17.788
17.906
18.023
18.140
18.374
18.609
18.843
19.078
19.312
19.546
19.781
19.898
20.015
20.133
20.250
20.484
20.719
20.953
21.187
21.422
21.656
21.773
21.891
22.125
22.360
22.594
22.828
23.063
23.297
23.532
23.649
23.766
23.883
24.001
24.235
24.469
24.704
24.938
25.173
25.290
25.407
25.524
25.641
25.876
26.110
26.345
26.579
26.814
27.048
27.282
27.400
27.517
27.634
27.751
27.986
28.220
28.455
28.689
28.923
29.158
29.275
29.392
29.627
29.861
30.095
30.330
30.564
30.799
31.033
31.150
31.268
31.385
31.502
31.736
31.971
32.205
32.440
32.674
32.909
33.026
33.143
33.260
33.377
33.612
33.846
34.081
34.315
34.550
34.784
34.901
35.018
35.136
35.253
35.487
35.722
35.956
36.190
36.425
36.659
36.777
36.894
37.011
37.128
37.363
37.597
37.714
37.831
37.949
38.066
38.183
38.300
38.417
38.535
38.652
38.769
38.886
39.004
39.121
39.238
39.355
39.472
39.590
39.707
39.824
39.941
40.058
40.176
40.293
40.410
40.527
40.645
40.762
40.879
40.996
41.113
41.231
41.348
41.465
41.582
41.699
41.817
41.934
42.051
42.168
42.285
42.403
42.520
42.637
42.754
42.872
42.989
43.106
43.223
43.692
44.161
44.278
45.099
45.333
45.567
45.802
46.036
46.153
46.271
46.388
46.505
46.622
46.739
46.857
46.974
47.208
47.443
47.677
47.794
47.912
48.029
48.146
48.263
48.380
48.498
48.615
48.849
49.084
49.318
49.553
49.787
49.904
50.021
50.139
50.256
50.373
50.490
50.607
50.725
50.959
51.194
51.428
51.545
51.662
51.780
51.897
52.014
52.131
52.366
52.600
52.834
53.069
53.303
53.538
53.655
53.772
53.889
54.007
54.124
54.241
54.358
54.475
54.710
54.944
55.179
55.413
55.530
55.648
55.765
55.882
55.999
56.116
56.234
56.351
56.585
56.820
57.054
57.288
57.406
57.523
57.640
57.757
57.875
57.992
58.109
58.226
58.461
58.578
58.695
58.929
59.047
59.164
59.281
59.398
59.516
59.633
59.867
60.102
60.336
60.570
60.805
61.039
61.156
61.274
61.391
61.508
61.625
61.743
61.860
61.977
62.211
62.446
62.680
62.915
63.032
63.149
63.266
63.383
63.501
63.618
63.735
63.852
64.087
64.321
64.556
64.790
64.907
65.024
65.142
65.259
65.376
65.493
65.610
65.728
65.962
66.197
66.431
66.665
66.783
66.900
67.017
67.134
67.369
67.603
67.838
68.072
68.306
68.541
68.658
68.775
68.892
69.010
69.127
69.244
69.361
69.478
69.713
69.947
70.182
70.416
70.533
70.651
70.768
70.885
71.002
71.119
71.237
71.354
71.588
71.823
72.057
72.292
72.409
72.526
72.643
72.760
72.878
72.995
73.112
73.229
73.464
73.698
73.932
74.050
74.167
74.284
74.401
74.636
75.105
76.980
78.855
80.731
82.606
84.482
86.357
88.232
90.108
91.983
93.858
94.093
94.327
94.562
94.796
95.031
95.265
95.499
95.734
95.968
96.203
96.437
96.671
96.906
97.140
97.375
97.609
97.844
98.078
98.312
98.547
98.781
99.016
99.250
99.485
99.719
99.953
100.188
100.422
100.657
100.891
101.125
101.360
101.477
101.594
101.712
101.829
101.946
102.063
102.180
102.298
102.415
102.532
102.649
102.766
102.884
103.001
103.118
103.235
103.353
103.470
103.587
103.704
103.821
103.939
104.056
104.173
104.290
104.407
104.525
104.642
104.759
104.876
104.993
105.111
105.228
105.345
105.462
105.580
105.697
105.814
105.931
106.048
106.166
106.283
106.400
106.517
106.634
106.752
106.869
106.986
107.103
107.220
107.338
107.455
107.572
107.689
107.807
107.924
108.041
108.158
108.275
108.393
108.510
108.627
108.744
108.861
109.096
109.330
109.565
109.799
109.916
110.034
110.151
110.268
110.502
110.737
110.971
111.206
111.440
111.675
111.792
111.909
112.026
112.143
112.378
112.612
112.847
113.081
113.315
113.550
113.667
113.784
113.902
114.019
114.253
114.488
114.722
114.956
115.191
115.425
115.542
115.660
115.777
115.894
116.129
116.363
116.480
116.597
116.715
116.832
116.949
117.066
117.183
117.301
117.418
117.535
117.652
117.769
117.887
118.004
118.121
118.238
118.356
118.473
118.590
118.707
118.824
118.942
119.059
119.176
119.293
119.410
119.528
119.645
119.762
119.879
119.997
120.114
120.172
120.231
120.290
120.348
120.407
120.465
120.524
120.583
120.641
120.700
120.758
120.817
120.876
120.934
120.993
121.051
121.110
121.169
121.227
121.286
121.344
121.403
121.462
121.520
121.579
121.637
121.696
121.755
121.813
121.872
121.930
121.989
122.458
122.927
123.044
123.864
123.982
124.099
124.216
124.333
124.568
124.802
124.919
125.037
125.154
125.271
125.388
125.505
125.740
125.857
125.974
126.091
126.209
126.443
126.678
126.795
126.912
127.029
127.146
127.264
127.381
127.615
127.732
127.850
127.967
128.084
128.319
128.553
128.670
128.787
128.905
129.022
129.139
129.256
129.491
129.608
129.725
129.842
129.959
130.194
130.428
130.663
130.897
131.132
131.366
131.483
131.600
131.718
131.835
132.069
132.304
132.421
132.538
132.655
132.773
132.890
133.007
133.241
133.359
133.476
133.593
133.710
133.945
134.179
134.296
134.413
134.531
134.648
134.765
134.882
135.117
135.234
135.351
135.468
135.586
135.820
136.054
136.172
136.289
136.406
136.523
136.640
136.758
136.992
137.227
137.344
137.461
137.695
137.813
137.930
138.047
138.164
138.281
138.399
138.633
138.868
139.102
139.336
139.571
139.805
139.922
140.040
140.157
140.274
140.391
140.508
140.743
140.977
141.212
141.446
141.563
141.681
141.798
141.915
142.032
142.149
142.267
142.384
142.618
142.853
143.087
143.322
143.556
143.673
143.790
143.908
144.025
144.142
144.259
144.494
144.728
144.962
145.197
145.431
145.666
145.900
146.135
146.369
146.603
146.838
147.072
147.307
147.424
147.541
147.658
147.776
147.893
148.010
148.244
148.479
148.713
148.948
149.065
149.182
149.299
149.417
149.534
149.651
149.768
149.885
150.120
150.354
150.589
150.823
151.057
151.175
151.292
151.409
151.526
151.644
151.761
151.995
152.230
152.464
152.698
152.816
152.933
153.050
153.167
153.284
153.402
153.871
153.988
154.105
154.222
154.339
154.574
154.808
154.925
155.043
155.160
155.277
155.512
155.746
155.863
155.980
156.098
156.215
156.449
156.684
156.918
157.152
157.270
157.387
157.504
157.621
157.739
157.856
157.973
158.090
158.325
158.559
158.676
158.793
158.911
159.028
159.262
159.497
159.614
159.731
159.848
159.966
160.200
160.434
160.669
160.903
161.020
161.138
161.255
161.372
161.489
161.606
161.724
161.841
162.075
162.310
162.427
162.544
162.661
162.779
163.013
163.247
163.365
163.482
163.599
163.716
163.951
164.185
164.420
164.654
164.771
164.888
165.006
165.123
165.240
165.357
165.474
165.592
165.826
166.061
166.178
166.295
166.412
166.529
166.764
166.998
167.115
167.233
167.350
167.467
167.701
167.936
168.170
168.405
168.522
168.639
168.756
168.874
169.030
169.342
169.499
169.811
169.968
170.280
170.436
170.749
170.905
171.218
171.374
171.687
171.843
172.155
172.312
172.624
172.781
173.093
173.249
173.562
173.718
174.031
174.187
174.500
174.656
174.969
175.125
175.437
175.594
175.906
176.063
176.375
176.531
176.844
177.000
177.313
177.469
177.782
177.938
178.250
178.407
178.719
178.876
179.188
179.344
179.657
179.813
180.126
180.282
180.595
180.751
181.064
181.220
181.532
181.689
182.001
182.470
182.939
183.408
