0.389
0.858
1.327
1.796
2.265
2.733
3.202
3.671
4.140
4.609
5.078
5.546
6.015
6.484
6.953
7.187
7.422
7.891
8.359
8.828
9.297
9.766
10.235
10.703
11.172
11.641
12.110
12.579
13.048
13.360
13.516
13.673
13.985
14.220
14.454
14.923
15.157
15.392
15.626
15.861
16.095
16.329
16.564
16.798
17.033
17.267
17.501
17.736
17.970
18.205
18.439
18.673
18.908
19.142
19.377
19.611
19.846
20.080
20.314
20.549
20.783
21.018
21.252
21.486
21.721
21.955
22.190
22.424
22.658
22.893
23.127
23.362
23.596
23.831
24.065
24.299
24.534
24.768
25.003
25.237
25.471
25.706
25.940
26.175
26.292
26.409
26.526
26.644
26.761
26.878
26.995
27.112
27.230
27.347
27.464
27.581
27.698
27.816
27.933
28.050
28.167
28.284
28.402
28.519
28.636
28.753
28.870
28.988
29.105
29.222
29.339
29.456
29.925
30.160
30.277
30.394
30.629
30.863
31.097
31.332
31.566
31.801
32.035
32.269
32.504
32.738
32.973
33.676
33.910
34.027
34.145
34.379
34.614
34.848
35.082
35.317
35.551
36.020
36.489
37.426
37.661
37.778
37.895
38.130
38.364
38.599
38.833
39.067
39.302
39.536
39.771
40.005
40.239
40.474
41.177
41.411
41.529
41.646
41.880
42.115
42.349
42.584
42.818
43.052
43.521
43.990
44.928
45.162
45.279
45.396
45.631
45.865
46.100
46.334
46.569
46.803
47.037
47.155
47.272
47.506
47.741
47.975
48.209
48.444
48.678
48.913
49.030
49.147
49.381
49.616
49.850
50.085
50.319
50.554
50.788
50.905
51.022
51.257
51.491
51.726
51.960
52.429
52.898
53.366
53.835
54.304
54.539
54.773
55.007
55.242
55.476
55.711
55.945
56.179
56.297
56.414
56.531
56.648
56.765
56.883
57.000
57.117
57.234
57.351
57.469
57.586
57.703
57.820
57.938
58.055
58.289
58.524
58.758
58.992
59.227
59.461
59.696
59.930
60.164
60.282
60.399
60.633
60.868
61.102
61.336
61.571
61.805
62.040
62.274
62.509
62.743
62.977
63.681
63.915
64.032
64.149
64.384
64.618
64.853
65.087
65.321
65.556
66.025
66.494
67.431
67.666
67.783
67.900
68.134
68.369
68.603
68.838
69.072
69.306
69.541
69.775
70.010
70.244
70.479
71.182
71.416
71.533
71.651
71.885
72.119
72.354
72.588
72.823
73.057
73.526
73.995
74.932
75.167
75.284
75.401
75.636
75.870
76.104
76.339
76.573
76.808
77.042
77.277
77.511
77.745
77.980
78.683
78.917
79.035
79.152
79.386
79.621
79.855
80.089
80.324
80.558
81.027
81.496
82.434
82.668
82.785
82.902
83.137
83.371
83.606
83.840
84.074
84.309
84.543
84.778
85.012
85.247
85.481
85.715
85.950
86.184
86.419
86.536
86.653
86.887
87.122
87.356
87.591
87.825
88.059
88.528
88.997
89.232
89.466
89.700
89.935
91.810
93.685
95.561
97.436
99.311
101.187
103.062
104.937
105.406
105.640
105.758
106.109
106.344
106.578
106.812
107.164
107.516
107.750
107.984
108.219
108.453
108.688
109.157
109.391
109.508
109.860
110.094
110.329
110.563
110.915
111.266
111.501
112.438
112.907
113.142
113.259
113.610
113.845
114.079
114.314
114.665
115.017
115.251
115.486
115.720
115.954
116.189
116.658
116.892
117.009
117.361
117.595
117.830
118.064
118.416
118.767
119.002
119.940
120.408
120.877
121.346
121.815
122.284
122.752
123.221
123.690
124.159
124.628
125.097
125.565
126.034
126.503
126.972
127.441
127.675
127.910
128.144
128.378
128.613
128.847
129.082
129.316
129.550
129.785
130.019
130.254
130.488
130.722
130.957
131.191
131.308
131.426
131.543
131.660
131.777
131.895
132.012
132.129
132.246
132.363
132.481
132.598
132.715
132.832
132.949
133.067
133.301
133.535
133.770
134.004
134.239
134.473
134.707
134.942
135.176
135.293
135.411
135.645
135.880
136.114
136.348
136.583
136.817
137.052
137.286
137.520
137.755
137.989
138.692
138.927
139.044
139.161
139.396
139.630
139.865
140.099
140.333
140.568
141.037
141.505
142.443
142.677
142.795
142.912
143.146
143.381
143.615
143.850
144.084
144.318
144.553
144.787
145.022
145.256
145.490
146.194
146.428
146.545
146.662
146.897
147.131
147.366
147.600
147.835
148.069
148.538
149.007
149.944
150.179
150.296
150.413
150.647
150.882
151.116
151.351
151.585
151.820
152.054
152.288
152.523
152.757
152.992
153.695
153.929
154.046
154.164
154.398
154.632
154.867
155.101
155.336
155.570
156.039
156.508
157.445
157.680
157.797
157.914
158.149
158.383
158.617
158.852
159.086
159.321
159.555
159.790
160.024
160.258
160.493
160.727
160.962
161.196
161.430
161.548
161.665
161.899
162.134
162.368
162.602
162.837
163.071
163.540
164.009
164.947
165.415
165.884
166.353
166.822
167.291
167.760
168.228
168.697
169.166
169.635
170.104
170.573
171.041
171.510
171.979
172.448
172.917
173.385
173.854
174.323
174.792
175.261
175.730
176.198
176.667
177.136
177.605
178.074
