0.218
0.687
1.156
1.624
2.093
2.562
3.031
3.500
3.968
4.437
4.906
5.375
5.844
6.313
6.781
7.250
7.719
8.188
8.657
9.125
9.594
10.063
10.532
11.001
11.470
11.938
12.407
12.876
13.345
13.814
14.283
14.751
15.220
15.455
15.689
15.923
16.158
16.392
16.627
16.861
17.095
17.330
17.564
17.799
18.033
18.267
18.502
18.736
18.971
19.205
19.440
19.674
19.908
20.143
20.377
20.612
20.846
21.080
21.315
21.549
21.784
22.018
22.252
22.487
22.721
22.956
23.190
23.424
23.659
23.893
24.128
24.362
24.597
24.831
25.065
25.300
25.534
25.769
26.003
26.237
26.472
26.706
26.941
27.175
27.409
27.644
27.878
28.113
28.347
28.581
28.816
29.050
29.285
29.519
29.754
29.988
30.222
30.691
31.160
31.629
32.098
32.566
33.035
33.504
33.739
33.973
34.442
34.911
35.379
35.848
36.317
36.786
37.255
37.489
37.723
37.958
38.192
38.427
38.661
38.896
39.130
39.364
39.599
39.833
40.068
40.302
40.536
40.771
41.005
41.240
41.474
41.591
41.708
41.826
41.943
42.060
42.177
42.294
42.412
42.529
42.646
42.763
42.880
42.998
43.115
43.232
43.349
43.584
43.701
43.818
44.053
44.170
44.287
44.404
44.521
44.639
44.756
45.459
45.693
45.928
46.162
46.631
46.865
47.334
47.569
47.803
48.037
48.506
48.741
49.210
49.444
49.678
49.913
50.382
50.616
51.085
51.319
51.554
51.788
52.257
52.491
52.960
53.195
53.429
53.663
54.132
54.367
54.835
55.070
55.304
55.539
56.007
56.242
56.711
56.945
57.179
57.414
57.883
58.117
58.586
58.820
59.055
59.289
59.758
59.992
60.461
60.696
60.930
61.164
61.633
61.868
62.336
62.571
62.805
63.040
63.509
63.743
64.212
64.446
64.681
64.915
65.384
65.618
66.087
66.321
66.556
66.790
67.259
67.494
67.962
68.197
68.431
68.666
69.134
69.369
69.838
70.072
70.306
70.541
71.010
71.244
71.713
71.947
72.182
72.416
72.885
73.119
73.588
73.823
74.057
74.291
74.760
74.995
75.229
75.698
76.167
76.635
76.870
77.104
77.573
78.042
78.276
78.394
78.511
78.745
78.862
78.980
79.448
79.917
80.386
80.620
80.855
81.324
81.792
82.027
82.144
82.261
82.496
82.613
82.730
82.965
83.199
83.433
83.668
83.902
84.137
84.371
84.605
84.840
85.074
85.309
85.543
85.777
86.012
86.246
86.481
86.598
86.715
86.832
86.950
87.067
87.184
87.301
87.418
87.536
87.653
87.770
87.887
88.004
88.122
88.239
88.356
88.590
88.825
88.942
89.059
89.176
89.294
89.762
90.231
90.466
90.934
91.169
91.403
91.638
91.755
91.872
92.107
92.341
92.810
93.044
93.279
93.513
93.747
93.982
94.216
94.451
94.685
94.919
95.154
95.388
95.505
95.623
95.857
96.091
96.326
96.560
96.795
97.029
97.264
97.498
97.732
97.967
98.436
98.670
98.904
99.139
99.256
99.373
99.608
99.842
100.311
100.545
100.780
101.014
101.248
101.483
101.717
101.952
102.186
102.421
102.655
102.889
103.007
103.124
103.358
103.593
103.827
104.061
104.296
104.530
104.765
104.999
105.233
105.468
105.937
106.171
106.406
106.640
106.757
106.874
107.109
107.343
107.812
108.046
108.281
108.515
108.750
108.984
109.218
109.453
109.687
109.922
110.156
110.390
110.508
110.625
110.859
111.094
111.328
111.563
111.797
112.031
112.266
112.500
112.735
112.969
113.438
113.672
113.907
114.141
114.258
114.375
114.610
114.844
115.313
115.547
115.782
116.016
116.251
116.485
116.720
116.954
117.188
117.423
117.657
117.892
118.009
118.126
118.360
118.595
118.829
119.064
119.298
119.532
119.767
120.001
120.236
121.173
122.111
123.049
123.986
124.924
125.862
126.799
127.737
128.206
128.674
129.143
129.612
130.081
130.550
131.019
131.487
131.956
132.425
132.894
133.363
133.831
134.300
134.769
135.238
135.472
135.707
135.941
136.176
136.644
137.113
137.348
137.582
137.816
138.051
138.520
138.988
139.223
139.457
139.692
139.926
140.395
140.864
141.098
141.333
141.567
141.801
142.270
142.739
142.973
143.208
143.442
143.677
143.911
144.145
144.380
144.614
144.849
145.083
145.318
145.552
145.786
146.021
146.255
146.490
146.607
146.724
146.841
146.958
147.076
147.193
147.310
147.427
147.544
147.662
147.779
147.896
148.013
148.130
148.248
148.365
148.599
148.716
148.834
149.068
149.185
149.302
149.420
149.537
149.654
149.771
150.475
150.709
150.943
151.178
151.647
151.881
152.350
152.584
152.819
153.053
153.522
153.756
154.225
154.460
154.694
154.928
155.397
155.632
156.100
156.335
156.569
156.804
157.272
157.507
157.976
158.210
158.444
158.679
159.148
159.382
159.851
160.085
160.320
160.554
161.023
161.257
161.726
161.961
162.195
162.429
162.898
163.133
163.601
163.836
164.070
164.305
164.774
165.008
165.477
165.711
165.946
166.180
166.649
166.883
167.352
167.586
167.821
168.055
168.524
168.758
169.227
169.462
169.696
169.931
170.399
170.634
171.103
171.337
171.571
171.806
172.275
172.509
172.978
173.212
173.447
173.681
174.150
174.384
174.853
175.088
175.322
175.556
176.025
176.260
176.728
176.963
177.197
177.432
177.900
178.135
178.604
178.838
179.073
180.245
180.479
181.182
181.651
182.120
182.354
183.057
183.526
183.995
184.230
184.933
185.402
185.870
186.105
186.808
187.277
187.746
187.980
188.683
189.152
189.621
189.855
190.559
191.027
191.496
191.731
192.434
192.903
193.372
193.606
194.309
194.778
195.247
195.481
196.184
196.653
197.122
197.356
