0.381
0.627
0.872
1.118
1.364
1.610
1.856
2.102
2.348
2.594
2.839
3.085
3.331
3.577
3.823
4.069
4.315
4.560
4.806
5.052
5.298
5.544
5.790
6.036
6.281
6.527
6.773
7.019
7.265
7.511
7.757
8.003
8.248
8.494
8.740
8.986
9.232
9.478
9.724
9.969
10.215
10.461
10.707
10.953
11.199
11.445
11.690
11.936
12.182
12.428
12.674
12.920
13.166
13.412
13.657
13.903
14.149
14.395
14.641
14.887
15.133
15.378
15.624
15.870
16.116
16.608
16.854
17.099
17.591
17.837
18.083
18.575
18.821
19.066
19.558
19.804
20.050
20.542
20.787
21.033
21.525
21.771
22.017
22.508
22.754
23.000
23.492
23.738
23.984
24.475
24.721
24.967
25.459
25.705
25.951
26.442
26.688
26.934
27.426
27.672
27.917
28.409
28.655
28.901
29.393
29.638
29.884
30.376
30.622
30.868
31.360
31.605
31.851
32.343
32.835
33.204
33.326
33.572
33.818
34.310
34.802
35.170
35.293
35.539
35.785
36.277
36.769
37.137
37.260
37.506
37.752
38.244
38.735
39.104
39.227
39.473
39.719
40.211
40.702
41.071
41.194
41.440
41.686
42.178
42.669
43.038
43.161
43.407
43.653
44.144
44.636
45.005
45.128
45.374
45.620
46.111
46.603
46.972
47.095
47.341
47.587
47.832
48.078
48.324
48.570
48.816
49.062
49.308
49.553
49.799
50.045
50.291
50.537
50.783
51.520
52.012
52.504
52.995
53.487
53.979
54.471
54.962
55.454
55.946
56.438
56.929
57.421
57.913
58.404
58.896
59.388
59.634
59.880
60.126
60.371
60.617
60.863
61.109
61.355
61.478
61.601
61.724
61.847
61.970
62.092
62.215
62.338
62.461
62.584
62.707
62.830
63.076
64.551
64.797
65.043
65.289
65.780
66.272
66.764
67.256
67.747
68.239
68.731
69.222
69.714
70.206
70.698
71.189
71.681
72.173
72.665
73.156
73.648
74.140
74.631
75.123
75.615
76.107
76.598
77.090
77.582
78.074
78.565
79.057
79.549
80.040
80.532
81.024
81.270
81.516
81.761
82.007
82.253
82.499
82.745
82.991
83.237
83.483
83.728
83.974
84.466
84.958
85.204
85.449
85.695
85.941
86.187
86.433
86.679
86.925
87.170
87.416
87.662
87.908
88.400
88.892
89.137
89.383
89.629
89.875
90.121
90.367
90.613
90.858
91.104
91.350
91.596
91.842
92.334
92.825
93.071
93.317
93.563
93.809
94.055
94.301
94.546
94.792
95.038
95.284
95.530
95.776
96.267
96.759
97.005
97.251
97.497
97.743
97.988
98.234
98.480
98.726
98.972
99.218
99.464
99.710
100.201
100.693
100.939
101.185
101.431
101.676
101.922
102.168
102.414
102.660
102.906
103.152
103.397
103.643
104.135
104.627
106.594
106.840
107.085
107.577
107.823
108.069
108.561
108.806
109.052
109.544
109.790
110.036
110.527
110.773
111.019
111.511
111.757
112.003
112.494
112.740
112.986
113.478
113.724
113.970
114.461
114.707
114.953
115.445
115.691
115.936
116.428
116.674
116.920
117.412
117.658
117.903
118.395
118.641
118.887
119.379
119.624
119.870
120.362
120.608
120.854
121.345
121.591
121.837
122.329
123.312
124.296
125.279
126.263
126.754
127.246
127.738
128.230
128.721
129.213
129.705
130.197
130.688
131.180
131.672
132.163
132.655
133.147
133.639
134.130
134.376
134.622
134.868
135.114
135.360
135.606
135.851
136.097
136.220
136.343
136.466
136.589
136.712
136.835
136.958
137.081
137.204
137.327
137.450
137.572
137.818
139.293
139.539
139.785
140.031
140.523
141.015
141.506
141.998
142.490
142.981
143.473
143.965
144.457
144.948
145.440
145.932
146.424
146.915
147.407
147.899
148.390
148.882
149.374
149.866
150.357
150.849
151.341
151.833
152.324
152.816
153.308
153.799
154.291
154.783
155.275
155.766
156.545
156.788
157.031
157.273
157.516
157.759
158.001
158.244
158.487
158.729
158.972
159.215
159.457
159.700
160.192
160.684
161.175
161.667
162.159
162.651
163.142
163.634
164.126
164.617
165.109
165.601
166.093
166.584
167.076
167.568
168.059
168.551
169.043
169.535
170.026
170.518
171.010
171.502
171.993
172.485
172.977
173.468
173.960
174.452
174.944
175.435
177.402
179.369
179.861
180.353
180.844
181.336
181.828
182.320
182.811
183.303
183.795
184.286
184.778
185.270
185.762
186.253
186.745
187.237
187.729
188.220
188.712
189.204
189.695
190.187
190.679
191.171
191.417
191.662
191.908
192.154
192.400
192.646
192.892
193.138
193.260
193.383
193.506
193.629
193.752
193.875
193.998
194.121
194.244
194.367
194.490
194.613
194.859
196.334
196.580
196.825
197.071
197.563
198.055
198.547
199.038
199.530
200.022
200.513
201.005
201.497
201.989
202.480
202.972
203.464
203.956
204.447
204.939
205.431
205.922
206.414
206.906
207.398
207.889
208.381
208.873
209.365
209.856
210.348
210.840
211.331
211.823
212.315
212.807
213.052
213.298
213.544
213.790
214.036
214.282
214.528
214.774
215.019
215.265
215.511
215.757
216.249
216.740
216.986
217.232
217.478
217.724
217.970
218.216
218.461
218.707
218.953
219.199
219.445
219.691
220.183
220.674
220.920
221.166
221.412
221.658
221.904
222.149
222.395
222.641
222.887
223.133
223.379
223.625
224.116
224.608
224.854
225.100
225.346
225.591
225.837
226.083
226.329
226.575
226.821
227.067
227.313
227.558
228.050
228.542
229.034
229.525
230.017
230.509
231.000
231.492
231.984
232.476
232.967
