0.385
0.625
0.865
1.105
1.345
1.825
2.305
2.545
2.785
3.025
3.265
3.745
4.225
4.465
4.705
4.945
5.185
5.665
6.145
6.385
6.625
6.865
7.105
8.065
8.305
8.545
8.785
9.025
9.505
9.985
10.225
10.465
10.705
10.945
11.425
11.905
12.145
12.385
12.625
12.865
13.345
13.825
14.305
14.545
14.785
15.025
15.265
15.505
15.625
15.745
15.865
15.985
16.105
16.225
16.345
16.465
16.705
17.425
17.545
17.665
17.785
17.905
18.025
18.145
18.265
18.385
18.625
19.345
19.465
19.585
19.705
19.825
19.945
20.065
20.185
20.305
20.545
21.265
21.385
21.505
21.625
21.745
21.865
21.985
22.105
22.225
22.465
22.825
22.945
23.065
23.185
23.305
23.425
23.545
23.665
23.785
23.905
24.025
24.145
24.385
25.105
25.225
25.345
25.465
25.585
25.705
25.825
25.945
26.065
26.305
27.025
27.145
27.265
27.385
27.505
27.625
27.745
27.865
27.985
28.225
28.945
29.065
29.185
29.305
29.425
29.545
29.665
29.785
29.905
30.145
30.385
30.625
30.865
30.985
31.105
31.225
31.345
31.465
31.585
31.705
31.825
32.065
32.785
32.905
33.025
33.145
33.265
33.385
33.505
33.625
33.745
33.985
34.705
34.825
34.945
35.065
35.185
35.305
35.425
35.545
35.665
35.905
36.625
36.745
36.865
36.985
37.105
37.225
37.345
37.465
37.585
37.825
38.065
38.185
38.305
38.425
38.545
38.665
38.785
38.905
39.025
39.145
39.265
39.385
39.505
39.745
40.465
40.585
40.705
40.825
40.945
41.065
41.185
41.305
41.425
41.665
42.385
42.505
42.625
42.745
42.865
42.985
43.105
43.225
43.345
43.585
44.305
44.425
44.545
44.665
44.785
44.905
45.025
45.145
45.265
45.505
46.225
46.345
46.465
46.585
46.705
46.825
46.945
47.065
47.185
47.425
48.145
48.265
48.385
48.505
48.624
48.744
48.864
48.984
49.104
49.344
50.064
50.184
50.304
50.424
50.544
50.664
50.784
50.904
51.024
51.264
51.984
52.104
52.224
52.344
52.464
52.584
52.704
52.824
52.944
53.064
53.184
53.304
53.424
53.544
53.664
53.784
53.904
54.024
54.144
54.264
54.384
54.504
54.624
54.744
54.864
55.104
55.824
55.944
56.064
56.184
56.304
56.424
56.544
56.664
56.784
57.024
57.744
57.864
57.984
58.104
58.224
58.344
58.464
58.584
58.704
58.944
59.664
59.784
59.904
60.024
60.144
60.264
60.384
60.504
60.624
60.744
60.864
60.984
61.104
61.224
61.344
61.464
61.584
61.704
61.824
61.944
62.064
62.184
62.304
62.424
62.544
62.784
63.504
63.624
63.744
63.864
63.984
64.104
64.224
64.344
64.464
64.704
65.424
65.544
65.664
65.784
65.904
66.024
66.144
66.264
66.384
66.624
67.344
67.464
67.584
67.704
67.824
67.944
68.064
68.184
68.304
68.544
68.784
68.904
69.024
69.144
69.264
69.384
69.504
69.624
69.744
69.864
69.984
70.104
70.224
70.464
71.184
71.304
71.424
71.544
71.664
71.784
71.904
72.024
72.144
72.384
73.104
73.224
73.344
73.464
73.584
73.704
73.824
73.944
74.064
74.304
75.024
75.384
75.744
76.224
76.944
77.064
77.184
77.304
77.424
77.544
77.664
77.784
77.904
78.144
78.864
78.984
79.104
79.224
79.344
79.464
79.584
79.704
79.824
80.064
80.784
80.904
81.024
81.144
81.264
81.384
81.504
81.624
81.744
81.984
82.704
82.824
82.944
83.064
83.184
83.304
83.424
83.544
83.664
83.904
84.144
84.264
84.384
84.504
84.624
84.744
84.864
84.984
85.104
85.224
85.344
85.464
85.584
85.824
86.544
86.664
86.784
86.904
87.024
87.144
87.264
87.384
87.504
87.744
88.464
88.584
88.704
88.824
88.944
89.064
89.184
89.304
89.424
89.664
90.384
90.504
90.624
90.744
90.864
90.984
91.104
91.224
91.344
91.584
91.824
92.064
92.304
92.784
93.264
93.744
94.224
94.704
95.184
95.664
96.144
96.624
97.104
97.584
98.064
98.304
98.424
98.544
98.664
98.784
98.904
99.024
99.264
99.504
99.744
99.984
100.464
100.944
101.424
101.904
102.384
102.864
103.344
103.824
104.304
104.784
105.264
105.744
108.397
109.117
109.357
111.277
111.517
111.757
111.997
112.237
112.957
113.197
113.917
114.157
114.637
114.877
115.117
115.357
116.077
116.797
117.037
118.957
119.197
119.437
119.677
119.917
120.637
120.877
121.597
121.837
122.317
122.557
122.797
123.037
123.757
124.478
124.718
126.638
126.878
127.118
127.358
127.598
128.318
128.558
129.278
129.518
129.998
130.238
130.478
130.718
131.438
132.158
132.398
134.318
134.558
134.798
135.038
135.278
135.998
136.238
136.958
137.198
137.678
137.918
138.158
138.398
139.118
139.838
140.078
141.998
142.238
142.478
142.718
142.958
143.678
143.918
144.638
144.878
145.358
145.598
145.838
146.078
146.798
147.038
147.278
147.518
147.758
147.998
148.238
148.478
148.718
148.958
149.198
149.438
149.678
149.918
150.158
150.398
150.638
150.878
151.118
151.359
151.599
151.839
152.079
152.319
152.559
152.799
153.039
153.279
153.519
153.759
153.999
154.239
154.479
155.199
155.439
155.919
156.399
156.879
157.359
157.599
157.839
158.079
158.319
159.039
159.279
159.999
160.239
160.719
160.959
161.199
161.439
162.159
162.879
163.119
163.599
164.079
164.559
165.039
165.279
165.519
165.759
165.999
166.719
166.959
167.679
167.919
168.399
168.639
168.879
169.119
169.839
170.559
170.799
171.279
171.759
172.239
172.719
172.959
173.199
173.439
173.679
174.399
174.639
175.359
175.599
176.079
176.319
176.559
176.799
177.519
178.239
178.480
178.960
179.440
179.920
180.400
180.640
180.880
181.120
181.360
182.080
182.320
183.040
183.280
183.760
184.000
184.240
184.480
185.200
185.680
186.040
186.400
186.760
187.120
187.600
187.960
188.320
188.680
189.040
189.520
189.880
190.240
190.600
190.960
191.440
191.800
192.160
192.520
192.880
193.360
193.720
194.080
194.440
194.800
195.280
195.640
196.000
196.360
196.720
197.200
197.560
197.920
198.280
198.640
199.120
199.480
199.840
200.200
200.560
200.800
201.040
201.280
201.520
201.760
202.000
202.240
202.480
202.720
202.960
203.200
203.440
203.680
203.920
204.160
204.400
204.640
204.880
205.120
205.360
205.601
205.841
206.081
206.321
206.561
206.801
207.041
207.281
207.521
207.761
208.001
208.241
208.481
208.721
208.961
209.201
209.441
209.681
209.921
210.161
210.401
210.641
210.881
211.121
211.361
211.601
211.841
212.081
212.321
212.561
212.801
213.041
213.281
213.521
213.761
214.001
214.241
214.481
214.721
214.961
215.201
215.441
215.681
215.921
216.641
216.881
218.801
219.041
219.281
219.521
219.761
220.481
220.721
221.441
221.681
222.161
222.401
222.641
222.881
223.601
224.321
224.561
226.481
226.721
226.961
227.201
227.441
228.161
228.401
231.281
231.761
232.121
232.481
232.842
233.202
233.682
234.042
234.402
234.762
235.122
235.602
235.962
236.322
236.682
237.042
237.522
237.882
238.242
238.602
238.962
239.442
239.802
240.162
240.522
240.882
241.362
241.722
242.082
242.442
242.802
243.282
243.642
244.002
244.362
244.722
245.202
245.562
245.922
246.282
246.642
246.882
247.122
247.362
247.602
247.842
248.082
248.322
248.562
248.802
249.042
249.282
249.522
249.762
250.002
250.242
250.482
250.722
250.962
251.202
251.442
251.682
251.922
252.162
252.402
252.642
252.882
253.122
253.362
253.602
253.842
254.082
254.322
254.562
254.802
255.042
255.282
255.522
255.762
256.002
256.242
256.482
256.722
256.962
257.202
257.442
257.682
257.922
258.162
258.402
258.642
258.882
259.122
259.362
259.602
259.842
260.083
263.923
264.643
264.883
266.803
267.043
267.283
267.523
267.763
268.003
268.243
268.483
268.723
268.963
269.203
269.443
269.683
269.923
270.163
270.403
270.643
270.883
271.123
271.363
271.603
271.843
272.083
272.323
272.563
272.803
273.043
273.283
273.523
273.763
274.003
274.243
274.483
274.723
274.963
275.203
275.443
275.683
275.923
276.163
276.403
276.643
276.883
277.123
277.363
277.603
277.843
278.083
278.323
278.563
278.803
279.043
279.283
279.523
279.763
280.003
280.243
280.483
280.723
280.963
281.203
281.443
281.683
281.923
282.163
282.403
282.643
282.883
283.123
283.363
283.603
283.843
284.083
284.323
284.563
284.803
285.043
285.283
285.523
285.763
286.003
286.243
286.483
286.723
286.963
287.204
287.444
287.684
287.924
288.164
288.404
288.644
288.884
289.124
289.364
289.604
289.844
290.084
290.324
290.564
290.804
291.044
291.284
291.524
291.764
292.004
292.244
292.484
292.724
292.964
293.204
293.444
293.684
293.924
294.164
294.404
294.644
294.884
295.124
295.364
295.604
295.844
296.084
296.324
296.564
296.804
297.044
297.284
297.524
297.764
298.004
298.244
298.484
298.724
298.964
299.204
299.444
299.684
299.924
300.164
300.404
300.644
300.884
301.124
301.364
301.604
301.844
302.084
302.324
302.564
302.804
303.044
303.284
303.524
303.764
304.004
304.244
304.484
304.724
304.964
305.204
305.444
305.684
305.924
306.164
306.404
306.644
306.884
307.124
307.364
307.604
307.844
308.084
308.324
308.564
308.804
309.044
309.284
309.524
309.764
310.004
310.244
310.484
310.724
310.964
311.204
311.444
311.684
311.924
312.164
312.404
312.644
312.884
313.124
313.364
313.604
313.844
314.084
314.325
314.565
314.805
315.045
315.285
315.525
315.765
316.005
316.245
316.485
316.725
316.965
317.205
317.445
317.685
317.925
318.165
318.405
318.645
318.885
319.125
319.365
319.605
319.845
320.085
320.325
320.565
320.805
321.045
321.285
321.525
321.870
322.339
322.808
323.276
323.745
324.214
324.683
325.151
325.620
326.089
326.557
327.026
327.495
327.964
328.432
328.901
329.370
329.839
330.307
330.776
331.245
331.713
332.182
332.651
333.120
333.588
334.057
334.526
334.995
335.463
335.932
336.401
336.869
337.104
337.338
337.807
338.041
338.276
338.744
338.979
339.213
339.682
339.916
340.151
340.619
340.854
341.088
341.557
341.791
342.025
342.494
342.729
342.963
343.432
343.666
343.900
344.135
344.369
344.603
344.838
345.307
345.541
345.775
346.244
346.478
346.713
347.181
347.416
347.650
348.119
348.353
348.588
349.056
349.291
349.525
349.994
350.228
350.462
351.869
352.806
353.744
355.618
356.322
357.259
357.493
358.665
359.368
360.306
361.009
361.382
363.118
363.958
364.707
365.085
365.930
366.868
367.102
367.337
367.805
368.040
368.274
368.743
368.977
369.212
369.680
369.915
370.149
370.618
370.852
371.086
371.555
371.790
372.024
372.493
372.727
372.961
373.430
373.664
373.899
374.133
374.367
374.602
374.836
375.305
375.539
375.774
376.242
376.477
376.711
377.180
377.414
377.649
378.117
378.352
378.586
379.055
379.289
379.523
379.992
380.227
380.461
380.930
381.164
381.398
381.867
382.336
382.805
383.273
383.742
384.211
384.679
385.148
385.617
386.086
386.554
387.023
387.492
387.961
388.429
388.898
389.367
389.601
389.835
390.070
390.304
390.539
390.773
391.007
391.242
391.476
391.710
391.945
392.179
392.413
392.648
392.882
393.117
393.234
393.351
393.468
393.585
393.702
393.820
393.937
394.054
394.171
394.288
394.406
394.523
394.640
394.757
394.874
394.991
395.460
395.695
395.929
396.163
396.398
396.866
397.335
397.569
397.804
398.038
398.273
398.507
398.741
398.976
399.210
399.444
399.679
399.913
400.147
400.382
400.499
400.616
401.085
401.319
401.554
402.022
402.257
402.491
402.960
403.194
403.428
403.897
404.132
404.366
404.835
405.069
405.303
405.538
405.772
406.006
406.241
406.475
406.710
406.944
407.178
407.413
407.647
407.881
407.999
408.116
408.350
408.584
408.819
409.053
409.288
409.522
409.756
409.991
410.225
410.459
410.928
411.397
411.866
412.334
412.803
413.272
413.740
414.209
414.678
415.147
415.615
416.084
416.553
417.022
417.490
417.959
418.428
418.896
419.365
419.834
420.303
420.771
421.240
421.709
422.178
422.646
423.115
423.349
423.584
423.818
424.052
424.287
424.521
424.756
424.990
425.224
425.459
425.927
426.396
426.513
426.630
426.748
426.865
427.334
427.802
428.271
428.740
429.208
429.677
430.146
430.615
431.083
431.552
432.021
432.489
432.958
433.427
433.896
434.364
434.833
435.302
435.771
436.239
436.708
437.177
437.645
438.114
438.583
439.052
439.520
439.989
440.458
440.927
441.395
441.864
442.216
442.567
443.036
443.270
443.739
444.090
444.442
444.911
445.145
445.614
445.965
446.317
446.786
447.020
447.489
447.840
448.192
448.661
448.895
449.364
449.715
450.067
450.535
450.770
451.239
451.590
451.942
452.410
452.645
453.113
453.465
453.817
454.285
454.520
454.988
455.340
455.691
456.160
456.394
456.863
457.098
457.332
457.801
458.035
458.269
458.738
458.972
459.207
459.676
459.910
460.144
460.613
460.847
461.082
461.550
461.785
462.019
462.488
462.722
462.957
463.425
463.660
463.894
464.128
464.363
464.597
464.832
465.300
465.535
465.769
466.238
466.472
466.706
467.175
467.410
467.644
468.113
468.347
468.581
469.050
469.284
469.519
469.988
470.222
470.456
470.925
471.159
471.394
471.628
471.862
472.097
472.331
472.800
473.034
473.269
473.737
473.972
474.206
474.675
474.909
475.144
475.612
475.847
476.081
476.550
476.784
477.018
477.487
477.722
477.956
478.425
478.659
478.893
479.128
479.362
479.596
479.831
480.300
480.534
480.768
481.237
481.471
481.706
482.174
482.409
482.643
483.112
483.346
483.581
484.049
484.284
484.518
486.771
487.243
487.716
488.188
488.424
488.661
489.133
489.606
490.078
490.314
490.550
491.023
491.495
491.968
492.204
492.440
492.913
493.385
493.857
494.094
494.330
494.802
495.275
495.747
495.983
496.219
496.692
497.164
497.637
497.873
498.109
498.582
499.054
499.526
499.763
499.999
500.471
500.944
501.416
501.652
501.889
502.125
502.361
502.597
502.833
503.070
503.306
503.542
503.778
504.015
504.251
504.487
504.723
504.959
505.196
505.432
505.668
505.904
506.140
506.377
506.613
506.849
507.085
507.321
507.558
507.794
508.030
508.266
508.503
508.739
508.975
509.211
509.447
509.684
509.920
510.156
510.392
510.628
510.865
511.101
511.337
511.573
511.810
512.046
512.282
512.518
512.754
512.991
513.227
513.463
513.699
513.935
514.172
514.408
514.644
514.880
515.117
515.353
515.589
515.825
516.061
516.298
516.534
516.770
517.006
517.361
517.479
517.597
517.715
517.833
518.187
518.305
518.423
518.542
518.896
519.250
519.368
519.486
519.605
519.723
520.077
520.195
520.313
520.431
520.786
521.140
521.258
521.376
521.494
521.612
521.967
522.085
522.203
522.321
522.675
523.030
523.148
523.266
523.384
523.502
523.856
523.974
524.093
524.211
524.565
524.919
525.037
525.156
525.274
525.392
525.746
525.864
525.982
526.100
526.455
526.809
526.927
527.045
527.163
527.281
527.636
527.754
527.872
527.990
528.344
528.699
528.817
528.935
529.053
529.171
529.525
529.644
529.762
529.880
530.234
530.588
530.707
530.825
530.943
531.061
531.415
531.533
531.651
531.770
532.124
532.478
532.596
532.714
532.832
532.951
533.305
533.423
533.541
533.659
534.014
534.368
534.486
534.604
534.722
534.840
535.195
535.313
535.431
535.549
535.903
536.258
536.376
536.494
536.612
536.730
537.084
537.202
537.321
537.439
537.793
538.147
538.265
538.383
538.502
538.620
538.974
539.092
539.210
539.328
539.683
539.919
540.155
540.391
540.627
540.864
541.100
541.336
541.572
541.809
542.045
542.281
542.517
542.753
542.990
543.226
543.462
543.580
543.698
543.816
543.934
544.053
544.171
544.289
544.407
544.525
544.643
544.761
544.879
544.997
545.116
545.234
545.352
545.411
545.470
545.529
545.588
545.647
545.706
545.765
545.824
545.883
545.942
546.001
546.060
546.119
546.178
546.238
546.297
546.533
546.769
547.005
547.241
548.186
549.131
550.076
551.021
551.966
552.911
553.855
554.800
555.273
555.745
556.218
556.690
557.162
557.635
558.107
558.580
558.816
559.052
559.288
559.525
559.761
559.997
560.233
560.469
560.587
560.706
560.824
560.942
561.060
561.178
561.296
561.414
561.572
561.729
561.887
562.359
562.831
563.068
563.186
563.422
563.658
563.894
564.013
564.131
564.249
564.485
564.839
564.957
565.075
565.312
565.430
565.666
565.902
566.138
566.611
566.847
566.965
567.201
567.438
567.674
567.792
567.910
568.028
568.264
568.619
568.737
568.855
569.091
569.209
569.445
569.682
569.918
570.390
570.626
570.744
570.981
571.217
571.453
571.571
571.689
571.807
572.044
572.398
572.516
572.634
572.870
572.988
573.225
573.461
573.697
574.169
574.406
574.524
574.760
574.996
575.232
575.351
575.469
575.587
575.823
576.177
576.295
576.413
576.650
576.768
577.004
577.240
577.476
577.949
578.185
578.303
578.539
578.776
579.012
579.130
579.248
579.366
579.602
579.957
580.075
580.193
580.429
580.547
580.783
581.020
581.256
581.728
581.964
582.082
582.319
582.555
582.791
582.909
583.027
583.145
583.382
583.736
583.854
583.972
584.208
584.326
584.563
584.799
585.035
585.507
585.744
585.862
586.098
586.334
586.570
586.689
586.807
586.925
587.161
587.515
587.633
587.751
587.988
588.106
588.342
588.578
588.814
589.287
589.523
589.641
589.877
590.114
590.350
590.468
590.586
590.704
591.295
591.413
591.531
591.767
591.885
592.121
592.358
592.594
593.066
593.539
594.011
594.484
594.956
595.428
595.901
596.373
596.846
597.318
597.791
598.263
598.736
599.208
599.681
600.153
600.389
600.626
600.862
601.098
601.334
601.570
601.807
602.043
602.279
602.515
602.751
602.988
603.224
603.460
603.696
603.933
604.877
605.350
605.822
606.767
607.712
607.830
608.066
608.184
608.657
609.129
609.484
609.602
609.956
610.074
610.546
611.019
611.491
611.609
611.846
611.964
612.436
612.909
613.263
613.381
613.735
613.853
614.326
614.798
615.271
615.389
615.625
615.743
616.216
616.688
617.042
617.160
617.515
617.633
618.105
618.578
619.050
619.168
619.404
619.523
619.995
620.467
620.822
620.940
621.294
621.412
621.885
622.357
622.830
623.302
623.774
624.247
624.719
625.192
625.664
626.137
626.609
627.081
627.554
628.026
628.499
628.971
629.443
629.916
630.388
630.861
631.333
631.806
632.278
632.750
633.223
633.695
634.168
634.640
635.113
635.585
636.057
636.530
637.002
637.475
637.947
638.420
638.892
639.364
639.837
640.309
640.782
641.254
641.727
642.199
642.671
643.144
643.616
644.089
644.561
645.034
645.506
645.978
646.451
646.923
647.396
647.868
648.340
648.813
649.285
649.758
650.230
650.703
651.175
651.647
652.120
652.592
653.065
653.537
654.010
654.482
654.954
655.427
655.899
656.372
656.844
657.317
657.789
658.261
658.734
659.206
659.679
660.151
660.624
660.860
661.096
661.332
661.568
661.805
662.041
662.277
662.513
662.749
662.986
663.222
663.458
663.694
663.931
664.167
664.403
664.521
664.639
664.757
664.875
664.993
665.112
665.230
665.348
665.466
665.584
665.702
665.820
665.938
666.056
666.175
666.293
666.529
666.647
666.883
667.001
667.238
667.356
667.710
668.182
668.655
668.773
669.009
669.245
669.363
669.482
669.600
669.718
669.836
670.308
670.544
670.663
670.899
671.135
671.253
671.371
671.489
671.607
671.726
671.962
672.434
672.552
672.789
673.025
673.143
673.261
673.379
673.497
673.615
674.088
674.324
674.442
674.678
674.914
675.033
675.151
675.269
675.387
675.505
675.741
676.214
676.332
676.568
676.804
676.922
677.040
677.158
677.277
677.395
677.867
678.103
678.221
678.458
678.694
678.812
678.930
679.048
679.166
679.284
679.521
679.993
680.111
680.347
680.584
680.702
680.820
680.938
681.056
681.174
681.646
681.883
682.001
682.237
682.473
682.591
682.709
682.828
682.946
683.064
683.300
684.245
685.190
686.135
687.079
688.024
688.969
689.914
690.859
691.331
691.804
692.276
692.748
693.221
693.693
694.166
694.638
695.111
695.583
696.055
696.528
697.000
697.473
697.945
698.418
698.654
698.890
699.126
699.362
699.599
699.835
700.071
700.307
700.544
700.780
701.016
701.252
701.488
701.725
701.961
702.197
702.433
702.669
702.906
703.142
703.378
703.614
703.850
704.087
704.323
704.559
704.795
705.032
705.268
705.504
705.976
706.095
706.213
706.331
706.449
706.567
706.685
706.803
706.921
707.039
707.157
707.276
707.394
707.512
707.630
707.748
707.866
707.984
708.102
708.220
708.339
708.457
708.575
708.693
708.811
708.929
709.047
709.165
709.283
709.401
709.520
709.638
709.756
709.874
709.992
710.110
710.228
710.346
710.464
710.583
710.701
710.760
710.819
710.878
710.937
710.996
711.055
711.114
711.173
711.232
711.291
711.350
711.409
711.468
711.527
711.586
711.646
711.882
712.118
712.236
712.472
712.590
713.063
713.535
714.008
714.244
714.362
714.598
714.834
715.071
715.189
715.307
715.425
715.661
716.015
716.134
716.252
716.488
716.606
716.842
717.078
717.315
717.787
718.023
718.141
718.378
718.614
718.850
718.968
719.086
719.204
719.441
719.795
719.913
720.031
720.267
720.385
720.622
720.858
721.094
721.566
721.803
721.921
722.157
722.393
722.629
722.748
722.866
722.984
723.220
723.574
723.692
723.810
724.047
724.165
724.401
724.637
724.873
725.346
725.582
725.700
725.936
726.173
726.409
726.527
726.645
726.763
726.999
727.354
727.472
727.590
727.826
727.944
728.180
728.417
728.653
729.125
729.361
729.480
729.716
729.952
730.188
730.306
730.424
730.543
730.779
731.133
731.251
731.369
731.605
731.724
731.960
732.196
732.432
732.905
733.141
733.259
733.495
733.731
733.968
734.086
734.204
734.322
734.558
734.912
735.031
735.149
735.385
735.503
735.739
735.975
736.212
736.684
736.920
737.038
737.275
737.511
737.747
737.865
737.983
738.101
738.338
738.692
738.810
738.928
739.164
739.282
739.519
739.755
739.991
740.463
740.700
740.818
741.054
741.290
741.526
741.645
741.763
741.881
742.117
742.471
742.589
742.707
742.944
743.062
743.298
743.534
743.770
744.243
744.715
745.188
745.660
746.133
746.605
747.077
747.550
748.022
748.495
