5.146
6.347
7.548
8.750
9.951
11.152
12.353
13.554
14.235
14.575
14.915
16.105
17.295
18.485
19.675
20.865
22.055
23.245
24.435
25.115
25.455
25.795
26.986
28.176
29.366
30.556
31.746
32.936
34.126
35.316
35.996
36.336
36.676
37.866
39.057
40.247
41.437
42.627
43.817
45.007
46.197
46.877
47.217
47.557
48.747
49.937
51.127
52.318
53.508
54.698
55.888
57.078
57.758
58.098
58.438
59.628
60.818
62.008
63.198
64.389
65.579
66.769
67.959
68.639
68.979
69.319
70.509
71.699
72.889
74.079
75.269
76.459
77.650
78.840
79.520
79.860
80.200
81.390
82.580
83.770
84.960
86.150
87.340
88.530
89.721
90.401
90.741
91.081
92.271
93.461
94.651
95.841
97.031
98.221
99.411
100.601
101.281
101.621
101.962
103.152
104.342
105.532
106.722
107.912
109.102
110.292
111.482
112.162
112.502
112.842
114.032
115.223
116.413
117.603
118.793
119.983
121.173
122.363
123.031
123.371
123.711
124.051
124.391
125.581
126.771
127.961
129.151
130.341
131.531
132.721
133.911
134.251
134.591
134.931
135.271
136.461
137.652
138.842
140.032
141.222
142.412
143.602
144.792
145.132
145.472
145.812
146.152
147.342
148.532
149.722
150.913
152.103
153.293
154.483
155.673
156.013
156.353
156.693
157.033
158.223
159.413
160.603
161.793
162.983
164.173
165.364
166.554
166.894
167.234
167.574
167.914
169.104
170.294
171.484
172.674
173.864
175.054
176.244
177.434
177.774
178.114
178.454
178.795
179.985
181.175
182.365
183.555
184.745
185.935
187.125
188.315
188.655
188.995
189.335
189.675
190.865
192.055
193.246
194.436
195.626
196.816
198.006
199.196
199.536
199.876
200.216
200.556
201.746
202.936
204.126
205.316
206.506
207.697
208.887
210.077
210.417
210.757
211.097
211.437
212.627
213.817
215.007
216.197
217.387
218.577
219.767
220.958
221.298
221.638
221.978
222.318
223.508
224.698
225.888
227.078
228.268
229.458
230.648
231.838
232.178
232.518
232.858
233.198
234.388
235.579
236.769
237.959
239.149
240.339
241.529
242.719
243.059
243.399
243.739
244.079
245.269
246.459
247.649
248.839
250.030
251.220
252.410
253.600
253.940
254.280
254.620
254.960
256.150
257.340
258.530
259.720
260.910
262.100
263.291
264.481
264.821
265.161
265.501
265.841
267.031
268.221
269.411
270.601
271.791
272.981
274.171
275.361
275.701
276.041
276.381
276.721
277.912
279.102
280.292
281.482
282.672
283.862
285.052
286.242
286.582
286.922
287.262
287.602
288.792
289.982
291.173
292.363
293.553
294.743
295.933
297.123
297.463
297.803
298.143
298.483
299.673
300.863
302.053
303.243
304.433
305.624
306.814
308.004
308.344
308.684
309.024
309.364
310.554
311.744
312.934
314.124
315.314
316.504
317.694
318.884
319.224
319.565
319.905
320.245
321.435
322.625
323.815
325.005
326.195
327.385
328.575
329.765
330.105
330.445
330.785
331.125
332.315
333.506
334.696
335.886
337.076
338.266
339.456
340.646
340.986
341.326
341.666
342.006
343.196
344.386
345.576
346.766
347.957
349.147
350.337
351.527
351.867
352.207
352.547
352.887
354.077
355.267
356.457
357.647
358.837
360.027
361.217
362.408
362.748
363.088
363.428
363.768
364.958
366.148
367.338
368.528
369.718
370.908
372.098
373.288
373.628
373.968
374.308
374.648
375.792
376.985
378.185
379.387
380.588
381.788
382.967
384.019
385.025
386.027
387.028
388.029
389.030
390.031
391.032
392.166
392.466
392.767
393.067
393.367
393.668
393.968
394.268
395.136
396.137
397.138
398.139
399.140
400.141
401.108
402.109
403.244
403.549
403.854
404.159
404.464
404.769
405.074
405.379
406.213
407.214
408.215
409.216
410.217
411.218
412.219
413.220
414.388
414.684
414.979
415.275
415.570
415.866
416.161
416.457
417.325
418.326
419.327
420.328
421.329
422.330
423.331
424.332
425.499
425.795
426.090
426.386
426.681
426.977
427.273
427.568
428.436
429.437
430.438
431.439
432.440
433.441
434.442
435.443
436.577
436.877
437.178
437.478
437.778
438.079
438.379
438.679
439.513
440.514
441.515
442.516
443.517
444.518
445.519
446.520
447.688
447.989
448.289
448.589
448.889
449.190
449.490
449.790
450.624
451.625
452.626
453.627
454.628
455.629
456.630
457.631
458.799
459.100
459.400
459.700
460.001
460.301
460.601
460.901
461.769
462.770
463.771
464.772
465.773
466.774
467.742
468.743
469.910
470.211
470.511
470.811
471.112
471.412
471.712
472.013
472.847
473.848
474.849
475.850
476.851
477.852
478.853
479.854
481.022
481.322
481.622
481.922
482.223
482.523
482.823
483.124
483.958
484.959
485.960
486.961
487.962
488.963
489.964
490.965
492.133
492.433
492.733
493.034
493.334
493.634
493.934
494.235
495.102
496.103
497.104
498.105
499.106
500.107
501.075
502.076
503.244
503.539
503.835
504.130
504.426
504.721
505.017
505.312
506.180
507.181
508.182
509.183
510.184
511.185
512.186
513.187
514.355
514.655
514.955
515.256
515.556
515.856
516.157
516.457
517.291
518.292
519.293
520.294
521.295
522.296
523.297
524.298
525.433
525.738
526.043
526.348
526.653
526.958
527.263
527.568
528.402
529.403
530.404
531.405
532.406
533.407
534.375
535.376
536.544
536.844
537.144
537.445
537.745
538.045
538.345
538.646
539.513
540.514
541.515
542.516
543.517
544.518
545.519
546.520
547.655
547.960
548.265
548.570
548.875
549.180
549.485
549.790
550.624
551.625
552.626
553.627
554.628
555.629
556.630
557.631
558.766
559.071
559.376
559.681
559.986
560.291
560.596
560.901
561.735
562.736
563.737
564.738
565.739
566.740
567.708
568.709
569.877
570.177
570.478
570.778
571.078
571.378
571.679
571.979
572.847
573.848
574.849
575.850
576.851
577.852
578.853
579.854
580.988
581.293
581.598
581.903
582.208
582.513
582.818
583.123
583.958
584.959
585.960
586.961
587.962
588.963
589.964
590.965
592.099
592.399
592.700
593.000
593.300
593.601
593.901
594.201
595.069
596.070
597.071
598.072
599.073
600.074
601.041
602.042
603.210
603.511
603.811
604.111
604.411
604.712
605.012
605.312
606.180
607.181
608.182
609.183
610.184
611.185
612.186
613.187
614.321
614.622
614.922
615.222
615.523
615.823
616.123
616.423
617.291
618.292
619.293
620.294
621.295
622.296
623.297
624.298
625.432
625.733
626.033
626.333
626.634
626.934
627.234
627.535
628.369
629.370
630.371
631.372
632.373
633.374
634.375
635.376
636.510
636.815
637.120
637.425
637.730
638.035
638.341
638.646
639.480
640.481
641.482
642.483
643.484
644.485
645.486
646.487
647.655
647.950
648.246
648.541
648.837
649.132
649.428
649.723
650.591
651.592
652.593
653.594
654.595
655.596
656.597
657.598
658.766
659.061
659.357
659.652
659.948
660.243
660.539
660.834
661.702
662.703
663.704
664.705
665.706
666.707
667.708
668.709
669.843
670.144
670.444
670.744
671.045
671.345
671.645
671.946
672.813
673.814
674.815
675.816
676.817
677.818
678.819
679.820
680.988
681.288
681.588
681.888
682.189
682.489
682.789
683.089
683.389
683.689
683.989
684.290
684.590
684.890
685.190
685.490
685.790
686.090
686.391
686.691
686.991
687.291
687.591
687.891
688.191
688.492
688.792
689.092
689.392
689.692
689.992
690.292
690.593
690.893
691.193
691.493
691.793
692.093
692.393
692.694
692.994
693.294
693.594
693.894
694.194
694.494
694.795
695.095
695.395
695.695
695.995
696.295
696.595
696.896
697.196
697.496
697.796
698.096
698.396
698.696
698.997
699.297
699.597
699.897
700.197
700.497
700.797
701.098
701.398
701.698
701.998
702.298
702.598
702.899
703.199
703.499
703.799
704.099
704.399
704.699
705.000
705.300
705.600
705.900
706.200
706.500
706.800
707.101
707.401
707.701
708.001
708.301
708.601
708.901
709.202
709.502
709.802
710.102
710.402
710.702
711.002
711.303
711.603
711.903
712.203
712.503
712.803
713.103
713.404
713.704
714.004
714.304
714.604
714.904
715.204
715.505
715.805
716.105
716.405
716.705
717.005
717.305
717.606
717.906
718.206
718.506
718.806
719.106
719.406
719.707
720.007
720.307
720.607
720.907
721.207
721.507
721.808
722.108
722.408
722.708
723.008
723.308
723.608
723.909
724.209
724.509
724.809
725.109
725.409
725.710
726.010
726.310
726.610
726.910
727.210
727.510
727.811
728.111
728.411
728.711
729.011
729.311
729.611
729.912
730.212
730.512
730.812
731.112
731.412
731.712
732.013
732.313
732.613
732.913
733.213
733.513
733.813
734.114
734.414
734.714
735.014
735.314
735.614
735.914
736.215
736.515
736.815
737.115
737.415
737.715
738.015
738.316
738.616
738.916
739.216
739.516
739.816
740.116
740.417
740.717
741.017
741.317
741.617
741.917
742.217
742.518
742.818
743.118
743.418
743.718
744.018
744.318
744.619
744.919
745.219
745.519
746.420
747.288
748.122
748.989
749.857
750.724
751.558
752.426
753.293
754.128
754.995
755.829
756.697
757.564
758.432
759.300
760.234
760.505
760.777
761.049
761.321
761.592
761.864
762.136
762.936
763.804
764.638
765.506
766.373
767.241
768.075
768.909
769.777
770.644
771.512
772.346
773.213
774.081
774.915
775.783
776.750
777.022
777.294
777.565
777.837
778.109
778.380
778.652
779.453
780.287
781.155
781.989
782.856
783.724
784.558
785.426
786.293
787.161
787.995
788.862
789.730
790.564
791.432
792.299
793.233
793.505
793.777
794.049
794.320
794.592
794.864
795.135
795.969
796.804
797.671
798.539
799.373
800.240
801.075
801.942
802.776
803.644
804.511
805.379
806.246
807.081
807.948
808.782
809.750
810.022
810.293
810.565
810.837
811.108
811.380
811.652
812.453
813.320
814.188
815.055
815.889
816.757
817.624
818.459
819.326
820.160
821.028
821.895
822.763
823.630
824.465
825.332
826.266
826.538
826.810
827.082
827.353
827.625
827.897
828.168
828.969
829.837
830.704
831.572
832.439
833.273
834.141
834.975
835.843
836.677
837.544
838.412
839.246
840.114
840.981
841.849
842.783
843.055
843.326
843.598
843.870
844.141
844.413
844.685
845.486
846.353
847.221
848.055
848.922
849.790
850.657
851.492
852.359
853.227
854.061
854.928
855.763
856.630
857.498
858.365
859.299
859.571
859.843
860.115
860.386
860.658
860.930
861.201
862.035
862.870
863.737
864.571
865.439
866.306
867.174
868.008
868.842
869.710
870.577
871.445
872.312
873.147
874.014
874.848
875.816
876.088
876.359
876.631
876.903
877.174
877.446
877.718
878.519
879.386
880.254
881.121
881.955
882.823
883.657
884.525
885.359
886.226
887.094
887.961
888.829
889.663
890.531
891.365
892.332
892.604
892.876
893.148
893.419
893.691
893.963
894.234
895.035
895.903
896.770
897.638
898.472
899.339
900.174
901.041
901.909
902.743
903.610
904.445
905.312
906.180
907.047
907.915
908.849
909.121
909.392
909.664
909.936
910.207
910.479
910.751
911.552
912.419
913.253
914.121
914.988
915.856
916.723
917.558
918.425
919.259
920.127
920.994
921.829
922.696
923.564
924.431
925.365
925.637
925.909
926.181
926.452
926.724
926.996
927.267
928.068
928.936
929.803
930.637
931.505
932.372
933.240
934.074
934.908
935.776
936.643
937.511
938.345
939.213
940.047
940.914
941.849
942.125
942.401
942.678
942.954
943.231
943.507
943.784
944.585
945.452
946.320
947.154
948.021
948.889
949.723
950.591
951.425
952.292
953.160
954.027
954.862
955.729
956.597
957.431
958.398
958.670
958.942
959.214
959.485
959.757
960.029
960.300
961.101
961.969
962.836
963.704
964.538
965.405
966.240
967.107
967.941
968.809
969.676
970.511
971.378
972.246
973.113
973.947
974.915
975.187
975.458
975.730
976.002
976.273
976.545
976.817
977.618
978.485
979.319
980.187
981.054
981.922
982.756
983.624
984.491
985.325
986.193
987.027
987.895
988.762
989.630
990.497
991.431
991.703
991.975
992.247
992.518
992.790
993.062
993.333
994.134
995.002
995.836
996.703
997.571
998.438
999.306
1000.140
1001.008
1001.842
1002.709
1003.544
1004.411
1005.279
1006.113
1006.980
1007.915
1008.191
1008.467
1008.744
1009.020
1009.297
1009.573
1009.850
1010.651
1011.518
1012.386
1013.220
1014.087
1014.922
1015.789
1016.657
1017.524
1018.358
1019.226
1020.093
1020.928
1021.795
1022.629
1023.497
1024.431
1024.707
1024.984
1025.260
1025.537
1025.813
1026.090
1026.366
1027.167
1028.035
1028.902
1029.770
1030.637
1031.471
1032.339
1033.173
1034.041
1034.875
1035.742
1036.610
1037.444
1038.312
1039.179
1040.047
1040.981
1041.253
1041.524
1041.796
1042.068
1042.339
1042.611
1042.883
1043.717
1044.551
1045.419
1046.253
1047.120
1047.988
1048.855
1049.723
1050.557
1051.425
1052.259
1053.126
1053.961
1054.828
1055.696
1056.563
1057.497
1057.769
1058.041
1058.313
1058.584
1058.856
1059.128
1059.399
1060.233
1061.068
1061.935
1062.803
1063.637
1064.504
1065.372
1066.239
1067.074
1067.908
1068.775
1069.643
1070.510
1071.345
1072.212
1073.046
1073.914
1074.781
1075.649
1076.516
1077.351
1078.218
1079.052
1079.920
1080.787
1081.655
1082.522
1083.357
1084.224
1085.058
1085.926
1086.793
1087.628
1088.495
1089.363
1090.230
1091.064
1091.932
1092.799
1093.634
1094.501
1095.369
1096.236
1097.070
1097.938
1098.805
1099.640
1100.507
1101.341
1102.042
1102.776
1103.543
1104.277
1104.811
1105.045
1105.746
1106.513
1107.247
1107.981
1108.515
1108.749
1109.449
1110.217
1110.951
1111.718
1112.252
1112.452
1113.153
1113.920
1114.655
1115.422
1115.922
1116.189
1116.857
1117.624
1118.358
1119.092
1119.626
1119.893
1120.560
1121.328
1122.095
1122.829
1123.363
1123.563
1124.297
1125.032
1125.766
1126.533
1127.067
1127.300
1128.001
1128.735
1129.503
1130.237
1130.771
1131.004
1131.705
1132.439
1133.206
1133.974
1134.474
1134.708
1135.375
1136.143
1136.910
1137.644
1138.178
1138.412
1139.112
1139.846
1140.580
1141.348
1141.882
1142.115
1142.816
1143.550
1144.317
1145.052
1145.585
1145.819
1146.520
1147.254
1148.021
1148.789
1149.289
1149.523
1150.223
1150.991
1151.725
1152.459
1152.993
1153.226
1153.927
1154.695
1155.429
1156.163
1156.696
1156.930
1157.631
1158.398
1159.132
1159.900
1160.434
1160.634
1161.368
1162.102
1162.836
1163.603
1164.137
1164.371
1165.038
1165.806
1166.573
1167.307
1167.841
1168.075
1168.742
1169.509
1170.243
1170.977
1171.511
1171.745
1172.446
1173.213
1173.947
1174.715
1175.248
1175.449
1176.183
1176.917
1177.651
1178.418
1178.952
1179.186
1179.853
1180.620
1181.388
1182.122
1182.656
1182.889
1183.590
1184.324
1185.092
1185.826
1186.359
1186.593
1187.294
1188.028
1188.762
1189.529
1190.063
1190.297
1190.997
1191.732
1192.499
1193.233
1193.767
1194.000
1194.701
1195.435
1196.203
1196.970
1197.504
1197.704
1198.405
1199.172
1199.906
1200.674
1201.174
1201.408
1202.109
1202.843
1203.610
1204.344
1204.878
1205.112
1205.812
1206.580
1207.314
1208.048
1208.582
1208.815
1209.516
1210.250
1211.017
1211.785
1212.319
1212.519
1213.220
1213.987
1214.721
1215.489
1215.989
1216.256
1216.923
1217.691
1218.425
1219.159
1219.693
1219.960
1220.627
1221.394
1222.129
1222.896
1223.430
1223.630
1224.364
1225.098
1225.832
1226.600
1227.134
1227.367
1228.034
1228.802
1229.569
1230.303
1230.837
1231.071
1231.772
1232.506
1233.273
1234.007
1234.541
1234.741
1235.442
1236.176
1236.943
1237.711
1238.211
1238.445
1239.146
1239.913
1240.647
1241.381
1241.915
1242.182
1242.849
1243.617
1244.384
1245.118
1245.652
1245.852
1246.586
1247.320
1248.054
1248.822
1249.356
1249.589
1250.290
1251.024
1251.758
1252.526
1253.059
1253.293
1253.960
1254.728
1255.495
1256.229
1256.763
1256.997
1257.697
1258.431
1259.199
1259.933
1260.467
1260.700
1261.401
1262.169
1262.903
1263.637
1264.171
1264.404
1265.105
1265.839
1266.606
1267.374
1267.908
1268.108
1268.775
1269.543
1270.310
1271.044
1271.578
1271.812
1272.512
1273.246
1274.014
1274.748
1275.282
1275.515
1276.216
1276.983
1277.717
1278.451
1278.985
1279.219
1279.920
1280.687
1281.421
1282.189
1282.722
1282.923
1283.657
1284.391
1285.125
1285.892
1286.426
1286.626
1287.327
1288.094
1288.828
1289.596
1290.096
1290.363
1291.031
1291.798
1292.566
1293.300
1293.834
1294.034
1294.768
1295.502
1296.236
1297.003
1297.537
1297.771
1298.471
1299.206
1299.973
1300.707
1301.241
1301.441
1302.142
1302.909
1303.643
1304.411
1304.911
1305.178
1305.846
1306.613
1307.380
1308.114
1308.648
1308.882
1309.583
1310.317
1311.051
1311.818
1312.352
1312.586
1313.286
1314.020
1314.788
1315.522
1316.056
1316.289
1316.990
1317.724
1318.491
1319.226
1319.759
1319.993
1320.694
1321.428
1322.195
1322.963
1323.463
1323.697
1324.397
1325.165
1325.899
1326.633
1327.167
1327.400
1328.101
1328.869
1329.603
1330.370
1330.904
1331.104
1331.838
1332.572
1333.306
1334.074
1334.608
1334.808
1335.508
1336.243
1337.010
1337.777
1338.278
1338.511
1339.212
1339.980
1340.714
1341.448
1341.982
1342.249
1342.916
1343.683
1344.417
1345.185
1345.952
1346.620
1347.287
1347.954
1348.622
1349.289
1349.956
1350.624
1351.291
1351.958
1352.626
1353.293
1353.960
1354.628
1355.295
1355.962
1356.696
1356.922
1357.147
1357.372
1357.597
1358.164
1358.832
1359.499
1360.166
1360.834
1361.501
1362.168
1362.836
1363.503
1364.170
1364.838
1365.505
1366.172
1366.840
1367.507
1368.174
1368.875
1369.109
1369.342
1369.576
1369.809
1370.377
1371.044
1371.711
1372.379
1373.046
1373.713
1374.381
1375.048
1375.715
1376.383
1377.050
1377.717
1378.385
1379.052
1379.719
1380.387
1381.121
1381.354
1381.588
1381.821
1382.055
1382.622
1383.290
1383.957
1384.624
1385.292
1385.959
1386.626
1387.294
1387.961
1388.628
1389.296
1389.963
1390.630
1391.298
1391.965
1392.632
1393.333
1393.566
1393.800
1394.034
1394.267
1394.834
1395.502
1396.169
1396.836
1397.504
1398.171
1398.838
1399.506
1400.173
1400.840
1401.508
1402.175
1402.842
1403.510
1404.177
1404.844
1405.578
1405.804
1406.029
1406.254
1406.479
1407.047
1407.714
1408.381
1409.049
1409.716
1410.383
1411.051
1411.718
1412.385
1413.053
1413.720
1414.387
1415.055
1415.722
1416.389
1417.057
1417.791
1418.016
1418.241
1418.466
1418.692
1419.292
1419.960
1420.627
1421.294
1421.962
1422.629
1423.296
1423.964
1424.631
1425.298
1425.966
1426.633
1427.300
1427.968
1428.635
1429.302
1430.036
1430.261
1430.487
1430.712
1430.937
1431.504
1432.172
1432.839
1433.506
1434.174
1434.841
1435.508
1436.176
1436.843
1437.510
1438.178
1438.845
1439.512
1440.180
1440.847
1441.514
1442.248
1442.474
1442.699
1442.924
1443.149
1443.750
1444.417
1445.085
1445.752
1446.419
1447.087
1447.754
1448.421
1449.089
1449.756
1450.423
1451.091
1451.758
1452.425
1453.093
1453.760
1454.461
1454.686
1454.911
1455.136
1455.362
1455.962
1456.629
1457.297
1457.964
1458.631
1459.299
1459.966
1460.633
1461.301
1461.968
1462.635
1463.303
1463.970
1464.637
1465.305
1465.972
1466.706
1466.940
1467.173
1467.407
1467.640
1468.208
1468.842
1469.509
1470.176
1470.844
1471.511
1472.178
1472.846
1473.513
1474.180
1474.848
1475.515
1476.182
1476.850
1477.517
1478.184
1478.918
1479.152
1479.386
1479.619
1479.853
1480.420
1481.087
1481.755
1482.422
1483.089
1483.757
1484.424
1485.091
1485.759
1486.426
1487.093
1487.761
1488.428
1489.095
1489.763
1490.430
1491.131
1491.364
1491.598
1491.831
1492.065
1492.632
1493.299
1493.967
1494.634
1495.301
1495.969
1496.636
1497.303
1497.971
1498.638
1499.305
1499.973
1500.640
1501.307
1501.975
1502.642
1503.343
1503.576
1503.810
1504.043
1504.277
1504.844
1505.512
1506.179
1506.846
1507.514
1508.181
1508.848
1509.516
1510.183
1510.850
1511.518
1512.185
1512.852
1513.520
1514.187
1514.854
1515.588
1515.822
1516.055
1516.289
1516.523
1517.090
1517.757
1518.425
1519.092
1519.759
1520.427
1521.094
1521.761
1522.429
1523.096
1523.763
1524.431
1525.098
1525.765
1526.433
1527.100
1527.834
1528.059
1528.284
1528.510
1528.735
1529.302
1529.969
1530.637
1531.304
1531.971
1532.639
1533.306
1533.973
1534.641
1535.308
1535.975
1536.643
1537.310
1537.977
1538.645
1539.312
1540.046
1540.271
1540.497
1540.722
1540.947
1541.514
1542.182
1542.849
1543.516
1544.184
1544.851
1545.518
1546.186
1546.853
1547.520
1548.188
1548.855
1549.522
1550.190
1550.857
1551.524
1552.258
1552.484
1552.709
1552.934
1553.159
1553.760
1554.427
1555.094
1555.762
1556.429
1557.096
1557.764
1558.431
1559.099
1559.766
1560.433
1561.101
1561.768
1562.435
1563.102
1563.770
1564.504
1564.729
1564.954
1565.180
1565.405
1566.005
1566.673
1567.340
1568.007
1568.641
1569.309
1569.976
1570.643
1571.311
1571.978
1572.645
1573.313
1573.980
1574.647
1575.315
1575.982
1576.716
1576.950
1577.183
1577.417
1577.650
1578.218
1578.885
1579.552
1580.220
1580.887
1581.554
1582.222
1582.889
1583.556
1584.224
1584.891
1585.558
1586.226
1586.893
1587.560
1588.228
1588.928
1589.162
1589.395
1589.629
1589.863
1590.430
1591.097
1591.764
1592.432
1593.099
1593.766
1594.434
1595.101
1595.768
1596.436
1597.103
1597.770
1598.438
1599.105
1599.772
1600.440
1601.174
1601.399
1601.624
1601.850
1602.075
1602.642
1603.309
1603.977
1604.644
1605.311
1605.979
1606.646
1607.313
1607.981
1608.648
1609.315
1609.983
1610.650
1611.317
1611.985
1612.652
1613.386
1613.620
1613.853
1614.087
1614.320
1614.888
1615.555
1616.222
1616.890
1617.557
1618.224
1618.892
1619.559
1620.226
1620.894
1621.561
1622.228
1622.896
1623.563
1624.230
1624.898
1625.598
1625.832
1626.065
1626.299
1626.533
1627.100
1627.767
1628.434
1629.102
1629.769
1630.436
1631.104
1631.771
1632.438
1633.106
1633.773
1634.440
1635.108
1635.775
1636.442
1637.110
1637.810
1638.044
1638.278
1638.511
1638.745
1639.312
1639.979
1640.647
1641.314
1641.981
1642.649
1643.316
1643.983
1644.651
1645.318
1645.985
1646.653
1647.320
1647.987
1648.655
1649.355
1650.056
1650.290
1650.523
1650.757
1650.990
1651.558
1652.225
1652.892
1653.560
1654.227
1654.894
1655.562
1656.229
1656.896
1657.564
1658.231
1658.898
1659.566
1660.233
1660.900
1661.568
1662.302
1662.527
1662.752
1662.977
1663.203
1663.770
1664.437
1665.104
1665.772
1666.439
1667.106
1667.774
1668.441
1669.108
1669.776
1670.443
1671.110
1671.778
1672.445
1673.112
1673.780
1674.514
1674.739
1674.964
1675.189
1675.415
1675.982
1676.649
1677.317
1677.984
1678.651
1679.319
1679.986
1680.653
1681.321
1681.988
1682.655
1683.323
1683.990
1684.657
1685.325
1685.992
1686.726
1686.951
1687.176
1687.402
1687.627
1688.228
1688.895
1689.562
1690.230
1690.897
1691.564
1692.231
1692.899
1693.566
1694.234
1694.901
1695.568
1696.236
1696.903
1697.570
1698.237
1698.972
1699.205
1699.439
1699.672
1699.906
1700.473
1701.140
1701.774
1702.442
1703.109
1703.776
1704.444
1705.111
1705.778
1706.446
1707.113
1707.780
1708.448
1709.115
1709.782
1710.450
1711.184
1711.417
1711.651
1711.884
1712.118
1712.685
1713.353
1714.020
1714.687
1715.355
1716.022
1716.689
1717.357
1718.024
1718.691
1719.359
1720.026
1720.693
1721.361
1722.028
1722.695
1723.396
1723.630
1723.863
1724.097
1724.330
1724.897
1725.565
1726.232
1726.899
1727.567
1728.234
1728.901
1729.569
1730.236
1730.903
1731.571
1732.238
1732.905
1733.573
1734.240
1734.907
1735.608
1735.842
1736.075
1736.309
1736.542
1737.110
1737.777
1738.444
1739.112
1739.779
1740.446
1741.114
1741.781
1742.448
1743.116
1743.783
1744.450
1745.118
1745.785
1746.452
1747.120
1747.854
1748.454
1749.055
1749.656
1750.256
1750.857
1751.457
1752.025
1752.625
1753.226
1753.826
1754.427
1755.028
1755.628
1756.229
1756.829
1757.430
1758.031
1758.631
1759.232
1759.832
1760.433
1761.034
1761.634
1762.235
1762.835
1763.436
1764.037
1764.637
1765.238
1765.838
1766.439
1767.040
1767.640
1768.241
1768.841
1769.442
1770.043
1770.643
1771.244
1771.844
1772.445
1773.046
1773.646
1774.247
1774.847
1775.448
1776.049
1776.649
1777.250
1777.850
1778.451
1779.052
1779.652
1780.253
1780.853
1781.454
1782.055
1782.655
1783.256
1783.856
1784.457
1785.058
1785.625
1786.225
1786.826
1787.427
1788.027
1788.628
1789.228
1789.829
1790.430
1791.030
1791.631
1792.231
1792.832
1793.433
1794.033
1794.634
1795.234
1795.835
1796.436
1797.036
1797.637
1798.237
1798.838
1799.439
1800.039
1800.640
1801.240
1801.841
1802.442
1803.042
1803.643
1804.243
1804.844
1805.445
1806.045
1806.646
1807.246
1807.847
1808.448
1809.048
1809.649
1810.249
1810.850
1811.451
1812.051
1812.652
1813.252
1813.853
1814.454
1815.054
1815.655
1816.255
1816.856
1817.457
1818.057
1818.624
1819.225
1819.826
1820.426
1821.027
1821.627
1822.228
1822.829
1823.429
1824.030
1824.630
1825.231
1825.832
1826.432
1827.033
1827.633
1828.234
1828.835
1829.435
1830.036
1830.636
1831.237
1831.838
1832.438
1833.039
1833.639
1834.240
1834.841
1835.441
1836.042
1836.642
1837.243
1837.844
1838.444
1839.045
1839.645
1840.246
1840.847
1841.447
1842.048
1842.648
1843.249
1843.850
1844.450
1845.051
1845.651
1846.252
1846.853
1847.453
1848.054
1848.654
1849.255
1849.856
1850.456
1851.057
1851.657
1852.225
1852.825
1853.426
1854.026
1854.627
1855.228
1855.828
1856.429
1857.029
1857.630
1858.231
1858.831
1859.432
1860.032
1860.633
1861.234
1861.834
1862.435
1863.035
1863.636
1864.237
1864.837
1865.438
1866.038
1866.639
1867.240
1867.840
1868.441
1869.041
1869.642
1870.243
1870.843
1871.444
1872.044
1872.645
1873.246
1873.846
1874.447
1875.047
1875.648
1876.249
1876.849
1877.450
1878.050
1878.651
1879.252
1879.852
1880.453
1881.053
1881.654
1882.255
1882.855
1883.456
1884.056
1884.657
1885.258
1885.825
1886.426
1887.026
1887.627
1888.227
1888.828
1889.429
1890.029
1890.630
1891.230
1891.831
1892.432
1893.032
1893.633
1894.233
1894.834
1895.435
1896.035
1896.636
1897.236
1897.837
1898.438
1899.038
1899.639
1900.239
1900.840
1901.441
1902.041
1902.642
1903.242
1903.843
1904.443
1905.044
1905.645
1906.245
1906.846
1907.446
1908.047
1908.648
1909.248
1909.849
1910.450
1911.050
1911.651
1912.251
1912.852
1913.453
1914.053
1914.654
1915.254
1915.855
1916.456
1917.056
1917.657
1918.257
1918.825
1919.425
1920.026
1920.626
1921.227
1921.828
1922.428
1923.029
1923.629
1924.230
1924.831
1925.431
1926.032
1926.632
1927.233
1927.834
1928.434
1929.035
1929.635
1930.236
1930.837
1931.437
1932.038
1932.638
1933.239
1933.840
1934.440
1935.041
1935.641
1936.242
1936.843
1937.443
1938.044
1938.644
1939.245
1939.846
1940.446
1941.047
1941.647
1942.248
1942.849
1943.449
1944.050
1944.650
1945.251
1945.852
1946.452
1947.053
1947.653
1948.254
1948.855
1949.455
1950.056
1950.656
1951.257
1951.858
1952.425
1953.025
1953.626
1954.227
1954.827
1955.428
1956.028
1956.629
1957.230
1957.830
1958.431
1959.031
1959.632
1960.233
1960.833
1961.434
1962.034
1962.635
1963.236
1963.836
1964.437
1965.037
1965.638
1966.239
1966.839
1967.440
1968.040
1968.641
1969.242
1969.842
1970.443
1971.043
1971.644
1972.245
1972.845
1973.446
1974.046
1974.647
1975.248
1975.848
1976.449
1977.049
1977.650
1978.251
1978.851
1979.452
1980.052
1980.653
1981.254
1981.854
1982.455
1983.055
1983.656
1984.257
1984.857
1985.424
1986.025
1986.626
1987.226
1987.827
1988.427
1989.028
1989.629
1990.229
1990.830
1991.430
1992.031
1992.632
1993.232
1993.833
1994.433
1995.034
1995.635
1996.235
1996.836
1997.436
1998.037
1998.638
1999.238
1999.839
2000.439
2001.040
2001.641
2002.241
2002.842
2003.442
2004.043
2004.644
2005.244
2005.845
2006.445
2007.046
2007.647
2008.247
2008.848
2009.448
2010.049
2010.650
2011.250
2011.851
2012.451
2013.052
2013.653
2014.253
2014.854
2015.454
2016.055
2016.656
2017.256
2017.857
2018.457
2019.025
2019.625
2020.226
2020.826
2021.427
2022.028
2022.628
2023.229
2023.829
2024.430
2025.031
2025.631
2026.232
2026.832
2027.433
2028.034
2028.634
2029.235
2029.835
2030.436
2031.037
2031.637
2032.238
2032.838
2033.439
2034.040
2034.640
2035.241
2035.841
2036.442
2037.043
2037.643
2038.244
2038.844
2039.445
2040.046
2040.646
2041.247
2041.847
2042.448
2043.049
2043.649
2044.250
2044.850
2045.451
2046.052
2046.652
2047.253
2047.853
2048.454
2049.055
2049.655
2050.256
2050.856
2051.457
2052.058
2052.625
2053.225
2053.826
2054.427
2055.027
2055.628
2056.228
2056.829
2057.430
2058.030
2058.631
2059.231
2059.865
2060.499
2067.740
2067.990
2068.240
2068.489
2068.739
2068.989
2069.239
2069.489
2069.738
2069.988
2070.238
2070.488
2070.738
2070.988
2071.237
2071.487
2071.737
2071.987
2072.237
2072.486
2072.736
2072.986
2073.236
2073.486
2073.735
2073.985
2074.235
2074.485
2074.735
2074.985
2075.234
2075.484
2075.734
2075.984
2076.234
2076.483
2076.733
2076.983
2077.233
2077.483
2077.732
2077.982
2078.232
2078.482
2078.732
2078.982
2079.231
2079.481
2079.731
2079.981
2080.231
2080.480
2080.730
2080.980
2081.230
2081.480
2081.729
2081.979
2082.229
2082.479
2082.729
2082.979
2083.228
2083.478
2083.728
2083.978
2084.228
2084.477
2084.727
2084.977
2085.227
2085.477
2085.726
2085.976
2086.226
2086.476
2086.726
2086.976
2087.225
2087.475
2087.725
2087.975
2088.225
2088.474
2088.724
2088.974
2089.224
2089.474
2089.723
2089.973
2090.223
2090.473
2090.723
2090.973
2091.222
2091.472
2091.722
2091.972
2092.222
2092.471
2092.721
2092.971
2093.221
2093.471
2093.720
2093.970
2094.220
2094.470
2094.720
2094.970
2095.219
2095.469
2095.719
2095.969
2096.219
2096.468
2096.718
2096.968
2097.218
2097.468
2097.717
2097.967
2098.217
2098.467
2098.717
2098.967
2099.216
2099.466
2099.716
2099.966
2100.216
2100.465
2100.715
2100.965
2101.215
2101.465
2101.714
2101.964
2102.214
2102.464
2102.714
2102.964
2103.213
2103.463
2103.713
2103.963
2104.213
2104.462
2104.712
2104.962
2105.212
2105.462
2105.711
2105.961
2106.211
2106.461
2106.711
2106.961
2107.210
2107.460
2107.710
2107.960
2108.210
2108.459
2108.709
2108.959
2109.209
2109.459
2109.708
2109.958
2110.208
2110.458
2110.708
2110.958
2111.207
2111.457
2111.707
2111.957
2112.207
2112.456
2112.706
2112.956
2113.206
2113.456
2113.705
2113.955
2114.205
2114.455
2114.705
2114.955
2115.204
2115.454
2115.704
2115.954
2116.204
2116.453
2116.703
2116.953
2117.203
2117.453
2117.702
2117.952
2118.202
2118.452
2118.702
2118.952
2119.201
2119.451
2119.701
2119.951
2120.201
2120.450
2120.700
2120.950
2121.200
2121.450
2121.699
2121.949
2122.199
2122.449
2122.699
2122.949
2123.198
2123.448
2123.698
2123.948
2124.198
2124.447
2124.697
2124.947
2125.197
2125.447
2125.696
2125.946
2126.196
2126.446
2126.696
2126.946
2127.195
2127.445
2127.695
2127.945
2128.195
2128.444
2128.694
2128.944
2129.194
2129.444
2129.693
2129.943
2130.193
2130.443
2130.693
2130.943
2131.192
2131.442
2131.692
2131.942
2132.192
2132.441
2132.691
2132.941
2133.191
2133.441
2133.690
2133.940
2134.190
2134.440
2137.209
2138.377
2139.578
2140.780
2141.981
2143.182
2144.383
2145.584
2146.786
2147.987
2149.188
2150.389
2151.590
2152.792
2153.993
2155.194
2156.395
2157.596
2158.798
2159.999
2161.200
2162.401
2163.602
2164.804
2166.005
2167.206
2168.407
2169.575
2170.776
2171.977
2173.179
2174.380
2175.581
2176.782
2177.983
2179.185
2180.386
2181.587
2182.788
2184.023
2185.191
2186.392
2187.593
2188.794
2189.995
2191.197
2192.398
2193.599
2194.800
2196.001
2197.203
2198.404
2199.605
2200.806
2202.007
2203.175
2204.376
2205.578
2207.113
2207.580
2208.080
2208.581
2209.048
2209.582
2210.116
2210.349
2210.583
2211.016
2211.517
2212.017
2212.518
2213.018
2213.519
2214.019
2214.253
2214.487
2214.920
2215.454
2215.921
2216.455
2216.922
2217.456
2217.923
2218.190
2218.390
2218.858
2219.358
2219.825
2220.359
2220.826
2221.360
2221.827
2222.061
2222.294
2222.762
2223.229
2223.762
2224.230
2224.764
2225.231
2225.765
2225.965
2226.232
2226.665
2227.166
2227.666
2228.167
2228.667
2229.168
2229.668
2229.902
2230.102
2230.569
2231.070
2231.570
2232.071
2232.571
2233.072
2233.572
2233.806
2234.039
2234.473
2234.974
2235.474
2235.975
2236.442
2236.976
2237.443
2237.710
2237.910
2238.377
2238.878
2239.378
2239.879
2240.379
2240.880
2241.380
2241.614
2241.847
2242.281
2242.782
2243.282
2243.783
2244.283
2244.784
2245.284
2245.518
2245.751
2246.185
2246.719
2247.186
2247.720
2248.187
2248.721
2249.188
2249.421
2249.655
2250.122
2250.589
2251.123
2251.590
2252.124
2252.591
2253.092
2253.325
2253.559
2254.026
2254.493
2255.027
2255.494
2256.028
2256.495
2257.029
2257.229
2257.463
2257.930
2258.430
2258.931
2259.431
2259.932
2260.432
2260.900
2261.167
2261.367
2261.834
2262.334
2262.835
2263.335
2263.836
2264.336
2264.837
2265.070
2265.304
2265.738
2266.238
2266.739
2267.239
2267.740
2268.240
2268.741
2268.974
2269.175
2269.642
2270.142
2270.643
2271.143
2271.644
2272.144
2272.645
2272.845
2273.112
2273.546
2274.046
2274.547
2275.047
2275.548
2276.048
2276.549
2276.782
2277.016
2277.449
2277.950
2278.450
2278.951
2279.451
2279.952
2280.452
2280.686
2280.920
2281.387
2281.854
2282.388
2282.855
2283.389
2283.856
2284.356
2284.590
2284.824
2285.291
2285.758
2286.292
2286.759
2287.293
2287.760
2288.260
2288.494
2288.727
2289.161
2289.695
2290.162
2290.696
2291.163
2291.697
2292.164
2292.431
2292.631
2293.098
2293.599
2294.099
2294.600
2295.100
2295.601
2296.101
2296.302
2296.569
2297.002
2297.503
2298.003
2298.504
2299.004
2299.505
2300.005
2300.239
2300.472
2300.906
2301.407
2301.907
2302.374
2302.908
2303.375
2303.909
2304.109
2304.343
2304.810
2305.311
2305.811
2306.312
2306.812
2307.313
2307.813
2308.047
2308.247
2308.714
2309.215
2309.715
2310.216
2310.716
2311.217
2311.717
2311.951
2312.184
2312.618
2313.118
2313.619
2314.119
2314.620
2315.120
2315.621
2315.855
2316.088
2316.522
2317.056
2317.523
2318.057
2318.524
2319.058
2319.525
2319.758
2319.992
2320.426
2320.960
2321.427
2321.961
2322.428
2322.962
2323.429
2323.662
2323.896
2324.363
2324.830
2325.364
2325.831
2326.365
2326.832
2327.366
2327.566
2327.833
2328.267
2328.767
2329.268
2329.768
2330.269
2330.769
2331.270
2331.503
2331.704
2332.171
2332.671
2333.172
2333.672
2334.173
2334.673
2335.174
2335.407
2335.641
2336.075
2336.575
2337.076
2337.576
2338.077
2338.577
2339.044
2339.311
2339.511
2339.979
2340.479
2340.980
2341.480
2341.981
2342.481
2342.982
2343.215
2343.449
2343.883
2344.383
2344.883
2345.384
2345.885
2346.385
2346.886
2347.119
2347.353
2347.786
2348.320
2348.787
2349.321
2349.788
2350.322
2350.789
2351.023
2351.257
2351.724
2352.191
2352.691
2353.192
2353.692
2354.193
2354.693
2354.927
2355.160
2355.628
2356.095
2356.629
2357.096
2357.630
2358.097
2358.631
2358.831
2359.064
2359.531
2360.032
2360.532
2361.033
2361.533
2362.034
2362.501
2362.768
2362.968
2363.435
2363.936
2364.436
2364.937
2365.437
2365.938
2366.438
2366.672
2366.905
2367.339
2367.840
2368.340
2368.841
2369.308
2369.842
2370.309
2370.542
2370.776
2371.243
2371.744
2372.244
2372.745
2373.245
2373.746
2374.246
2374.446
2374.713
2375.147
2375.648
2376.148
2376.649
2377.149
2377.650
2378.150
2378.384
2378.617
2379.051
2379.551
2380.052
2380.552
2381.053
2381.553
2382.054
2382.288
2382.521
2382.988
2383.455
2383.989
2384.456
2384.990
2385.457
2385.958
2386.191
2386.425
2386.892
2387.359
2387.893
2388.360
2388.894
2389.361
2389.862
2390.095
2390.329
2390.763
2391.297
2391.764
2392.298
2392.765
2393.299
2393.766
2394.033
2394.233
2394.700
2395.200
2395.701
2396.201
2396.702
2397.202
2397.703
2397.903
2398.170
2398.604
2399.104
2399.605
2400.105
2400.606
2401.106
2401.607
2401.840
2402.074
2402.508
2402.975
2403.509
2403.976
2404.510
2404.977
2405.511
2405.711
2405.945
2406.412
2406.912
2407.413
2407.913
2408.414
2408.914
2409.415
2409.648
2409.848
2410.316
2410.816
2411.317
2411.817
2412.318
2412.818
2413.319
2413.552
2413.786
2414.219
2414.720
2415.220
2415.721
2416.221
2416.722
2417.222
2417.456
2417.690
2418.123
2418.657
2419.124
2419.625
2420.125
2420.626
2421.126
2421.360
2421.593
2422.027
2422.561
2423.028
2423.562
2424.029
2424.563
2425.030
2425.264
2425.497
2425.965
2426.465
2426.966
2427.466
2427.967
2428.467
2428.968
2429.168
2429.435
2429.868
2430.369
2430.869
2431.370
2431.870
2432.371
2432.871
2433.105
2433.305
2433.772
2434.273
2434.773
2435.274
2435.774
2436.241
2436.742
2436.976
2437.209
2437.676
2438.177
2438.677
2439.178
2439.678
2440.179
2440.646
2440.913
2441.113
2441.580
2442.081
2442.581
2443.082
2443.582
2444.083
2444.583
2444.817
2445.050
2445.484
2445.985
2446.485
2446.985
2447.486
2447.987
2448.487
2448.721
2448.954
2449.388
2449.922
2450.389
2450.923
2451.390
2451.924
2452.391
2452.624
2452.858
2453.292
2453.792
2454.293
2454.793
2455.294
2455.794
2456.295
2456.528
2456.762
2457.229
2457.696
2458.230
2458.697
2459.231
2459.698
2460.232
2460.432
2460.666
2461.133
2461.633
2462.134
2462.634
2463.135
2463.635
2464.103
2464.370
2464.570
2465.037
2465.537
2466.038
2466.538
2467.039
2467.539
2468.040
2468.273
2468.507
2468.941
2469.441
2469.908
2470.442
2470.909
2471.443
2471.910
2472.144
2472.378
2472.845
2473.345
2473.846
2474.346
2474.847
2475.347
2475.848
2476.048
2476.315
2476.749
2477.249
2477.750
2478.250
2478.751
2479.251
2479.752
2479.985
2480.219
2480.652
2481.153
2481.653
2482.154
2482.654
2483.155
2483.655
2483.889
2484.123
2484.590
2485.057
2485.591
2486.058
2486.558
2487.059
2487.559
2487.793
2488.026
2488.494
2488.961
2489.495
2489.962
2490.496
2490.963
2491.463
2491.697
2491.930
2492.364
2492.898
2493.365
2493.899
2494.366
2494.900
2495.367
2495.634
2495.834
2496.301
2496.802
2497.302
2497.803
2498.303
2498.804
2499.304
2499.505
2499.772
2500.205
2500.706
2501.206
2501.707
2502.207
2502.708
2503.175
2503.409
2503.642
2504.109
2504.576
2505.110
2505.577
2506.111
2506.578
2507.112
2507.312
2507.579
2508.013
2508.514
2509.014
2509.515
2510.015
2510.516
2511.016
2511.250
2511.450
2511.917
2512.418
2512.918
2513.419
2513.919
2514.420
2514.920
2515.154
2515.387
2515.821
2516.321
2516.822
2517.322
2517.823
2518.323
2518.824
2519.058
2519.291
2519.725
2520.225
2520.726
2521.226
2521.727
2522.227
2522.728
2522.961
2523.195
2523.629
2524.163
2524.630
2525.164
2525.631
2526.165
2526.632
2526.865
2527.099
2527.566
2528.067
2528.567
2529.067
2529.568
2530.069
2530.569
2530.769
2531.036
2531.470
2531.970
2532.471
2532.971
2533.472
2533.972
2534.473
2534.706
2534.907
2535.374
2535.874
2536.375
2536.842
2537.376
2537.843
2538.377
2538.577
2538.811
2539.278
2539.778
2540.279
2540.779
2541.280
2541.780
2542.247
2542.514
2542.714
2544.049
2544.509
2544.969
2545.428
2545.888
2546.348
2546.807
2547.267
2547.727
2548.187
2548.646
2549.106
2549.566
2550.025
2550.485
2550.945
2551.405
2551.864
2552.324
2552.784
2553.244
2553.703
2554.163
2554.623
2555.082
2555.542
2556.002
2556.462
2558.764
2559.193
2559.622
2560.052
2560.481
2560.910
2561.340
2561.769
2562.198
2562.628
2563.057
2563.486
2563.916
2564.345
2564.774
2565.204
2565.633
2566.062
2566.492
2566.921
2567.350
2567.780
2568.209
2568.638
2569.067
2569.497
2569.926
2570.355
2570.785
2571.214
2571.643
2573.445
2573.798
2574.150
2574.503
2574.856
2575.208
2575.561
2575.913
2576.266
2576.619
2576.971
2577.324
2577.676
2578.029
2578.382
2578.734
2579.087
2579.439
2579.792
2580.145
2580.497
2580.850
2581.202
2581.555
2581.908
2582.260
2582.613
2582.965
2583.318
2583.671
2584.023
2584.376
2584.729
2585.081
2585.434
2585.786
2586.139
2586.492
2588.460
2588.760
2589.059
2589.359
2589.658
2589.958
2590.257
2590.557
2590.856
2591.156
2591.455
2591.755
2592.054
2592.354
2592.653
2592.953
2593.252
2593.552
2593.851
2594.151
2594.450
2594.750
2595.049
2595.349
2595.648
2595.948
2596.247
2596.547
2596.846
2597.146
2597.445
2597.745
2598.044
2598.344
2598.643
2598.943
2599.242
2599.542
2599.841
2600.141
2600.440
2600.740
2601.039
2603.108
2603.358
2603.609
2603.859
2604.109
2604.359
2604.610
2604.860
2605.110
2605.360
2605.611
2605.861
2606.111
2606.361
2606.612
2606.862
2607.112
2607.362
2607.613
2607.863
2608.113
2608.363
2608.614
2608.864
2609.114
2609.364
2609.615
2609.865
2610.115
2610.365
2610.616
2610.866
2611.116
2611.366
2611.617
2611.867
2612.117
2612.367
2612.618
2614.653
2615.113
2615.572
2616.032
2616.492
2616.952
2617.411
2617.871
2618.331
2618.790
2619.250
2619.710
2620.170
2620.629
2621.089
2621.549
2622.008
2622.468
2622.928
2623.388
2623.847
2624.307
2624.767
2625.227
2625.686
2626.146
2626.606
2627.065
2629.368
2629.797
2630.226
2630.656
2631.085
2631.514
2631.944
2632.373
2632.802
2633.232
2633.661
2634.090
2634.520
2634.949
2635.378
2635.807
2636.237
2636.666
2637.095
2637.525
2637.954
2638.383
2638.813
2639.242
2639.671
2640.101
2640.530
2640.959
2641.389
2641.818
2642.247
2644.049
2644.400
2644.752
2645.103
2645.454
2645.805
2646.157
2646.508
2646.859
2647.211
2647.562
2647.913
2648.264
2648.616
2648.967
2649.318
2649.669
2650.021
2650.372
2650.723
2651.075
2651.426
2651.777
2652.128
2652.480
2652.831
2653.182
2653.534
2653.885
2654.236
2654.587
2654.939
2655.290
2655.641
2655.992
2656.344
2656.695
2659.031
2659.331
2659.631
2659.932
2660.232
2660.532
2660.832
2661.133
2661.433
2661.733
2662.034
2662.334
2662.634
2662.935
2663.235
2663.535
2663.835
2664.136
2664.436
2664.736
2665.037
2665.337
2665.637
2665.938
2666.238
2666.538
2666.838
2667.139
2667.439
2667.739
2668.040
2668.340
2668.640
2668.941
2669.241
2669.541
2669.841
2670.142
2670.442
2670.742
2671.043
2671.343
2671.643
2673.712
2673.962
2674.212
2674.463
2674.713
2674.963
2675.213
2675.464
2675.714
2675.964
2676.214
2676.465
2676.715
2676.965
2677.215
2677.466
2677.716
2677.966
2678.216
2678.467
2678.717
2678.967
2679.217
2679.468
2679.718
2679.968
2680.218
2680.469
2680.719
2680.969
2681.219
2681.470
2681.720
2681.970
2682.220
2682.471
2682.721
2682.971
2683.221
2685.257
2685.717
2686.176
2686.636
2687.096
2687.555
2688.015
2688.475
2688.935
2689.394
2689.854
2690.314
2690.773
2691.233
2691.693
2692.153
2692.612
2693.072
2693.532
2693.992
2694.451
2694.911
2695.371
2695.830
2696.290
2696.750
2697.210
2697.669
2699.972
2700.401
2700.830
2701.260
2701.689
2702.118
2702.547
2702.977
2703.406
2703.835
2704.265
2704.694
2705.123
2705.553
2705.982
2706.411
2706.841
2707.270
2707.699
2708.129
2708.558
2708.987
2709.417
2709.846
2710.275
2710.705
2711.134
2711.563
2711.992
2712.422
2712.851
2714.653
2715.004
2715.355
2715.707
2716.058
2716.409
2716.761
2717.112
2717.463
2717.814
2718.166
2718.517
2718.868
2719.219
2719.571
2719.922
2720.273
2720.625
2720.976
2721.327
2721.678
2722.030
2722.381
2722.732
2723.084
2723.435
2723.786
2724.137
2724.489
2724.840
2725.191
2725.542
2725.894
2726.245
2726.596
2726.948
2727.299
2729.635
2729.935
2730.235
2730.535
2730.836
2731.136
2731.436
2731.737
2732.037
2732.337
2732.638
2732.938
2733.238
2733.538
2733.839
2734.139
2734.439
2734.740
2735.040
2735.340
2735.641
2735.941
2736.241
2736.541
2736.842
2737.142
2737.442
2737.743
2738.043
2738.343
2738.644
2738.944
2739.244
2739.544
2739.845
2740.145
2740.445
2740.746
2741.046
2741.346
2741.647
2741.947
2742.247
2744.049
2744.300
2744.550
2744.801
2745.052
2745.302
2745.553
2745.804
2746.054
2746.305
2746.556
2746.806
2747.057
2747.308
2747.558
2747.809
2748.060
2748.310
2748.561
2748.812
2749.062
2749.313
2749.564
2749.815
2750.065
2750.316
2750.567
2750.817
2751.068
2751.319
2751.569
2751.820
2752.071
2752.321
2752.572
2752.823
2753.073
2753.324
2753.575
2753.825
2755.827
2756.288
2756.749
2757.210
2757.671
2758.132
2758.593
2759.054
2759.515
2759.976
2760.437
2760.898
2761.359
2761.820
2762.281
2762.742
2763.203
2763.664
2764.125
2764.585
2765.046
2765.507
2765.968
2766.429
2766.890
2767.351
2767.812
2768.273
2770.575
2771.005
2771.434
2771.863
2772.293
2772.722
2773.151
2773.581
2774.010
2774.439
2774.869
2775.298
2775.727
2776.157
2776.586
2777.015
2777.445
2777.874
2778.303
2778.732
2779.162
2779.591
2780.020
2780.450
2780.879
2781.308
2781.738
2782.167
2782.596
2783.026
2783.455
2785.257
2785.609
2785.962
2786.315
2786.667
2787.020
2787.372
2787.725
2788.078
2788.430
2788.783
2789.135
2789.488
2789.841
2790.193
2790.546
2790.898
2791.251
2791.604
2791.956
2792.309
2792.661
2793.014
2793.367
2793.719
2794.072
2794.424
2794.777
2795.130
2795.482
2795.835
2796.188
2796.540
2796.893
2797.245
2797.598
2797.951
2798.303
2800.238
2800.539
2800.839
2801.139
2801.440
2801.740
2802.040
2802.340
2802.641
2802.941
2803.241
2803.542
2803.842
2804.142
2804.443
2804.743
2805.043
2805.343
2805.644
2805.944
2806.244
2806.545
2806.845
2807.145
2807.446
2807.746
2808.046
2808.346
2808.647
2808.947
2809.247
2809.548
2809.848
2810.148
2810.449
2810.749
2811.049
2811.349
2811.650
2811.950
2812.250
2812.551
2812.851
2814.653
2814.903
2815.154
2815.405
2815.656
2815.906
2816.157
2816.408
2816.658
2816.909
2817.160
2817.410
2817.661
2817.912
2818.162
2818.413
2818.664
2818.914
2819.165
2819.416
2819.666
2819.917
2820.168
2820.418
2820.669
2820.920
2821.170
2821.421
2821.672
2821.922
2822.173
2822.424
2822.674
2822.925
2823.176
2823.427
2823.677
2823.928
2824.179
2824.429
2826.431
2826.891
2827.351
2827.810
2828.270
2828.730
2829.190
2829.649
2830.109
2830.569
2831.028
2831.488
2831.948
2832.408
2832.867
2833.327
2833.787
2834.246
2834.706
2835.166
2835.626
2836.085
2836.545
2837.005
2837.464
2837.924
2838.384
2838.844
2841.179
2841.608
2842.036
2842.464
2842.892
2843.320
2843.749
2844.177
2844.605
2845.033
2845.461
2845.890
2846.318
2846.746
2847.174
2847.602
2848.031
2848.459
2848.887
2849.315
2849.743
2850.172
2850.600
2851.028
2851.456
2851.884
2852.313
2852.741
2853.169
2853.597
2854.025
2855.827
2856.179
2856.532
2856.884
2857.236
2857.588
2857.940
2858.293
2858.645
2858.997
2859.349
2859.702
2860.054
2860.406
2860.758
2861.110
2861.463
2861.815
2862.167
2862.519
2862.871
2863.224
2863.576
2863.928
2864.280
2864.632
2864.985
2865.337
2865.689
2866.041
2866.393
2866.746
2867.098
2867.450
2867.802
2868.154
2868.507
2870.842
2871.143
2871.443
2871.743
2872.043
2872.344
2872.644
2872.944
2873.245
2873.545
2873.845
2874.146
2874.446
2874.746
2875.046
2875.347
2875.647
2875.947
2876.248
2876.548
2876.848
2877.149
2877.449
2877.749
2878.049
2878.350
2878.650
2878.950
2879.251
2879.551
2879.851
2880.152
2880.452
2880.752
2881.052
2881.353
2881.653
2881.953
2882.254
2882.554
2882.854
2883.155
2883.455
2885.490
2885.741
2885.992
2886.244
2886.495
2886.746
2886.997
2887.248
2887.499
2887.750
2888.002
2888.253
2888.504
2888.755
2889.006
2889.257
2889.508
2889.759
2890.011
2890.262
2890.513
2890.764
2891.015
2891.266
2891.517
2891.768
2892.020
2892.271
2892.522
2892.773
2893.024
2893.275
2893.526
2893.777
2894.029
2894.280
2894.531
2894.782
2895.033
2897.035
2897.495
2897.955
2898.414
2898.874
2899.334
2899.793
2900.253
2900.713
2901.173
2901.632
2902.092
2902.552
2903.011
2903.471
2903.931
2904.391
2904.850
2905.310
2905.770
2906.229
2906.689
2907.149
2907.609
2908.068
2908.528
2908.988
2909.447
2911.750
2912.179
2912.608
2913.038
2913.467
2913.896
2914.326
2914.755
2915.184
2915.614
2916.043
2916.472
2916.902
2917.331
2917.760
2918.190
2918.619
2919.048
2919.478
2919.907
2920.336
2920.765
2921.195
2921.624
2922.053
2922.483
2922.912
2923.341
2923.771
2924.200
2924.629
2926.431
2926.783
2927.136
2927.488
2927.840
2928.192
2928.544
2928.897
2929.249
2929.601
2929.953
2930.305
2930.658
2931.010
2931.362
2931.714
2932.066
2932.419
2932.771
2933.123
2933.475
2933.827
2934.180
2934.532
2934.884
2935.236
2935.588
2935.941
2936.293
2936.645
2936.997
2937.349
2937.702
2938.054
2938.406
2938.758
2939.110
2941.446
2941.746
2942.045
2942.345
2942.644
2942.944
2943.243
2943.543
2943.842
2944.142
2944.441
2944.741
2945.040
2945.340
2945.639
2945.939
2946.238
2946.538
2946.837
2947.137
2947.436
2947.736
2948.035
2948.335
2948.634
2948.934
2949.233
2949.533
2949.832
2950.132
2950.431
2950.731
2951.030
2951.330
2951.629
2951.929
2952.228
2952.528
2952.827
2953.127
2953.426
2953.726
2954.025
2956.061
2956.312
2956.563
2956.814
2957.065
2957.316
2957.568
2957.819
2958.070
2958.321
2958.572
2958.823
2959.074
2959.325
2959.577
2959.828
2960.079
2960.330
2960.581
2960.832
2961.083
2961.334
2961.586
2961.837
2962.088
2962.339
2962.590
2962.841
2963.092
2963.343
2963.595
2963.846
2964.097
2964.348
2964.599
2964.850
2965.101
2965.352
2965.604
2967.639
2968.099
2968.558
2969.018
2969.478
2969.938
2970.397
2970.857
2971.317
2971.776
2972.236
2972.696
2973.156
2973.615
2974.075
2974.535
2974.994
2975.454
2975.914
2976.374
2976.833
2977.293
2977.753
2978.212
2978.672
2979.132
2979.592
2980.051
2982.354
2982.783
2983.212
2983.642
2984.071
2984.500
2984.930
2985.359
2985.788
2986.218
2986.647
2987.076
2987.505
2987.935
2988.364
2988.793
2989.223
2989.652
2990.081
2990.511
2990.940
2991.369
2991.799
2992.228
2992.657
2993.087
2993.516
2993.945
2994.375
2994.804
2995.233
2997.035
2997.387
2997.739
2998.092
2998.444
2998.796
2999.148
2999.500
2999.853
3000.205
3000.557
3000.909
3001.261
3001.614
3001.966
3002.318
3002.670
3003.022
3003.375
3003.727
3004.079
3004.431
3004.783
3005.136
3005.488
3005.840
3006.192
3006.544
3006.897
3007.249
3007.601
3007.953
3008.306
3008.658
3009.010
3009.362
3009.714
3012.050
3012.350
3012.649
3012.949
3013.248
3013.548
3013.847
3014.147
3014.446
3014.746
3015.045
3015.345
3015.644
3015.944
3016.243
3016.543
3016.842
3017.142
3017.441
3017.741
3018.040
3018.340
3018.639
3018.939
3019.238
3019.538
3019.837
3020.137
3020.436
3020.736
3021.035
3021.335
3021.634
3021.934
3022.233
3022.533
3022.832
3023.132
3023.431
3023.731
3024.030
3024.330
3024.629
3026.464
3026.714
3026.964
3027.214
3027.464
3027.714
3027.963
3028.213
3028.463
3028.713
3028.963
3029.212
3029.462
3029.712
3029.962
3030.212
3030.462
3030.711
3030.961
3031.211
3031.461
3031.711
3031.960
3032.210
3032.460
3032.710
3032.960
3033.210
3033.459
3033.709
3033.959
3034.209
3034.459
3034.709
3034.958
3035.208
3035.458
3035.708
3035.958
3036.207
3038.209
3038.670
3039.131
3039.592
3040.053
3040.514
3040.975
3041.436
3041.897
3042.358
3042.819
3043.280
3043.741
3044.202
3044.663
3045.124
3045.585
3046.046
3046.507
3046.968
3047.429
3047.890
3048.350
3048.811
3049.272
3049.733
3050.194
3050.655
3052.958
3053.387
3053.816
3054.245
3054.675
3055.104
3055.533
3055.963
3056.392
3056.821
3057.251
3057.680
3058.109
3058.539
3058.968
3059.397
3059.827
3060.256
3060.685
3061.115
3061.544
3061.973
3062.403
3062.832
3063.261
3063.690
3064.120
3064.549
3064.978
3065.408
3065.837
3067.639
3067.991
3068.343
3068.695
3069.048
3069.400
3069.752
3070.104
3070.456
3070.809
3071.161
3071.513
3071.865
3072.218
3072.570
3072.922
3073.274
3073.626
3073.979
3074.331
3074.683
3075.035
3075.387
3075.740
3076.092
3076.444
3076.796
3077.148
3077.501
3077.853
3078.205
3078.557
3078.909
3079.262
3079.614
3079.966
3080.318
3082.654
3082.953
3083.253
3083.552
3083.852
3084.151
3084.451
3084.750
3085.050
3085.349
3085.649
3085.948
3086.248
3086.547
3086.847
3087.146
3087.446
3087.745
3088.045
3088.344
3088.644
3088.943
3089.243
3089.542
3089.842
3090.142
3090.441
3090.741
3091.040
3091.340
3091.639
3091.939
3092.238
3092.538
3092.837
3093.137
3093.436
3093.736
3094.035
3094.335
3094.634
3094.934
3095.233
3097.302
3097.551
3097.801
3098.050
3098.299
3098.549
3098.798
3099.047
3099.297
3099.546
3099.796
3100.045
3100.294
3100.544
3100.793
3101.042
3101.292
3101.541
3101.791
3102.040
3102.289
3102.539
3102.788
3103.037
3103.287
3103.536
3103.786
3104.035
3104.284
3104.534
3104.783
3105.032
3105.282
3105.531
3105.780
3106.030
3106.279
3106.529
3106.778
3109.347
3110.849
3112.350
3113.852
3115.353
3116.855
3118.356
3119.858
3121.359
3122.861
3124.362
3125.864
3127.365
3128.867
3130.368
3131.870
3133.371
3134.873
3136.374
3139.444
3140.645
3141.846
3143.048
3144.249
3145.450
3146.651
3147.852
3149.054
3150.255
3151.456
3152.657
3153.858
3155.060
3156.261
3157.462
3158.663
3159.864
3161.066
3162.267
3163.468
3165.437
3166.436
3167.436
3168.436
3169.435
3170.435
3171.435
3172.434
3173.434
3174.434
3175.433
3176.433
3177.433
3178.432
3179.432
3180.432
3181.431
3182.431
3183.431
3184.430
3185.430
3186.430
3187.429
3188.429
3189.429
3190.428
3192.564
3193.423
3194.281
3195.140
3195.999
3196.858
3197.717
3198.576
3199.435
3200.294
3201.152
3202.011
3202.870
3203.729
3204.588
3205.447
3206.306
3207.165
3208.024
3208.882
3209.741
3210.600
3211.459
3214.297
3215.048
3215.800
3216.551
3217.302
3218.054
3218.805
3219.556
3220.308
3221.059
3221.811
3222.562
3223.313
3224.065
3224.816
3225.567
3226.319
3227.070
3227.821
3228.573
3229.324
3230.076
3230.827
3231.578
3232.330
3233.081
3233.832
3234.584
3236.252
3236.919
3237.587
3238.254
3238.921
3239.589
3240.256
3240.923
3241.591
3242.258
3242.925
3243.593
3244.260
3244.927
3245.595
3246.262
3246.929
3247.597
3248.264
3248.931
3249.599
3250.266
3250.933
3251.601
3252.268
3252.935
3253.603
3254.270
3254.937
3255.605
3256.272
3257.874
3258.473
3259.072
3259.671
3260.271
3260.870
3261.469
3262.069
3262.668
3263.267
3263.866
3264.466
3265.065
3265.664
3266.263
3266.863
3267.462
3268.061
3268.660
3269.260
3269.859
3270.458
3271.058
3271.657
3272.256
3272.855
3274.724
3275.222
3275.721
3276.219
3276.718
3277.217
3277.715
3278.214
3278.712
3279.211
3279.709
3280.208
3280.706
3281.205
3281.703
3282.202
3282.700
3283.199
3283.698
3284.196
3284.695
3285.193
3285.692
3286.190
3286.689
3287.187
3287.686
3288.184
3288.683
3289.181
3289.680
3290.179
3290.677
3291.176
3291.674
3293.509
3293.972
3294.435
3294.897
3295.360
3295.823
3296.285
3296.748
3297.211
3297.673
3298.136
3298.599
3299.062
3299.524
3299.987
3300.450
3300.912
3301.375
3301.838
3302.300
3302.763
3303.226
3303.688
3304.151
3304.614
3305.076
3305.539
3306.002
3306.464
3306.927
3307.390
3308.724
3309.152
3309.580
3310.008
3310.436
3310.864
3311.291
3311.719
3312.147
3312.575
3313.003
3313.430
3313.858
3314.286
3314.714
3315.142
3315.569
3315.997
3316.425
3316.853
3317.281
3317.708
3318.136
3318.564
3318.992
3319.420
3319.848
3320.275
3320.703
3322.572
3322.924
3323.277
3323.629
3323.981
3324.334
3324.686
3325.039
3325.391
3325.744
3326.096
3326.448
3326.801
3327.153
3327.506
3327.858
3328.211
3328.563
3328.916
3329.268
3329.620
3329.973
3330.325
3330.678
3331.030
3331.383
3331.735
3332.087
3332.440
3332.792
3333.145
3333.497
3333.850
3335.351
3335.582
3335.813
3336.044
3336.274
3336.505
3336.736
3336.967
3337.198
3337.428
3337.659
3337.890
3338.121
3338.352
3338.583
3338.813
3339.044
3339.275
3339.506
3339.737
3339.967
3340.198
3340.429
3340.660
3340.891
3341.122
3341.352
3341.583
3341.814
3342.045
3342.276
3342.506
3342.737
3342.968
3343.199
3343.430
3343.661
3343.891
3344.122
3344.353
3344.584
3344.815
3345.045
3345.276
3345.507
3345.738
3345.969
3346.200
3346.430
3346.661
3346.892
3347.123
3347.354
3347.584
3347.815
3348.046
3348.277
3348.508
3348.739
3348.969
3349.200
3349.431
3349.662
3349.893
3350.124
3350.354
3350.585
3350.816
3351.047
3351.278
3351.508
3351.739
3351.970
3352.201
3352.432
3352.663
3352.893
3353.124
3353.355
3353.586
3353.817
3354.047
3354.278
3354.509
3354.740
3354.971
3355.202
3355.432
3355.663
3355.894
3356.125
3356.356
3356.586
3356.817
3357.048
3357.279
3357.510
3357.741
3357.971
3358.202
3358.433
3358.664
3358.895
3359.125
3359.356
3359.587
3359.818
3360.049
3360.280
3360.510
3360.741
3360.972
3361.203
3361.434
3361.664
3361.895
3362.126
3362.357
3362.588
3362.819
3363.049
3363.280
3363.511
3363.742
3363.973
3364.203
3364.434
3364.665
3364.896
3365.127
3365.358
3365.588
3365.819
3366.050
3366.281
3366.512
3366.742
3366.973
3367.204
3367.435
3367.666
3367.897
3368.127
3368.358
3368.589
3368.820
3369.051
3369.281
3369.512
3369.743
3369.974
3370.205
3370.436
3370.666
3370.897
3371.128
3371.359
3371.590
3371.820
3372.051
3372.282
3372.513
3372.744
3372.975
3373.205
3373.436
3373.667
3373.898
3374.129
3374.359
3374.590
3374.821
3375.052
3375.283
3375.514
3375.744
3375.975
3376.206
3376.437
3376.668
3376.898
3377.129
3377.360
3377.591
3377.822
3378.053
3378.283
3378.514
3378.745
3378.976
3379.207
3379.437
3379.668
3379.899
3380.130
3380.361
3380.592
3380.822
3381.053
3381.284
3381.515
3381.746
3381.976
3382.207
3382.438
3382.669
3382.900
3383.131
3383.361
3383.592
3383.823
3384.054
3384.285
3384.516
3384.746
3384.977
3385.208
3385.439
3385.670
3385.900
3386.131
3386.362
3386.593
3386.824
3387.055
3387.285
3387.516
3387.747
3387.978
3388.209
3388.439
3388.670
3388.901
3389.132
3389.363
3389.594
3389.824
3390.055
3390.286
3390.517
3390.748
3390.978
3391.209
3391.440
3391.671
3391.902
3392.133
3392.363
3392.594
3392.825
3393.056
3393.287
3393.517
3393.748
3393.979
3394.210
