20.490
20.806
21.121
21.437
21.753
22.069
22.384
22.700
23.016
23.332
23.647
23.963
24.279
24.595
24.910
25.226
25.542
25.858
26.173
26.489
26.805
27.121
27.436
27.752
28.068
28.384
28.699
29.015
29.331
29.647
29.962
30.278
30.594
30.910
31.225
31.541
31.857
32.173
32.488
32.804
33.120
33.436
33.751
34.067
34.383
34.699
35.014
35.330
35.646
35.961
36.277
36.593
36.909
37.224
37.540
40.410
40.725
41.041
41.356
41.672
41.988
42.303
42.619
42.934
43.250
43.565
43.881
44.197
44.512
44.828
45.143
45.459
45.774
46.090
46.406
46.721
47.037
47.352
47.668
47.983
48.299
48.615
48.930
49.246
49.561
49.877
50.192
50.508
50.824
51.139
51.455
51.770
52.086
52.401
52.717
53.033
53.348
53.664
53.979
54.295
54.610
54.926
55.242
55.557
55.873
56.188
56.504
56.819
57.135
57.451
57.766
58.082
58.397
58.713
59.028
60.630
61.264
61.422
61.581
61.739
61.898
62.056
62.215
62.373
62.532
62.832
63.433
63.600
63.766
64.067
64.228
64.389
64.551
64.712
64.873
65.034
65.335
66.269
66.537
66.716
66.895
67.163
67.377
67.577
67.878
68.505
68.662
68.819
69.134
69.292
69.449
69.607
69.764
69.922
70.079
70.394
70.709
71.339
71.497
71.654
71.812
71.969
72.127
72.284
72.442
72.599
72.914
73.544
73.702
73.859
74.174
74.332
74.489
74.647
74.804
74.962
75.119
75.434
76.379
76.597
76.816
77.034
77.253
77.471
77.689
77.981
78.615
78.772
78.930
79.245
79.402
79.560
79.717
79.875
80.032
80.190
80.504
80.819
81.449
81.607
81.764
81.922
82.079
82.237
82.394
82.552
82.709
83.024
83.654
83.812
83.969
84.284
84.442
84.599
84.757
84.914
85.072
85.229
85.544
86.489
86.708
86.926
87.144
87.363
87.581
87.800
88.091
88.691
88.849
89.008
89.324
89.482
89.640
89.798
89.957
90.115
90.273
90.589
90.906
91.538
91.696
91.854
92.013
92.171
92.329
92.487
92.645
92.803
93.120
93.752
93.911
94.069
94.385
94.543
94.701
94.859
95.018
95.176
95.334
95.650
96.599
96.828
97.057
97.209
97.438
97.667
97.896
98.201
98.801
98.963
99.124
99.447
99.608
99.769
99.930
100.092
100.253
100.414
100.737
110.647
111.095
111.544
111.843
112.143
112.442
113.040
113.489
113.938
114.237
114.536
114.835
115.434
115.882
116.331
116.630
116.930
117.229
117.827
118.276
118.725
119.024
119.324
119.623
119.923
120.523
121.124
121.724
122.625
122.924
123.222
123.521
123.820
124.118
124.417
124.716
125.014
125.313
125.612
125.910
126.209
126.507
126.806
127.105
127.403
127.702
128.001
128.299
128.598
129.198
129.499
129.799
130.250
130.700
131.000
131.301
131.601
132.201
132.652
133.102
133.403
133.703
134.003
134.604
135.054
135.505
135.805
136.105
136.406
137.006
137.457
137.907
138.207
138.508
138.808
139.108
139.709
140.310
140.910
141.811
142.111
142.412
142.712
143.012
143.313
143.613
143.913
144.213
144.514
144.814
145.114
145.415
145.715
146.015
146.316
146.616
146.916
147.216
147.517
147.817
148.117
151.387
151.988
152.589
152.889
153.189
153.489
153.790
154.390
154.991
155.592
155.892
156.192
156.793
157.393
157.694
158.595
159.195
159.796
160.396
160.697
160.997
161.598
162.198
162.498
162.799
163.099
163.399
164.000
164.601
164.901
165.201
165.501
165.802
166.402
167.003
167.303
168.805
169.405
170.006
170.306
170.607
171.207
171.808
172.108
172.408
172.709
173.009
173.610
174.210
174.811
175.111
175.411
176.012
176.613
176.913
177.213
177.513
177.814
178.414
179.015
179.616
179.916
180.216
180.817
181.417
181.718
182.018
182.318
182.619
183.219
183.820
184.420
184.721
187.423
188.024
188.625
189.826
190.426
191.027
191.327
191.627
191.928
192.228
192.818
193.407
193.997
194.314
194.630
195.214
195.798
196.099
197.000
197.600
198.201
198.801
199.102
199.402
200.003
200.603
200.903
201.204
201.504
201.804
202.405
203.006
203.606
203.906
204.207
204.807
205.408
205.708
206.542
207.143
207.744
208.344
208.945
209.245
209.545
209.846
210.146
210.446
210.747
211.047
211.347
211.948
212.548
213.149
213.750
214.050
214.350
214.651
214.951
215.251
215.551
215.852
216.152
216.753
217.353
217.654
217.954
218.554
218.855
219.155
219.455
219.756
220.056
220.356
220.950
221.544
222.138
222.732
223.326
223.626
223.926
224.527
224.827
225.128
228.131
228.730
229.329
229.629
229.929
230.229
230.528
231.128
231.727
232.326
232.626
232.926
233.525
234.125
234.424
235.324
235.923
236.522
237.122
237.421
237.721
238.321
238.920
239.220
239.519
239.819
240.119
240.718
241.318
241.917
242.217
242.516
243.116
243.715
244.015
244.914
245.515
245.815
246.115
246.416
246.716
247.316
247.617
247.917
248.217
248.518
248.818
249.118
249.719
250.019
250.319
250.620
250.920
251.220
251.521
251.821
252.722
253.339
253.956
254.253
254.550
254.847
255.144
255.441
255.738
256.035
256.332
256.629
256.926
257.527
257.827
258.127
258.428
258.728
259.028
259.328
259.629
259.929
260.530
260.830
261.130
261.431
264.133
264.734
265.334
265.935
266.235
266.536
267.136
267.737
268.037
268.337
268.638
268.938
269.539
270.139
270.740
271.040
271.340
271.941
272.542
272.842
273.142
273.443
273.743
274.343
274.944
275.545
275.845
276.145
276.746
277.346
277.647
277.947
278.247
278.548
279.148
279.749
280.349
280.650
280.950
281.551
282.151
283.352
283.953
284.554
285.154
285.455
285.755
286.355
286.956
287.248
287.540
287.832
288.124
288.724
289.325
289.926
290.226
290.526
291.127
291.728
292.028
292.328
292.628
292.929
293.529
294.130
294.731
295.031
295.331
295.932
296.532
296.833
297.133
297.433
297.734
298.334
298.935
299.535
299.836
300.136
300.737
301.337
301.637
302.538
302.972
303.406
303.706
304.006
304.307
304.941
305.374
305.808
306.109
306.409
306.709
307.343
307.777
308.211
308.511
308.811
309.112
309.746
310.179
310.613
310.913
311.214
311.514
311.814
312.415
313.015
314.550
314.851
315.151
315.451
315.752
316.052
316.352
316.652
316.953
317.253
317.553
317.854
318.154
318.454
318.755
319.055
319.355
319.655
319.956
320.256
320.556
321.157
321.441
321.724
322.325
322.925
323.226
323.526
323.826
324.127
324.727
325.328
325.928
326.229
326.529
327.130
327.730
328.030
328.331
328.631
328.931
329.532
330.133
330.733
331.033
331.334
331.934
332.535
332.835
333.136
333.436
333.736
334.337
334.937
335.538
335.838
336.139
336.739
337.340
337.640
340.910
341.360
341.511
341.811
342.111
342.562
342.712
343.012
343.312
343.763
343.913
344.213
344.514
344.964
345.114
345.414
345.715
346.165
346.315
346.616
346.916
347.366
347.517
347.817
348.117
348.568
348.718
349.018
349.318
349.769
349.919
350.486
350.636
350.787
350.937
351.087
351.237
351.387
351.687
351.838
351.988
352.138
352.288
352.438
352.588
352.889
353.039
353.189
353.339
353.489
353.639
353.790
354.090
354.240
354.390
354.540
354.690
354.841
354.991
355.291
355.441
355.591
355.741
355.892
356.042
356.192
356.492
356.642
356.793
356.943
357.093
357.243
357.393
357.693
357.844
357.994
358.144
358.294
358.444
358.594
358.895
359.045
359.195
359.345
359.495
360.096
360.696
361.297
361.898
362.498
363.099
363.699
364.300
364.901
365.501
366.102
366.702
367.303
367.904
368.504
369.705
370.306
370.907
371.507
372.108
372.708
373.309
373.910
374.510
374.811
375.111
375.411
375.711
376.012
376.312
376.612
377.046
377.196
377.346
377.497
377.647
377.797
377.947
379.315
379.765
379.916
380.216
380.516
380.967
381.117
381.417
381.717
382.168
382.318
382.618
382.919
383.369
383.519
383.819
384.120
384.570
384.720
385.021
385.321
385.771
385.922
386.222
386.522
386.973
387.123
387.423
387.723
388.174
388.324
388.891
389.041
389.191
389.341
389.491
389.641
389.791
390.091
390.241
390.391
390.542
390.692
390.842
390.992
391.292
391.442
391.592
391.742
391.892
392.042
392.192
392.492
392.642
392.792
392.942
393.092
393.242
393.392
393.692
393.842
393.992
394.142
394.292
394.442
394.592
394.892
395.042
395.192
395.342
395.492
395.642
395.792
396.092
396.242
396.393
396.543
396.693
396.843
396.993
397.293
397.443
397.593
397.743
397.893
398.489
399.085
399.682
400.278
400.874
401.470
401.762
402.054
402.346
402.638
403.226
403.813
404.400
404.987
405.575
405.867
406.158
406.450
406.742
412.615
412.911
413.207
413.503
413.799
414.096
414.392
414.688
414.984
415.131
415.279
415.426
415.573
415.721
415.868
416.016
416.163
416.310
416.458
416.605
416.752
417.342
417.931
418.521
418.821
419.121
419.711
420.300
420.890
421.173
421.457
422.047
422.634
423.222
423.516
423.810
424.398
424.986
425.573
425.867
426.161
426.749
427.337
427.925
428.219
428.512
429.100
429.688
430.276
430.570
430.864
431.452
432.039
432.627
432.921
433.215
433.803
434.103
434.403
435.004
435.151
435.298
435.444
435.591
435.738
436.138
436.733
437.329
437.924
438.519
439.108
439.697
439.991
440.286
440.875
441.464
442.053
442.347
442.642
443.231
443.820
444.409
444.703
444.998
445.587
446.176
446.765
447.059
447.354
447.943
448.532
449.121
449.415
449.710
450.299
450.888
451.477
451.771
452.066
452.655
452.939
453.222
453.823
453.970
454.117
454.264
454.411
454.558
454.999
455.146
455.440
455.587
455.881
456.175
456.322
456.469
456.615
456.762
457.350
457.497
457.791
457.938
458.232
458.526
458.673
458.820
458.967
459.114
459.702
459.849
460.143
460.290
460.584
460.878
461.025
461.172
461.319
461.466
462.054
462.201
462.495
462.642
462.936
463.230
463.377
463.524
463.671
463.818
464.406
464.553
464.847
464.994
465.288
465.582
465.729
465.876
466.023
466.170
466.758
466.905
467.198
467.345
467.639
467.933
468.080
468.227
468.374
468.521
469.109
469.256
469.550
469.697
469.991
470.285
470.432
470.579
470.726
470.873
478.514
478.810
479.106
479.402
479.699
479.995
480.291
480.587
480.883
481.031
481.178
481.325
481.473
481.620
481.767
481.915
482.062
482.209
482.357
482.504
482.652
483.241
483.831
484.420
484.704
484.987
485.588
486.176
486.765
487.059
487.353
487.942
488.530
489.119
489.413
489.707
490.296
490.884
491.472
491.765
492.057
492.642
492.935
493.227
493.812
494.104
494.397
494.997
495.584
496.170
496.463
496.756
497.342
497.929
498.515
498.813
499.111
499.707
500.005
500.303
500.870
501.017
501.163
501.310
501.457
501.604
502.038
502.627
503.217
503.806
504.407
504.552
504.698
504.843
504.989
505.135
505.280
505.426
505.571
505.717
505.863
506.008
506.742
506.891
507.040
507.188
507.337
507.485
507.634
507.783
507.931
508.080
508.229
508.377
509.111
509.257
509.403
509.548
509.694
509.839
509.985
510.131
510.276
510.422
510.567
510.713
511.480
511.626
511.772
511.917
512.063
512.208
512.354
512.500
512.645
512.791
512.936
513.082
513.816
513.963
514.110
514.256
514.403
514.550
514.697
514.844
514.991
515.137
515.284
516.185
516.331
516.476
516.622
516.767
516.913
517.059
517.204
517.350
517.495
517.641
517.787
518.521
518.669
518.818
518.967
519.115
519.264
519.413
519.561
519.710
519.858
520.007
520.156
520.856
521.430
522.003
522.577
523.150
523.724
524.297
524.871
525.444
526.018
526.591
527.165
527.738
528.312
528.885
529.459
530.032
530.174
530.317
530.459
530.601
530.743
530.885
531.170
531.312
531.454
531.596
531.738
531.880
532.023
532.307
532.449
532.591
532.733
532.876
533.018
533.160
533.444
533.587
533.729
533.871
534.013
534.155
534.297
534.582
534.724
534.866
535.008
535.150
535.293
535.435
535.719
535.861
536.003
536.146
536.288
536.430
536.572
539.175
539.744
540.314
541.453
542.023
542.592
543.732
544.301
544.871
546.010
546.580
547.149
547.717
548.017
548.317
548.746
549.175
549.460
549.889
550.318
550.604
551.032
551.461
551.747
552.175
552.604
552.890
553.319
553.747
554.033
554.462
554.890
556.859
557.159
557.460
558.029
558.599
559.738
560.308
560.877
562.017
562.586
563.156
564.295
564.865
565.434
566.602
566.745
566.888
567.030
567.173
567.316
567.459
567.744
567.887
568.029
568.172
568.315
568.458
568.600
568.886
569.029
569.171
569.314
569.457
569.600
569.742
570.028
570.170
570.313
570.456
570.599
570.741
570.884
571.170
571.312
571.455
571.598
571.741
571.883
572.026
572.312
572.454
572.597
572.740
572.882
573.025
573.168
573.453
573.596
573.739
573.882
574.024
574.167
574.310
584.854
585.139
585.425
585.711
585.996
586.282
586.568
586.854
587.139
587.425
587.711
587.996
588.282
588.568
588.853
589.139
589.425
589.567
589.709
589.851
589.994
590.136
590.278
590.420
590.562
590.704
590.847
590.989
591.131
591.273
591.415
591.557
591.700
591.842
591.984
592.126
592.268
592.410
592.553
592.695
596.298
596.870
597.442
598.013
598.299
598.585
599.156
599.728
600.300
600.585
600.871
601.443
602.014
602.586
602.872
603.205
603.348
603.491
603.634
603.777
603.920
604.063
604.349
604.491
604.634
604.777
604.920
605.063
605.206
605.492
605.635
605.777
605.920
606.063
606.206
606.349
606.635
606.778
606.921
607.064
607.206
607.349
607.492
607.778
607.921
608.064
608.207
608.350
608.492
608.635
608.921
609.064
609.207
609.350
609.493
609.636
609.779
612.314
612.885
613.455
614.026
614.311
614.596
615.167
615.737
616.308
616.593
616.878
617.449
618.019
618.590
618.875
619.160
619.730
620.301
620.871
621.157
621.457
621.600
621.743
621.886
622.028
622.171
622.314
622.600
622.743
622.886
623.029
623.172
623.315
623.457
623.743
623.886
624.029
624.172
624.315
624.458
624.601
624.886
625.029
625.172
625.315
625.458
625.601
625.744
626.030
626.172
626.315
626.458
626.601
626.744
626.887
627.173
627.316
627.459
627.601
627.744
627.887
628.030
630.566
630.853
631.140
631.283
631.427
631.570
631.713
631.857
632.000
632.144
632.287
632.430
632.574
632.717
632.861
633.004
633.148
633.291
633.434
633.578
633.721
633.865
634.008
634.151
634.295
634.438
634.582
634.725
634.869
635.012
635.155
635.442
635.729
635.872
636.016
636.159
636.303
636.446
636.590
636.733
636.876
637.020
637.163
637.307
637.450
637.593
637.737
637.880
638.024
638.167
638.311
638.454
638.597
638.741
638.884
639.028
639.171
639.315
639.458
639.601
639.745
640.032
640.318
640.462
640.605
640.749
640.892
641.036
641.179
641.322
641.466
641.609
641.753
641.896
642.039
642.183
642.326
642.470
642.613
642.757
642.900
643.043
643.187
643.330
643.474
643.617
643.760
643.904
644.047
644.191
644.334
644.621
644.908
645.051
645.195
645.338
645.481
645.625
645.768
645.912
646.055
646.199
646.342
646.485
646.629
646.772
646.916
648.918
649.205
649.491
649.635
649.778
649.922
650.065
650.208
650.352
650.495
650.639
650.782
650.926
651.069
651.212
651.356
651.499
651.643
651.786
651.929
652.073
652.216
652.360
652.503
652.647
652.790
652.933
653.077
653.220
653.364
653.507
653.794
654.081
654.224
654.368
654.511
654.654
654.798
654.941
655.085
655.228
655.371
655.515
655.658
655.802
655.945
656.089
656.232
656.375
656.519
656.662
656.806
656.949
657.092
657.236
657.379
657.523
657.666
657.810
657.953
658.096
658.383
658.670
658.814
658.957
659.100
659.244
659.387
659.531
659.674
659.817
659.961
660.104
660.248
660.391
660.535
660.678
660.821
660.965
661.108
661.252
661.395
661.538
661.682
661.825
661.969
662.112
662.256
662.399
662.542
662.686
662.973
663.259
663.403
663.546
663.690
663.833
663.977
664.120
664.263
664.407
664.550
664.694
664.837
664.980
665.124
665.267
667.269
667.552
667.835
668.118
668.401
668.684
668.967
669.250
669.533
669.816
670.099
670.381
670.664
670.947
671.230
671.513
671.796
672.079
672.362
672.645
672.928
673.211
673.494
673.777
674.059
674.342
674.625
674.908
675.191
675.474
675.757
676.040
676.323
676.606
676.889
677.172
677.455
677.737
678.020
678.303
678.586
678.869
679.152
679.435
679.718
680.001
680.284
680.567
680.850
680.989
681.129
681.269
681.408
681.548
681.688
681.828
681.967
682.107
682.247
682.387
682.526
682.666
682.806
682.945
683.085
685.454
685.878
686.019
686.301
686.865
687.148
687.712
688.136
688.277
688.559
689.123
689.406
689.970
690.394
690.535
690.817
691.381
691.664
692.228
692.652
692.793
693.075
693.639
693.922
694.486
694.910
695.051
695.333
695.897
696.180
696.744
697.168
697.309
697.591
698.155
698.438
699.002
699.425
699.567
699.849
700.413
700.696
701.260
701.683
701.825
702.107
702.671
702.955
703.238
703.521
703.805
704.088
704.371
704.655
704.938
705.221
705.505
705.788
706.071
706.355
706.638
706.921
707.205
707.488
707.771
708.055
708.338
708.621
708.905
709.188
709.471
709.755
710.038
710.321
710.605
710.888
711.171
711.455
711.738
712.021
712.305
712.588
712.871
713.155
713.438
713.721
714.005
714.288
714.571
714.855
715.138
715.421
715.705
715.988
716.271
716.555
716.838
717.121
717.405
717.688
717.971
718.255
718.538
718.821
719.105
719.388
721.624
721.907
722.190
722.331
722.473
722.614
722.756
722.897
723.039
723.181
723.322
723.464
723.605
723.747
723.888
724.030
724.171
724.313
724.454
724.596
724.737
724.879
725.021
725.162
725.304
725.445
725.587
725.728
725.870
726.011
726.153
726.436
726.719
726.861
727.002
727.144
727.285
727.427
727.568
727.710
727.851
727.993
728.134
728.276
728.418
728.559
728.701
728.842
728.984
729.125
729.267
729.408
729.550
729.691
729.833
729.974
730.116
730.258
730.399
730.541
730.682
730.965
731.248
731.390
731.531
731.673
731.814
731.956
732.098
732.239
732.381
732.522
732.664
732.805
732.947
733.088
733.230
733.371
733.513
733.654
733.796
733.938
734.079
734.221
734.362
734.504
734.645
734.787
734.928
735.070
735.211
735.494
735.778
735.919
736.061
736.202
736.344
736.485
736.627
736.768
736.910
737.051
737.193
737.334
737.476
737.618
737.759
737.901
738.042
738.184
738.325
738.467
738.608
738.750
738.891
739.033
739.174
739.708
739.991
740.274
740.415
740.556
740.698
740.839
740.980
741.122
741.263
741.404
741.546
741.687
741.828
741.970
742.111
742.252
742.394
742.535
742.676
742.818
742.959
743.100
743.242
743.383
743.524
743.666
743.807
743.948
744.090
744.231
744.514
744.796
744.938
745.079
745.220
745.362
745.503
745.644
745.786
745.927
746.068
746.210
746.351
746.492
746.634
746.775
746.916
747.058
747.199
747.340
747.482
747.623
747.764
747.906
748.047
748.188
748.330
748.471
748.612
748.754
749.036
749.319
749.460
749.602
749.743
749.884
750.026
750.167
750.308
750.450
750.591
750.732
750.874
751.015
751.156
751.298
751.439
751.580
751.722
751.863
752.004
752.146
752.287
752.428
752.570
752.711
752.852
752.994
753.135
753.276
753.559
753.842
753.983
754.124
754.266
754.407
754.548
754.690
754.831
754.972
755.114
755.255
755.396
755.538
755.679
755.820
755.962
756.103
756.244
756.386
756.527
756.668
756.810
756.951
757.092
775.477
775.708
775.939
776.170
776.401
776.631
776.862
777.324
777.555
777.785
778.016
778.247
778.478
778.708
779.170
779.401
779.632
779.862
780.093
780.324
780.555
781.016
781.483
781.717
782.067
782.301
782.418
782.885
783.115
783.346
783.576
783.807
784.037
784.268
784.729
784.960
785.190
785.421
785.651
785.882
786.112
786.573
786.804
787.034
787.265
787.495
787.726
787.957
790.259
790.490
790.720
790.951
791.182
791.413
791.644
792.105
792.336
792.567
792.798
793.028
793.259
793.490
793.951
794.182
794.413
794.644
794.875
795.105
795.336
795.798
796.257
796.486
796.830
797.059
797.174
797.633
797.863
798.094
798.324
798.555
798.786
799.016
799.477
799.708
799.938
800.169
800.399
800.630
800.860
801.321
801.552
801.782
802.013
802.244
802.474
802.705
805.040
805.270
805.500
805.730
805.960
806.190
806.420
806.650
806.880
807.110
807.340
807.570
807.800
808.030
808.260
808.490
808.720
808.950
809.180
809.410
809.640
809.870
810.100
810.330
810.560
810.790
811.020
811.250
811.480
811.602
811.725
811.847
812.414
812.876
813.337
813.799
814.261
814.722
815.184
815.645
816.107
816.568
817.030
817.492
817.953
827.196
827.427
827.657
827.888
828.119
828.350
828.580
828.811
829.042
829.273
829.504
829.734
829.965
830.196
830.427
830.658
830.888
831.119
831.350
831.581
831.811
832.042
832.273
832.504
832.735
834.570
834.802
835.035
835.268
835.500
835.733
835.966
836.431
836.664
836.896
837.129
837.362
837.594
837.827
838.292
838.525
838.758
838.990
839.223
839.456
839.688
840.153
840.386
840.619
840.851
841.084
841.317
841.549
842.015
842.247
842.480
842.713
842.945
843.178
843.411
843.876
844.109
844.341
844.574
844.807
845.039
845.272
845.737
845.970
846.202
846.435
846.668
846.900
847.133
847.598
847.831
848.064
848.296
848.529
848.762
848.994
849.460
849.692
849.925
850.158
850.390
850.623
850.855
851.321
851.553
851.786
852.019
852.251
852.484
852.717
853.182
853.415
853.647
853.880
854.113
854.345
854.578
855.043
855.276
855.509
855.741
855.974
856.206
856.439
856.904
857.137
857.370
857.602
857.835
858.068
858.300
858.766
858.998
859.231
859.464
859.696
859.929
860.162
860.627
860.860
861.092
861.325
861.557
861.790
862.023
862.488
862.721
862.953
863.186
863.419
871.407
871.638
872.330
872.561
873.023
873.254
873.485
874.178
874.409
874.871
875.102
875.333
876.026
876.257
876.719
876.950
877.181
877.873
878.104
878.566
878.797
879.028
879.721
879.952
880.414
880.645
880.876
881.569
882.262
882.493
882.724
883.417
884.109
884.340
884.571
885.264
886.188
886.647
887.106
887.564
888.023
888.482
888.941
889.400
889.858
890.089
890.319
890.550
890.780
891.011
891.242
891.472
891.703
891.933
892.164
892.394
893.562
894.003
894.444
894.885
895.326
895.767
896.208
896.648
897.089
897.530
897.971
898.412
898.853
899.294
899.735
899.968
900.202
900.642
901.083
901.523
901.964
902.404
902.845
903.285
903.726
904.166
904.606
905.047
905.487
905.928
906.368
906.809
907.026
907.242
907.676
907.898
908.119
908.341
908.563
908.784
909.006
909.228
909.449
909.671
909.893
910.114
910.336
910.558
910.779
911.213
911.435
911.656
911.878
912.100
912.321
912.543
912.765
912.986
913.208
913.430
913.651
913.873
914.094
914.316
914.750
914.969
915.188
915.408
915.627
915.846
916.065
916.285
916.504
916.723
916.943
917.162
917.381
917.600
917.820
918.287
918.506
918.725
918.945
919.164
919.383
919.602
919.822
920.041
920.260
920.479
920.699
920.918
921.137
921.356
921.807
922.257
922.485
922.713
922.940
923.168
923.395
923.851
924.078
924.306
924.533
924.761
924.989
925.216
925.672
925.899
926.127
926.354
926.582
926.810
927.037
927.492
927.720
927.948
928.175
928.403
928.630
929.081
929.531
929.759
929.987
930.214
930.442
930.669
931.125
931.352
931.580
931.807
932.035
932.263
932.490
932.945
933.173
933.401
933.628
933.856
934.083
934.311
934.766
934.994
935.222
935.449
935.677
935.904
936.355
936.809
937.037
937.491
937.719
938.173
938.628
938.855
939.310
939.537
939.992
940.446
940.674
941.128
941.356
941.810
942.265
942.492
942.947
943.174
943.629
944.083
944.311
944.765
944.993
945.447
945.902
946.129
946.584
946.811
947.266
947.720
947.948
948.402
948.630
949.084
950.886
951.341
951.568
952.023
952.250
952.705
953.160
953.387
953.842
954.069
954.524
954.979
955.206
955.661
955.889
956.343
956.798
957.025
957.480
957.708
958.162
958.617
958.845
959.299
959.527
959.982
960.436
960.664
961.118
961.346
961.801
962.255
962.483
962.938
963.165
965.434
965.888
966.342
966.797
967.251
967.705
968.160
968.614
969.068
969.523
969.977
970.431
970.885
971.340
972.674
973.142
973.369
973.597
973.824
974.052
974.280
974.735
974.962
975.190
975.418
975.645
975.873
976.100
976.556
976.783
977.011
977.239
977.466
977.694
977.921
978.377
978.604
978.832
979.059
979.287
979.515
979.965
980.416
980.643
980.871
981.098
981.326
981.554
982.009
982.236
982.464
982.692
982.919
983.147
983.374
983.830
984.057
984.285
984.512
984.740
984.968
985.195
985.650
985.878
986.106
986.333
986.561
986.789
987.239
987.689
987.917
988.145
988.372
988.600
988.827
989.283
989.510
989.738
989.966
990.193
990.421
990.648
991.104
991.331
991.559
991.786
992.014
992.242
992.469
992.924
993.152
993.380
993.607
993.835
994.062
994.513
994.963
995.191
995.418
995.645
995.872
996.099
996.554
996.781
997.008
997.235
997.463
997.690
997.917
998.372
998.599
998.826
999.053
999.280
999.508
999.735
1001.804
1002.237
1002.465
1002.693
1002.920
1003.148
1003.375
1003.831
1004.058
1004.286
1004.513
1004.741
1004.969
1005.196
1005.651
1005.879
1006.107
1006.334
1006.562
1006.789
1007.017
1007.472
1007.700
1007.928
1008.155
1008.383
1008.610
1009.061
1009.511
1009.739
1009.966
1010.194
1010.422
1010.649
1011.104
1011.332
1011.560
1011.787
1012.015
1012.243
1012.470
1012.925
1013.153
1013.381
1013.608
1013.836
1014.063
1014.291
1014.746
1014.974
1015.201
1015.429
1015.657
1015.884
1016.351
1016.806
1017.034
1017.261
1017.716
1018.171
1018.626
1018.854
1019.081
1019.536
1019.991
1020.446
1020.674
1020.901
1021.356
1023.625
1024.080
1024.308
1024.535
1024.990
1025.445
1025.900
1026.128
1026.355
1026.810
1027.265
1027.720
1027.948
1028.175
1028.630
1030.866
1031.321
1031.775
1032.230
1032.684
1033.139
1033.594
1034.048
1034.503
1034.957
1035.412
1035.867
1036.321
1036.776
1037.231
1037.685
1038.140
1038.594
1039.049
1039.504
1039.958
1040.413
1040.868
1041.322
1041.777
1042.231
1042.686
1043.141
1043.595
1044.050
1044.505
1044.959
1045.414
1045.868
1046.323
1046.778
1047.232
1047.687
1048.141
1048.596
1049.051
1049.505
1049.960
1050.415
1050.869
1051.324
1051.778
1052.233
1052.688
1052.916
1053.144
1053.372
1053.600
1053.828
1054.056
1054.284
1054.512
1054.740
1054.968
1055.196
1055.424
1055.652
1055.880
1056.108
1056.336
1056.564
1056.792
1057.020
1057.248
1057.476
1057.704
1057.932
1058.160
1059.895
1060.294
1060.407
1060.635
1060.863
1061.319
1061.774
1062.002
1062.230
1062.457
1062.685
1062.913
1063.141
1063.539
1063.938
1064.052
1064.280
1064.508
1064.963
1065.419
1065.646
1065.874
1066.102
1066.330
1066.558
1066.785
1067.184
1067.583
1067.696
1067.924
1068.152
1068.608
1069.063
1069.291
1069.519
1069.747
1069.974
1070.202
1070.430
1070.828
1071.227
1071.341
1071.569
1071.797
1072.252
1072.708
1074.443
1074.841
1074.955
1075.183
1075.410
1075.865
1076.321
1076.548
1076.776
1077.003
1077.231
1077.459
1077.686
1078.085
1078.483
1078.597
1078.824
1079.052
1079.507
1079.962
1080.190
1080.418
1080.645
1080.873
1081.100
1081.328
1081.726
1082.125
1082.239
1082.466
1082.694
1083.149
1083.604
1083.832
1084.059
1084.287
1084.515
1084.742
1084.970
1085.368
1085.767
1085.880
1086.108
1086.336
1086.791
1087.246
1087.474
1087.701
1087.929
1088.156
1089.024
1089.479
1089.933
1090.388
1090.842
1091.297
1091.752
1092.206
1092.661
1093.116
1093.570
1094.025
1094.479
1094.934
1095.389
1095.843
1096.298
1096.526
1096.754
1096.982
1097.210
1097.438
1097.666
1097.894
1098.122
1098.350
1098.578
1098.806
1099.034
1099.262
1099.490
1099.718
1099.946
1100.174
1100.402
1100.630
1100.858
1101.086
1101.314
1101.542
1101.770
1103.572
1103.799
1104.026
1104.253
1104.480
1104.706
1104.933
1105.160
1105.387
1105.614
1105.841
1106.068
1106.295
1106.522
1106.749
1106.975
1107.202
1107.429
1107.656
1107.883
1108.110
1108.337
1108.564
1108.791
1109.018
1109.245
1109.471
1109.698
1109.925
1110.152
1110.612
1110.840
1111.067
1111.295
1111.523
1111.750
1111.978
1112.205
1112.433
1112.660
1112.888
1113.116
1113.343
1113.571
1113.798
1114.026
1114.253
1114.481
1114.709
1114.936
1115.164
1115.391
1115.619
1115.847
1116.074
1116.302
1116.529
1116.757
1116.984
1117.212
1117.440
1117.667
1117.895
1118.122
1118.350
1118.577
1118.805
1119.033
1119.260
1119.488
1119.922
1120.150
1120.378
1120.606
1120.834
1121.062
1121.290
1121.757
1121.985
1122.213
1122.441
1122.669
1122.897
1123.125
1125.394
1125.620
1125.847
1126.074
1126.300
1126.527
1126.753
1127.207
1127.433
1127.660
1127.886
1128.113
1128.340
1128.566
1129.020
1129.246
1129.473
1129.699
1129.926
1130.153
1130.379
1130.832
1131.183
1131.533
1132.668
1133.122
1133.577
1134.031
1134.486
1134.941
1135.395
1135.850
1136.305
1136.759
1137.214
1137.668
1138.123
1138.578
1139.032
1139.487
1139.942
1140.396
1140.851
1141.305
1141.760
1142.215
1142.669
1143.124
1143.578
1144.033
1144.488
1144.942
1145.397
1145.852
1146.306
1146.761
1147.215
1147.670
1148.125
1148.579
1149.034
1149.489
1149.943
1150.398
1150.852
1151.307
1151.762
1152.216
1152.671
1153.126
1153.580
1154.035
1154.489
1154.716
1154.943
1155.169
1155.396
1155.622
1155.849
1156.076
1156.302
1156.529
1156.756
1156.982
1157.209
1157.435
1157.662
1157.889
1158.115
1158.342
1158.568
1158.795
1159.022
1159.248
1159.475
1159.702
1159.928
1161.730
1161.957
1162.184
1162.638
1163.318
1163.772
1163.999
1164.453
1165.360
1165.587
1165.814
1166.268
1166.949
1167.402
1167.629
1168.083
1168.991
1169.217
1169.444
1169.898
1170.579
1171.033
1171.259
1171.713
1172.621
1172.848
1173.075
1173.528
1174.209
1176.278
1176.505
1176.732
1177.185
1177.866
1178.320
1178.547
1179.001
1179.908
1180.135
1180.362
1180.816
1181.496
1181.950
1182.177
1182.631
1183.538
1183.765
1183.992
1184.446
1185.127
1185.580
1185.807
1186.261
1187.169
1187.396
1187.622
1188.076
1188.757
1190.792
1191.247
1191.702
1192.156
1192.611
1193.065
1193.520
1193.975
1194.429
1194.884
1195.339
1195.793
1196.248
1196.702
1197.157
1197.612
1198.066
1198.521
1198.976
1199.430
1199.885
1200.339
1200.794
1201.249
1201.703
1202.158
1202.612
1203.067
1203.522
1203.976
1204.431
1204.886
1205.340
1205.795
1206.249
1206.704
1207.159
1207.613
1208.068
1208.523
1208.977
1209.432
1209.886
1210.341
1210.796
1211.250
1211.705
1212.160
1212.614
1213.069
1213.523
1213.978
1214.433
1214.887
1215.342
1215.796
1216.251
1216.706
1217.160
1217.615
1218.070
1218.524
1218.979
1219.433
1219.888
1220.115
1220.343
1220.570
1220.798
1221.025
1221.252
1221.480
1221.707
1221.935
1222.162
1222.389
1222.617
1222.844
1223.071
1223.299
1223.526
1223.754
1223.981
1224.208
1224.436
1224.663
1224.891
1225.118
1225.345
1225.573
1225.800
1226.028
1226.255
1226.482
1226.710
1226.937
1227.164
1227.392
1227.619
1227.847
1228.074
1228.301
1228.529
1228.756
1228.984
1229.211
1229.438
1229.666
1229.893
1230.121
1230.348
1230.575
1230.803
1231.030
1231.257
1231.485
1231.712
1231.940
1232.167
1234.436
1234.663
1234.891
1235.118
1235.345
1235.572
1235.800
1236.027
1236.254
1236.482
1236.709
1236.936
1237.164
1237.391
1237.618
1237.846
1238.073
1238.300
1238.528
1238.755
1238.982
1239.209
1239.437
1239.664
1239.891
1240.119
1240.346
1240.573
1240.801
1241.028
1241.255
1241.483
1241.710
1242.164
1242.618
1243.073
1243.527
1243.981
1244.436
1244.890
1245.344
1245.799
1246.253
1246.707
1247.161
1247.616
1248.984
1249.211
1249.438
1249.666
1249.893
1250.120
1250.348
1250.575
1250.802
1251.030
1251.257
1251.484
1251.712
1251.939
1252.166
1252.393
1252.621
1252.848
1253.075
1253.303
1253.530
1253.757
1253.985
1254.212
1254.439
1254.667
1254.894
1255.121
1255.348
1255.576
1255.803
1256.030
1256.258
1256.712
1257.167
1257.622
1258.076
1258.531
1258.985
1259.440
1259.895
1260.349
1260.804
1261.259
1261.713
1262.168
1262.622
1263.077
1263.532
1263.873
1263.986
1264.214
1264.441
1264.668
1264.896
1265.350
1265.691
1265.805
1266.032
1266.260
1266.487
1266.715
1267.169
1267.510
1267.624
1267.851
1268.079
1268.306
1268.533
1268.988
1269.329
1269.443
1269.670
1269.897
1270.125
1270.352
1270.807
1271.148
1271.261
1271.489
1271.716
1271.943
1272.171
1272.625
1272.967
1273.080
1273.308
1273.535
1273.762
1273.990
1274.444
1274.785
1274.899
1275.126
1275.354
1275.581
1275.808
1276.263
1276.604
1276.718
1276.945
1277.172
1277.400
1277.627
1278.082
1278.423
1278.536
1278.764
1278.991
1279.219
1279.446
1279.901
1280.242
1280.355
1280.583
1280.810
1281.037
1281.265
1281.719
1282.060
1282.174
1282.401
1282.629
1282.856
1283.083
1283.538
1283.879
1283.993
1284.220
1284.447
1284.675
1284.902
1285.357
1285.698
1285.812
1286.039
1286.266
1286.494
1286.721
1287.176
1287.517
1287.630
1287.858
1288.085
1288.312
1288.540
1288.994
1289.335
1289.449
1289.676
1289.904
1290.131
1290.358
1292.627
1293.082
1293.309
1293.536
1293.763
1293.990
1294.445
1294.899
1295.126
1295.353
1295.580
1295.808
1296.262
1296.716
1296.943
1297.170
1297.398
1297.625
1298.079
1298.533
1298.760
1298.988
1299.215
1299.442
1299.896
1300.351
1300.578
1300.805
1301.032
1301.259
1301.713
1302.168
1302.395
1302.622
1302.849
1303.076
1303.531
1303.985
1304.212
1304.439
1304.666
1304.894
1305.348
1305.802
1306.029
1306.256
1306.484
1306.711
1307.165
1307.619
1307.846
1308.074
1308.301
1308.528
1308.982
1309.437
1309.664
1309.891
1310.118
1310.345
1310.799
1311.254
1311.481
1311.708
1311.935
1312.162
1312.617
1313.071
1313.298
1313.525
1313.752
1313.980
1314.434
1314.888
1315.115
1315.342
1315.570
1315.797
1316.251
1316.705
1316.932
1317.160
1317.387
1317.614
1318.068
1318.523
1318.750
1318.977
1319.204
1319.431
1319.885
1320.340
1320.567
1320.794
1321.021
1321.248
1321.703
1322.158
1322.613
1323.067
1323.522
1323.977
1324.431
1324.886
1325.341
1325.796
1326.250
1326.705
1327.160
1327.615
1328.069
1328.524
1328.979
1329.434
1329.888
1330.343
1330.798
1331.253
1331.707
1332.162
1332.617
1333.072
1333.526
1333.981
1334.436
1336.238
1336.692
1336.919
1337.146
1337.374
1337.601
1338.055
1338.510
1338.737
1338.964
1339.191
1339.419
1339.873
1340.327
1340.555
1340.782
1341.009
1341.236
1341.691
1342.145
1342.372
1342.600
1342.827
1343.054
1343.508
1343.963
1344.190
1344.417
1344.644
1344.872
1345.326
1345.780
1346.008
1346.235
1346.462
1346.689
1347.144
1347.598
1347.825
1348.053
1348.280
1348.507
1348.961
1349.416
1349.643
1349.870
1350.098
1350.325
1350.779
1351.234
1351.461
1351.688
1351.915
1352.142
1352.597
1353.051
1353.278
1353.506
1353.733
1353.960
1354.415
1354.869
1355.096
1355.323
1355.551
1355.778
1356.232
1356.687
1356.914
1357.141
1357.368
1357.595
1358.050
1358.504
1358.732
1358.959
1359.186
1359.413
1359.868
1360.322
1360.549
1360.776
1361.004
1361.231
1361.685
1362.140
1362.367
1362.594
1362.821
1363.049
1363.503
1363.957
1364.185
1364.412
1364.639
1364.866
1379.848
1380.289
1380.730
1380.951
1381.171
1381.613
1382.054
1382.495
1382.716
1382.936
1383.377
1383.818
1384.260
1384.480
1384.701
1385.142
1385.583
1386.024
1386.245
1386.466
1386.907
1387.348
1387.789
1388.010
1388.230
1388.671
1389.113
1389.554
1389.774
1389.995
1390.436
1390.877
1391.319
1391.539
1391.760
1394.429
1394.869
1395.089
1395.309
1395.750
1396.190
1396.630
1396.850
1397.070
1397.510
1397.951
1398.391
1398.611
1398.831
1399.271
1399.711
1400.151
1400.372
1400.592
1401.032
1401.472
1401.912
1402.132
1402.352
1402.793
1403.233
1403.673
1403.893
1404.113
1404.553
1404.993
1405.434
1405.654
1405.874
1408.043
1408.484
1408.704
1408.925
1409.146
1409.366
1409.807
1410.249
1410.469
1410.690
1410.910
1411.131
1411.572
1412.013
1412.234
1412.455
1412.675
1412.896
1413.337
1413.778
1413.999
1414.219
1414.440
1414.660
1415.102
1415.543
1415.763
1415.984
1416.205
1416.425
1416.866
1417.308
1417.528
1417.749
1417.969
1418.190
1418.631
1419.072
1419.293
1419.513
1419.734
1419.955
1422.157
1422.598
1422.819
1423.039
1423.260
1423.480
1423.922
1424.363
1424.583
1424.804
1425.024
1425.245
1425.686
1426.127
1426.348
1426.569
1426.789
1427.010
1427.451
1427.892
1428.113
1428.333
1428.554
1428.775
1429.216
1429.657
1429.877
1430.098
1430.319
1430.539
1430.980
1431.422
1431.642
1431.863
1432.083
1432.304
1432.745
1433.186
1433.407
1433.628
1433.848
1434.069
1443.345
1443.786
1444.227
1444.668
1445.109
1445.550
1445.991
1446.432
1446.873
1447.314
1447.756
1448.197
1448.638
1449.079
1449.520
1449.961
1450.402
1450.843
1451.284
1451.725
1452.166
1452.608
1453.049
1453.490
1453.931
1454.372
1454.813
1455.254
1455.695
1456.136
1456.577
1457.019
1457.460
1457.901
1458.342
1458.783
1459.224
1459.665
1460.106
1460.547
1460.988
1461.429
1461.871
1462.312
1462.753
1463.194
1463.635
1464.076
1464.517
1464.958
1465.399
1465.840
1466.281
1466.723
1467.164
1467.605
1468.046
1468.487
1468.928
1469.369
1469.810
1470.251
1470.692
1471.133
1471.575
1472.016
1472.457
1472.898
1473.339
1473.780
1474.221
1474.662
1475.103
1475.544
1475.985
1476.427
1476.868
1477.309
1477.750
1478.191
1478.632
1478.852
1479.072
1479.292
1479.512
1479.732
1479.952
1480.172
1480.392
1480.612
1480.832
1481.053
1481.273
1481.493
1481.713
1481.933
1482.153
1482.373
1482.593
1482.813
1483.033
1483.253
1483.473
1483.693
1483.913
1484.133
1484.353
1484.573
1484.793
1485.013
1485.233
1485.453
1487.455
1487.897
1488.117
1488.338
1488.558
1488.779
1489.220
1489.441
1489.661
1489.882
1490.102
1490.323
1490.544
1490.764
1490.985
1491.426
1491.647
1491.867
1492.088
1492.308
1492.750
1492.970
1493.191
1493.411
1493.632
1493.852
1494.073
1494.294
1494.514
1494.955
1495.176
1495.397
1495.617
1495.838
1496.279
1496.500
1496.720
1496.941
1497.161
1497.382
1497.603
1497.823
1498.044
1498.485
1498.705
1498.926
1499.147
1499.367
1502.003
1502.224
1502.445
1502.665
1502.886
1503.328
1503.548
1503.769
1503.990
1504.211
1504.431
1504.652
1504.873
1505.093
1505.535
1505.756
1505.976
1506.197
1506.418
1506.859
1507.080
1507.301
1507.522
1507.742
1507.963
1508.184
1508.404
1508.625
1509.067
1509.287
1509.508
1509.729
1509.950
1510.391
1510.612
1510.833
1511.053
1511.274
1511.495
1511.715
1511.936
1512.157
1512.598
1512.819
1513.040
1513.261
1513.481
1516.117
1516.338
1516.559
1516.779
1517.000
1517.441
1517.661
1517.882
1518.103
1518.323
1518.544
1518.764
1518.985
1519.206
1519.647
1519.867
1520.088
1520.309
1520.529
1520.970
1521.191
1521.412
1521.632
1521.853
1522.073
1522.294
1522.514
1522.735
1523.176
1523.397
1523.617
1523.838
1524.059
1524.500
1524.720
1524.941
1525.162
1525.382
1525.603
1525.823
1526.044
1526.265
1526.706
1526.926
1527.147
1527.367
1527.588
1528.029
1547.482
1547.923
1548.365
1548.806
1549.248
1549.689
1550.130
1550.572
1551.013
1551.455
1551.896
1552.338
1552.779
1553.220
1553.662
1554.103
1554.545
1554.986
1555.427
1555.869
1556.310
1556.752
1557.193
1557.635
1558.076
1558.517
1558.959
1559.400
1559.842
1560.283
1560.724
1561.166
1561.607
1562.049
1562.490
1562.931
1563.373
1563.814
1564.256
1564.697
1565.139
1565.580
1566.021
1566.463
1566.904
1567.346
1567.787
1568.228
1568.670
1568.890
1569.111
1569.332
1569.552
1569.773
1569.994
1570.214
1570.435
1570.656
1570.876
1571.097
1571.318
1571.538
1571.759
1571.980
1572.200
1572.421
1572.642
1572.862
1573.083
1573.303
1573.524
1573.745
1573.965
1574.186
1574.407
1574.627
1574.848
1575.069
1575.289
1575.510
1577.479
1577.920
1578.140
1578.361
1578.582
1578.802
1579.243
1579.464
1579.685
1579.905
1580.126
1580.346
1580.567
1580.787
1581.008
1581.449
1581.670
1581.890
1582.111
1582.332
1582.773
1582.993
1583.214
1583.435
1583.655
1583.876
1584.096
1584.317
1584.538
1584.979
1585.199
1585.420
1585.640
1585.861
1586.302
1586.523
1586.743
1586.964
1587.185
1587.405
1587.626
1587.846
1588.067
1588.508
1588.729
1588.949
1589.170
1589.391
1592.027
1592.247
1592.468
1592.689
1592.909
1593.351
1593.572
1593.792
1594.013
1594.234
1594.455
1594.675
1594.896
1595.117
1595.558
1595.779
1596.000
1596.220
1596.441
1596.883
1597.103
1597.324
1597.545
1597.766
1597.986
1598.207
1598.428
1598.648
1599.090
1599.311
1599.531
1599.752
1599.973
1600.414
1600.635
1600.856
1601.077
1601.297
1601.518
1601.739
1601.959
1602.180
1602.622
1602.842
1603.063
1603.284
1603.505
1616.317
1616.538
1616.758
1616.979
1617.199
1617.420
1617.640
1618.082
1618.302
1618.523
1618.743
1618.964
1619.184
1619.405
1619.846
1620.066
1620.287
1620.507
1620.728
1620.948
1621.169
1621.610
1621.830
1622.051
1622.271
1622.492
1622.712
1622.933
1623.374
1623.594
1623.815
1624.035
1624.256
1624.476
1624.697
1625.138
1625.358
1625.579
1625.799
1626.020
1626.240
1626.461
1628.663
1628.884
1629.104
1629.325
1629.545
1629.766
1629.987
1630.428
1630.648
1630.869
1631.090
1631.310
1631.531
1631.751
1632.193
1632.413
1632.634
1632.854
1633.075
1633.296
1633.516
1633.957
1634.178
1634.398
1634.619
1634.840
1635.060
1635.281
1635.722
1635.943
1636.163
1636.384
1636.604
1636.825
1637.046
1637.487
1637.707
1637.928
1638.149
1638.369
1638.590
1638.810
1639.251
1639.472
1639.693
1639.913
1640.134
1640.354
1640.575
1642.777
1642.998
1643.218
1643.439
1643.659
1643.880
1644.101
1644.542
1644.762
1644.983
1645.203
1645.424
1645.644
1645.865
1646.306
1646.527
1646.747
1646.968
1647.188
1647.409
1647.630
1648.071
1648.291
1648.512
1648.732
1648.953
1649.173
1649.394
1649.835
1650.056
1650.276
1650.497
1650.717
1650.938
1651.158
1651.600
1651.820
1652.041
1652.261
1652.482
1652.702
1652.923
1653.364
1653.585
1653.805
1654.026
1654.246
1654.467
1654.687
1655.129
1655.349
1655.570
1655.790
1656.011
1656.231
1656.452
1656.893
1657.114
1657.334
1657.555
1657.775
1657.996
1658.216
1658.657
1658.878
1659.099
1659.319
1659.540
1659.760
1659.981
1660.422
1660.643
1660.863
1661.084
1661.304
1661.525
1661.745
1662.186
1662.407
1662.628
1662.848
1663.069
1663.289
1663.510
1663.951
1664.171
1664.392
1664.613
1664.833
1665.054
1665.274
1665.715
1665.936
1666.156
1666.377
1666.598
1666.818
1667.039
1667.480
1667.700
1667.921
1668.142
1668.362
1668.583
1668.803
1685.153
1685.263
1685.373
1685.593
1685.703
1685.814
1686.034
1686.254
1686.474
1686.584
1686.694
1686.915
1687.025
1687.135
1687.355
1687.465
1687.575
1687.796
1688.016
1688.236
1688.346
1688.456
1688.676
1688.786
1688.897
1689.117
1689.227
1689.337
1689.557
1689.777
1689.998
1690.108
1690.218
1690.438
1690.548
1690.658
1690.879
1690.989
1691.099
1691.319
1691.539
1691.759
1693.962
1694.183
1694.404
1694.625
1695.730
1695.951
1696.172
1696.393
1697.499
1697.719
1697.939
1698.160
1698.380
1698.600
1698.821
1699.041
1699.262
1699.482
1699.702
1699.923
1700.143
1700.363
1700.584
1700.804
1701.025
1701.245
1701.465
1701.686
1701.906
1702.126
1702.347
1702.567
1702.788
1703.008
1703.228
1703.449
1703.669
1703.889
1704.110
1704.330
1704.551
1704.771
1704.991
1705.212
1705.432
1705.652
1705.873
1706.093
1706.314
1706.534
1706.754
1706.975
1708.109
1708.329
1708.550
1708.770
1708.990
1709.210
1709.430
1709.651
1709.871
1710.091
1710.311
1710.532
1710.752
1710.972
1711.192
1711.412
1711.633
1711.853
1712.073
1712.293
1712.514
1712.734
1712.954
1713.174
1713.394
1713.615
1713.835
1714.055
1714.275
1714.496
1714.716
1715.150
1715.370
1715.591
1715.811
1716.032
1716.252
1716.473
1716.693
1716.914
1717.134
1717.355
1717.575
1717.796
1718.016
1718.237
1718.457
1718.678
1718.898
1719.119
1719.339
1719.560
1719.780
1720.001
1720.221
1722.223
1722.442
1722.662
1722.881
1723.100
1723.320
1723.539
1723.758
1723.977
1724.197
1724.416
1724.635
1724.854
1725.074
1725.293
1725.727
1725.948
1726.170
1726.392
1726.613
1726.835
1727.057
1727.278
1727.500
1727.722
1727.943
1728.165
1728.387
1728.608
1728.830
1729.264
1729.485
1729.707
1729.929
1730.150
1730.372
1730.594
1730.815
1731.037
1731.258
1731.480
1731.702
1731.923
1732.145
1732.367
1732.800
1733.020
1733.239
1733.458
1733.678
1733.897
1734.116
1734.335
1736.337
1736.668
1736.999
1737.220
1737.440
1737.661
1738.102
1738.433
1738.764
1738.984
1739.205
1739.426
1739.867
1740.198
1740.529
1740.749
1740.970
1741.190
1741.632
1741.962
1742.293
1742.514
1742.734
1742.955
1743.396
1743.727
1744.058
1744.279
1744.499
1744.720
1745.161
1745.492
1745.823
1746.043
1746.264
1746.485
1746.926
1747.257
1747.587
1747.808
1748.029
1748.249
1750.485
1750.925
1751.366
1752.247
1752.687
1753.127
1754.008
1754.449
1754.889
1755.770
1756.211
1756.651
1757.532
1757.972
1758.413
1759.294
1759.734
1760.174
1761.055
1761.496
1761.936
1762.817
1763.258
1763.698
1764.635
1765.076
1765.517
1765.958
1766.399
1766.840
1767.281
1767.502
1767.722
1768.163
1768.604
1769.046
1769.487
1769.928
1770.369
1770.810
1771.030
1771.251
1771.692
1772.133
1772.574
1773.015
1773.456
1773.897
1774.338
1774.559
1774.779
1775.220
1775.661
1776.102
1776.543
1776.985
1777.426
1777.867
1778.087
1778.308
1778.723
1778.944
1779.165
1779.386
1779.606
1779.827
1780.048
1780.269
1780.490
1780.711
1780.932
1781.153
1781.374
1781.595
1781.816
1782.250
1782.472
1782.693
1782.915
1783.136
1783.358
1783.580
1783.801
1784.023
1784.245
1784.466
1784.688
1784.910
1785.131
1785.353
1785.787
1786.006
1786.225
1786.445
1786.664
1786.883
1787.102
1787.322
1787.541
1787.760
1787.979
1788.199
1788.418
1788.637
1788.856
1789.324
1789.543
1789.762
1789.981
1790.201
1790.420
1790.639
1790.858
1792.827
1793.269
1793.490
1793.711
1793.932
1794.153
1794.595
1794.816
1795.037
1795.258
1795.479
1795.700
1795.920
1796.362
1796.804
1797.025
1797.246
1797.467
1797.688
1798.130
1798.351
1798.572
1798.793
1799.014
1799.235
1799.456
1799.898
1800.340
1800.560
1800.781
1801.002
1801.223
1801.665
1801.886
1802.107
1802.328
1802.549
1802.770
1802.991
1803.433
1803.875
1804.096
1804.317
1804.538
1804.759
1806.975
1807.416
1807.636
1807.857
1808.078
1808.298
1808.739
1808.960
1809.180
1809.401
1809.622
1809.842
1810.063
1810.504
1810.945
1811.166
1811.386
1811.607
1811.828
1812.269
1812.489
1812.710
1812.931
1813.151
1813.372
1813.592
1814.033
1814.475
1814.695
1814.916
1815.136
1815.357
1815.798
1816.019
1816.239
1816.460
1816.681
1816.901
1817.122
1817.563
1818.004
1818.225
1818.445
1818.666
1818.886
1821.089
1821.529
1821.970
1822.850
1823.291
1823.731
1824.612
1825.053
1825.493
1826.374
1826.814
1827.255
1828.136
1828.576
1829.017
1829.897
1830.338
1830.778
1831.659
1832.100
1832.540
1833.421
1833.861
1834.302
1835.236
1835.677
1836.118
1836.559
1836.999
1837.440
1837.881
1838.322
1838.762
1839.203
1839.644
1840.085
1840.526
1840.966
1841.407
1841.848
1842.289
1842.730
1843.170
1843.611
1844.052
1844.493
1844.934
1845.374
1845.815
1846.256
1846.697
1847.137
1847.578
1848.019
1848.460
1848.901
1849.341
1849.782
1850.223
1850.664
1851.105
1851.545
1851.986
1852.203
1852.420
1852.854
1853.296
1853.738
1854.180
1854.622
1855.064
1855.506
1855.727
1855.948
1856.391
1856.833
1857.275
1857.717
1858.159
1858.601
1859.043
1859.264
1859.485
1859.927
1860.370
1860.812
1861.254
1861.696
1862.138
1862.580
1862.801
1863.022
1863.464
1863.686
1863.908
1864.129
1864.351
1864.573
1864.794
1865.016
1865.238
1865.459
1865.681
1865.902
1866.124
1866.346
1866.567
1867.001
1867.221
1867.441
1867.661
1867.881
1868.101
1868.320
1868.540
1868.760
1868.980
1869.200
1869.420
1869.640
1869.860
1870.079
1870.299
1870.519
1870.739
1870.959
1871.179
1871.399
1871.619
1871.839
1872.058
1872.278
1872.498
1872.718
1872.938
1873.158
1873.378
1873.598
1873.817
1874.037
1874.257
1874.477
1874.697
1874.917
1875.137
1875.357
1875.576
1877.578
1878.020
1878.240
1878.461
1878.681
1878.902
1879.343
1879.564
1879.784
1880.005
1880.226
1880.446
1880.667
1881.108
1881.549
1881.770
1881.990
1882.211
1882.431
1882.873
1883.093
1883.314
1883.534
1883.755
1883.976
1884.196
1884.637
1885.079
1885.299
1885.520
1885.740
1885.961
1886.402
1886.623
1886.843
1887.064
1887.284
1887.505
1887.726
1888.167
1888.608
1888.829
1889.049
1889.270
1889.490
1891.693
1892.134
1892.354
1892.575
1892.795
1893.016
1893.457
1893.678
1893.898
1894.119
1894.340
1894.560
1894.781
1895.222
1895.663
1895.884
1896.104
1896.325
1896.546
1896.987
1897.207
1897.428
1897.648
1897.869
1898.090
1898.310
1898.751
1899.193
1899.413
1899.634
1899.854
1900.075
1900.516
1900.737
1900.957
1901.178
1901.399
1901.619
1901.840
1902.281
1902.722
1902.943
1903.163
1903.384
1903.604
1905.807
1906.248
1906.468
1906.689
1906.910
1907.130
1907.571
1907.792
1908.013
1908.233
1908.454
1908.674
1908.895
1909.336
1909.777
1909.998
1910.218
1910.439
1910.660
1911.101
1911.321
1911.542
1911.763
1911.983
1912.204
1912.424
1912.866
1913.307
1913.527
1913.748
1913.968
1914.189
1914.630
1914.851
1915.071
1915.292
1915.513
1915.733
1915.954
1916.395
1916.836
1917.057
1917.277
1917.498
1917.719
1919.954
1920.395
1920.616
1920.836
1921.057
1921.278
1921.719
1921.939
1922.160
1922.381
1922.601
1922.822
1923.042
1923.484
1923.925
1924.145
1924.366
1924.587
1924.807
1925.248
1925.469
1925.689
1925.910
1926.131
1926.351
1926.572
1927.013
1927.454
1927.675
1927.895
1928.116
1928.337
1928.778
1928.998
1929.219
1929.440
1929.660
1929.881
1930.101
1930.542
1930.984
1931.204
1931.425
1931.645
1931.866
1934.068
1934.509
1934.951
1935.392
1935.833
1936.274
1936.715
1936.936
1937.156
1937.598
1938.039
1938.480
1938.921
1939.362
1939.804
1940.245
1940.465
1940.686
1941.127
1941.568
1942.009
1942.451
1942.892
1943.333
1943.774
1943.995
1944.215
1944.657
1945.098
1945.539
1945.980
1948.182
1948.623
1949.065
1949.506
1949.947
1950.388
1950.829
1951.050
1951.271
1951.712
1952.153
1952.594
1953.035
1953.476
1953.918
1954.359
1954.579
1954.800
1955.241
1955.682
1956.124
1956.565
1957.006
1957.447
1957.888
1958.109
1958.329
1958.771
1959.212
1959.653
1960.094
1962.296
1962.737
1963.179
1963.620
1964.061
1964.502
1964.943
1965.384
1965.825
1966.266
1966.707
1967.148
1967.589
1968.030
1968.471
1968.912
1969.353
1969.795
1970.236
1970.677
1971.118
1971.559
1972.000
1972.441
1972.882
1973.323
1973.764
1974.205
1974.646
1975.087
1975.528
1975.969
1976.410
1976.631
1976.852
1977.073
1977.294
1977.515
1977.735
1977.956
1978.177
1978.398
1978.619
1978.840
1979.060
1979.281
1979.502
1979.723
1979.944
1980.165
1980.385
1980.606
1980.827
1981.048
1981.269
1981.490
1981.710
1981.931
1982.152
1982.373
1982.594
1982.814
1983.035
1983.256
1983.477
1983.698
1983.919
1984.139
1984.360
1984.581
1984.802
1985.023
1985.244
1985.464
1985.685
1985.906
1986.127
1986.348
1986.569
1986.789
1987.010
1987.231
1987.452
1987.673
1987.893
1988.114
1988.335
1988.556
1990.558
1990.777
1990.996
1991.216
1991.435
1991.654
1991.874
1992.093
1992.312
1992.531
1992.751
1992.970
1993.189
1993.408
1993.628
1994.061
1994.283
1994.505
1994.726
1994.948
1995.170
1995.391
1995.613
1995.835
1996.056
1996.278
1996.500
1996.721
1996.943
1997.165
1997.598
1997.820
1998.042
1998.263
1998.485
1998.707
1998.928
1999.150
1999.372
1999.593
1999.815
2000.036
2000.258
2000.480
2000.701
2001.135
2001.354
2001.574
2001.793
2002.012
2002.232
2002.451
2002.670
2002.889
2003.109
2003.328
2003.547
2003.766
2003.986
2004.205
2004.672
2004.891
2005.111
2005.330
2005.549
2005.768
2005.988
2006.207
2006.426
2006.645
2006.865
2007.084
2007.303
2007.523
2007.742
2008.176
2008.397
2008.619
2008.841
2009.062
2009.284
2009.505
2009.727
2009.949
2010.170
2010.392
2010.614
2010.835
2011.057
2011.279
2011.712
2011.934
2012.156
2012.377
2012.599
2012.821
2013.042
2013.264
2013.486
2013.707
2013.929
2014.151
2014.372
2014.594
2014.816
2015.249
2015.471
2015.693
2015.914
2016.136
2016.358
2016.579
2016.801
2017.023
2017.244
2017.466
2017.687
2017.909
2018.131
2018.352
2025.860
2026.301
2026.742
2027.183
2027.625
2028.066
2028.507
2028.948
2029.389
2029.831
2030.272
2030.713
2031.154
2031.595
2032.036
2032.478
2032.919
2033.360
2033.801
2034.242
2034.684
2035.125
2035.566
2036.007
2036.448
2036.889
2037.331
2037.772
2038.213
2038.654
2039.095
2039.537
2039.978
2040.419
2040.860
2041.301
2041.742
2042.184
2042.625
2043.066
2043.507
2043.948
2044.390
2044.831
2045.272
2045.713
2046.154
2046.595
2047.037
2047.478
2047.919
2048.360
2048.801
2049.243
2049.684
2050.125
2050.566
2051.007
2051.448
2051.890
2052.331
2052.772
2053.213
2053.654
2068.202
2068.422
2068.643
2068.863
2069.083
2069.303
2069.524
2069.744
2069.964
2070.184
2070.404
2070.625
2070.845
2071.065
2071.285
2071.726
2071.946
2072.166
2072.386
2072.607
2072.827
2073.047
2073.267
2073.487
2073.708
2073.928
2074.148
2074.368
2074.589
2074.809
2075.249
2075.469
2075.690
2075.910
2076.130
2076.350
2076.571
2076.791
2077.011
2077.231
2077.451
2077.672
2077.892
2078.112
2078.332
2078.773
2078.993
2079.213
2079.433
2079.654
2079.874
2080.094
2080.314
2089.390
2089.822
2090.038
2090.469
2090.685
2091.117
2091.548
2091.764
2092.196
2092.412
2092.843
2093.275
2093.491
2093.923
2094.139
2094.570
2095.002
2095.218
2095.649
2095.865
2096.297
2096.728
2096.943
2097.158
2097.374
2097.589
2098.020
2098.451
2098.666
2098.881
2099.097
2099.312
2099.743
2100.174
2100.389
2100.604
2100.820
2101.035
2103.204
2103.635
2103.851
2104.282
2104.498
2104.929
2105.360
2105.576
2106.007
2106.223
2106.654
2107.085
2107.301
2107.732
2107.948
2108.379
2108.811
2109.026
2109.458
2109.673
2110.105
2110.536
2110.751
2111.183
2111.398
2111.830
2112.261
2112.477
2112.908
2113.124
2113.555
2113.986
2114.202
2114.633
2114.849
2116.984
2117.362
2117.470
2117.686
2118.010
2118.118
2118.334
2118.712
2119.090
2119.198
2119.414
2119.738
2119.846
2120.061
2120.439
2120.817
2120.925
2121.141
2121.465
2121.573
2121.789
2123.891
2124.269
2124.377
2124.593
2124.917
2125.025
2125.241
2125.619
2125.997
2126.105
2126.321
2126.644
2126.752
2126.968
2127.346
2127.724
2127.832
2128.048
2128.372
2128.480
2128.696
2130.798
2131.176
2131.284
2131.500
2131.824
2131.931
2132.147
2132.525
2132.903
2133.011
2133.227
2133.551
2133.659
2133.874
2134.252
2134.630
2134.738
2134.954
2135.278
2135.386
2135.601
2135.979
2136.357
2136.465
2136.681
2137.005
2137.113
2137.329
2137.706
2138.084
2138.192
2138.408
2138.732
2138.840
2139.056
2139.433
2139.811
2139.919
2140.135
2140.459
2140.567
2140.783
2141.160
2141.538
2141.646
2141.862
2142.186
2142.294
2142.510
2144.679
2145.110
2145.326
2145.757
2145.972
2146.404
2146.835
2147.051
2147.482
2147.698
2148.129
2148.560
2148.776
2149.207
2149.423
2149.854
2150.285
2150.501
2150.932
2151.148
2151.579
2152.011
2152.226
2152.658
2152.873
2153.305
2153.736
2153.951
2154.383
2154.598
2155.030
2155.461
2155.677
2156.108
2156.324
2158.492
2158.708
2158.923
2159.138
2159.354
2159.569
2159.785
2160.000
2160.215
2160.431
2160.646
2160.861
2161.077
2161.292
2161.508
2161.723
2161.938
2162.154
2162.369
2162.584
2162.800
2163.015
2163.230
2163.446
2163.661
2163.877
2164.092
2164.307
2164.523
2164.738
2164.953
2165.169
2165.384
2165.599
2165.815
2166.030
2166.246
2166.461
2166.676
2166.892
2167.107
2167.322
2167.538
2167.753
2167.969
2168.184
2168.399
2168.615
2168.830
2169.045
2169.261
2169.476
2169.691
2169.907
2170.122
2170.338
2172.306
2172.522
2172.738
2172.954
2173.170
2173.386
2173.602
2173.818
2174.034
2174.250
2174.466
2174.682
2174.898
2175.114
2175.330
2175.546
2175.762
2175.978
2176.194
2176.410
2176.626
2176.842
2177.058
2177.274
2177.490
2177.706
2177.922
2178.137
2178.353
2178.569
2178.785
2179.001
2179.217
2179.433
2179.649
2179.865
2180.081
2180.297
2180.513
2180.729
2180.945
2181.161
2181.377
2181.593
2181.809
2182.025
2182.241
2182.457
2182.673
2182.889
2183.105
2183.321
2183.537
2183.753
2183.969
2184.185
2186.153
2186.585
2186.801
2187.016
2187.232
2187.448
2187.664
2187.879
2188.311
2188.527
2188.742
2188.958
2189.174
2189.605
2190.037
2190.253
2190.468
2190.684
2190.900
2191.116
2191.547
2191.979
2192.194
2192.410
2192.626
2193.057
2193.489
2193.705
2193.920
2194.136
2194.352
2194.568
2194.783
2195.215
2195.431
2195.646
2195.862
2196.078
2196.509
2196.941
2197.157
2197.372
2197.588
2197.804
2198.020
2199.098
2199.314
2199.530
2199.962
2200.393
2200.609
2200.825
2201.040
2201.256
2201.472
2201.688
2202.119
2202.335
2202.551
2202.766
2202.982
2203.414
2203.845
2204.061
2204.277
2204.492
2204.708
2204.924
2205.355
2205.787
2206.003
2206.218
2206.434
2206.866
2207.297
2207.513
2207.729
2207.944
2208.160
2208.376
2208.592
2209.023
2209.239
2209.455
2209.670
2209.886
2210.318
2210.749
2210.965
2211.181
2211.396
2211.612
2215.449
2215.881
2216.097
2216.529
2216.745
2217.177
2217.608
2217.824
2218.256
2218.472
2218.904
2219.336
2219.551
2219.983
2220.199
2220.631
2221.063
2221.279
2221.710
2221.926
2222.358
2222.790
2223.006
2223.438
2223.654
2224.085
2224.517
2224.733
2225.165
2225.381
2225.813
2226.244
2226.460
2226.892
2227.108
2227.498
2227.876
2227.984
2228.199
2228.523
2228.631
2228.847
2229.225
2229.602
2229.710
2229.926
2230.250
2230.358
2230.574
2230.951
2231.329
2231.437
2231.653
2231.976
2232.084
2232.300
2232.678
2233.055
2233.163
2233.379
2233.703
2233.811
2234.027
2234.404
2234.782
2234.890
2235.106
2235.429
2235.537
2235.753
2236.131
2236.509
2236.617
2236.832
2237.156
2237.264
2237.480
2237.857
2238.235
2238.343
2238.559
2238.883
2238.991
2239.206
2241.375
2241.591
2241.806
2242.021
2242.237
2242.452
2242.667
2242.883
2243.098
2243.313
2243.529
2243.744
2243.960
2244.175
2244.390
2244.606
2244.821
2245.036
2245.252
2245.467
2245.683
2245.898
2246.113
2246.329
2246.544
2246.759
2246.975
2247.190
2247.405
2247.621
2247.836
2248.052
2248.267
2248.482
2248.698
2248.913
2249.128
2249.344
2249.559
2249.774
2249.990
2250.205
2250.421
2250.636
2250.851
2251.067
2251.282
2251.497
2251.713
2251.928
2252.144
2252.359
2252.574
2252.790
2253.005
2253.220
2255.189
2255.404
2255.620
2255.835
2256.050
2256.266
2256.481
2256.697
2256.912
2257.127
2257.343
2257.558
2257.773
2257.989
2258.204
2258.419
2258.635
2258.850
2259.066
2259.281
2259.496
2259.712
2259.927
2260.142
2260.358
2260.573
2260.789
2261.004
2261.219
2261.435
2261.650
2261.865
2262.081
2262.296
2262.511
2262.727
2262.942
2263.158
2263.373
2263.588
2263.804
2264.019
2264.234
2264.450
2264.665
2264.880
2265.096
2265.311
2265.527
2265.742
2265.957
2266.173
2266.388
2266.603
2266.819
2267.034
2269.003
2269.380
2269.487
2269.702
2270.025
2270.133
2270.348
2270.725
2271.102
2271.209
2271.425
2271.747
2271.855
2272.070
2272.447
2272.824
2272.931
2273.147
2273.470
2273.577
2273.793
2274.169
2274.546
2274.654
2274.869
2275.192
2275.299
2275.515
2275.891
2276.268
2276.376
2276.591
2276.914
2277.022
2277.237
2277.614
2277.990
2278.098
2278.313
2278.636
2278.744
2278.959
2279.336
2279.712
2279.820
2280.035
2280.358
2280.466
2280.681
2282.783
2283.161
2283.269
2283.485
2283.809
2283.917
2284.133
2284.511
2284.889
2284.997
2285.213
2285.537
2285.645
2285.860
2286.238
2286.616
2286.724
2286.940
2287.264
2287.372
2287.588
2289.724
2290.099
2290.206
2290.420
2290.742
2290.849
2291.064
2291.439
2291.814
2291.922
2292.136
2292.458
2292.565
2292.779
2293.155
2293.530
2293.637
2293.852
2294.173
2294.280
2294.495
2296.664
2297.095
2297.527
2297.959
2298.390
2298.822
2299.253
2299.469
2299.685
2300.117
2300.548
2300.980
2301.412
2301.843
2302.275
2302.706
2302.922
2303.138
2303.570
2304.001
2304.433
2304.864
2305.296
2305.728
2306.159
2306.375
2306.591
2307.022
2307.454
2307.886
2308.317
2308.749
2309.181
2309.612
2309.828
2310.044
2313.948
2314.380
2314.812
2315.245
2315.677
2316.109
2316.542
2316.974
2317.406
2317.839
2318.271
2318.703
2319.135
2319.568
2320.000
2320.432
2320.865
2321.297
2321.729
2322.162
2322.594
2323.026
2323.459
2323.891
2324.303
2324.627
2324.735
2324.951
2325.384
2325.600
2325.816
2326.032
2326.356
2326.464
2326.680
2327.112
2327.328
2327.544
2327.760
2328.084
2328.193
2328.409
2328.841
2329.057
2329.273
2329.489
2329.813
2329.921
2330.137
2330.569
2330.785
2331.002
2331.218
2331.542
2331.650
2331.866
2332.298
2332.514
2332.730
2332.946
2333.270
2333.378
2333.594
2334.027
2334.243
2334.459
2334.675
2334.999
2335.107
2335.323
2335.755
2335.971
2336.187
2336.403
2336.834
2337.265
2337.696
2338.127
2338.558
2338.989
2339.420
2339.851
2340.282
2340.713
2341.144
2341.575
2342.006
2342.437
2342.868
2343.299
2343.730
2344.161
2344.592
2345.023
2345.454
2345.885
2346.316
2346.747
2346.962
2347.177
2347.392
2347.606
2347.821
2348.036
2348.251
2348.466
2348.680
2348.895
2349.110
2349.325
2349.540
2349.754
2349.969
2350.184
2351.919
2352.135
2352.350
2352.566
2352.782
2352.997
2353.213
2353.429
2353.644
2353.860
2354.076
2354.292
2354.507
2354.723
2354.939
2355.154
2355.370
2355.586
2355.801
2356.017
2356.233
2356.448
2356.664
2356.880
2357.096
2357.311
2357.527
2357.743
2357.958
2358.174
2358.390
2358.605
2358.821
2359.037
2359.252
2359.468
2359.684
2359.900
2360.115
2360.331
2360.547
2360.762
2360.978
2361.194
2361.409
2361.625
2361.841
2362.056
2362.272
2362.488
2362.704
2362.919
2363.135
2363.351
2363.566
2363.782
2363.998
2364.431
2364.865
2365.299
2365.733
2365.949
2366.165
2366.382
2366.598
2366.814
2367.030
2367.247
2367.463
2367.679
2367.896
2368.112
2368.328
2368.545
2368.761
2368.977
2369.193
2369.410
2369.626
2369.842
2370.059
2370.275
2370.491
2370.707
2370.924
2371.140
2371.356
2371.573
2371.789
2372.005
2372.221
2372.438
2372.654
2372.870
2373.087
2373.303
2373.519
2373.735
2373.952
2374.168
2374.384
2374.601
2374.817
2375.033
2375.249
2375.466
2375.682
2375.898
2376.115
2376.331
2376.547
2376.763
2376.980
2377.196
2377.412
2377.629
2377.845
2378.274
2378.704
2379.134
2379.563
2379.995
2380.426
2380.858
2381.289
2381.721
2382.152
2382.368
2382.584
2383.015
2383.447
2383.878
2384.310
2384.741
2385.173
2385.605
2385.820
2386.036
2386.468
2386.899
2387.331
2387.762
2388.194
2388.625
2389.057
2389.272
2389.488
2389.920
2390.351
2390.783
2391.214
2391.646
2392.077
2392.509
2392.725
2392.940
2393.372
2393.803
2394.235
2394.666
2395.098
2395.529
2395.961
2396.177
2396.392
2396.824
2397.256
2397.687
2398.119
2398.550
2398.982
2399.413
2399.629
2399.845
2400.276
2400.708
2401.139
2401.571
2402.002
2402.434
2402.865
2403.081
2403.297
2403.728
2404.160
2404.591
2405.023
2405.454
2405.886
2406.317
2406.533
2406.749
2407.174
2407.499
2407.607
2407.823
2408.256
2408.472
2408.688
2408.904
2409.229
2409.337
2409.553
2409.986
2410.202
2410.635
2410.959
2411.067
2411.284
2411.716
2411.932
2412.149
2412.365
2412.689
2412.798
2413.014
2413.446
2413.663
2414.095
2414.420
2414.528
2414.744
2415.177
2415.393
2415.609
2415.826
2416.150
2416.258
2416.475
2416.907
2417.123
2417.556
2417.880
2417.989
2418.205
2418.637
2418.854
2419.070
2419.286
2419.719
2420.151
2420.583
2421.016
2421.448
2421.881
2422.313
2422.745
2423.178
2423.610
2424.042
2424.475
2424.907
2425.340
2425.772
2426.204
2426.637
2427.069
2427.501
2427.934
2428.366
2428.799
2429.231
2429.663
2429.878
2430.093
2430.308
2430.522
2430.737
2430.952
2431.167
2431.382
2431.596
2431.811
2432.026
2432.241
2432.456
2432.670
2432.885
2433.100
2433.525
2433.951
2434.376
2434.802
2435.018
2435.234
2435.451
2435.667
2435.883
2436.099
2436.532
2436.748
2436.965
2437.181
2437.397
2437.614
2437.830
2438.262
2438.479
2438.695
2438.911
2439.128
2439.344
2439.560
2439.993
2440.209
2440.425
2440.642
2440.858
2441.074
2441.290
2441.723
2441.939
2442.156
2442.372
2442.588
2442.804
2443.021
2443.453
2443.670
2443.886
2444.102
2444.318
2444.535
2444.751
2445.184
2445.400
2445.616
2445.832
2446.049
2446.265
2446.481
2446.908
2447.335
2447.762
2448.189
2448.549
2448.765
2448.981
2449.198
2449.414
2449.630
2449.846
2450.279
2450.495
2450.711
2450.928
2451.144
2451.360
2451.577
2452.009
2452.225
2452.442
2452.658
2452.874
2453.090
2453.307
2453.739
2453.955
2454.172
2454.388
2454.604
2454.821
2455.037
2455.469
2455.686
2455.902
2456.118
2456.334
2456.551
2456.767
2457.199
2457.416
2457.632
2457.848
2458.065
2458.281
2458.497
2458.930
2459.146
2459.362
2459.578
2459.795
2460.011
2460.227
2462.396
2462.835
2463.275
2463.494
2463.714
2464.153
2464.593
2465.032
2465.252
2465.471
2465.911
2466.350
2466.789
2467.009
2467.229
2467.668
2468.107
2468.547
2468.766
2468.986
2469.429
2469.872
2470.315
2470.758
2471.201
2471.644
2472.087
2472.530
2472.973
2473.194
2473.415
2473.636
2473.857
2474.079
2474.300
2474.521
2474.742
2474.963
2475.184
2475.405
2475.626
2475.847
2476.068
2476.289
2476.510
2490.624
2491.065
2491.506
2491.947
2492.388
2492.828
2493.269
2493.710
2494.151
2494.592
2495.033
2495.474
2495.914
2496.355
2496.796
2497.237
2497.678
2498.119
2498.560
2499.000
2499.441
2499.882
2500.323
2500.764
2501.205
2501.646
2502.086
2502.527
2502.968
2503.409
2503.850
2504.291
2504.732
2505.172
2505.613
2506.054
2506.495
2506.936
2507.377
2507.818
2508.258
2508.699
2509.140
2509.581
2510.022
2510.463
2510.904
2511.344
2511.785
2512.226
2512.667
2513.108
2513.549
2513.990
2514.430
2514.871
2515.312
2515.753
2516.194
2516.635
2517.076
2517.516
2517.957
2518.398
2518.839
2519.280
2519.721
2520.162
2520.602
2521.043
2521.484
2521.925
2522.366
2522.807
2523.248
2523.688
2524.129
2524.570
2525.011
2525.452
2525.893
2526.114
2526.336
2526.558
2526.779
2527.001
2527.223
2527.444
2527.666
2527.888
2528.109
2528.331
2528.553
2528.774
2528.996
2529.218
2529.439
2529.661
2529.882
2530.104
2530.326
2530.547
2530.769
2530.991
2531.212
2531.434
2531.656
2531.877
2532.099
2532.733
2532.954
2533.175
2533.396
2533.617
2533.838
2534.059
2534.501
2534.722
2534.943
2535.165
2535.386
2535.607
2535.828
2536.270
2536.491
2536.712
2536.933
2537.154
2537.375
2537.596
2538.038
2538.259
2538.480
2538.701
2538.922
2539.144
2539.365
2539.807
2540.028
2540.249
2540.470
2540.691
2540.912
2541.133
2541.575
2541.796
2542.017
2542.238
2542.459
2542.680
2542.901
2543.344
2543.565
2543.786
2544.007
2544.228
2544.449
2544.670
2545.112
2547.081
2547.301
2547.521
2547.742
2547.962
2548.182
2548.623
2548.843
2549.064
2549.284
2549.504
2549.725
2549.945
2550.386
2550.606
2550.826
2551.047
2551.267
2551.488
2551.708
2552.149
2552.369
2552.589
2552.810
2553.030
2553.250
2553.471
2553.911
2554.132
2554.352
2554.572
2554.793
2555.013
2555.233
2555.674
2555.894
2556.115
2556.335
2556.555
2556.776
2556.996
2557.437
2557.657
2557.878
2558.098
2558.318
2558.539
2558.759
2560.995
2561.215
2561.435
2561.655
2561.875
2562.095
2562.315
2562.755
2562.975
2563.195
2563.415
2563.635
2563.855
2564.075
2564.515
2564.735
2564.955
2565.175
2565.395
2565.615
2565.835
2566.275
2566.495
2566.715
2566.935
2567.155
2567.375
2567.595
2568.035
2568.256
2568.477
2568.698
2568.919
2569.140
2569.361
2569.582
2569.803
2570.024
2570.245
2570.466
2570.688
2570.909
2571.130
2571.351
2571.572
2571.793
2572.014
2572.235
2572.456
2572.677
2572.898
2573.119
2573.340
2573.561
2573.782
2574.003
2574.224
2574.445
2574.666
2574.888
2575.109
2582.416
2582.637
2582.858
2583.079
2583.300
2583.521
2583.742
2584.184
2584.405
2584.626
2584.847
2585.069
2585.290
2585.511
2585.953
2586.174
2586.395
2586.616
2586.837
2587.058
2587.279
2587.500
2587.721
2589.423
2589.645
2589.866
2590.088
2590.310
2590.531
2590.753
2590.974
2591.196
2591.418
2591.639
2591.861
2592.083
2592.304
2592.526
2592.960
2593.180
2593.401
2593.622
2593.843
2594.063
2594.284
2594.505
2594.726
2594.946
2595.167
2595.388
2595.609
2595.829
2596.050
2596.491
2596.712
2596.933
2597.154
2597.374
2597.595
2597.816
2598.037
2598.257
2598.478
2598.699
2598.920
2599.140
2599.361
2599.582
2600.023
2600.244
2600.465
2600.685
2600.906
2601.127
2601.348
2601.568
2601.789
2602.010
2602.231
2602.451
2602.672
2602.893
2603.113
2603.555
2603.776
2603.996
2604.217
2604.438
2604.659
2604.879
2605.100
2605.321
2605.542
2605.762
2605.983
2606.204
2606.424
2606.645
2607.087
2607.307
2607.528
2607.749
2607.970
2608.190
2608.411
2608.632
2608.853
2609.073
2609.294
2609.515
2609.735
2609.956
2610.177
2610.618
2610.839
2611.060
2611.281
2611.501
2611.722
2611.943
2612.164
2612.384
2612.605
2612.826
2613.046
2613.267
2613.488
2613.709
2614.150
2614.371
2614.592
2614.812
2615.033
2615.254
2615.475
2615.695
2615.916
2617.651
2618.533
2619.415
2620.297
2621.178
2622.060
2622.942
2623.824
2630.964
2631.715
2632.091
2632.466
2632.841
2633.217
2633.967
2634.701
2634.885
2635.069
2635.836
2636.214
2636.592
2636.970
2637.721
2638.097
2638.472
2638.847
2639.223
2639.973
2640.707
2640.891
2641.075
2641.842
2642.231
2642.620
2643.010
2643.761
2644.136
2644.511
2644.887
2645.262
2646.013
2646.747
2646.947
2647.147
2647.881
2648.259
2648.638
2649.016
2649.767
2650.142
2650.517
2650.893
2651.268
2652.019
2652.786
2652.970
2653.153
2653.887
2654.288
2654.688
2661.228
2661.650
2662.071
2662.493
2662.914
2663.336
2663.758
2664.179
2664.601
2665.023
2665.444
2665.866
2668.035
2668.255
2668.474
2668.694
2668.914
2669.134
2669.354
2669.574
2669.793
2670.013
2670.233
2670.453
2670.673
2670.893
2671.112
2671.552
2671.772
2671.992
2672.211
2672.431
2672.651
2672.871
2673.091
2673.311
2673.530
2673.750
2673.970
2674.190
2674.410
2674.630
2675.069
2675.289
2675.509
2675.729
2675.949
2676.168
2676.388
2676.608
2676.828
2677.048
2677.268
2677.487
2677.707
2677.927
2678.147
2678.586
2678.806
2679.026
2679.246
2679.466
2679.686
2679.905
2680.125
2680.345
2680.565
2680.785
2681.005
2681.224
2681.444
2681.664
2682.104
2682.324
2682.543
2682.763
2682.983
2683.203
2683.423
2683.643
2683.862
2684.082
2684.302
2684.522
2684.742
2684.961
2685.181
2685.621
2685.841
2686.061
2686.280
2686.500
2686.720
2686.940
2687.160
2687.380
2687.599
2687.819
2688.039
2688.259
2688.479
2688.699
2689.138
2689.358
2689.578
2689.798
2690.018
2690.237
2690.457
2690.677
2690.897
2691.117
2691.336
2691.556
2691.776
2691.996
2692.216
2692.655
2692.875
2693.095
2693.315
2693.535
2693.755
2693.974
2694.194
2696.163
2696.603
2697.042
2697.482
2697.922
2698.361
2698.801
2699.241
2699.681
2700.120
2700.560
2701.000
2701.440
2701.879
2702.319
2702.759
2703.198
2703.638
2704.078
2704.518
2704.957
2705.397
2705.837
2706.277
2706.716
2707.156
2707.596
2708.035
2708.475
2708.698
2708.920
2709.142
2709.365
2709.587
2709.810
2724.391
2724.832
2725.273
2725.714
2726.155
2726.596
2727.037
2727.920
2728.361
2728.802
2729.243
2729.684
2730.125
2730.566
2731.448
2731.889
2732.330
2732.771
2733.212
2733.653
2734.095
2734.977
2735.418
2735.859
2736.300
2736.741
2737.182
2737.623
2738.505
2738.948
2739.390
2739.833
2740.276
2740.718
2741.161
2741.604
2742.046
2742.489
2742.932
2743.374
2743.817
2744.260
2744.702
2745.145
2745.366
2745.587
2745.807
2746.028
2746.249
2746.470
2746.690
2746.911
2747.132
2747.352
2747.573
2747.794
2748.015
2748.235
2748.456
2748.677
2748.898
2749.118
2749.339
2749.560
2749.781
2750.001
2750.222
2750.443
2750.663
2750.884
2752.186
2752.413
2752.641
2752.868
2753.096
2753.323
2753.551
2753.778
2754.006
2754.233
2754.461
2754.688
2754.916
2755.143
2755.371
2755.598
2755.826
2756.053
2756.281
2756.508
2756.736
2756.963
2757.191
2757.418
2757.646
2757.873
2758.101
2758.328
2758.556
2758.783
2759.011
2759.238
2759.466
2759.693
2759.921
2760.148
2760.376
2760.603
2760.831
2761.058
2761.286
2761.513
2761.741
2761.968
2762.196
2762.423
2762.651
2762.878
2763.106
2763.333
2763.561
2763.788
2764.016
2764.243
2764.471
2764.698
2766.733
2766.961
2767.188
2767.416
2767.643
2767.871
2768.098
2768.326
2768.553
2768.781
2769.008
2769.236
2769.463
2769.691
2769.918
2770.146
2770.373
2770.601
2770.828
2771.056
2771.283
2771.511
2771.738
2771.966
2772.193
2772.421
2772.648
2772.876
2773.103
2773.331
2773.558
2773.786
2774.013
2774.241
2774.468
2774.696
2774.923
2775.151
2775.378
2775.606
2775.833
2776.061
2776.288
2776.516
2776.743
2776.971
2777.198
2777.426
2777.653
2777.881
2778.108
2778.336
2778.563
2778.791
2779.018
2779.246
2784.885
2785.112
2785.340
2785.567
2785.795
2786.022
2786.250
2786.477
2786.705
2786.932
2787.160
2787.387
2787.615
2787.842
2788.070
2788.297
2788.525
2788.752
2788.980
2789.207
2789.435
2789.662
2789.890
2790.117
2790.345
2790.572
2790.800
2791.027
2791.255
2791.482
2791.710
2791.937
2792.165
2792.392
2792.620
2792.847
2793.075
2793.302
2793.530
2793.757
2793.985
2794.212
2794.440
2794.667
2794.895
2795.122
2795.350
2795.577
2795.805
2796.032
2796.260
2796.487
2796.715
2796.942
2797.170
2797.397
2799.399
2799.627
2799.854
2800.082
2800.309
2800.537
2800.764
2800.992
2801.219
2801.447
2801.674
2801.902
2802.129
2802.357
2802.584
2802.812
2803.039
2803.267
2803.494
2803.722
2803.949
2804.177
2804.404
2804.632
2804.859
2805.087
2805.314
2805.542
2805.769
2805.997
2806.224
2806.452
2806.679
2806.907
2807.134
2807.362
2807.589
2807.817
2808.044
2808.272
2808.499
2808.727
2808.954
2809.182
2809.409
2809.637
2809.864
2810.092
2810.319
2810.547
2810.774
2811.002
2811.229
2811.457
2811.684
2811.912
2813.914
2814.369
2814.824
2815.278
2815.733
2816.188
2816.643
2817.098
2817.553
2818.008
2818.463
2818.918
2819.372
2819.827
2820.282
2820.737
2821.192
2821.647
2822.102
2822.557
2823.012
2823.466
2823.921
2824.376
2824.831
2825.286
2825.741
2826.196
2826.651
2827.105
2827.560
2828.015
2828.470
2828.925
2829.380
2829.835
2830.290
2830.745
2831.199
2831.654
2832.109
2832.564
2833.019
2833.474
2833.929
2834.384
2834.839
2835.293
2835.748
2836.203
2836.658
2837.113
2837.568
2838.023
2838.478
2838.932
2839.387
2839.842
2840.297
2840.752
2841.207
2841.662
2842.117
2842.572
2843.026
2843.481
2843.936
2844.391
2844.846
2845.301
2845.756
2846.211
2846.666
2847.120
2847.575
2848.030
2848.485
2848.940
2849.395
2849.850
2850.263
2850.490
2850.717
2850.944
2851.171
2851.398
2851.625
2851.852
2852.079
2852.305
2852.532
2852.759
2852.986
2853.213
2853.440
2853.667
2853.894
2854.121
2854.348
2854.574
2854.801
2855.028
2855.255
2855.482
2855.709
2855.936
2856.163
2856.390
2857.524
2857.752
2857.979
2858.207
2858.434
2858.662
2858.889
2859.117
2859.344
2859.572
2859.799
2860.027
2860.254
2860.482
2860.709
2860.937
2861.164
2861.392
2861.619
2861.847
2862.074
2862.302
2862.529
2862.757
2862.984
2863.212
2863.439
2863.667
2863.894
2864.122
2864.349
2864.577
2864.804
2865.032
2865.259
2865.487
2865.714
2865.942
2866.169
2866.397
2866.624
2866.852
2867.079
2867.307
2867.534
2867.762
2867.989
2868.217
2868.444
2868.672
2868.899
2869.127
2869.354
2869.582
2869.809
2870.037
2872.039
2872.266
2872.494
2872.721
2872.949
2873.176
2873.404
2873.631
2873.859
2874.086
2874.314
2874.541
2874.769
2874.996
2875.224
2875.451
2875.679
2875.906
2876.134
2876.361
2876.589
2876.816
2877.044
2877.271
2877.499
2877.726
2877.954
2878.181
2878.409
2878.636
2878.864
2879.091
2879.319
2879.546
2879.774
2880.001
2880.229
2880.456
2880.684
2880.911
2881.139
2881.366
2881.594
2881.821
2882.049
2882.276
2882.504
2882.731
2882.959
2883.186
2883.414
2883.641
2883.869
2884.096
2884.324
2884.551
2886.586
2887.039
2887.492
2887.944
2888.397
2888.849
2889.302
2889.754
2890.207
2890.659
2891.112
2891.564
2892.017
2892.469
2892.922
2893.374
2893.827
2894.055
2894.283
2894.511
2894.739
2894.967
2895.195
2895.423
2895.651
2895.879
2896.107
2896.335
2896.563
2896.791
2897.019
2897.247
2897.475
2897.703
2897.931
2898.159
2898.387
2898.615
2898.843
2899.071
2899.299
2899.527
2899.755
2899.983
2900.211
2900.439
2900.667
2901.121
2901.575
2901.802
2902.029
2902.482
2902.936
2903.390
2903.617
2903.844
2904.297
2904.751
2905.205
2905.432
2905.659
2906.113
2906.566
2907.020
2907.247
2907.474
2908.375
2908.827
2909.053
2909.279
2909.731
2910.183
2910.635
2910.861
2911.087
2911.539
2911.991
2912.443
2912.669
2912.895
2913.346
2915.649
2915.875
2916.102
2916.329
2916.555
2916.782
2917.009
2917.235
2917.462
2917.689
2917.915
2918.142
2918.369
2918.595
2918.822
2919.049
2919.275
2919.502
2919.729
2919.955
2920.182
2920.409
2920.635
2920.862
2921.089
2921.315
2921.542
2921.769
2921.995
2922.222
2922.889
2923.116
2923.343
2923.569
2923.796
2924.022
2924.249
2924.476
2924.702
2924.929
2925.156
2925.382
2925.609
2925.835
2926.062
2926.289
2926.515
2926.742
2926.968
2927.195
2927.422
2927.648
2927.875
2928.102
2928.328
2928.787
2929.246
2929.705
2930.163
2930.389
2930.614
2930.839
2931.064
2931.289
2931.515
2931.740
2931.965
2932.079
2932.193
2932.307
2932.421
2932.536
2932.650
2932.764
2932.878
2932.992
2933.106
2933.220
2933.334
2933.448
2933.562
2933.676
2933.791
2933.905
2934.019
2934.133
2934.247
2934.361
2934.475
2934.589
2934.703
2934.817
2934.932
2935.046
2935.160
2935.274
2935.388
2935.502
2937.437
2937.664
2937.891
2938.118
2938.345
2938.572
2938.799
2939.025
2939.252
2939.479
2939.706
2939.933
2940.160
2940.387
2940.614
2940.841
2941.068
2941.294
2941.521
2941.748
2941.975
2942.202
2942.429
2942.656
2942.883
2943.110
2943.336
2943.563
2943.790
2944.017
2944.244
2944.471
2944.698
2944.925
2945.152
2945.378
2945.605
2945.832
2946.059
2946.286
2946.513
2946.740
2946.967
2947.194
2947.421
2947.647
2947.874
2948.101
2948.328
2948.555
2948.782
2949.009
2949.236
2949.463
2949.689
2949.916
2951.952
2952.180
2952.407
2952.635
2952.863
2953.091
2953.319
2953.546
2953.774
2954.002
2954.230
2954.458
2954.685
2954.913
2955.141
2955.369
2955.597
2955.825
2956.052
2956.280
2956.508
2956.736
2956.964
2957.191
2957.419
2957.647
2957.875
2958.103
2958.331
2958.558
2959.226
2959.453
2959.679
2959.906
2960.133
2960.360
2960.587
2960.814
2961.041
2961.268
2961.495
2961.721
2961.948
2962.175
2962.402
2962.629
2962.856
2963.083
2963.310
2963.537
2963.764
2966.466
2966.908
2967.349
2967.790
2968.232
2968.673
2969.114
2969.556
2969.997
2970.438
2970.880
2971.321
2971.762
2972.204
2972.645
2973.086
2973.528
2973.969
2974.411
2974.852
2975.293
2975.735
2976.176
2976.617
2977.059
2977.500
2977.941
2978.383
2978.824
2979.265
2979.707
2980.148
2980.589
2981.031
2981.472
2981.913
2982.355
2982.796
2983.238
2983.679
2984.120
2984.562
2985.003
2985.444
2985.886
2986.327
2986.768
2987.210
2987.651
2988.092
2988.534
2988.975
2989.416
2989.858
2990.299
2990.740
2991.182
2991.623
2992.065
2992.506
2992.947
2993.389
2993.830
2994.271
2994.713
2995.154
2995.595
2996.037
2996.478
2996.919
2997.361
2997.802
2998.243
2998.685
2999.126
2999.567
3000.009
3000.450
3000.892
3001.333
3001.774
3002.216
3002.657
3003.098
3003.540
3003.981
3004.422
3004.864
3005.305
3005.526
3005.747
3005.968
3006.189
3006.410
3006.631
3006.852
3007.073
3007.516
3007.958
3008.400
3008.842
3009.062
3009.282
3009.503
3009.723
3009.943
3010.163
3010.383
3010.604
3010.824
3011.044
3011.264
3011.485
3011.705
3011.925
3012.145
3012.579
3012.801
3013.022
3013.244
3013.466
3013.687
3013.909
3014.131
3014.352
3014.574
3014.795
3015.017
3015.239
3015.460
3015.682
3016.116
3016.335
3016.554
3016.774
3016.993
3017.212
3017.431
3017.651
3017.870
3018.089
3018.308
3018.528
3018.747
3018.966
3019.186
3019.653
3019.872
3020.091
3020.310
3020.530
3020.749
3020.968
3021.188
3021.407
3021.626
3021.845
3022.065
3022.284
3022.503
3022.722
3023.156
3023.378
3023.600
3023.821
3024.043
3024.264
3024.486
3024.708
3024.929
3025.151
3025.373
3025.594
3025.816
3026.038
3026.259
3026.693
3026.915
3027.136
3027.358
3027.580
3027.801
3028.023
3028.245
3028.466
3028.688
3028.910
3029.131
3029.353
3029.575
3029.796
3030.230
3030.452
3030.673
3030.895
3031.117
3031.338
3031.560
3031.781
3032.003
3032.225
3032.446
3032.668
3032.890
3033.111
3033.333
3033.767
3033.984
3034.201
3034.417
3034.634
3034.851
3035.068
3037.070
3037.511
3037.952
3038.394
3038.835
3039.276
3039.717
3040.158
3040.600
3041.041
3041.482
3041.923
3042.364
3042.805
3043.247
3043.688
3044.129
3044.570
3045.011
3045.453
3045.894
3046.335
3046.776
3047.217
3047.658
3048.100
3048.541
3048.982
3049.423
3049.864
3050.306
3050.747
3051.188
3051.629
3052.070
3052.511
3052.953
3053.394
3053.835
3054.276
3054.717
3055.159
3055.600
3056.041
3056.482
3056.923
3057.364
3057.806
3058.247
3058.688
3059.129
3059.570
3060.012
3060.453
3060.894
3061.335
3061.776
3062.217
3062.659
3063.100
3063.541
3063.982
3064.423
3064.865
3082.983
3083.424
3083.865
3084.307
3084.748
3085.189
3085.630
3086.072
3086.513
3086.954
3087.396
3087.837
3088.278
3088.720
3089.161
3089.602
3090.043
3090.485
3090.926
3091.367
3091.809
3092.250
3092.691
3093.133
3093.574
3094.015
3094.456
3094.898
3095.339
3095.780
3096.222
3096.663
3104.170
3104.391
3104.611
3104.832
3105.052
3105.273
3105.493
3105.714
3105.934
3106.155
3106.375
3106.596
3106.816
3107.036
3107.257
3107.477
3107.698
3107.918
3108.139
3108.359
3108.580
3108.800
3109.021
3109.241
3109.461
3109.682
3109.902
3110.123
3110.343
3111.211
3111.432
3111.652
3111.873
3112.094
3112.535
3112.756
3112.977
3113.198
3113.419
3113.639
3113.860
3114.302
3114.522
3114.743
3114.964
3115.185
3115.406
3115.626
3116.068
3116.289
3116.509
3116.730
3116.951
3117.172
3117.393
3117.834
3118.055
3118.276
3118.496
3118.717
3118.938
3119.159
3119.600
3119.821
3120.042
3120.263
3120.483
3120.704
3120.925
3121.367
3121.587
3121.808
3122.029
3122.250
3122.470
3122.691
3123.133
3123.354
3123.574
3123.795
3124.016
3124.237
3124.457
3125.358
3125.578
3125.799
3126.019
3126.239
3126.679
3126.899
3127.119
3127.339
3127.559
3127.780
3128.000
3128.440
3128.660
3128.880
3129.100
3129.320
3129.540
3129.761
3130.201
3130.421
3130.641
3130.861
3131.081
3131.301
3131.521
3131.962
3132.182
3132.402
3132.622
3132.842
3133.062
3133.282
3133.723
3133.943
3134.163
3134.383
3134.603
3134.823
3135.043
3135.483
3135.704
3135.924
3136.144
3136.364
3136.584
3136.804
3137.244
3137.464
3137.685
3137.905
3138.125
3138.345
3138.565
3139.012
3139.459
3139.901
3140.121
3140.342
3140.563
3140.784
3141.225
3141.446
3141.667
3141.887
3142.108
3142.329
3142.549
3142.991
3143.432
3143.653
3143.874
3144.095
3144.315
3144.757
3144.978
3145.198
3145.419
3145.640
3145.861
3146.081
3146.523
3146.964
3147.185
3147.406
3147.627
3147.847
3148.289
3148.509
3148.730
3148.951
3149.172
3149.392
3149.613
3150.055
3150.496
3150.717
3150.938
3151.158
3151.379
3151.821
3152.041
3152.262
3152.483
3152.704
3152.924
3153.145
3153.586
3154.027
3154.248
3154.688
3154.909
3155.349
3155.790
3156.010
3156.451
3156.671
3157.112
3157.553
3157.773
3158.214
3158.434
3158.875
3159.315
3159.536
3159.976
3160.197
3160.637
3161.078
3161.298
3161.739
3161.959
3162.400
3162.841
3163.061
3163.502
3163.722
3164.163
3164.603
3164.824
3165.264
3165.485
3165.925
3166.366
3174.774
3175.653
3176.092
3176.532
3177.410
3177.850
3178.289
3179.168
3179.607
3180.046
3181.815
3182.699
3183.583
3184.467
3185.352
3186.236
3187.120
3188.004
3188.888
3189.773
3190.657
3191.541
3192.425
3193.310
3194.194
3195.078
3195.962
3196.402
3196.842
3197.282
3197.722
3198.162
3198.602
3199.042
3199.482
3199.922
3200.362
3200.802
3201.242
3201.682
3202.122
3202.563
3203.003
3203.223
3203.444
3203.664
3203.885
3204.105
3204.326
3204.546
3204.767
3204.987
3205.208
3205.428
3205.649
3205.869
3206.090
3206.310
3206.531
3206.751
3206.972
3207.192
3207.413
3207.633
3207.854
3208.074
3210.076
3210.297
3210.518
3210.739
3210.959
3211.401
3211.622
3211.842
3212.063
3212.284
3212.505
3212.726
3213.167
3213.388
3213.609
3213.829
3214.050
3214.271
3214.492
3214.933
3215.154
3215.375
3215.596
3215.816
3216.037
3216.258
3216.700
3216.920
3217.141
3217.362
3217.583
3217.803
3218.024
3218.466
3218.687
3218.907
3219.128
3219.349
3219.570
3219.790
3220.232
3220.453
3220.674
3220.894
3221.115
3221.336
3221.557
3221.998
3222.219
3222.440
3222.661
3222.881
3223.102
3223.323
3224.190
3224.631
3224.852
3225.072
3225.293
3225.514
3225.955
3226.175
3226.396
3226.616
3226.837
3227.057
3227.278
3227.719
3228.160
3228.380
3228.601
3228.822
3229.042
3229.483
3229.704
3229.924
3230.145
3230.365
3230.586
3230.806
3231.247
3231.688
3231.909
3232.130
3232.350
3232.571
3233.012
3233.232
3233.453
3233.673
3233.894
3234.114
3234.335
3234.776
3235.217
3235.438
3235.658
3235.879
3236.099
3236.540
3236.761
3236.981
3237.202
3237.422
3237.642
3237.863
3238.304
3238.524
3238.745
3238.965
3239.186
3239.406
3239.626
3240.067
3240.288
3240.508
3240.729
3240.949
3241.170
3241.390
3241.831
3242.051
3242.272
3242.492
3242.713
3242.933
3243.154
3243.595
3243.815
3244.035
3244.256
3244.476
3244.697
3244.917
3245.358
3245.579
3245.799
3246.020
3246.240
3246.460
3246.681
3247.122
3247.342
3247.563
3247.783
3248.004
3248.224
3248.444
3248.885
3249.106
3249.326
3249.547
3249.767
3249.988
3250.208
3250.649
3250.869
3251.090
3251.310
3251.531
3251.751
3252.452
3252.893
3253.114
3253.334
3253.555
3253.775
3254.216
3254.437
3254.657
3254.878
3255.098
3255.319
3255.539
3255.980
3256.422
3256.642
3256.863
3257.083
3257.304
3257.745
3257.965
3258.186
3258.406
3258.627
3258.847
3259.068
3259.509
3259.950
3260.171
3260.391
3260.612
3260.832
3261.273
3261.494
3261.714
3261.935
3262.155
3262.376
3262.596
3263.038
3263.479
3263.699
3263.920
3264.140
3264.361
3264.802
3265.022
3265.243
3265.463
3265.684
3265.904
3266.125
3266.566
3267.006
3267.447
3267.888
3268.328
3268.769
3269.210
3269.650
3270.091
3270.532
3270.972
3271.413
3271.854
3272.295
3272.735
3273.176
3273.617
3274.057
3274.498
3274.939
3275.379
3275.820
3276.261
3276.701
3277.142
3277.583
3278.023
3278.464
3278.905
3279.345
3280.647
3281.527
3282.407
3283.287
3284.167
3285.047
3285.927
3286.807
3287.687
3294.727
3295.170
3295.612
3296.054
3296.496
3296.938
3297.380
3297.822
3298.264
3298.706
3299.149
3299.591
3300.033
3300.475
3300.917
3301.359
3301.801
3302.243
3302.685
3303.128
3303.570
3304.012
3304.454
3304.896
3305.338
3305.780
3306.222
3306.664
3307.107
3307.549
3307.991
3308.433
3308.875
3309.096
3309.316
3309.537
3309.757
3309.978
3310.198
3310.419
3310.639
3310.860
3311.081
3311.301
3311.522
3311.742
3311.963
3312.183
3312.404
3312.624
3312.845
3313.066
3313.286
3313.507
3313.727
3313.948
3314.168
3314.389
3314.610
3314.830
3315.051
3315.271
3315.492
3315.712
3315.933
3316.153
3316.374
3316.595
3316.815
3317.036
3317.256
3317.477
3317.697
3317.918
3318.138
3318.359
3318.580
3318.800
3319.021
3319.241
3319.462
3319.682
3319.903
3320.123
3320.344
3320.565
3320.785
3321.006
3321.226
3321.447
3321.667
3321.888
3322.455
3322.676
3322.896
3323.117
3323.337
3323.558
3323.779
3323.999
3324.220
3324.440
3324.661
3324.881
3325.102
3325.322
3325.543
3325.764
3325.984
3326.205
3326.425
3326.646
3326.866
3327.087
3327.308
3327.528
3327.749
3327.969
3328.190
3328.410
3328.631
3328.851
3329.072
3329.293
3329.513
3329.734
3329.954
3330.175
3330.395
3330.616
3330.836
3331.057
3331.278
3331.498
3331.719
3331.939
3332.160
3332.380
3332.601
3332.821
3333.042
3333.263
3333.483
3333.704
3333.924
3334.145
3334.365
3334.586
3334.807
3335.027
3335.248
3335.468
3336.569
3336.790
3337.010
3337.231
3337.451
3337.672
3337.892
3338.113
3338.334
3338.554
3338.775
3338.995
3339.216
3339.436
3339.657
3339.877
3340.098
3340.318
3340.539
3340.759
3340.980
3341.200
3341.421
3341.642
3341.862
3342.083
3342.303
3342.524
3342.744
3342.965
3343.185
3343.406
3343.626
3343.847
3344.067
3344.288
3344.508
3344.729
3344.950
3345.170
3345.391
3345.611
3345.832
3346.052
3346.273
3346.493
3346.714
3346.934
3347.155
3347.375
3347.596
3347.816
3348.037
3348.258
3348.478
3348.699
3348.919
3349.140
3349.360
3349.581
3349.801
3350.022
3350.242
3350.463
3350.683
3351.124
3351.345
3351.566
3351.786
3352.007
3352.448
3352.668
3352.889
3353.109
3353.330
3353.550
3353.771
3354.212
3354.653
3354.874
3355.094
3355.315
3355.535
3355.976
3356.197
3356.417
3356.638
3356.858
3357.079
3357.299
3357.740
3358.182
3358.402
3358.623
3358.843
3359.064
3359.505
3359.725
3359.946
3360.166
3360.387
3360.607
3360.828
3361.269
3361.710
3361.931
3362.151
3362.372
3362.592
3363.033
3363.254
3363.474
3363.695
3363.915
3364.136
3364.356
3364.797
3365.018
3365.239
3365.460
3365.680
3365.901
3366.122
3366.342
3366.563
3366.784
3367.004
3367.225
3367.446
3367.666
3367.887
3368.108
3368.328
3368.549
3368.770
3368.990
3369.211
3369.432
3369.652
3369.873
3370.094
3370.314
3370.535
3370.756
3370.976
3371.197
3371.418
3371.638
3371.859
3372.080
3372.300
3372.521
3372.742
3372.962
3373.183
3373.404
3373.624
3373.845
3374.066
3374.286
3374.507
3374.728
3374.948
3375.169
3375.390
3375.610
3375.831
3376.052
3376.272
3376.493
3376.714
3376.934
3377.155
3377.376
3377.596
3377.817
3378.038
3378.258
3378.479
3378.700
3378.920
3379.141
3379.362
3379.582
3379.803
3380.024
3380.244
3380.465
3380.686
3380.906
3381.127
3381.348
3381.568
3381.789
3382.010
3382.230
3382.451
3382.672
3382.892
3383.113
3383.334
3383.554
3383.775
3383.996
3384.216
3384.437
3384.658
3384.878
3385.099
3385.320
3385.540
3385.761
3385.982
3386.202
3386.423
3386.644
3386.864
3387.085
3387.306
3387.526
3387.747
3387.968
3388.188
3388.409
3388.630
3388.850
3389.071
3389.292
3389.512
3389.733
3389.954
3390.174
3390.395
3390.616
3390.836
3391.057
3393.098
3393.981
3394.863
3395.746
3396.629
3397.511
3398.394
3399.276
3400.159
3401.042
3401.924
3402.807
3403.689
3404.572
3405.455
3406.337
3407.220
3408.103
3408.985
3409.868
3410.750
3411.633
3412.516
3413.398
3414.281
3414.714
3415.148
3415.582
3416.015
3416.449
3416.882
3417.316
3417.750
3418.183
3418.617
3419.050
3419.484
3419.918
3420.351
3420.785
3421.218
3421.652
3422.086
3422.519
3422.953
3423.387
3423.820
3424.254
3424.687
3425.121
3425.555
3425.988
3426.422
3428.334
3428.778
3429.221
3429.665
3430.108
3430.552
3430.995
3431.438
3431.882
3432.325
3432.769
3433.212
3433.656
3434.099
3434.543
3434.986
3435.429
3435.873
3436.316
3436.760
3437.203
3437.647
3438.090
3438.533
3438.977
3439.420
3439.864
3440.307
3440.751
3441.194
3441.638
3442.081
3442.444
3442.659
3442.875
3443.091
3443.307
3443.523
3443.738
3443.954
3444.170
3444.386
3444.602
3444.817
3445.033
3445.249
3445.465
3445.681
3445.896
3446.112
3446.328
3446.544
3446.760
3446.975
3447.191
3447.407
3447.623
3447.839
3448.054
3448.270
3448.486
3448.702
3448.918
3449.133
3449.349
3449.565
3449.781
3449.997
3450.212
3450.428
3450.644
3450.860
3451.076
3451.291
3451.507
3451.723
3451.939
3452.155
3452.370
3452.586
3452.802
3453.018
3453.234
3453.449
3453.665
3453.881
3454.097
3454.313
3454.528
3454.744
3454.960
3455.176
3455.392
3455.607
3455.823
3456.039
3456.255
3456.471
3456.686
3456.902
3457.118
3457.334
3457.550
3457.765
3457.981
3458.197
3458.413
3458.629
3458.844
3459.060
3459.276
3459.492
3459.708
3459.923
3460.139
3460.355
3460.571
3460.787
3461.002
3461.218
3461.434
3461.650
3461.866
3462.081
3462.297
3462.513
3462.729
3462.945
3463.160
3463.376
3463.592
3463.808
3464.024
3464.239
3464.455
3464.671
3464.887
3465.103
3465.318
3465.534
3465.750
3465.966
3466.182
3466.397
3466.613
3466.829
3467.045
3467.261
3467.476
3467.692
3467.908
3468.124
3468.340
3468.555
3468.771
3468.987
3469.203
3469.419
3469.634
3469.850
3470.066
3470.282
3470.498
3470.713
3470.929
3471.145
3471.361
3471.577
3471.792
3472.008
3472.224
3472.440
3472.656
3472.871
3473.087
3473.303
3473.519
3473.735
3473.950
3474.166
3474.382
3474.598
3474.814
3475.029
3475.245
3475.461
3475.677
3475.893
3476.108
3476.324
3476.540
3476.756
3476.972
3477.187
3477.403
3477.619
3477.835
3478.051
3478.266
3478.482
3478.698
3478.914
3479.130
3479.345
3479.561
3479.777
3479.993
3480.209
3480.424
3480.640
3480.856
3481.072
3481.288
3481.503
3481.719
3481.935
3482.151
3482.367
3482.582
3482.798
3483.014
3483.230
3483.446
3483.661
3483.877
3484.093
3484.309
3484.525
3484.740
3484.956
3485.172
3485.388
3485.604
3485.819
3486.035
3486.251
3486.467
3486.683
3486.898
3487.114
3487.330
3487.546
3487.762
3487.977
3488.193
3488.409
3488.625
3488.841
3489.056
3489.272
3489.488
3489.704
3489.920
3490.135
3490.351
3490.567
3490.783
3490.999
3491.214
3491.430
3491.646
3491.862
3492.078
3492.293
3492.509
3492.725
3492.941
3493.157
3493.372
3493.588
3493.804
3494.020
3494.236
3494.451
3494.667
3494.883
3495.099
3495.315
3495.530
3495.746
3495.962
3496.178
3496.394
3496.609
3496.825
3497.041
3497.257
3497.473
3497.688
3497.904
3498.120
3498.336
3498.552
3498.767
3498.983
3499.199
3499.415
3499.631
3499.846
3500.062
3500.278
3500.494
3500.710
3500.925
3501.141
3501.357
3501.573
3501.789
3502.004
3502.220
3502.436
3502.652
3502.868
3503.083
3503.299
3503.515
3503.731
3503.947
3504.162
3504.378
3504.594
3504.810
3505.026
3505.241
3505.457
3505.673
3505.889
3506.105
3506.320
3506.536
3506.752
3506.968
3507.184
3507.399
3507.615
3507.831
3508.047
3508.263
3508.478
3508.694
3508.910
3509.126
3509.342
3509.557
3509.773
3509.989
3510.205
3510.421
3510.636
3510.852
3511.068
3511.284
3511.500
3512.363
3513.226
3514.089
3514.952
3515.816
3516.679
3517.542
3518.405
3519.268
3520.132
3520.995
3521.858
3522.721
3523.584
3524.448
3525.311
3525.742
3526.174
3526.606
3527.037
3527.469
3527.900
3528.332
3528.764
3529.195
3529.627
3530.058
3530.490
3530.922
3531.353
3531.785
3532.216
3532.648
3533.080
3533.511
3533.943
3534.374
3534.806
3535.238
3535.669
3536.101
3536.532
3536.964
3537.396
3537.827
3538.259
3538.690
3539.122
3539.554
3539.985
3540.417
3540.848
3541.280
3541.712
3542.143
3542.575
3543.006
3543.438
3543.870
3544.301
3544.733
3545.164
3545.596
3546.028
3546.459
3546.891
3547.322
3547.754
3548.186
3548.617
3549.049
3549.480
3549.912
3550.344
3550.775
3551.207
3551.638
3552.070
3552.502
3552.933
3553.149
3553.365
3553.581
3553.796
3554.012
3554.228
3554.444
3554.660
3554.875
3555.091
3555.307
3555.523
3555.739
3555.954
3556.170
3556.386
3556.602
3556.818
3557.033
3557.249
3557.465
3557.681
3557.897
3558.112
3558.328
3558.544
3558.760
3558.976
3559.191
3559.407
3559.623
3559.839
3560.055
3560.270
3560.486
3560.702
3560.918
3561.134
3561.349
3561.565
3561.781
3561.997
3562.213
3562.428
3562.644
3562.860
3563.076
3563.292
3563.507
3563.723
3563.939
3564.155
3564.371
3564.586
3564.802
3565.018
3565.234
3565.450
3565.665
3565.881
3566.097
3566.313
3566.529
3566.744
3566.960
3567.176
3567.392
3567.608
3567.823
3568.039
3568.255
3568.471
3568.687
3568.902
3569.118
3569.334
3569.550
3569.766
3569.981
3570.197
3570.413
3570.629
3570.845
3571.060
3571.276
3571.492
3571.708
3571.924
3572.139
3572.355
3572.571
3572.787
3573.003
3573.218
3573.434
3573.650
3573.866
3574.082
3574.297
3574.513
3574.729
3574.945
3575.161
3575.376
3575.592
3575.808
3576.024
3576.240
3576.455
3576.671
3576.887
3577.103
3577.319
3577.534
3577.750
3577.966
3578.182
3578.398
3578.613
3578.829
3579.045
3579.261
3579.477
3579.692
3579.908
3580.124
3580.340
3580.556
3580.771
3580.987
3581.203
3581.419
3581.635
3581.850
3582.066
3582.282
3582.498
3582.714
3582.929
3583.145
3583.361
3583.577
3583.792
3584.008
3584.224
3584.440
3584.656
3584.871
3585.087
3585.303
3585.519
3585.735
3585.950
3586.166
3586.382
3586.598
3586.814
3587.029
3587.245
3587.461
3587.677
3587.893
3588.108
3588.324
3588.540
3588.756
3588.972
3589.187
3589.403
3589.619
3589.835
3590.051
3590.266
3590.482
3590.698
3590.914
3591.130
3591.345
3591.561
3591.777
3591.993
3592.209
3592.424
3592.640
3592.856
3593.072
3593.288
3593.503
3593.719
3593.935
3594.151
3594.367
3594.582
3594.798
3595.014
3595.230
3595.446
3595.661
3595.877
3596.093
3596.309
3596.525
3596.740
3596.956
3597.172
3597.388
3597.604
3597.819
3598.035
3598.251
3598.467
3598.683
3598.898
3599.114
3599.330
3599.546
3599.762
3599.977
3600.193
3600.409
3600.625
3600.841
3601.056
3601.272
3601.488
3601.704
3601.920
3602.135
3602.351
3602.567
3602.783
3602.999
3603.214
3603.430
3603.646
3603.862
3604.078
3604.293
3604.509
3604.725
3604.941
3605.157
3605.372
3605.588
3605.804
3606.020
3606.236
3606.451
3606.667
3606.883
3607.099
3607.315
3607.530
3607.746
3607.962
3608.178
3608.394
3608.609
3608.825
3609.041
3609.257
3609.473
3609.688
3609.904
3610.120
3610.336
3610.552
3610.767
3610.983
3611.199
3611.415
3611.631
3611.846
3612.062
3612.278
3612.494
3612.710
3612.925
3613.141
3613.357
3613.573
3613.789
3614.004
3614.220
3614.436
3614.652
3614.868
3615.083
3615.299
3615.515
3615.731
3615.947
3616.162
3616.378
3616.594
3616.810
3617.026
3617.241
3617.457
3617.673
3617.889
3618.105
3618.320
3618.536
3618.752
3618.968
3619.184
3619.399
3619.615
3619.831
3620.047
3620.263
3620.478
3620.694
3620.910
3621.126
3621.342
3621.557
3621.773
3621.989
