54.950
59.350
60.050
60.967
62.350
66.750
67.450
68.383
69.767
74.167
74.850
75.783
77.167
81.567
82.267
83.183
84.583
87.350
88.283
90.133
90.833
91.517
91.983
92.683
93.383
94.767
96.617
98.467
99.400
102.167
103.100
104.950
105.650
106.333
106.800
107.500
108.183
109.583
111.433
113.283
129.033
129.959
130.885
131.811
132.737
133.662
134.588
135.514
136.440
137.366
138.291
139.217
140.143
141.069
141.995
142.920
143.846
144.772
145.698
146.624
147.549
148.475
149.401
150.327
151.253
152.178
153.104
154.030
154.956
155.882
156.808
157.733
205.733
206.783
207.467
208.517
209.567
210.267
211.317
212.700
213.050
214.100
215.150
216.900
217.933
218.633
219.683
220.733
221.433
222.467
223.867
224.217
225.267
226.317
228.033
228.731
229.428
230.125
230.823
231.520
232.217
232.915
233.612
234.309
235.006
235.704
236.401
237.098
237.796
238.493
239.190
239.888
240.585
241.282
241.980
242.677
243.374
244.072
244.769
245.466
246.163
246.861
247.558
248.255
248.953
249.650
261.550
261.899
262.944
264.339
264.687
265.733
267.128
267.476
268.522
269.917
270.265
271.311
272.706
273.054
274.100
275.494
275.843
276.889
278.283
278.632
279.678
281.072
281.421
282.467
283.850
284.547
285.245
285.942
286.640
287.337
288.035
288.732
289.429
290.127
290.824
291.522
292.219
292.917
293.614
294.312
295.009
295.706
296.404
297.101
297.799
298.496
299.194
299.891
300.588
301.286
301.983
302.681
303.378
304.076
304.773
305.471
306.168
306.865
307.563
308.260
308.958
309.655
310.353
311.050
313.150
313.847
314.545
315.242
315.939
316.637
317.334
318.032
318.729
319.426
320.124
320.821
321.518
322.216
322.913
323.611
324.308
325.005
325.703
326.400
372.533
374.167
375.267
376.367
376.900
378.533
379.633
380.717
381.267
382.900
384.000
385.083
385.633
387.267
388.350
389.450
390.000
391.633
392.717
393.817
394.350
396.000
397.083
398.183
398.717
400.350
401.450
402.533
403.083
404.717
405.817
406.900
407.450
408.533
409.079
409.625
410.171
410.717
411.263
411.809
412.901
413.447
413.993
414.539
415.085
415.631
416.177
417.269
417.815
418.361
418.907
419.453
419.999
420.545
421.637
422.183
422.729
423.275
423.821
424.367
442.350
443.442
444.533
445.625
446.717
447.808
448.900
449.992
451.083
452.175
453.267
454.358
455.450
456.542
457.633
458.725
459.817
460.362
460.908
461.453
461.998
462.544
463.089
463.635
464.180
464.726
465.271
465.816
466.362
466.907
467.453
467.998
468.544
469.089
469.635
470.180
470.725
471.271
471.816
472.362
472.907
473.453
473.998
474.544
475.089
475.634
476.180
476.725
477.271
477.816
478.362
478.907
479.452
479.998
480.543
481.089
481.634
482.180
482.725
483.271
483.816
484.361
484.907
485.452
485.998
486.543
487.089
487.634
488.179
488.725
489.270
489.816
490.361
490.907
491.452
491.998
492.543
493.088
493.634
494.179
494.725
495.270
495.816
496.361
496.906
497.452
497.997
498.543
499.088
499.634
500.179
500.725
501.270
501.815
502.361
502.906
503.452
503.997
504.543
505.088
505.634
506.179
506.724
507.270
507.815
508.361
508.906
509.452
509.997
510.542
511.088
511.633
547.083
548.717
549.817
550.900
551.450
553.083
554.167
555.267
555.817
557.433
558.533
559.633
560.167
561.817
562.900
564.000
564.533
566.167
567.267
568.350
568.900
570.533
571.633
572.717
573.267
574.900
576.000
577.083
577.633
579.267
580.350
581.450
639.617
640.101
640.585
641.069
641.553
642.036
642.520
643.004
643.488
643.972
644.456
644.940
645.424
645.908
646.392
646.876
647.360
647.844
648.328
648.812
649.296
649.780
650.264
650.748
651.232
651.716
652.200
652.684
653.168
653.652
654.136
654.620
655.104
655.588
656.072
656.555
657.039
657.523
658.007
658.491
658.975
659.459
659.943
660.427
660.911
661.395
661.879
662.363
662.847
663.331
663.815
664.299
664.783
665.267
665.751
666.235
666.719
667.203
667.687
668.171
668.655
669.139
669.623
670.107
670.591
671.074
671.558
672.042
672.526
673.010
673.494
673.978
674.462
674.946
675.430
675.914
676.398
676.882
677.366
677.850
686.067
686.551
686.793
687.035
687.519
687.761
688.003
688.487
688.729
688.971
689.455
689.697
689.939
690.423
690.665
690.907
691.391
691.633
693.817
694.301
694.543
694.785
695.269
695.511
695.753
696.237
696.479
696.721
697.205
697.447
697.689
698.173
698.415
698.657
699.141
699.383
701.550
702.034
702.276
702.518
703.002
703.243
703.485
703.969
704.211
704.453
704.937
705.179
705.421
705.905
706.147
706.388
706.872
707.114
707.356
707.840
708.082
708.324
708.808
709.050
709.292
709.775
710.017
710.259
710.743
710.985
711.227
711.711
711.953
712.195
712.678
712.920
713.162
713.646
713.888
714.130
714.614
714.856
715.098
715.582
715.823
716.065
716.549
716.791
717.033
717.517
717.759
718.001
718.485
718.727
718.968
719.452
719.694
719.936
720.420
720.662
720.904
721.388
721.630
721.872
722.355
722.597
722.839
723.323
723.565
723.807
724.291
724.533
724.775
725.258
725.500
725.742
726.226
726.468
726.710
727.194
727.436
727.678
728.162
728.403
728.645
729.129
729.371
729.613
730.097
730.339
730.581
731.065
731.307
731.548
732.032
732.274
732.516
733.000
733.484
733.968
734.452
734.936
735.420
735.904
736.388
736.872
737.356
737.840
738.324
738.808
739.292
739.776
740.260
740.744
741.228
741.712
742.196
742.680
743.163
743.647
744.131
744.615
745.099
745.583
802.200
802.442
802.684
802.926
803.168
803.410
803.652
803.893
804.135
804.377
804.619
804.861
805.103
805.345
805.587
805.829
806.071
806.313
806.555
806.797
807.039
807.280
807.522
807.764
808.006
808.248
808.490
808.732
808.974
809.216
809.458
809.700
809.942
810.184
810.426
810.667
810.909
811.151
811.393
811.635
811.877
812.119
812.361
812.603
812.845
813.087
813.329
813.571
813.812
814.054
814.296
814.538
814.780
815.022
815.264
815.506
815.748
815.990
816.232
816.474
816.716
816.958
817.199
817.441
817.683
817.925
818.167
818.409
818.651
818.893
819.135
819.377
819.619
819.861
820.103
820.345
820.586
820.828
821.070
821.312
821.554
821.796
822.038
822.280
822.522
822.764
823.006
823.248
823.490
823.732
823.973
824.215
824.457
824.699
824.941
825.183
825.425
825.667
825.909
826.151
826.393
826.635
826.877
827.118
827.360
827.602
827.844
828.086
828.328
828.570
828.812
829.054
829.296
829.538
829.780
830.022
830.264
830.505
830.747
830.989
831.231
831.473
831.715
831.957
832.199
832.441
832.683
832.925
833.167
833.651
834.134
834.618
835.102
835.586
836.070
836.554
837.038
837.522
838.006
838.489
838.973
839.457
839.941
840.425
840.909
841.393
841.877
842.361
842.844
843.328
843.812
844.296
844.780
845.264
845.748
846.232
846.716
847.199
847.683
894.117
894.605
895.092
895.580
896.068
896.556
897.044
897.532
898.019
898.507
898.995
899.483
899.971
900.459
900.947
901.434
901.922
902.410
902.898
903.386
903.874
904.362
904.849
905.337
905.825
906.313
906.801
907.289
907.777
908.264
908.752
909.240
909.728
910.216
910.704
911.192
911.679
912.167
912.655
913.143
913.631
914.119
914.606
915.094
915.582
916.070
916.558
917.046
917.534
918.021
918.509
918.997
919.485
919.973
920.461
920.949
921.436
921.924
922.412
922.900
925.333
925.821
926.309
926.797
927.285
927.773
928.260
928.748
929.236
929.724
930.212
930.700
931.188
931.675
932.163
932.651
933.139
933.627
934.115
934.603
935.090
935.578
936.066
936.554
937.042
937.530
938.018
938.505
938.993
939.481
939.969
940.457
940.945
941.432
941.920
942.408
942.896
943.384
943.872
944.360
944.847
945.335
945.823
946.311
946.799
947.287
947.775
948.262
948.750
949.238
949.726
950.214
950.702
951.190
951.677
952.165
952.653
953.141
953.629
954.117
956.550
956.794
957.038
957.281
957.525
957.769
958.013
958.256
958.500
958.744
958.988
959.232
959.475
959.719
959.963
960.207
960.451
960.694
960.938
961.182
961.426
961.669
961.913
962.157
962.401
962.645
962.888
963.132
963.376
963.620
963.864
964.107
964.351
964.595
964.839
965.082
965.326
965.570
965.814
966.058
966.301
966.545
966.789
967.033
967.277
967.520
967.764
968.008
968.252
968.495
968.739
968.983
969.227
969.471
969.714
969.958
970.202
970.446
970.690
970.933
972.167
972.654
973.142
973.629
974.117
974.605
975.092
975.580
976.067
976.555
977.042
977.530
978.018
978.505
978.993
979.480
979.968
980.455
980.943
981.431
981.918
982.406
982.893
983.381
983.868
984.356
984.844
985.331
985.819
986.306
986.794
987.281
987.769
988.256
988.744
989.232
989.719
990.207
990.694
991.182
991.669
992.157
992.645
993.132
993.620
994.107
994.595
995.082
995.570
996.058
996.545
997.033
997.520
998.008
998.495
998.983
999.471
999.958
1000.446
1000.933
1003.383
1003.871
1004.359
1004.847
1005.334
1005.822
1006.310
1006.797
1007.285
1007.773
1008.261
1008.748
1009.236
1009.724
1010.212
1010.699
1011.187
1011.675
1012.162
1012.650
1013.138
1013.626
1014.113
1014.601
1015.089
1015.577
1016.064
1016.552
1017.040
1017.527
1018.015
1018.503
1018.991
1019.478
1019.966
1020.454
1020.942
1021.429
1021.917
1022.405
1022.892
1023.380
1023.868
1024.356
1024.843
1025.331
1025.819
1026.307
1026.794
1027.282
1027.770
1028.258
1028.745
1029.233
1029.721
1030.208
1030.696
1031.184
1031.672
1032.159
1032.647
1033.135
1033.623
1034.110
1034.598
1035.086
1035.573
1036.061
1036.549
1037.037
1037.524
1038.012
1038.500
1038.988
1039.475
1039.963
1040.451
1040.938
1041.426
1041.914
1042.402
1042.889
1043.377
1043.865
1044.353
1044.840
1045.328
1045.816
1046.303
1046.791
1047.279
1047.767
1081.433
1082.409
1083.384
1084.360
1085.335
1086.311
1087.286
1088.262
1089.237
1090.213
1091.189
1092.164
1093.140
1094.115
1095.091
1096.066
1097.042
1098.017
1098.993
1099.968
1100.944
1101.919
1102.895
1103.870
1104.846
1105.821
1106.797
1107.772
1108.748
1109.723
1110.699
1111.674
1112.650
1113.137
1113.625
1114.112
1114.600
1115.087
1115.575
1116.062
1116.550
1117.037
1117.525
1118.012
1118.500
1118.987
1119.475
1119.962
1120.450
1120.937
1121.425
1121.912
1122.400
1122.887
1123.375
1123.862
1124.350
1124.837
1125.325
1125.812
1126.300
1126.787
1127.275
1127.762
1128.250
1128.494
1128.738
1128.982
1129.226
1129.470
1129.714
1129.958
1130.202
1130.446
1130.690
1130.934
1131.178
1131.422
1131.666
1131.910
1132.154
1132.398
1132.642
1132.886
1133.130
1133.374
1133.618
1133.861
1134.105
1134.349
1134.593
1134.837
1135.081
1135.325
1135.569
1135.813
1136.057
1136.301
1136.545
1136.789
1137.033
1137.277
1137.521
1137.765
1138.009
1138.253
1138.497
1138.741
1138.985
1139.229
1139.473
1139.717
1139.961
1140.205
1140.449
1140.693
1140.937
1141.181
1141.425
1141.669
1141.913
1142.157
1142.401
1142.645
1142.889
1143.133
1143.377
1143.621
1143.865
1144.109
1144.353
1144.596
1144.840
1145.084
1145.328
1145.572
1145.816
1146.060
1146.304
1146.548
1146.792
1147.036
1147.280
1147.524
1147.768
1148.012
1148.256
1148.500
1148.744
1148.988
1149.232
1149.476
1149.720
1149.964
1150.208
1150.452
1150.696
1150.940
1151.184
1151.428
1151.672
1151.916
1152.160
1152.404
1152.648
1152.892
1153.136
1153.380
1153.624
1153.868
1154.112
1154.356
1154.600
1154.844
1155.088
1155.332
1155.575
1155.819
1156.063
1156.307
1156.551
1156.795
1157.039
1157.283
1159.483
1159.971
1160.458
1160.946
1161.434
1161.921
1162.409
1162.896
1163.384
1163.871
1164.359
1164.847
1165.334
1165.822
1166.309
1166.797
1167.284
1167.772
1168.260
1168.747
1169.235
1169.722
1170.210
1170.697
1171.185
1171.673
1172.160
1172.648
1173.135
1173.623
1174.110
1174.598
1175.086
1175.573
1176.061
1176.548
1177.036
1177.523
1178.011
1178.499
1178.986
1179.474
1179.961
1180.449
1180.936
1181.424
1181.912
1182.399
1182.887
1183.374
1183.862
1184.349
1184.837
1185.325
1185.812
1186.300
1186.787
1187.275
1187.762
1188.250
1190.700
1191.188
1191.676
1192.164
1192.651
1193.139
1193.627
1194.115
1194.603
1195.091
1195.579
1196.066
1196.554
1197.042
1197.530
1198.018
1198.506
1198.994
1199.481
1199.969
1200.457
1200.945
1201.433
1201.921
1202.408
1202.896
1203.384
1203.872
1204.360
1204.848
1205.336
1205.823
1206.311
1206.799
1207.287
1207.775
1208.263
1208.751
1209.238
1209.726
1210.214
1210.702
1211.190
1211.678
1212.166
1212.653
1213.141
1213.629
1214.117
1214.605
1215.093
1215.581
1216.068
1216.556
1217.044
1217.532
1218.020
1218.508
1218.995
1219.483
1221.917
1222.405
1222.892
1223.380
1223.868
1224.356
1224.844
1225.332
1225.819
1226.307
1226.795
1227.283
1227.771
1228.259
1228.747
1229.234
1229.722
1230.210
1230.698
1231.186
1231.674
1232.162
1232.649
1233.137
1233.625
1234.113
1234.601
1235.089
1235.577
1236.064
1236.552
1237.040
1237.528
1238.016
1238.504
1238.992
1239.479
1239.967
1240.455
1240.943
1241.431
1241.919
1242.406
1242.894
1243.382
1243.870
1244.358
1244.846
1245.334
1245.821
1246.309
1246.797
1247.285
1247.773
1248.261
1248.749
1249.236
1249.724
1250.212
1250.700
1253.633
1254.121
1254.608
1255.095
1255.582
1256.069
1256.557
1257.044
1257.531
1258.018
1258.506
1258.993
1259.480
1259.967
1260.454
1260.942
1261.429
1261.916
1262.403
1262.891
1263.378
1263.865
1264.352
1264.839
1265.327
1265.814
1266.301
1266.788
1267.276
1267.763
1268.250
1284.350
1285.326
1286.302
1287.278
1288.254
1289.230
1290.206
1291.182
1292.158
1293.134
1294.110
1295.086
1296.062
1297.039
1298.015
1298.991
1299.967
1300.455
1300.943
1301.431
1301.919
1302.407
1302.895
1303.383
1303.871
1304.359
1304.847
1305.335
1305.823
1306.311
1306.799
1307.287
1307.775
1308.263
1308.751
1309.239
1309.727
1310.215
1310.703
1311.191
1311.679
1312.167
1312.655
1313.143
1313.631
1314.119
1314.607
1315.095
1315.583
1315.827
1316.071
1316.314
1316.558
1316.802
1317.045
1317.289
1317.532
1317.776
1318.020
1318.263
1318.507
1318.751
1318.994
1319.238
1319.482
1319.725
1319.969
1320.212
1320.456
1320.700
1320.943
1321.187
1321.431
1321.674
1321.918
1322.162
1322.405
1322.649
1322.892
1323.136
1323.380
1323.623
1323.867
1324.111
1324.354
1324.598
1324.842
1325.085
1325.329
1325.572
1325.816
1326.060
1326.303
1326.547
1326.791
1327.034
1327.278
1327.522
1327.765
1328.009
1328.252
1328.496
1328.740
1328.983
1331.183
1331.427
1331.671
1331.915
1332.159
1332.403
1332.647
1332.891
1333.135
1333.379
1333.622
1333.866
1334.110
1334.354
1334.598
1334.842
1335.086
1335.330
1335.574
1335.818
1336.062
1336.306
1336.549
1336.793
1337.037
1337.281
1337.525
1337.769
1338.013
1338.257
1338.501
1338.745
1338.989
1339.233
1339.476
1339.720
1339.964
1340.208
1340.452
1340.696
1340.940
1341.184
1341.428
1341.672
1341.916
1342.160
1342.403
1342.647
1342.891
1343.135
1343.379
1343.623
1343.867
1344.111
1344.355
1344.599
1344.843
1345.087
1345.330
1345.574
1345.818
1346.062
1346.306
1346.550
1347.283
1347.527
1347.771
1348.015
1348.259
1348.503
1348.746
1348.990
1349.234
1349.478
1349.722
1349.966
1350.210
1350.454
1350.697
1350.941
1351.185
1351.429
1351.673
1351.917
1352.161
1352.404
1352.648
1352.892
1353.136
1353.380
1353.624
1353.868
1354.111
1354.355
1354.599
1354.843
1355.087
1355.331
1355.575
1355.818
1356.062
1356.306
1356.550
1356.794
1357.038
1357.282
1357.525
1357.769
1358.013
1358.257
1358.501
1358.745
1358.989
1359.232
1359.476
1359.720
1359.964
1360.208
1360.452
1360.696
1360.939
1361.183
1362.400
1362.888
1363.375
1363.863
1364.351
1364.838
1365.326
1365.814
1366.301
1366.789
1367.277
1367.764
1368.252
1368.740
1369.227
1369.715
1370.202
1370.690
1371.178
1371.665
1372.153
1372.641
1373.128
1373.616
1374.104
1374.591
1375.079
1375.567
1393.983
1394.840
1395.697
1396.554
1397.411
1398.268
1399.125
1399.982
1400.839
1401.696
1402.553
1403.410
1404.267
1405.124
1405.981
1406.837
1407.694
1408.551
1409.408
1410.265
1411.122
1411.979
1412.836
1413.693
1414.550
1415.407
1416.264
1417.121
1417.978
1418.835
1419.692
1420.549
1421.406
1422.262
1423.119
1423.976
1424.833
1425.690
1426.547
1427.404
1428.261
1429.118
1429.975
1430.832
1431.689
1432.546
1433.403
1434.260
1435.117
1435.545
1435.973
1436.402
1436.830
1437.259
1437.687
1438.115
1438.544
1438.972
1439.401
1439.829
1440.257
1440.686
1441.114
1441.542
1441.971
1442.399
1442.828
1443.256
1443.684
1444.113
1444.541
1444.970
1445.398
1445.826
1446.255
1446.683
1447.111
1447.540
1447.968
1448.397
1448.825
1449.253
1449.682
1450.110
1450.539
1450.967
1451.395
1451.824
1452.252
1452.680
1453.109
1453.537
1453.966
1454.394
1454.822
1455.251
1455.679
1456.108
1456.536
1456.964
1457.393
1457.821
1458.249
1458.678
1459.106
1459.535
1459.963
1460.391
1460.820
1461.248
1461.677
1462.105
1462.533
1463.394
1464.256
1465.117
1465.967
1466.396
1466.825
1467.254
1467.683
1467.894
1468.106
1468.317
1469.400
1470.033
1470.683
1471.533
1472.183
1472.817
1473.467
1474.117
1474.967
1475.617
1476.250
1476.900
1477.533
1478.400
1479.033
1479.683
1480.317
1480.967
1483.117
1483.750
1484.400
1485.250
1485.900
1486.533
1487.183
1487.817
1488.683
1489.317
1489.967
1490.600
1491.250
1492.117
1492.750
1493.400
1494.033
1494.683
1496.817
1497.077
1497.207
1497.445
1497.683
1498.100
1498.533
1498.750
1498.858
1498.967
1499.183
1499.394
1499.606
1499.817
1500.250
1500.510
1500.640
1500.900
1501.100
1501.533
1501.967
1502.178
1502.283
1502.389
1502.604
1502.819
1503.035
1503.250
1503.683
1503.894
1504.000
1504.317
1504.533
1504.967
1505.400
1505.611
1505.717
1505.822
1506.037
1506.253
1506.468
1506.683
1507.117
1507.328
1507.433
1507.750
1507.967
1508.400
1508.817
1509.033
1509.142
1509.250
1509.467
1510.533
1510.750
1510.858
1511.183
1511.383
1511.817
1512.250
1512.467
1512.575
1512.683
1512.896
1513.108
1513.321
1513.533
1513.967
1514.183
1514.292
1514.617
1514.817
1515.250
1515.683
1515.894
1516.000
1516.106
1516.321
1516.536
1516.751
1516.967
1517.400
1517.611
1517.717
1518.033
1518.250
1518.683
1519.100
1519.317
1519.425
1519.533
1519.750
1519.967
1520.183
1520.400
1520.817
1521.033
1521.142
1521.467
1521.683
1522.117
1522.533
1522.750
1522.858
1522.967
1523.183
1524.250
1524.679
1525.107
1525.536
1525.965
1526.393
1526.822
1527.251
1527.679
1528.108
1528.536
1528.965
1529.394
1529.822
1530.251
1530.680
1531.108
1531.537
1531.966
1532.394
1532.823
1533.252
1533.680
1534.109
1534.537
1534.966
1535.395
1535.823
1536.252
1536.681
1537.109
1537.538
1537.967
1538.181
1538.395
1538.610
1538.824
1539.038
1539.253
1539.467
1539.681
1539.896
1540.110
1540.324
1540.539
1540.753
1540.967
1541.182
1541.396
1541.610
1541.824
1542.039
1542.253
1542.467
1542.682
1542.896
1543.110
1543.325
1543.539
1543.753
1543.968
1544.182
1544.396
1544.611
1544.825
1545.039
1545.254
1545.468
1545.682
1545.897
1546.111
1546.325
1546.540
1546.754
1546.968
1547.183
1547.397
1547.611
1547.826
1548.040
1548.254
1548.468
1548.683
1548.897
1549.111
1549.326
1549.540
1549.754
1549.969
1550.183
1550.397
1550.612
1550.826
1551.040
1551.255
1551.469
1551.683
1552.111
1552.539
1552.967
1553.394
1553.822
1554.250
1554.678
1555.106
1555.533
1555.961
1556.389
1556.817
1557.033
1557.250
1557.467
1557.683
1558.533
1558.750
1558.858
1558.967
1559.179
1559.392
1559.604
1559.817
1560.469
1560.577
1560.684
1560.900
1561.100
1561.317
1561.533
1561.750
1561.967
1562.178
1562.283
1562.389
1562.604
1562.819
1563.035
1563.250
1563.897
1564.002
1564.107
1564.322
1564.538
1564.753
1564.969
1565.184
1565.400
1565.611
1565.717
1565.822
1566.037
1566.253
1566.468
1566.683
1567.334
1567.438
1567.542
1567.755
1567.967
1568.179
1568.392
1568.604
1568.817
1569.033
1569.142
1569.250
1569.462
1569.675
1569.887
1570.100
1570.763
1570.868
1570.973
1571.183
1572.250
1572.467
1572.575
1572.683
1572.896
1573.108
1573.321
1573.533
1574.182
1574.286
1574.391
1574.606
1574.822
1575.037
1575.253
1575.468
1575.683
1575.894
1576.000
1576.106
1576.321
1576.536
1576.751
1576.967
1577.605
1577.712
1577.819
1578.033
1578.246
1578.460
1578.673
1578.887
1579.100
1579.317
1579.425
1579.533
1579.750
1579.967
1580.183
1580.400
1581.045
1581.150
1581.256
1581.469
1581.682
1581.895
1582.107
1582.320
1582.533
1582.750
1582.858
1582.967
1583.179
1583.392
1583.604
1583.817
1585.967
1586.178
1586.283
1586.389
1586.604
1586.819
1587.035
1587.250
1587.908
1588.010
1588.112
1588.327
1588.542
1588.756
1588.971
1589.185
1589.400
1589.611
1589.717
1589.822
1590.037
1590.253
1590.468
1590.683
1591.306
1591.417
1591.528
1591.743
1591.957
1592.172
1592.387
1592.602
1592.817
1593.033
1593.142
1593.250
1593.467
1593.683
1593.900
1594.117
1594.748
1594.857
1594.966
1595.180
1595.394
1595.608
1595.822
1596.036
1596.250
1596.467
1596.575
1596.683
1596.896
1597.108
1597.321
1597.533
1598.200
1598.300
1598.400
1598.600
1599.683
1599.894
1600.000
1600.106
1600.321
1600.536
1600.751
1600.967
1601.614
1601.719
1601.824
1602.036
1602.249
1602.462
1602.675
1602.887
1603.100
1603.317
1603.425
1603.533
1603.750
1603.967
1604.183
1604.400
1605.063
1605.164
1605.265
1605.476
1605.688
1605.899
1606.110
1606.322
1606.533
1606.750
1606.858
1606.967
1607.179
1607.392
1607.604
1607.817
1608.485
1608.589
1608.692
1608.905
1609.117
1609.330
1609.542
1609.754
1609.967
1610.178
1610.283
1610.389
1610.604
1610.819
1611.035
1611.250
1611.891
1611.998
1612.104
1612.320
1612.536
1612.752
1612.967
1613.183
1627.117
1627.329
1627.542
1627.754
1627.967
1628.400
1628.612
1628.825
1629.037
1629.250
1629.683
1629.898
1630.112
1630.327
1630.542
1630.756
1630.971
1631.185
1631.400
1631.817
1632.031
1632.245
1632.460
1632.674
1632.888
1633.102
1633.317
1633.531
1633.745
1633.960
1634.174
1634.388
1634.602
1634.817
1635.250
1635.463
1635.675
1635.888
1636.100
1636.533
1636.748
1636.962
1637.177
1637.392
1637.606
1637.821
1638.035
1638.250
1638.683
1638.898
1639.112
1639.326
1639.540
1639.755
1639.969
1640.183
1640.398
1640.612
1640.826
1641.040
1641.255
1641.469
1641.683
1642.100
1642.317
1642.533
1642.750
1642.967
1643.400
1643.613
1643.825
1644.038
1644.250
1644.463
1644.675
1644.888
1645.100
1645.533
1645.748
1645.962
1646.176
1646.390
1646.605
1646.819
1647.033
1647.248
1647.462
1647.676
1647.890
1648.105
1648.319
1648.533
1648.967
1649.179
1649.392
1649.604
1649.817
1650.250
1650.465
1650.679
1650.894
1651.108
1651.323
1651.537
1651.752
1651.967
1652.400
1652.613
1652.826
1653.039
1653.252
1653.465
1653.678
1653.891
1654.104
1654.317
1655.817
1656.683
1657.317
1657.967
1659.250
1660.117
1660.750
1662.683
1663.533
1664.183
1664.817
1666.117
1666.967
1667.617
1669.533
1670.400
1671.033
1671.683
1672.967
1673.817
1674.467
1676.400
1677.250
1677.900
1678.533
1679.817
1709.400
1709.828
1710.257
1710.685
1711.114
1711.542
1711.971
1712.399
1712.828
1713.256
1713.685
1714.113
1714.542
1714.970
1715.399
1715.827
1716.256
1716.684
1717.113
1717.541
1717.970
1718.398
1718.827
1719.255
1719.684
1720.112
1720.541
1720.969
1721.397
1721.826
1722.254
1722.683
1723.111
1723.540
1723.968
1724.397
1724.825
1725.254
1725.682
1726.111
1726.539
1726.968
1727.396
1727.825
1728.253
1728.682
1729.110
1729.539
1729.967
1730.396
1730.824
1731.253
1731.681
1732.109
1732.538
1732.966
1733.395
1733.823
1734.252
1734.680
1735.109
1735.537
1735.966
1736.394
1736.823
1737.251
1737.680
1738.108
1738.537
1738.965
1739.394
1739.822
1740.251
1740.679
1741.108
1741.536
1741.965
1742.393
1742.822
1743.250
1743.683
1743.897
1744.111
1744.325
1744.538
1744.752
1744.966
1745.180
1745.393
1745.607
1745.821
1746.035
1746.249
1746.462
1746.676
1746.890
1747.104
1747.317
1747.531
1747.745
1747.959
1748.172
1748.386
1748.600
1750.533
1750.750
1750.967
1751.183
1751.400
1751.817
1752.033
1752.250
1752.467
1752.683
1753.100
1753.315
1753.529
1753.744
1753.958
1754.173
1754.387
1754.602
1754.817
1755.250
1755.464
1755.679
1755.893
1756.107
1756.321
1756.536
1756.750
1756.964
1757.179
1757.393
1757.607
1757.821
1758.036
1758.250
1758.683
1758.896
1759.108
1759.321
1759.533
1759.967
1760.181
1760.396
1760.610
1760.825
1761.040
1761.254
1761.469
1761.683
1762.100
1762.315
1762.530
1762.744
1762.959
1763.174
1763.389
1763.604
1763.819
1764.033
1765.117
1765.533
1765.750
1765.967
1766.183
1766.400
1766.817
1767.031
1767.246
1767.460
1767.675
1767.890
1768.104
1768.319
1768.533
1768.967
1769.181
1769.395
1769.610
1769.824
1770.038
1770.252
1770.467
1770.681
1770.895
1771.110
1771.324
1771.538
1771.752
1771.967
1772.400
1772.613
1772.825
1773.038
1773.250
1773.683
1773.898
1774.112
1774.327
1774.542
1774.756
1774.971
1775.185
1775.400
1775.817
1776.031
1776.246
1776.461
1776.676
1776.891
1777.106
1777.320
1777.535
1777.750
1779.250
1780.117
1780.750
1781.400
1782.683
1783.533
1784.183
1786.117
1786.967
1787.617
1788.250
1789.533
1790.400
1791.033
1792.967
1793.817
1794.467
1795.117
1796.400
1797.250
1797.900
1799.817
1800.683
1801.317
1801.967
1803.250
1804.117
1804.750
1856.967
1857.435
1857.904
1858.373
1858.842
1859.311
1859.779
1860.248
1860.717
1861.186
1861.654
1862.123
1862.592
1863.061
1863.530
1863.998
1864.467
1864.936
1865.405
1865.874
1866.342
1866.811
1867.280
1867.749
1868.217
1868.686
1869.155
1869.624
1870.093
1870.561
1871.030
1871.499
1871.968
1872.437
1872.905
1873.374
1873.843
1874.312
1874.780
1875.249
1875.718
1876.187
1876.656
1877.124
1877.593
1878.062
1878.531
1878.999
1879.468
1879.937
1880.406
1880.875
1881.343
1881.812
1882.281
1882.750
1883.219
1883.687
1884.156
1884.625
1885.094
1885.562
1886.031
1886.500
1901.967
1902.435
1902.904
1903.372
1903.841
1904.309
1904.778
1905.246
1905.715
1906.183
1906.652
1907.120
1907.589
1908.057
1908.526
1908.994
1909.463
1909.931
1910.400
1910.869
1911.337
1911.806
1912.274
1912.743
1913.211
1913.680
1914.148
1914.617
1916.967
1917.433
1917.900
1918.250
1918.367
1918.483
1918.600
1918.833
1919.183
1919.300
1919.417
1919.533
1919.767
1920.123
1920.242
1920.360
1920.479
1920.717
1921.183
1921.650
1922.000
1922.117
1922.233
1922.350
1922.583
1922.940
1923.058
1923.177
1923.296
1923.533
1924.000
1924.467
1924.817
1925.050
1925.167
1925.400
1925.750
1925.983
1926.100
1926.333
1926.593
1926.723
1926.941
1927.049
1927.267
1927.500
1927.750
1928.217
1928.567
1928.800
1928.917
1929.150
1929.500
1929.733
1929.850
1930.083
1931.967
1932.435
1932.904
1933.373
1933.842
1934.310
1934.779
1935.248
1935.717
1936.185
1936.654
1937.123
1937.592
1938.060
1938.529
1938.998
1939.467
1939.935
1940.404
1940.873
1941.342
1941.810
1942.279
1942.748
1943.217
1943.685
1944.154
1944.623
1945.092
1945.560
1946.029
1946.498
1946.967
1950.717
1950.951
1951.185
1951.420
1951.654
1951.889
1952.123
1952.357
1952.592
1952.826
1953.060
1953.295
1953.529
1953.764
1953.998
1954.232
1954.467
1954.701
1954.935
1955.170
1955.404
1955.639
1955.873
1956.107
1956.342
1956.576
1956.810
1957.045
1957.279
1957.514
1957.748
1957.982
1958.217
1958.451
1958.685
1958.920
1959.154
1959.389
1959.623
1959.857
1960.092
1960.326
1960.560
1960.795
1961.029
1961.264
1961.498
1961.732
1961.967
1962.201
1962.435
1962.670
1962.904
1963.139
1963.373
1963.607
1963.842
1964.076
1964.310
1964.545
1964.779
1965.014
1965.248
1965.482
1965.717
1965.951
1966.185
1966.420
1966.654
1966.889
1967.123
1967.357
1967.592
1967.826
1968.060
1968.295
1968.529
1968.764
1968.998
1969.232
1969.467
1969.701
1969.935
1970.170
1970.404
1970.639
1970.873
1971.107
1971.342
1971.576
1971.810
1972.045
1972.279
1972.514
1972.748
1972.982
1973.217
1973.451
1973.685
1973.920
1974.154
1974.389
1974.623
1974.857
1975.092
1975.326
1975.560
1975.795
1976.029
1976.264
1976.498
1976.732
1976.967
1977.201
1977.435
1977.670
1977.904
1978.139
1978.373
1978.607
1978.842
1979.076
1979.310
1979.545
1979.779
1980.014
1980.248
1980.482
1980.717
1981.185
1981.654
1982.123
1982.592
1983.060
1983.529
1983.998
1984.467
1984.935
1985.404
1985.873
1986.342
1986.810
1987.279
1987.748
1988.217
1988.685
1989.154
1989.623
1990.092
1990.560
1991.029
1991.498
1991.967
1992.435
1992.904
1993.373
1993.842
1994.310
1994.779
1995.248
1995.717
1996.185
1996.654
1997.123
1997.592
1998.060
1998.529
1998.998
1999.467
1999.935
2000.404
2000.873
2001.342
2001.810
2002.279
2002.748
2003.217
2003.685
2004.154
2004.623
2005.092
2005.560
2006.029
2006.498
2006.967
2007.435
2007.904
2008.373
2008.842
2009.310
2009.779
2010.248
2010.717
2044.467
2044.935
2045.404
2045.873
2046.342
2046.810
2047.279
2047.748
2048.217
2048.685
2049.154
2049.623
2050.092
2050.560
2051.029
2051.498
2051.967
2052.435
2052.904
2053.373
2053.842
2054.310
2054.779
2055.248
2055.717
2056.185
2056.654
2057.123
2057.592
2058.060
2058.529
2058.998
2059.467
2059.935
2060.404
2060.873
2061.342
2061.810
2062.279
2062.748
2063.217
2063.685
2064.154
2064.623
2065.092
2065.560
2066.029
2066.498
2066.967
2067.435
2067.904
2068.373
2068.842
2069.310
2069.779
2070.248
2070.717
2071.185
2071.654
2072.123
2072.592
2073.060
2073.529
2073.998
2074.467
2074.933
2075.168
2075.402
2075.637
2075.871
2076.106
2076.340
2076.575
2076.810
2077.044
2077.279
2077.513
2077.748
2077.982
2078.217
2078.683
2078.918
2079.152
2079.387
2079.621
2079.856
2080.090
2080.325
2080.560
2080.794
2081.029
2081.263
2081.498
2081.732
2081.967
2082.433
2082.668
2082.902
2083.137
2083.371
2083.606
2083.840
2084.075
2084.310
2084.544
2084.779
2085.013
2085.248
2085.482
2085.717
2086.183
2086.417
2086.650
2086.883
2087.117
2087.350
2087.583
2087.817
2088.050
2088.283
2089.467
2089.933
2090.168
2090.402
2090.637
2090.871
2091.106
2091.340
2091.575
2091.810
2092.044
2092.279
2092.513
2092.748
2092.982
2093.217
2093.683
2093.918
2094.152
2094.387
2094.621
2094.856
2095.090
2095.325
2095.560
2095.794
2096.029
2096.263
2096.498
2096.732
2096.967
2097.433
2097.668
2097.902
2098.137
2098.371
2098.606
2098.840
2099.075
2099.310
2099.544
2099.779
2100.013
2100.248
2100.482
2100.717
2101.183
2101.418
2101.652
2101.887
2102.121
2102.356
2102.590
2102.825
2103.060
2103.294
2103.529
2103.763
2103.998
2104.232
2104.467
2104.933
2105.167
2105.400
2105.867
2106.100
2106.333
2106.800
2107.036
2107.272
2107.508
2107.744
2107.981
2108.217
2108.683
2108.917
2109.150
2109.617
2109.850
2110.083
2110.550
2110.786
2111.022
2111.258
2111.494
2111.731
2111.967
2112.433
2112.667
2112.900
2113.367
2113.600
2113.833
2114.300
2114.536
2114.772
2115.008
2115.244
2115.481
2115.717
2116.183
2116.417
2116.650
2117.117
2117.350
2117.583
2118.050
2118.286
2118.522
2118.758
2118.994
2119.231
2119.467
2121.333
2122.983
2123.217
2125.083
2156.967
2157.435
2157.904
2158.373
2158.842
2159.310
2159.779
2160.248
2160.717
2161.185
2161.654
2162.123
2162.592
2163.060
2163.529
2163.998
2164.467
2164.935
2165.404
2165.873
2166.342
2166.810
2167.279
2167.748
2168.217
2168.685
2169.154
2169.623
2170.092
2170.560
2171.029
2171.498
2171.967
2172.201
2172.435
2172.669
2172.904
2173.138
2173.372
2173.606
2173.841
2174.075
2174.309
2174.543
2174.778
2175.012
2175.246
2175.480
2175.715
2175.949
2176.183
2176.417
2176.652
2176.886
2177.120
2177.354
2177.589
2177.823
2178.057
2178.291
2178.526
2178.760
2178.994
2179.228
2179.463
2179.697
2179.931
2180.165
2180.400
2180.634
2180.868
2181.102
2181.337
2181.571
2181.805
2182.039
2182.274
2182.508
2182.742
2182.976
2183.211
2183.445
2183.679
2183.913
2184.148
2184.382
2184.616
2184.850
2185.085
2185.319
2185.553
2185.787
2186.022
2186.256
2186.490
2186.724
2186.959
2187.193
2187.427
2187.661
2187.896
2188.130
2188.364
2188.598
2188.833
2189.067
2189.301
2189.535
2189.770
2190.004
2190.238
2190.472
2190.707
2190.941
2191.175
2191.409
2191.644
2191.878
2192.112
2192.346
2192.581
2192.815
2193.049
2193.283
2194.467
2194.935
2195.404
2195.873
2196.342
2196.810
2197.279
2197.748
2198.217
2198.685
2199.154
2199.623
2200.092
2200.560
2201.029
2201.498
2201.967
2202.667
2203.133
2203.833
2204.533
2205.000
2205.483
2205.717
2206.417
2206.883
2207.583
2208.283
2208.750
2209.233
2209.467
2210.167
2210.633
2211.333
2212.033
2212.500
2212.983
2213.217
2213.917
2214.383
2215.083
2215.783
2216.267
2216.733
2216.967
2217.435
2217.904
2218.373
2218.842
2219.310
2219.779
2220.248
2220.717
2221.185
2221.654
2222.123
2222.592
2223.060
2223.529
2223.998
2224.467
2224.935
2225.404
2225.873
2226.342
2226.810
2227.279
2227.748
2228.217
2228.685
2229.154
2229.623
2230.092
2230.560
2231.029
2231.498
2231.967
2232.435
2232.904
2233.373
2233.842
2234.310
2234.779
2235.248
2235.717
2236.185
2236.654
2237.123
2237.592
2238.060
2238.529
2238.998
2239.467
2239.935
2240.404
2240.873
2241.342
2241.810
2242.279
2242.748
2243.217
2243.685
2244.154
2244.623
2245.092
2245.560
2246.029
2246.498
2246.967
2247.201
2247.435
2247.670
2247.904
2248.021
2248.373
2248.490
2248.842
2249.076
2249.310
2249.545
2249.779
2249.896
2250.248
2250.365
2250.717
2250.951
2251.185
2251.420
2251.654
2251.771
2252.123
2252.240
2252.592
2252.826
2253.060
2253.295
2253.529
2253.646
2253.998
2254.115
2254.467
2254.701
2254.935
2255.170
2255.404
2255.521
2255.873
2255.990
2256.342
2256.576
2256.810
2257.045
2257.279
2257.396
2257.748
2257.865
2258.217
2258.451
2258.685
2258.920
2259.154
2259.271
2259.623
2259.740
2260.092
2260.326
2260.560
2260.795
2261.029
2261.146
2261.498
2261.615
2261.967
2262.201
2262.435
2262.670
2262.904
2263.139
2263.373
2263.607
2263.842
2264.076
2264.310
2264.545
2264.779
2265.014
2265.248
2265.482
2265.717
2265.951
2266.185
2266.420
2266.654
2266.889
2267.123
2267.357
2267.592
2267.826
2268.060
2268.295
2268.529
2268.764
2268.998
2269.232
2269.467
2269.701
2269.935
2270.170
2270.404
2270.639
2270.873
2271.107
2271.342
2271.576
2271.810
2272.045
2272.279
2272.514
2272.748
2272.982
2273.217
2273.451
2273.685
2273.920
2274.154
2274.389
2274.623
2274.857
2275.092
2275.326
2275.560
2275.795
2276.029
2276.264
2276.498
2276.732
2276.967
2277.435
2277.904
2278.373
2278.842
2279.310
2279.779
2280.248
2280.717
2281.185
2281.654
2282.123
2282.592
2283.060
2283.529
2283.998
2284.467
2284.935
2285.404
2285.873
2286.342
2286.810
2287.279
2287.748
2288.217
2288.685
2289.154
2289.623
2290.092
2290.560
2291.029
2291.498
2291.967
2292.435
2292.904
2293.373
2293.842
2294.310
2294.779
2295.248
2295.717
2296.185
2296.654
2297.123
2297.592
2298.060
2298.529
2298.998
2299.467
2299.935
2300.404
2300.873
2301.342
2301.810
2302.279
2302.748
2303.217
2303.685
2304.154
2304.623
2305.092
2305.560
2306.029
2306.498
2306.967
2397.783
2398.983
2399.583
2400.783
2401.983
2402.583
2403.783
2404.383
2405.583
2406.783
2407.383
2408.583
2409.183
2410.383
2411.583
2412.183
2413.383
2413.983
2415.183
2416.383
2416.983
2418.183
2418.783
2419.983
2421.183
2421.783
2422.983
2423.583
2424.783
2425.983
2426.583
2427.783
2428.383
2429.583
2430.783
2431.383
2432.583
2433.183
2434.383
2435.583
2436.183
2437.983
2439.183
2439.783
2440.983
2442.783
2443.983
2444.583
2445.783
2447.583
2448.783
2449.383
2450.583
2452.383
2453.583
2454.183
2455.383
2456.583
2457.183
2458.383
2458.983
2459.583
2460.183
2461.383
2461.983
2463.183
2463.783
2464.383
2464.983
2466.183
2466.783
2467.983
2468.583
2469.183
2469.783
2470.983
2471.583
2472.783
2473.383
2473.983
2474.583
2475.183
2475.783
2476.383
2476.983
2477.583
2478.183
2478.783
2479.383
2479.983
2480.583
2481.183
2481.783
2482.383
2482.983
2483.583
2484.183
2484.783
2485.383
2485.983
2486.583
2487.183
2487.783
2488.383
2488.983
2489.583
2490.183
2490.783
2491.383
2491.983
2492.583
2493.183
2493.783
2494.383
2494.983
2495.583
2496.183
2496.783
2497.383
2497.983
2498.583
2499.183
2499.783
2500.383
2500.983
2501.583
2502.183
2502.783
2503.383
2503.983
2504.583
2505.183
2505.783
2506.383
2506.983
2507.583
2508.183
2508.783
2509.383
2509.983
2510.583
2511.183
2511.783
2512.383
2512.983
2513.583
2514.183
2514.783
2515.383
2515.983
2516.583
2517.183
2517.783
2518.383
2518.983
2519.583
2520.183
2520.783
2521.383
2521.983
2522.583
2523.183
2523.783
2524.383
2524.983
2525.583
2526.183
2526.783
2527.383
2527.983
2528.583
2529.183
2529.783
2530.383
2530.983
2531.583
2532.183
2532.783
2533.379
2533.970
2534.562
2535.149
2535.733
2536.317
2536.899
2537.479
2538.053
2538.629
2539.199
2539.767
2540.333
2540.900
2541.466
2542.028
2542.583
2543.133
2543.683
2544.233
2544.783
2545.329
2545.870
2546.412
2546.949
2547.484
2548.020
2548.558
2549.087
2549.617
2550.145
2550.667
2551.187
2551.713
2552.233
2552.750
2553.266
2553.779
2554.287
2554.797
2555.303
2555.812
2556.316
2556.817
2557.317
2557.817
2558.316
2558.812
2559.303
2559.796
2560.283
2560.767
2561.250
2561.733
2562.217
2562.700
2563.183
2563.662
2564.137
2564.612
2565.083
2565.551
2566.021
2566.496
2566.966
2567.433
2567.900
2568.367
2568.834
2569.304
2569.779
2570.249
2570.717
2571.183
2571.650
2572.117
2572.583
2573.051
2573.521
2573.996
2574.466
2574.933
2575.400
2575.867
2576.334
2576.804
2577.279
2577.749
2578.217
2578.683
2579.150
2579.617
2580.083
2580.551
2581.021
2581.496
2581.966
2582.433
2582.900
2583.367
2583.834
2584.304
2584.779
2585.249
2585.717
2586.183
2586.650
2587.117
2587.583
2588.051
2588.521
2588.996
2589.466
2589.933
2590.400
2590.867
2591.334
2591.804
2592.279
2592.749
2593.217
2593.683
2596.017
2596.485
2596.954
2597.423
2597.892
2598.360
2598.829
2599.298
2599.767
2600.235
2600.704
2601.173
2601.642
2602.110
2602.579
2603.048
2603.517
2603.985
2604.454
2604.923
2605.392
2605.860
2606.329
2606.798
2607.267
2607.735
2608.204
2608.673
2609.142
2609.610
2610.079
2610.548
2611.017
2611.485
2611.954
2612.423
2612.892
2613.360
2613.829
2614.298
2614.767
2615.235
2615.704
2616.173
2616.642
2617.110
2617.579
2618.048
2618.517
2618.985
2619.454
2619.923
2620.392
2620.860
2621.329
2621.798
2622.267
2622.735
2623.204
2623.673
2624.142
2624.610
2625.079
2625.548
2626.017
2626.251
2626.485
2626.720
2626.954
2627.189
2627.423
2627.657
2627.892
2628.126
2628.360
2628.595
2628.829
2629.064
2629.298
2629.532
2629.767
2630.001
2630.235
2630.470
2630.704
2630.939
2631.173
2631.407
2631.642
2631.876
2632.110
2632.345
2632.579
2632.814
2633.048
2633.282
2633.517
2633.751
2633.985
2634.220
2634.454
2634.689
2634.923
2635.157
2635.392
2635.626
2635.860
2636.095
2636.329
2636.564
2636.798
2637.032
2637.267
2637.501
2637.735
2637.970
2638.204
2638.439
2638.673
2638.907
2639.142
2639.376
2639.610
2639.845
2640.079
2640.314
2640.548
2640.782
2641.017
2641.251
2641.485
2641.720
2641.954
2642.189
2642.423
2642.657
2642.892
2643.126
2643.360
2643.595
2643.829
2644.064
2644.298
2644.532
2644.767
2645.001
2645.235
2645.470
2645.704
2645.939
2646.173
2646.407
2646.642
2646.876
2647.110
2647.345
2647.579
2647.814
2648.048
2648.282
2648.517
2648.751
2648.985
2649.220
2649.454
2649.689
2649.923
2650.157
2650.392
2650.626
2650.860
2651.095
2651.329
2651.564
2651.798
2652.032
2652.267
2652.501
2652.735
2652.970
2653.204
2653.439
2653.673
2653.907
2654.142
2654.376
2654.610
2654.845
2655.079
2655.314
2655.548
2655.782
2656.017
2656.485
2656.954
2657.423
2657.892
2658.360
2658.829
2659.298
2659.767
2660.236
2660.704
2661.173
2661.642
2662.111
2662.579
2663.048
2663.517
2663.986
2664.454
2664.923
2665.392
2665.861
2666.330
2666.798
2667.267
2667.736
2668.205
2668.673
2669.142
2669.611
2670.080
2670.548
2671.017
2671.486
2671.955
2672.423
2672.892
2673.361
2673.830
2674.299
2674.767
2675.236
2675.705
2676.174
2676.642
2677.111
2677.580
2678.049
2678.517
2678.986
2679.455
2679.924
2680.393
2680.861
2681.330
2681.799
2682.268
2682.736
2683.205
2683.674
2684.143
2684.611
2685.080
2685.549
2686.018
2686.486
2686.955
2687.424
2687.893
2688.362
2688.830
2689.299
2689.768
2690.237
2690.705
2691.174
2691.643
2692.112
2692.580
2693.049
2693.518
2693.987
2694.456
2694.924
2695.393
2695.862
2696.331
2696.799
2697.268
2697.737
2698.206
2698.674
2699.143
2699.612
2700.081
2700.549
2701.018
2701.487
2701.956
2702.425
2702.893
2703.362
2703.831
2704.300
2704.768
2705.237
2705.706
2706.175
2706.643
2707.112
2707.581
2708.050
2708.519
2708.987
2709.456
2709.925
2710.394
2710.862
2711.331
2711.800
2712.269
2712.737
2713.206
2713.675
2714.144
2714.612
2715.081
2715.550
2746.033
2746.268
2746.502
2746.736
2746.971
2747.205
2747.440
2747.674
2747.908
2748.143
2748.377
2748.611
2748.846
2749.080
2749.315
2749.549
2749.783
2750.018
2750.252
2750.486
2750.721
2750.955
2751.190
2751.424
2751.658
2751.893
2752.127
2752.361
2752.596
2752.830
2753.065
2753.299
2753.533
2753.768
2754.002
2754.236
2754.471
2754.705
2754.940
2755.174
2755.408
2755.643
2755.877
2756.111
2756.346
2756.580
2756.815
2757.049
2757.283
2757.518
2757.752
2757.986
2758.221
2758.455
2758.690
2758.924
2759.158
2759.393
2759.627
2759.861
2760.096
2760.330
2760.565
2760.799
2761.033
2761.268
2761.502
2761.736
2761.971
2762.205
2762.440
2762.674
2762.908
2763.143
2763.377
2763.611
2763.846
2764.080
2764.315
2764.549
2764.783
2765.018
2765.252
2765.486
2765.721
2765.955
2766.190
2766.424
2766.658
2766.893
2767.127
2767.361
2767.596
2767.830
2768.065
2768.299
2768.533
2768.768
2769.002
2769.236
2769.471
2769.705
2769.940
2770.174
2770.408
2770.643
2770.877
2771.111
2771.346
2771.580
2771.815
2772.049
2772.283
2772.518
2772.752
2772.986
2773.221
2773.455
2773.690
2773.924
2774.158
2774.393
2774.627
2774.861
2775.096
2775.330
2775.565
2775.799
2776.033
2776.502
2776.971
2777.440
2777.908
2778.377
2778.846
2779.315
2779.783
2780.252
2780.721
2781.190
2781.658
2782.127
2782.596
2783.065
2783.533
2784.002
2784.471
2784.940
2785.408
2785.877
2786.346
2786.815
2787.284
2787.752
2788.221
2788.690
2789.159
2789.627
2790.096
2790.565
2791.034
2791.502
2791.971
2792.440
2792.909
2793.377
2793.846
2794.315
2794.784
2795.252
2795.721
2796.190
2796.659
2797.127
2797.596
2798.065
2798.534
2799.002
2799.471
2799.940
2800.409
2800.878
2801.346
2801.815
2802.284
2802.753
2803.221
2803.690
2804.159
2804.628
2805.096
2805.565
2806.034
2806.503
2806.971
2807.440
2807.909
2808.378
2808.846
2809.315
2809.784
2810.253
2810.721
2811.190
2811.659
2812.128
2812.596
2813.065
2813.534
2814.003
2814.471
2814.940
2815.409
2815.878
2816.347
2816.815
2817.284
2817.753
2818.222
2818.690
2819.159
2819.628
2820.097
2820.565
2821.034
2821.503
2821.972
2822.440
2822.909
2823.378
2823.847
2824.315
2824.784
2825.253
2825.722
2826.190
2826.659
2827.128
2827.597
2828.065
2828.534
2829.003
2829.472
2829.941
2830.409
2830.878
2831.347
2831.816
2832.284
2832.753
2833.222
2833.691
2834.159
2834.628
2835.097
2835.566
2836.034
2836.503
2836.972
2837.441
2837.909
2838.378
2838.847
2839.316
2839.784
2840.253
2840.722
2841.191
2841.659
2842.128
2842.597
2843.066
2843.534
2844.003
2844.472
2844.941
2845.410
2845.878
2846.347
2846.816
2847.285
2847.753
2848.222
2848.691
2849.160
2849.628
2850.097
2850.566
2851.035
2851.503
2851.972
2852.441
2852.910
2853.378
2853.847
2854.316
2854.785
2855.253
2855.722
2856.191
2856.660
2857.128
2857.597
2858.066
2858.535
2859.004
2859.472
2859.941
2860.410
2860.879
2861.347
2861.816
2862.285
2862.754
2863.222
2863.691
2864.160
2864.629
2865.097
2865.566
2866.035
2866.504
2866.972
2867.441
2867.910
2868.379
2868.847
2869.316
2869.785
2870.254
2870.722
2871.191
2871.660
2872.129
2872.598
2873.066
2873.535
2874.004
2874.473
2874.941
2875.410
2875.879
2876.348
2876.816
2877.285
2877.754
2878.223
2878.691
2879.160
2879.629
2880.098
2880.566
2881.035
2881.504
2881.973
2882.441
2882.910
2883.379
2883.848
2884.316
2884.785
2885.254
2885.723
2886.191
2886.660
2887.129
2887.598
2888.067
2888.535
2889.004
2889.473
2889.942
2890.410
2890.879
2891.348
2891.817
2892.285
2892.754
2893.223
2893.692
2894.160
2894.629
2895.098
2895.567
2911.033
2911.502
2911.971
2912.440
2912.908
2913.377
2913.846
2914.315
2914.783
2915.252
2915.721
2916.190
2916.658
2917.127
2917.596
2918.065
2918.533
2919.002
2919.471
2919.940
2920.408
2920.877
2921.346
2921.815
2922.283
2922.752
2923.221
2923.690
2924.158
2924.627
2925.096
2925.565
2926.033
2926.502
2926.971
2927.440
2927.908
2928.377
2928.846
2929.315
2929.783
2930.252
2930.721
2931.190
2931.658
2932.127
2932.596
2933.065
2933.533
2934.002
2934.471
2934.940
2935.408
2935.877
2936.346
2936.815
2937.283
2937.752
2938.221
2938.690
2939.158
2939.627
2940.096
2940.565
2941.033
2941.268
2941.502
2941.736
2941.971
2942.205
2942.440
2942.674
2942.908
2943.143
2943.377
2943.611
2943.846
2944.080
2944.315
2944.549
2944.783
2945.018
2945.252
2945.486
2945.721
2945.955
2946.190
2946.424
2946.658
2946.893
2947.127
2947.361
2947.596
2947.830
2948.065
2948.299
2948.533
2948.768
2949.002
2949.236
2949.471
2949.705
2949.940
2950.174
2950.408
2950.643
2950.877
2951.111
2951.346
2951.580
2951.815
2952.049
2952.283
2952.518
2952.752
2952.986
2953.221
2953.455
2953.690
2953.924
2954.158
2954.393
2954.627
2954.861
2955.096
2955.330
2955.565
2955.799
2956.033
2956.268
2956.502
2956.736
2956.971
2957.205
2957.440
2957.674
2957.908
2958.143
2958.377
2958.611
2958.846
2959.080
2959.315
2959.549
2959.783
2960.018
2960.252
2960.486
2960.721
2960.955
2961.190
2961.424
2961.658
2961.893
2962.127
2962.361
2962.596
2962.830
2963.065
2963.299
2963.533
2963.768
2964.002
2964.236
2964.471
2964.705
2964.940
2965.174
2965.408
2965.643
2965.877
2966.111
2966.346
2966.580
2966.815
2967.049
2967.283
2967.518
2967.752
2967.986
2968.221
2968.455
2968.690
2968.924
2969.158
2969.393
2969.627
2969.861
2970.096
2970.330
2970.565
2970.799
2971.033
2971.500
2971.967
2972.433
2972.899
2973.363
2973.821
2974.284
2974.749
2975.212
2975.670
2976.130
2976.587
2977.046
2977.500
2977.954
2978.413
2978.866
2979.317
2979.767
2980.217
2980.667
2981.117
2981.567
2982.017
2982.466
2982.913
2983.354
2983.800
2984.246
2984.687
2985.130
2985.570
2986.013
2986.453
2986.896
2987.333
2987.767
2988.200
2988.634
2989.071
2989.512
2989.945
2990.371
2990.801
2991.233
2991.666
2992.096
2992.521
2992.951
2993.383
2993.816
2994.246
2994.671
2995.100
2995.529
2995.954
2996.384
2996.816
2997.246
2997.671
2998.100
2998.529
2998.954
2999.383
2999.813
3000.237
3000.667
3001.096
3001.521
3001.951
3002.383
3002.816
3003.246
3003.670
3004.097
3004.521
3004.951
3005.383
3005.813
3006.237
3006.667
3007.096
3007.521
3007.951
3008.383
3008.813
3009.237
3009.667
3010.099
3010.529
3010.954
3011.383
3011.813
3012.237
3012.667
3026.817
3027.245
3027.673
3028.102
3028.530
3028.959
3029.387
3029.815
3030.244
3030.672
3031.101
3031.529
3031.957
3032.386
3032.814
3033.243
3033.671
3034.099
3034.528
3034.956
3035.385
3035.813
3036.241
3036.670
3037.098
3037.527
3037.955
3038.383
3040.517
3040.731
3040.945
3041.160
3041.374
3041.588
3041.803
3042.017
3042.231
3042.446
3042.660
3042.874
3043.089
3043.303
3043.517
3043.732
3043.946
3044.160
3044.374
3044.589
3044.803
3045.017
3045.232
3045.446
3045.660
3045.875
3046.089
3046.303
3046.518
3046.732
3046.946
3047.161
3047.375
3047.589
3047.804
3048.018
3048.232
3048.447
3048.661
3048.875
3049.090
3049.304
3049.518
3049.733
3049.947
3050.161
3050.376
3050.590
3050.804
3051.018
3051.233
3051.447
3051.661
3051.876
3052.090
3052.304
3052.519
3052.733
3052.947
3053.162
3053.376
3053.590
3053.805
3054.019
3054.233
3054.448
3054.662
3054.876
3055.091
3055.305
3055.519
3055.734
3055.948
3056.162
3056.377
3056.591
3056.805
3057.020
3057.234
3057.448
3057.662
3057.877
3058.091
3058.305
3058.520
3058.734
3058.948
3059.163
3059.377
3059.591
3059.806
3060.020
3060.234
3060.449
3060.663
3060.877
3061.092
3061.306
3061.520
3061.735
3061.949
3062.163
3062.378
3062.592
3062.806
3063.021
3063.235
3063.449
3063.664
3063.878
3064.092
3064.307
3064.521
3064.735
3064.949
3065.164
3065.378
3065.592
3065.807
3066.021
3066.235
3066.450
3066.664
3066.878
3067.093
3067.307
3067.521
3067.736
3067.950
3068.379
3068.807
3069.236
3069.664
3070.093
3070.522
3070.950
3071.379
3071.807
3072.236
3072.664
3073.093
3073.522
3073.950
3074.379
3074.807
3075.236
3075.665
3076.093
3076.522
3076.950
3077.379
3077.808
3078.236
3078.665
3079.093
3079.522
3079.951
3080.379
3080.808
3081.236
3081.665
3082.093
3082.522
3082.951
3083.379
3083.808
3084.236
3084.665
3085.094
3085.522
3085.951
3086.379
3086.808
3087.237
3087.665
3088.094
3088.522
3088.951
3089.380
3089.808
3090.237
3090.665
3091.094
3091.522
3091.951
3092.380
3092.808
3093.237
3093.665
3094.094
3094.523
3094.951
3095.380
3095.808
3096.237
3096.666
3097.094
3097.523
3097.951
3098.380
3098.809
3099.237
3099.666
3100.094
3100.523
3100.951
3101.380
3101.809
3102.237
3102.666
3103.094
3103.523
3103.952
3104.380
3104.809
3105.237
3105.666
3106.095
3106.523
3106.952
3107.380
3107.809
3108.238
3108.666
3109.095
3109.523
3109.952
3110.380
3110.809
3111.238
3111.666
3112.095
3112.523
3112.952
3113.381
3113.809
3114.238
3114.666
3115.095
3115.524
3115.952
3116.381
3116.809
3117.238
3117.667
3118.095
3118.524
3118.952
3119.381
3119.809
3120.238
3120.667
3122.817
3123.245
3123.674
3124.102
3124.531
3124.960
3125.388
3125.817
3126.245
3126.674
3127.102
3127.531
3127.960
3128.388
3128.817
3129.245
3129.674
3130.102
3130.531
3130.960
3131.388
3131.817
3132.245
3132.674
3133.102
3133.531
3133.960
3134.388
3134.817
3135.245
3135.674
3136.102
3136.531
3136.960
3137.388
3137.817
3138.245
3138.674
3139.102
3139.531
3139.960
3140.388
3140.817
3141.245
3141.674
3142.102
3142.531
3142.960
3143.388
3143.817
3144.245
3144.674
3145.102
3145.531
3145.960
3146.388
3146.817
3147.245
3147.674
3148.102
3148.531
3148.960
3149.388
3149.817
3167.383
3167.598
3167.812
3168.026
3168.241
3168.455
3168.669
3168.883
3169.098
3169.312
3169.526
3169.741
3169.955
3170.169
3170.384
3170.598
3170.812
3171.027
3171.241
3171.455
3171.669
3171.884
3172.098
3172.312
3172.527
3172.741
3172.955
3173.170
3173.384
3173.598
3173.812
3174.027
3174.241
3174.455
3174.670
3174.884
3175.098
3175.313
3175.527
3175.741
3175.956
3176.170
3176.384
3176.598
3176.813
3177.027
3177.241
3177.456
3177.670
3177.884
3178.099
3178.313
3178.527
3178.741
3178.956
3179.170
3179.384
3179.599
3179.813
3180.027
3180.242
3180.456
3180.670
3180.885
3181.099
3181.313
3181.527
3181.742
3181.956
3182.170
3182.385
3182.599
3182.813
3183.028
3183.242
3183.456
3183.671
3183.885
3184.099
3184.313
3184.528
3184.742
3184.956
3185.171
3185.385
3185.599
3185.814
3186.028
3186.242
3186.456
3186.671
3186.885
3187.099
3187.314
3187.528
3187.742
3187.957
3188.171
3188.385
3188.600
3188.814
3189.028
3189.242
3189.457
3189.671
3189.885
3190.100
3190.314
3190.528
3190.743
3190.957
3191.171
3191.385
3191.600
3191.814
3192.028
3192.243
3192.457
3192.671
3192.886
3193.100
3193.314
3193.529
3193.743
3193.957
3194.171
3194.386
3194.600
3194.814
3195.029
3195.243
3195.457
3195.672
3195.886
3196.100
3196.314
3196.529
3196.743
3196.957
3197.172
3197.386
3197.600
3197.815
3198.029
3198.243
3198.458
3198.672
3198.886
3199.100
3199.315
3199.529
3199.743
3199.958
3200.172
3200.386
3200.601
3200.815
3201.029
3201.244
3201.458
3201.672
3201.886
3202.101
3202.315
3202.529
3202.744
3202.958
3203.172
3203.387
3203.601
3203.815
3204.029
3204.244
3204.458
3204.672
3204.887
3205.101
3205.315
3205.530
3205.744
3205.958
3206.173
3206.387
3206.601
3206.815
3207.030
3207.244
3207.458
3207.673
3207.887
3208.101
3208.316
3208.530
3208.744
3208.958
3209.173
3209.387
3209.601
3209.816
3210.030
3210.244
3210.459
3210.673
3210.887
3211.102
3211.316
3211.530
3211.744
3211.959
3212.173
3212.387
3212.602
3212.816
3213.030
3213.245
3213.459
3213.673
3213.887
3214.102
3214.316
3214.530
3214.745
3214.959
3215.173
3215.388
3215.602
3215.816
3216.031
3216.245
3216.459
3216.673
3216.888
3217.102
3217.316
3217.531
3217.745
3217.959
3218.174
3218.388
3218.602
3218.817
3219.031
3219.245
3219.459
3219.674
3219.888
3220.102
3220.317
3222.233
3222.448
3222.662
3222.876
3223.091
3223.305
3223.519
3223.733
3223.948
3224.162
3224.376
3224.591
3224.805
3225.019
3225.234
3225.448
3225.662
3225.877
3226.091
3226.305
3226.519
3226.734
3226.948
3227.162
3227.377
3227.591
3227.805
3228.020
3228.234
3228.448
3228.662
3228.877
3229.091
3229.305
3229.520
3229.734
3229.948
3230.163
3230.377
3230.591
3230.806
3231.020
3231.234
3231.448
3231.663
3231.877
3232.091
3232.306
3232.520
3232.734
3232.949
3233.163
3233.377
3233.591
3233.806
3234.020
3234.234
3234.449
3234.663
3234.877
3235.092
3235.306
3235.520
3235.735
3235.949
3236.163
3236.377
3236.592
3236.806
3237.020
3237.235
3237.449
3237.663
3237.878
3238.092
3238.306
3238.520
3238.735
3238.949
3239.163
3239.378
3239.592
3239.806
3240.021
3240.235
3240.449
3240.664
3240.878
3241.092
3241.306
3241.521
3241.735
3241.949
3242.164
3242.378
3242.592
3242.807
3243.021
3243.235
3243.449
3243.664
3243.878
3244.092
3244.307
3244.521
3244.735
3244.950
3245.164
3245.378
3245.593
3245.807
3246.021
3246.235
3246.450
3246.664
3246.878
3247.093
3247.307
3247.521
3247.736
3247.950
3248.164
3248.378
3248.593
3248.807
3249.021
3249.236
3249.450
3259.950
3261.667
3263.383
3265.100
3267.250
3269.383
3271.533
3273.667
3278.818
