34.869
35.821
36.773
37.726
38.678
39.630
40.582
41.534
42.486
43.439
44.391
45.343
46.295
47.247
48.199
49.151
50.104
50.580
51.056
51.532
52.008
52.484
52.960
53.436
53.912
54.388
54.864
55.341
55.817
56.293
56.769
57.245
57.721
58.197
58.673
59.149
59.625
60.101
60.577
61.053
61.530
62.006
62.482
62.958
65.338
65.576
65.814
66.528
66.766
67.243
67.481
67.719
68.433
68.671
69.147
69.385
69.623
70.337
70.575
71.051
71.289
71.527
72.241
72.479
72.956
73.194
73.432
74.146
74.384
74.860
75.098
75.336
76.050
76.288
76.764
77.002
77.240
77.954
78.192
78.668
78.907
79.145
79.859
80.097
80.573
80.811
81.049
81.525
81.763
82.001
82.477
82.715
82.953
83.429
83.667
83.905
84.381
84.619
84.858
85.334
85.572
85.810
86.286
86.524
86.762
87.238
87.476
87.714
88.190
88.428
88.666
89.142
89.380
89.618
90.094
90.332
90.570
90.809
91.047
91.285
91.523
91.761
91.999
92.237
92.475
92.713
92.951
93.189
93.427
93.665
93.903
94.141
94.379
94.617
94.855
95.807
96.283
96.760
96.998
97.236
97.474
97.712
98.188
98.664
98.902
99.140
99.378
99.616
100.092
100.568
100.806
101.044
101.282
101.520
101.996
102.472
102.711
102.949
103.187
103.425
103.901
104.377
104.615
104.853
105.091
105.329
105.805
106.281
106.519
106.757
106.995
107.233
107.709
108.185
108.423
108.662
108.900
109.138
109.614
110.090
110.328
110.566
110.804
111.042
111.518
111.994
112.232
112.470
112.708
112.946
113.422
113.898
114.136
114.374
114.613
114.851
115.327
115.803
116.041
116.279
116.517
116.755
117.231
117.707
117.945
118.183
118.421
118.659
119.135
119.611
119.849
120.087
120.326
120.564
121.040
121.516
121.754
121.992
122.230
122.468
122.944
123.420
123.658
123.896
124.134
124.372
124.848
125.324
126.277
126.753
127.229
127.705
127.943
128.181
128.419
128.657
128.895
129.133
129.371
129.609
129.847
130.085
130.323
130.561
130.799
131.037
131.275
131.513
131.751
131.989
132.228
132.466
132.704
132.942
133.180
133.894
134.132
134.370
134.608
134.846
135.084
135.322
135.560
135.798
136.036
136.274
136.512
136.750
136.988
137.226
137.464
137.702
137.940
138.179
138.417
138.655
138.893
139.131
139.369
139.607
139.845
140.083
140.321
140.559
140.797
141.511
149.128
149.604
150.081
150.557
151.033
151.509
151.985
152.461
152.937
153.413
153.889
154.365
154.841
155.317
155.793
156.270
156.746
157.222
157.698
158.174
158.650
159.126
159.602
160.078
160.554
161.030
161.506
161.983
162.459
162.935
163.411
163.887
164.363
164.839
165.315
165.791
166.267
166.743
167.219
167.696
168.172
168.648
169.124
169.600
170.076
170.552
171.028
171.504
171.980
172.218
172.456
172.694
172.932
173.170
173.408
173.647
173.885
174.123
174.361
174.599
174.837
175.075
175.313
175.551
175.789
176.027
176.265
176.503
176.741
176.979
177.217
177.455
177.693
177.931
178.169
178.407
178.645
178.883
179.121
179.359
179.598
179.836
180.074
180.312
180.550
180.788
181.026
181.264
181.502
181.740
181.978
182.216
182.454
182.692
182.930
183.168
183.406
183.525
183.644
183.763
183.882
184.001
184.120
184.239
184.358
184.477
184.596
184.715
184.834
184.953
185.072
185.191
185.310
185.429
185.549
185.668
185.787
185.906
186.025
186.144
186.263
187.215
187.691
188.167
188.405
188.643
188.881
189.119
189.595
190.071
190.309
190.547
190.785
191.023
191.500
191.976
192.214
192.452
192.690
192.928
193.404
193.880
194.118
194.356
194.594
194.832
195.308
195.784
196.022
196.260
196.498
196.736
197.212
197.689
197.927
198.165
198.403
198.641
199.117
199.593
199.831
200.069
200.307
200.545
202.449
202.925
203.402
203.878
204.116
204.354
204.592
204.830
205.068
205.306
205.544
205.782
206.020
206.258
206.496
206.734
206.972
207.210
207.448
207.686
207.924
208.162
208.400
208.638
208.876
209.114
209.353
209.591
210.067
210.543
211.019
211.495
211.733
211.971
212.209
212.447
212.685
212.923
213.161
213.399
213.637
213.875
214.113
214.351
214.589
214.827
215.066
215.304
215.542
215.780
216.018
216.256
216.494
216.732
216.970
217.208
217.446
217.684
217.922
218.160
218.398
218.636
218.874
219.588
219.826
220.064
220.302
220.540
220.778
221.017
221.255
221.493
221.731
221.969
222.207
222.445
222.683
222.921
223.159
223.397
223.635
223.873
224.111
224.349
224.587
224.825
225.063
225.301
225.539
225.777
226.015
226.253
226.491
226.729
226.968
227.206
227.444
227.682
227.920
228.158
228.396
228.634
228.872
229.110
229.348
229.586
229.824
230.062
230.300
230.538
230.776
231.014
231.252
231.490
231.728
231.966
232.204
232.442
232.680
232.919
233.157
233.395
233.633
233.871
234.109
234.347
234.585
234.823
235.061
235.299
235.537
235.775
236.013
236.251
236.489
246.021
246.426
246.832
247.237
247.642
248.047
248.453
248.858
249.263
249.668
250.073
250.479
250.884
251.289
251.694
252.100
252.505
252.910
253.315
253.720
254.126
254.531
254.936
255.341
255.746
256.152
256.557
256.962
257.367
257.773
258.178
258.583
258.988
259.393
259.799
260.204
260.609
261.014
261.420
261.825
262.230
262.635
263.040
263.446
263.851
264.256
264.661
265.067
265.472
265.877
266.282
266.687
267.093
267.498
267.903
268.308
268.714
269.119
269.524
269.929
270.334
270.537
270.740
270.942
271.145
271.347
271.550
271.753
271.955
272.766
273.171
274.792
276.413
278.034
279.655
281.275
282.896
284.922
285.733
286.543
287.354
288.164
288.975
289.380
289.785
290.190
290.595
291.001
291.406
292.216
293.027
293.837
294.648
295.458
295.863
296.269
296.674
297.079
297.484
297.889
298.700
299.510
300.321
301.131
301.942
302.347
302.752
303.157
303.563
303.968
304.373
305.183
305.994
306.804
307.615
308.425
308.830
309.236
309.641
310.046
310.451
310.856
311.262
311.667
312.072
312.477
312.883
313.288
313.693
314.098
314.503
314.909
315.314
315.719
316.124
316.530
316.935
317.340
317.745
318.150
318.556
318.961
319.366
319.771
320.177
320.582
320.987
321.392
321.797
322.203
322.608
323.013
323.418
327.065
327.471
327.876
328.281
328.686
329.091
329.497
329.902
330.307
330.712
331.118
331.523
331.928
332.333
332.738
333.144
333.549
333.954
334.359
334.765
335.170
335.575
335.980
336.385
336.791
337.196
337.601
338.006
338.411
338.817
339.222
339.627
340.032
340.438
340.843
341.248
341.653
342.058
342.464
342.869
343.274
343.679
344.085
344.490
344.895
345.300
345.705
346.111
346.516
346.921
347.326
347.732
348.137
348.542
348.947
349.352
349.758
350.163
350.568
350.973
351.379
351.784
352.189
352.594
356.241
356.646
357.052
357.457
357.862
358.267
358.673
359.078
359.483
359.888
360.293
360.699
361.104
361.509
361.914
362.320
362.725
363.130
363.535
363.940
364.346
364.751
365.156
365.561
365.966
366.372
366.777
367.182
367.587
367.993
368.398
368.803
369.208
369.613
370.019
370.424
370.829
371.234
371.640
372.045
380.837
381.437
382.037
382.637
383.237
383.837
384.437
384.738
385.038
385.638
386.238
386.838
387.438
388.038
388.638
389.238
389.538
389.838
390.438
391.038
391.638
391.938
392.238
392.838
393.438
394.039
394.339
394.639
395.239
395.839
396.439
397.039
397.639
398.239
399.439
400.039
400.639
401.239
401.539
401.839
402.439
403.039
403.640
403.940
404.240
404.840
405.440
406.040
406.340
406.640
407.240
407.840
408.440
408.740
409.040
409.640
410.240
410.840
411.140
411.440
412.040
412.641
413.241
413.541
413.841
414.441
415.041
415.641
415.941
416.241
416.841
417.441
418.041
418.641
419.841
421.041
422.242
423.442
424.642
425.842
427.042
428.242
428.842
429.442
430.042
430.642
431.243
431.843
432.443
433.043
433.343
433.643
433.943
434.243
434.543
434.843
435.143
437.843
438.443
439.043
439.643
439.943
440.243
440.544
440.694
440.844
440.994
441.144
441.444
441.744
441.894
442.044
442.194
442.344
443.244
443.844
444.444
444.744
445.044
445.344
445.494
445.644
445.794
445.944
446.244
446.844
447.444
448.044
448.644
449.244
449.544
449.845
450.145
450.295
450.445
450.595
450.745
451.045
451.345
451.495
451.645
451.795
451.945
452.845
453.445
454.045
454.345
454.645
454.945
455.095
455.245
455.395
455.545
455.845
456.445
457.045
457.645
458.245
458.845
459.146
459.446
459.746
459.896
460.046
460.196
460.346
460.646
460.946
461.096
461.246
461.396
461.546
462.446
463.046
463.646
463.946
464.246
464.546
464.696
464.846
464.996
465.146
465.446
466.046
466.646
467.246
467.846
468.447
468.747
469.047
469.347
469.497
469.647
469.797
469.947
470.247
470.547
470.697
470.847
470.997
471.147
472.047
472.647
473.247
473.547
473.847
474.147
474.297
474.447
474.597
474.747
475.047
475.647
476.247
476.847
477.447
478.048
478.648
479.248
479.848
480.448
481.048
481.648
482.248
482.848
483.448
484.048
484.648
491.912
492.200
492.488
492.873
493.065
493.450
493.738
494.026
494.411
494.603
494.988
495.276
495.564
495.949
496.141
496.526
496.814
497.102
497.487
497.679
498.064
498.352
498.640
499.025
499.217
499.602
499.890
500.178
500.563
500.755
501.140
501.428
501.716
502.101
502.293
502.678
502.966
503.254
503.639
503.831
504.600
505.369
506.138
506.907
507.676
508.445
509.214
509.983
510.752
511.521
512.290
513.444
513.732
514.020
514.405
514.597
514.982
515.270
515.558
515.943
516.135
516.520
516.808
517.096
517.481
517.673
518.058
518.346
518.634
519.019
519.211
519.596
519.884
520.172
520.557
520.749
521.134
521.422
521.710
522.095
522.287
522.672
522.960
523.248
523.633
523.825
524.210
524.498
524.786
525.171
525.363
526.132
526.901
527.670
528.824
529.112
529.400
529.785
529.977
530.362
530.650
530.938
531.323
531.515
531.900
532.188
532.476
532.861
533.053
533.438
533.726
534.014
534.399
534.591
534.976
535.264
535.552
535.937
536.129
536.514
536.802
537.090
537.475
537.667
538.052
538.340
538.628
539.013
539.205
539.590
539.878
540.166
540.551
540.743
541.128
541.416
541.704
542.089
542.281
542.666
542.954
543.242
543.627
543.819
544.204
544.492
544.780
545.165
545.357
545.742
546.030
546.318
546.703
546.895
547.280
547.568
547.856
548.241
548.433
548.818
549.106
549.394
549.779
549.971
550.356
550.644
550.932
551.317
551.509
551.894
552.182
552.470
552.855
553.047
556.690
557.290
557.890
558.490
559.089
559.689
560.289
560.889
561.489
562.089
562.689
563.289
563.889
564.489
565.089
565.689
565.989
566.289
566.589
566.889
567.189
567.489
567.789
568.089
568.389
568.689
568.989
569.289
569.589
569.889
570.189
570.489
570.639
570.789
570.939
571.089
571.239
571.389
571.539
571.689
571.838
571.988
572.138
572.288
572.438
572.588
572.738
572.888
575.288
575.888
576.488
577.088
577.388
577.688
577.988
578.138
578.288
578.438
578.588
578.888
579.188
579.338
579.488
579.638
579.788
580.088
580.688
581.288
581.888
582.188
582.488
582.788
582.938
583.088
583.238
583.388
583.688
584.288
584.888
585.487
586.087
586.687
586.987
587.287
587.587
587.737
587.887
588.037
588.187
588.487
588.787
588.937
589.087
589.237
589.387
589.687
590.287
590.887
591.487
591.787
592.087
592.387
592.537
592.687
592.837
592.987
593.287
593.887
594.487
595.087
595.687
596.287
596.587
596.887
597.187
597.337
597.487
597.637
597.787
598.087
598.386
598.536
598.686
598.836
598.986
599.286
599.886
600.486
601.086
601.386
601.686
601.986
602.136
602.286
602.436
602.586
602.886
603.486
604.086
604.686
605.286
605.886
606.186
606.486
606.786
606.936
607.086
607.236
607.386
607.686
607.986
608.136
608.286
608.436
608.586
608.886
609.486
610.086
610.686
610.986
611.286
611.586
611.735
611.885
612.035
612.185
613.685
614.285
614.885
615.485
616.085
616.685
617.285
617.885
618.485
619.085
619.685
620.285
620.885
621.485
622.085
622.685
623.285
623.885
624.485
625.084
625.684
626.284
626.884
627.484
628.084
628.684
629.284
629.884
630.484
631.084
643.267
643.747
644.227
644.707
645.186
645.666
646.146
646.626
647.106
647.585
648.065
648.545
649.025
649.505
649.984
650.104
650.944
651.424
651.904
652.383
652.863
653.343
653.823
654.303
654.782
655.262
655.742
656.222
656.702
657.181
657.661
657.781
658.621
659.101
659.580
660.060
660.540
661.020
661.500
661.979
662.459
662.939
663.419
663.899
664.378
664.858
665.338
665.458
666.298
666.777
667.257
667.737
668.217
668.697
669.176
669.656
670.136
670.616
671.096
671.575
672.055
672.535
673.015
673.135
673.974
674.454
674.934
675.414
675.534
675.654
675.894
676.373
676.853
677.333
677.453
677.573
677.813
678.293
678.772
679.252
679.372
679.492
679.732
680.212
680.692
681.171
681.291
681.411
681.651
682.131
682.611
683.091
683.210
683.330
683.570
684.050
684.530
685.010
685.130
685.250
685.490
685.969
686.449
686.929
687.049
687.169
687.409
687.889
688.368
688.848
688.968
689.088
689.328
689.568
689.808
690.048
690.288
690.527
690.767
690.887
691.007
691.247
691.487
691.727
691.967
692.207
692.447
692.687
692.806
692.926
693.166
693.406
693.646
693.886
694.126
694.366
694.606
694.726
694.846
695.086
695.325
695.565
695.805
696.045
696.285
696.525
696.765
697.005
697.245
697.485
697.724
697.964
698.204
698.444
698.684
698.924
699.164
699.404
699.644
699.884
700.123
700.363
700.603
700.843
700.963
701.083
701.203
701.323
701.443
701.563
701.683
701.803
701.923
702.043
702.163
702.282
702.402
702.522
702.642
704.681
704.921
705.161
705.401
705.641
705.881
706.121
706.241
706.361
706.601
706.841
707.080
707.320
707.560
707.800
708.040
708.160
708.280
708.520
708.760
709.000
709.240
709.479
709.719
709.959
710.079
710.199
710.439
710.679
710.919
712.358
712.598
712.838
713.078
713.318
713.558
713.798
713.918
714.038
714.277
714.517
714.757
714.997
715.237
715.477
715.717
715.837
715.957
716.197
716.437
716.676
716.916
717.156
717.396
717.636
717.756
717.876
718.116
718.356
718.596
721.474
721.714
721.954
722.194
722.434
722.674
722.914
723.034
723.154
723.394
723.634
723.873
724.113
724.353
724.593
724.833
724.953
725.073
725.313
725.553
725.793
726.033
726.272
726.512
726.752
726.872
726.992
727.232
727.472
727.712
727.952
728.192
728.432
728.671
728.791
728.911
729.151
729.391
729.631
729.871
730.111
730.351
730.591
730.711
730.831
731.070
731.310
731.550
731.790
732.030
732.270
732.510
732.630
732.750
732.990
733.230
733.469
733.709
733.949
734.189
735.389
735.748
736.108
736.588
736.828
737.308
737.668
738.028
738.507
738.747
739.227
739.587
739.947
740.427
740.666
741.146
741.506
741.866
742.346
742.586
743.065
743.425
743.785
744.265
744.505
744.985
745.344
745.704
746.184
746.424
746.904
747.264
747.624
748.103
748.343
748.823
749.183
749.543
750.023
750.262
756.058
756.558
757.058
757.559
758.059
758.559
759.060
759.560
760.060
760.561
761.061
761.561
762.062
762.562
763.062
763.563
764.063
764.563
765.064
765.564
766.064
766.565
767.065
767.565
768.065
768.566
769.066
769.566
772.068
772.568
773.069
773.569
774.069
774.570
775.070
775.570
776.071
776.571
777.071
777.572
778.072
778.572
779.073
779.573
780.073
780.574
781.074
781.574
782.075
782.575
783.075
783.576
784.076
784.576
785.076
785.577
786.077
786.577
787.078
787.578
788.078
788.579
789.079
789.579
790.080
790.580
791.080
791.581
792.081
792.581
793.082
793.582
794.082
794.583
795.083
795.583
800.086
800.587
801.087
801.587
802.088
802.588
803.088
803.588
804.089
804.589
805.089
805.590
806.090
806.590
807.091
807.591
808.091
808.592
809.092
809.592
810.093
810.593
811.093
811.594
812.094
812.594
813.095
813.595
814.095
814.596
815.096
815.596
823.264
823.504
823.744
823.984
824.224
824.464
824.704
824.824
824.944
825.184
825.424
825.664
825.904
826.144
826.384
826.624
826.744
826.864
827.104
827.343
827.583
827.823
828.063
828.303
828.543
828.663
828.783
829.023
829.263
829.503
830.943
831.183
831.423
831.662
831.902
832.142
832.382
832.502
832.622
832.862
833.102
833.342
833.582
833.822
834.062
834.302
834.422
834.542
834.782
835.022
835.262
835.502
835.742
835.982
836.221
836.341
836.461
836.701
836.941
837.181
840.540
840.780
841.020
841.260
841.500
841.740
841.980
842.100
842.220
842.460
842.700
842.940
843.180
843.420
843.660
843.900
844.020
844.140
844.380
844.620
844.860
845.099
845.339
846.299
846.539
846.779
847.019
847.259
847.499
847.739
847.859
847.979
848.219
848.459
848.699
848.939
849.179
849.418
849.658
849.778
849.898
850.138
850.378
850.618
850.858
851.098
851.338
851.578
851.698
851.818
852.058
853.977
854.097
854.217
854.457
854.577
854.697
854.937
855.057
855.177
855.417
855.537
855.657
855.897
856.017
856.137
856.377
856.497
856.617
856.857
856.977
857.097
857.337
857.457
857.577
857.817
857.937
858.057
859.736
859.856
859.976
860.216
860.336
860.456
860.696
860.816
860.936
861.176
861.296
861.416
861.656
861.776
861.896
862.136
862.256
862.376
862.616
862.735
862.855
863.095
863.215
863.335
863.575
863.695
863.815
864.055
864.175
864.295
864.535
864.655
864.775
865.015
865.135
865.255
869.334
869.454
869.574
869.694
869.814
869.934
870.054
870.174
870.294
870.414
870.534
870.654
870.774
870.894
871.014
871.134
871.254
871.374
871.494
871.613
871.733
871.853
871.973
872.093
872.213
872.333
872.453
872.573
872.693
872.813
872.933
873.053
873.173
873.293
873.413
873.533
873.653
873.773
873.893
874.013
874.133
874.253
875.093
875.213
875.333
875.453
875.573
875.693
875.813
875.933
876.052
876.172
876.292
876.412
876.532
876.652
876.772
876.892
877.012
877.132
877.252
877.372
877.492
877.612
877.732
877.852
877.972
878.092
878.212
878.332
878.452
878.572
878.692
878.812
878.932
879.052
879.172
879.292
879.412
879.532
879.652
879.772
879.892
880.012
880.132
880.252
880.372
880.491
882.771
882.891
883.011
883.131
883.251
883.371
883.491
883.611
883.731
883.851
883.971
884.091
884.211
884.331
884.451
884.571
884.691
884.811
884.930
885.050
885.170
885.290
885.410
885.530
885.650
885.770
885.890
886.010
886.130
886.250
886.370
886.490
886.610
886.730
886.850
888.530
888.650
888.770
888.890
889.010
889.130
889.250
889.369
889.489
889.609
889.729
889.849
889.969
890.089
890.209
890.329
890.449
890.569
890.689
890.809
890.929
891.049
891.169
891.289
891.409
891.529
891.649
891.769
891.889
892.009
892.129
892.249
892.369
892.489
892.609
892.729
892.849
892.969
893.089
893.209
893.329
893.449
893.569
893.689
893.808
893.928
898.128
898.247
898.367
898.487
898.607
898.727
898.847
898.967
899.087
899.207
899.327
899.447
899.567
899.687
899.807
899.927
900.047
900.167
900.287
900.407
900.527
900.647
900.767
900.887
901.007
901.127
901.247
901.367
901.487
901.607
901.727
901.847
901.967
902.087
902.207
902.327
902.447
902.567
902.686
902.806
902.926
903.046
903.886
904.006
904.126
904.246
904.366
904.486
904.606
904.726
904.846
904.966
905.086
905.206
905.326
905.446
905.566
905.686
905.806
905.926
906.046
906.166
906.286
906.406
906.526
906.646
906.766
906.886
907.006
907.125
907.245
907.365
907.485
907.605
907.725
907.845
907.965
908.085
908.205
908.325
908.445
908.565
908.685
908.805
908.925
909.045
909.165
909.285
911.564
911.924
912.284
912.764
913.004
913.484
913.844
914.204
914.684
914.924
915.404
915.764
916.123
916.603
916.843
917.323
917.683
918.043
918.523
918.763
919.243
919.603
919.963
920.442
920.682
921.162
921.522
921.882
922.362
922.602
923.082
923.442
923.802
924.282
924.522
925.001
925.361
925.721
926.201
926.441
926.921
927.401
927.881
928.361
928.841
929.321
929.800
930.280
930.760
931.240
931.720
932.200
932.680
933.160
933.640
934.119
934.599
935.079
935.559
936.039
936.519
936.999
937.479
937.959
938.439
938.918
939.398
939.878
940.358
940.838
941.318
942.278
942.758
943.237
943.717
944.197
944.677
945.157
945.637
946.117
946.597
947.077
947.556
948.036
948.516
948.996
949.476
949.956
950.436
950.916
951.396
951.876
952.355
952.835
953.315
953.795
954.275
954.755
955.235
955.715
956.195
956.674
957.154
957.634
974.708
975.061
975.413
975.766
976.118
976.471
976.823
977.176
977.528
977.881
978.233
978.586
978.938
979.291
979.643
979.996
980.348
980.701
981.053
981.406
981.758
982.111
982.463
982.816
983.169
983.521
983.874
984.226
984.579
984.931
985.284
985.989
986.341
986.694
987.046
987.399
987.751
988.104
988.456
988.809
989.161
989.514
989.866
990.219
990.571
990.924
991.276
991.629
991.982
992.334
992.687
994.097
994.802
995.507
996.212
996.917
997.622
998.327
999.032
999.737
1000.442
1001.147
1001.852
1002.557
1003.262
1005.828
1006.059
1006.289
1006.751
1007.674
1007.905
1008.136
1008.597
1009.520
1009.751
1009.982
1010.444
1011.367
1011.598
1011.828
1012.290
1013.213
1013.444
1013.675
1014.136
1015.059
1015.290
1015.521
1015.983
1016.906
1017.136
1017.367
1017.829
1018.752
1018.983
1019.214
1019.675
1020.598
1020.829
1021.060
1021.521
1021.983
1022.445
1022.675
1022.906
1023.368
1023.829
1024.291
1024.522
1024.752
1025.214
1025.676
1026.137
1026.368
1026.599
1027.060
1027.522
1027.983
1028.214
1028.445
1028.907
1029.368
1029.830
1030.061
1030.291
1030.753
1031.215
1031.676
1031.907
1032.138
1032.599
1033.061
1035.369
1035.599
1035.830
1036.292
1036.523
1036.753
1037.215
1037.446
1037.677
1038.138
1038.369
1038.600
1039.061
1039.292
1039.523
1039.984
1040.215
1040.446
1040.908
1041.138
1041.369
1041.831
1042.062
1042.292
1042.754
1042.985
1043.215
1043.677
1043.908
1044.139
1044.600
1044.831
1045.062
1045.523
1045.754
1045.985
1046.446
1046.677
1046.908
1047.370
1047.600
1047.831
1048.293
1048.524
1048.754
1049.216
1049.447
1049.677
1050.139
1050.370
1050.601
1051.062
1051.293
1051.524
1051.985
1052.216
1052.447
1052.909
1053.139
1053.370
1053.832
1054.062
1054.293
1054.755
1054.986
1055.216
1055.678
1055.909
1056.140
1056.601
1056.832
1057.063
1057.524
1057.755
1057.986
1058.447
1058.678
1058.909
1059.371
1059.601
1059.832
1060.294
1060.525
1060.755
1061.217
1061.448
1061.678
1062.140
1062.371
1062.602
1063.063
1063.294
1063.525
1064.434
1064.913
1065.393
1065.633
1065.872
1066.352
1066.592
1066.832
1067.311
1067.551
1067.791
1068.031
1068.270
1068.750
1069.229
1069.469
1069.709
1070.189
1070.428
1070.668
1071.148
1071.387
1071.627
1071.867
1072.107
1072.586
1073.066
1073.306
1073.545
1074.025
1074.265
1074.505
1074.984
1075.224
1075.464
1075.704
1075.943
1076.423
1076.902
1077.142
1077.382
1077.862
1078.101
1078.341
1078.821
1079.060
1079.300
1079.540
1079.780
1080.259
1080.739
1080.979
1081.218
1081.698
1081.938
1082.178
1082.657
1082.897
1083.137
1083.377
1083.616
1084.096
1084.575
1084.815
1085.055
1085.535
1085.774
1086.014
1086.494
1086.733
1086.973
1087.213
1087.453
1087.932
1088.412
1088.652
1088.891
1089.371
1089.611
1089.851
1090.330
1090.570
1090.810
1091.050
1091.289
1091.769
1092.248
1092.488
1092.728
1093.208
1093.447
1093.687
1095.126
1095.605
1095.845
1096.085
1096.325
1096.564
1097.044
1097.524
1097.763
1098.003
1098.243
1098.483
1098.962
1099.442
1099.682
1099.921
1100.161
1100.401
1100.881
1101.360
1101.600
1101.840
1102.079
1102.319
1102.799
1103.278
1103.518
1103.758
1103.998
1104.237
1104.717
1105.197
1105.436
1105.676
1105.916
1106.156
1106.635
1107.115
1107.355
1107.594
1107.834
1108.074
1108.554
1109.033
1109.273
1109.513
1109.752
1109.992
1110.880
1111.120
1111.359
1111.599
1111.839
1112.079
1112.318
1112.558
1112.798
1113.037
1113.277
1113.517
1113.757
1113.996
1114.236
1114.476
1114.715
1114.955
1115.195
1115.435
1115.674
1115.914
1116.154
1116.394
1116.633
1116.873
1117.113
1117.352
1117.592
1117.832
1118.072
1118.311
1118.551
1118.791
1119.031
1119.270
1119.510
1119.750
1119.989
1120.229
1120.469
1120.709
1120.948
1121.188
1121.428
1121.668
1121.907
1122.147
1122.387
1122.626
1122.866
1123.106
1123.346
1123.585
1123.825
1124.065
1124.304
1124.544
1124.784
1125.024
1125.263
1125.503
1125.743
1125.983
1126.222
1126.702
1127.181
1127.421
1127.661
1128.140
1128.620
1129.099
1129.339
1129.578
1130.058
1130.537
1131.017
1131.257
1131.496
1131.976
1132.455
1132.935
1133.174
1133.414
1133.893
1134.373
1134.852
1135.092
1135.332
1135.811
1136.291
1136.770
1137.010
1137.250
1137.729
1138.209
1138.688
1138.928
1139.167
1139.647
1140.126
1140.606
1140.845
1141.085
1141.565
1142.044
1142.524
1142.763
1143.003
1143.482
1143.722
1143.962
1144.441
1144.681
1144.921
1145.400
1145.640
1145.880
1146.359
1146.599
1146.839
1147.318
1147.558
1147.798
1148.277
1148.517
1148.756
1149.236
1149.476
1149.715
1150.195
1150.434
1150.674
1151.154
1151.393
1151.633
1152.113
1152.352
1152.592
1153.071
1153.311
1153.551
1154.030
1154.270
1154.510
1154.989
1155.229
1155.469
1155.948
1156.188
1156.428
1163.501
1163.914
1164.328
1164.742
1165.155
1165.569
1165.982
1166.396
1166.809
1167.223
1167.636
1168.050
1168.464
1168.877
1169.291
1169.704
1170.118
1170.531
1170.738
1170.945
1171.152
1171.358
1171.565
1171.772
1171.979
1172.186
1172.392
1172.599
1172.806
1173.013
1173.220
1173.426
1173.530
1173.633
1173.736
1173.840
1173.943
1174.047
1174.150
1174.253
1174.357
1174.460
1174.564
1174.667
1174.770
1176.735
1177.045
1177.355
1177.975
1178.182
1178.389
1178.803
1179.009
1179.216
1179.423
1179.630
1180.043
1180.353
1180.664
1181.284
1181.491
1181.698
1182.111
1182.318
1182.525
1182.731
1182.938
1183.352
1183.662
1183.972
1184.592
1184.799
1185.006
1185.420
1185.626
1185.833
1186.040
1186.247
1186.660
1186.970
1187.281
1187.901
1188.108
1188.314
1188.728
1188.935
1189.142
1189.348
1189.555
1189.969
1190.279
1190.589
1191.209
1191.416
1191.623
1192.037
1192.243
1192.450
1192.657
1192.864
1193.277
1193.587
1193.898
1194.518
1194.725
1194.931
1195.345
1195.552
1195.759
1195.965
1196.172
1196.586
1196.896
1197.206
1197.826
1198.033
1198.240
1198.654
1198.860
1199.067
1199.274
1199.481
1199.894
1200.204
1200.515
1201.135
1201.342
1201.548
1201.962
1202.169
1202.376
1202.582
1202.789
1216.940
1217.405
1217.870
1218.335
1218.800
1219.265
1219.729
1220.194
1220.659
1221.124
1221.589
1222.054
1222.519
1222.984
1223.449
1223.914
1224.379
1224.844
1225.309
1225.774
1226.239
1226.704
1227.168
1227.633
1228.098
1228.563
1229.028
1229.493
1229.958
1230.423
1230.888
1231.353
1231.818
1232.283
1232.748
1233.213
1233.678
1234.143
1234.607
1235.072
1235.537
1236.002
1236.467
1236.932
1237.397
1237.862
1238.327
1238.792
1239.257
1239.722
1240.187
1240.652
1241.117
1241.582
1242.046
1242.511
1242.976
1243.209
1243.441
1243.674
1243.906
1244.139
1244.371
1244.604
1244.836
1245.069
1245.301
1245.533
1245.766
1245.998
1246.231
1246.463
1246.696
1247.052
1247.408
1247.764
1248.120
1248.476
1248.833
1249.189
1249.545
1249.901
1250.257
1250.613
1250.969
1251.325
1251.682
1252.038
1252.394
1252.750
1253.106
1253.462
1253.818
1254.174
1254.531
1254.887
1255.243
1255.599
1255.955
1256.311
1256.667
1257.023
1257.379
1257.736
1258.092
1258.448
1258.804
1259.160
1259.516
1259.872
1260.228
1260.585
1260.941
1261.297
1261.653
1262.009
1262.365
1262.721
1263.077
1263.434
1263.790
1264.146
1264.502
1264.858
1265.214
1265.570
1265.926
1266.283
1266.639
1266.995
1267.351
1267.707
1268.063
1268.419
1268.775
1269.132
1269.488
1269.844
1270.200
1270.556
1270.912
1271.268
1271.624
1271.980
1272.337
1272.693
1273.049
1273.405
1273.761
1274.117
1274.473
1274.829
1275.186
1275.542
1275.898
1276.254
1276.610
1276.966
1277.322
1277.678
1278.035
1278.391
1278.747
1279.103
1279.459
1279.815
1280.171
1280.527
1280.884
1281.240
1281.596
1281.952
1282.308
1282.664
1283.020
1283.376
1283.732
1284.089
1284.445
1284.801
1285.157
1285.513
1285.869
1286.225
1286.581
1286.938
1287.294
1287.650
1288.006
1288.362
1288.718
1289.074
1289.430
1289.787
1290.143
1290.499
1290.855
1291.211
1291.567
1291.923
1292.279
1292.636
1292.992
1293.348
1293.704
1294.060
1294.416
1294.772
1295.128
1295.485
1295.841
1296.197
1296.553
1296.909
1297.265
1297.621
1297.977
1298.333
1298.690
1299.046
1299.402
1299.758
1300.114
1300.470
1300.826
1301.182
1301.539
1301.895
1302.251
1302.607
1302.963
1303.319
1303.675
1304.031
1304.388
1304.744
1305.100
1305.456
1305.812
1306.168
1306.524
1306.880
1307.237
1307.593
1307.949
1308.305
1308.661
1309.017
1309.373
1309.729
1310.086
1310.442
1310.798
1311.154
1311.510
1311.866
1312.222
1312.578
1312.934
1313.291
1313.647
1314.112
1314.577
1315.042
1315.506
1315.971
1316.436
1316.901
1317.366
1317.831
1318.296
1318.761
1319.226
1319.691
1320.156
1320.621
1321.086
1321.551
1322.016
1322.481
1322.945
1323.410
1323.875
1324.340
1324.805
1325.270
1325.735
1326.200
1326.665
1327.130
1327.595
1328.060
1328.525
1328.990
1329.455
1329.687
1329.920
1330.384
1330.849
1331.314
1331.547
1331.779
1332.244
1332.709
1333.174
1333.407
1333.639
1334.104
1334.569
1335.034
1335.266
1335.499
1335.964
1336.429
1336.894
1337.126
1337.359
1337.823
1338.288
1338.753
1338.986
1339.218
1339.683
1340.148
1340.613
1340.846
1341.078
1341.543
1342.008
1342.473
1342.705
1342.938
1343.403
1343.635
1343.868
1344.100
1344.333
1344.565
1344.797
1345.030
1345.262
1345.495
1345.727
1345.960
1346.192
1346.425
1346.657
1346.890
1347.122
1347.355
1350.842
1351.074
1351.307
1351.772
1352.004
1352.236
1352.701
1352.934
1353.166
1353.631
1353.864
1354.096
1354.561
1354.794
1355.026
1355.491
1355.724
1355.956
1356.421
1356.653
1356.886
1357.351
1357.583
1357.816
1358.281
1358.513
1358.746
1359.211
1359.443
1359.675
1360.140
1360.373
1360.605
1361.070
1361.303
1361.535
1362.000
1362.233
1362.465
1362.930
1363.162
1363.395
1363.860
1364.092
1364.325
1364.790
1365.022
1365.255
1371.232
1371.708
1372.183
1372.659
1373.135
1373.611
1374.087
1374.563
1375.038
1375.514
1375.990
1376.466
1376.942
1377.418
1377.893
1378.369
1378.845
1379.321
1379.797
1380.273
1380.748
1381.224
1381.700
1382.176
1382.652
1383.128
1383.603
1384.079
1386.458
1386.696
1386.934
1387.172
1387.410
1387.648
1387.886
1388.124
1388.362
1388.600
1388.838
1389.075
1389.313
1389.551
1389.789
1390.027
1390.265
1390.503
1390.741
1390.979
1391.217
1391.455
1391.693
1391.930
1392.168
1392.406
1392.644
1392.882
1393.120
1393.358
1393.596
1393.834
1394.072
1394.310
1394.547
1394.785
1395.023
1395.261
1395.499
1395.737
1395.975
1396.213
1396.451
1396.689
1396.927
1397.165
1397.402
1397.640
1397.878
1398.116
1398.354
1398.592
1398.830
1399.068
1399.306
1399.544
1404.479
1404.711
1404.944
1405.176
1405.409
1405.641
1405.874
1406.106
1406.339
1406.572
1406.804
1407.037
1407.269
1407.502
1407.734
1407.967
1408.199
1408.432
1408.664
1408.897
1409.129
1409.362
1409.594
1409.827
1410.059
1410.292
1410.524
1410.757
1410.989
1411.222
1411.454
1411.687
1411.919
1412.152
1412.384
1412.617
1412.849
1413.082
1413.314
1413.547
1413.779
1414.012
1414.244
1414.477
1414.709
1414.942
1415.174
1415.407
1415.639
1415.872
1416.104
1416.337
1416.569
1416.802
1417.035
1417.267
1417.500
1417.732
1417.965
1418.197
1418.430
1418.662
1418.895
1419.127
1419.360
1419.592
1419.825
1420.057
1420.290
1420.522
1420.755
1420.987
1421.220
1421.452
1421.685
1421.917
1422.150
1422.382
1422.615
1422.847
1423.080
1423.312
1423.545
1423.777
1424.010
1424.242
1424.475
1424.707
1424.940
1425.172
1425.405
1425.637
1425.870
1426.102
1426.335
1426.567
1426.800
1427.032
1427.265
1427.498
1427.730
1427.963
1428.195
1428.428
1428.660
1428.893
1429.125
1429.358
1429.590
1429.823
1430.055
1430.288
1430.520
1430.753
1430.985
1431.218
1431.450
1431.683
1431.915
1432.148
1432.380
1432.613
1432.845
1433.078
1433.310
1433.543
1433.775
1434.008
1434.240
1434.473
1434.705
1435.170
1435.403
1435.635
1436.100
1436.333
1436.565
1437.030
1437.263
1437.495
1437.961
1438.193
1438.426
1438.891
1439.123
1439.356
1439.821
1440.053
1440.286
1440.751
1440.983
1441.216
1441.681
1441.913
1442.146
1442.611
1442.843
1443.076
1443.541
1443.773
1444.006
1444.471
1444.703
1444.936
1445.401
1445.633
1445.866
1446.331
1446.563
1446.796
1447.261
1447.493
1447.726
1448.191
1448.423
1448.656
1449.121
1449.586
1450.051
1450.516
1450.981
1451.446
1451.911
1452.376
1452.841
1453.306
1453.771
1454.236
1454.701
1455.166
1455.631
1456.096
1456.561
1457.026
1457.491
1457.956
1458.421
1458.886
1459.352
1459.817
1460.282
1460.747
1461.212
1461.677
1462.142
1462.607
1463.072
1463.537
1464.002
1464.932
1465.862
1466.792
1467.722
1468.652
1469.582
1470.512
1471.442
1472.372
1473.302
1474.232
1475.162
1476.092
1477.022
1477.952
1478.882
1479.812
1480.743
1481.673
1482.603
1483.533
1484.463
1485.393
1486.323
1487.253
1488.183
1489.113
1490.043
1490.973
1491.903
1492.833
1525.118
1526.489
1527.860
1529.231
1530.602
1531.973
1533.344
1534.715
1536.086
1536.771
1537.457
1538.142
1538.828
1539.514
1540.199
1540.885
1541.570
1542.256
1542.941
1543.627
1544.312
1544.998
1545.683
1546.369
1547.054
1547.397
1547.568
1547.911
1548.254
1548.597
1548.939
1549.796
1550.139
1550.310
1550.653
1550.996
1551.339
1551.681
1552.538
1552.881
1553.052
1553.395
1553.738
1554.081
1554.423
1555.280
1555.623
1555.795
1556.137
1556.480
1556.823
1557.166
1558.022
1558.365
1558.708
1559.393
1559.736
1560.079
1560.764
1561.107
1561.450
1562.136
1562.478
1562.821
1563.507
1563.849
1564.192
1564.878
1565.220
1565.563
1566.249
1566.591
1566.934
1568.991
1569.333
1569.676
1570.019
1570.362
1570.704
1571.047
1571.390
1571.561
1571.733
1572.076
1572.418
1572.761
1573.104
1573.447
1573.789
1574.132
1574.475
1574.646
1574.818
1575.160
1575.503
1575.846
1576.189
1576.531
1576.874
1577.217
1577.560
1577.902
1578.245
1578.417
1578.588
1578.931
1579.273
1579.616
1579.959
1580.130
1580.302
1580.644
1580.987
1581.330
1581.673
1582.015
1582.358
1582.530
1582.701
1583.044
1583.387
1583.729
1584.072
1584.415
1584.758
1585.100
1585.443
1585.614
1585.786
1586.129
1586.471
1586.814
1587.157
1587.500
1587.842
1588.185
1588.528
1588.699
1589.042
1589.385
1589.728
1590.070
1590.927
1591.270
1591.613
1591.955
1592.298
1592.641
1592.984
1593.327
1593.498
1593.669
1594.012
1594.355
1594.698
1595.040
1595.383
1595.726
1596.069
1596.411
1596.583
1596.754
1597.097
1597.440
1597.782
1598.125
1598.468
1598.811
1599.153
1599.496
1599.668
1599.839
1600.182
1600.524
1600.867
1601.210
1601.895
1602.238
1602.581
1602.924
1603.266
1603.609
1603.952
1604.295
1604.466
1604.638
1604.980
1605.323
1605.666
1606.009
1606.351
1606.694
1607.380
1607.551
1607.722
1608.065
1608.408
1608.751
1609.093
1609.436
1609.779
1610.122
1612.864
1613.206
1613.549
1613.892
1614.235
1614.578
1614.920
1615.263
1615.434
1615.606
1615.949
1616.291
1616.634
1616.977
1617.320
1617.662
1617.834
1618.348
1618.519
1618.691
1619.033
1619.376
1619.719
1620.062
1620.404
1620.747
1621.090
1621.433
1621.775
1622.118
1622.461
1623.832
1624.003
1624.175
1624.346
1624.517
1624.689
1624.860
1625.032
1625.203
1625.374
1625.546
1625.717
1625.889
1626.060
1626.231
1626.403
1626.574
1626.745
1626.917
1627.088
1627.260
1627.431
1627.602
1627.774
1627.945
1628.116
1628.288
1628.459
1628.631
1629.316
1629.487
1629.659
1629.830
1630.002
1630.173
1630.344
1630.516
1630.687
1630.859
1631.030
1631.201
1631.373
1631.544
1631.715
1631.887
1632.058
1632.230
1632.401
1632.572
1632.744
1632.915
1633.086
1633.258
1633.429
1633.601
1633.772
1633.943
1634.115
1634.800
1634.972
1635.143
1635.314
1635.486
1635.657
1635.828
1636.000
1636.171
1636.343
1636.514
1636.685
1636.857
1637.028
1637.200
1637.371
1637.542
1637.714
1637.885
1638.056
1638.228
1638.399
1638.571
1638.742
1638.913
1639.085
1639.256
1639.427
1639.599
1640.284
1640.456
1640.627
1640.798
1640.970
1641.141
1641.313
1641.484
1641.655
1641.827
1641.998
1642.170
1642.341
1642.512
1642.684
1642.855
1643.026
1643.198
1643.369
1643.541
1643.712
1643.883
1644.055
1644.226
1644.397
1644.569
1644.740
1644.912
1645.083
1645.768
1646.111
1646.454
1646.797
1647.140
1647.482
1647.825
1648.168
1648.339
1648.511
1648.853
1649.196
1649.539
1649.882
1650.224
1650.567
1650.910
1651.253
1651.424
1651.595
1651.938
1652.281
1652.624
1652.966
1653.309
1653.652
1653.995
1654.337
1654.680
1655.023
1655.366
1655.708
1656.051
1656.394
1680.793
1681.730
1682.668
1683.605
1684.543
1685.480
1686.418
1687.355
1688.292
1689.230
1690.167
1691.105
1692.042
1692.980
1693.917
1694.854
1695.792
1696.729
1697.667
1698.604
1699.542
1700.479
1701.416
1702.354
1703.291
1704.229
1705.166
1706.104
1707.041
1707.978
1708.916
1709.853
1712.197
1712.353
1712.509
1712.666
1712.822
1712.978
1713.134
1713.291
1713.447
1713.603
1713.759
1713.915
1714.072
1714.228
1714.384
1714.540
1714.697
1714.853
1715.009
1715.165
1715.322
1715.478
1715.947
1716.103
1716.259
1716.415
1716.572
1716.728
1716.884
1717.040
1717.196
1717.353
1717.509
1717.665
1717.821
1717.978
1718.134
1718.290
1718.446
1718.603
1718.759
1718.915
1719.071
1719.228
1719.696
1719.853
1720.009
1720.165
1720.321
1720.477
1720.634
1720.790
1720.946
1721.102
1721.259
1721.415
1721.571
1721.727
1721.884
1722.040
1722.196
1722.352
1722.509
1722.665
1722.821
1722.977
1723.446
1723.602
1723.758
1723.915
1724.071
1724.227
1724.383
1724.540
1724.696
1724.852
1725.008
1725.165
1725.321
1725.477
1725.633
1725.790
1725.946
1726.102
1726.258
1726.414
1726.571
1726.727
1727.196
1727.352
1727.508
1727.664
1727.821
1727.977
1728.133
1728.289
1728.446
1728.602
1728.758
1728.914
1729.071
1729.227
1729.383
1729.539
1729.695
1729.852
1730.008
1730.164
1730.320
1730.477
1730.945
1731.102
1731.258
1731.414
1731.570
1731.727
1731.883
1732.039
1732.195
1732.352
1732.508
1732.664
1732.820
1732.976
1733.133
1733.289
1733.445
1733.601
1733.758
1733.914
1734.070
1734.226
1734.539
1734.695
1734.851
1735.008
1735.164
1735.320
1735.476
1735.633
1735.789
1735.945
1736.101
1736.257
1736.414
1736.570
1736.726
1736.882
1737.039
1737.195
1737.351
1737.507
1737.664
1737.820
1738.445
1738.601
1738.757
1738.914
1739.070
1739.226
1739.382
1739.538
1739.695
1739.851
1740.007
1740.163
1740.320
1740.476
1740.632
1740.788
1740.945
1741.101
1741.257
1741.413
1741.570
1741.726
1742.195
1742.663
1743.132
1743.601
1744.069
1744.538
1745.007
1745.476
1745.944
1746.413
1746.882
1747.350
1747.819
1748.288
1748.757
1749.225
1749.694
1750.163
1750.631
1751.100
1751.569
1752.037
1752.506
1752.975
1753.444
1753.912
1754.381
1754.850
1755.318
1755.787
1756.256
1756.725
1757.193
1758.131
1759.068
1760.943
1761.880
1762.818
1764.693
1765.630
1766.568
1768.442
1769.380
1770.317
1772.192
1772.661
1773.130
1773.598
1774.067
1774.536
1775.004
1775.473
1775.942
1776.411
1776.879
1777.348
1777.817
1778.285
1778.754
1779.223
1779.692
1780.160
1780.629
1781.098
1781.566
1782.035
1782.504
1782.973
1783.441
1783.910
1784.379
1784.847
1785.316
1785.785
1786.254
1786.722
1787.191
1787.425
1787.660
1788.363
1788.597
1789.066
1789.300
1789.535
1790.238
1790.472
1790.941
1791.175
1791.409
1792.112
1792.347
1792.816
1793.050
1793.284
1793.987
1794.222
1794.690
1794.925
1795.159
1795.862
1796.097
1796.565
1796.800
1797.034
1797.737
1797.971
1798.440
1798.674
1798.909
1799.612
1799.846
1800.315
1800.549
1800.784
1801.487
1801.721
1808.752
1808.908
1809.064
1809.221
1809.689
1809.845
1810.002
1810.158
1810.314
1810.470
1810.627
1810.783
1810.939
1811.095
1811.252
1811.408
1811.564
1811.720
1811.877
1812.033
1812.189
1812.345
1812.502
1812.658
1812.814
1812.970
1813.439
1813.595
1813.751
1813.908
1814.064
1814.220
1814.376
1814.533
1814.689
1814.845
1815.001
1815.158
1815.314
1815.470
1815.626
1815.783
1815.939
1816.095
1816.251
1816.407
1816.564
1816.720
1817.189
1817.345
1817.501
1817.657
1817.814
1817.970
1818.126
1818.282
1818.439
1818.595
1818.751
1818.907
1819.064
1819.220
1819.376
1819.532
1819.688
1819.845
1820.001
1820.157
1820.313
1820.470
1820.938
1821.095
1821.251
1821.407
1821.563
1821.720
1821.876
1822.032
1822.188
1822.345
1822.501
1822.657
1822.813
1822.969
1823.126
1823.282
1823.438
1823.594
1823.751
1823.907
1824.063
1824.219
1824.688
1824.844
1825.001
1825.157
1825.313
1825.469
1825.626
1825.782
1825.938
1826.094
1826.250
1826.407
1826.563
1826.719
1826.875
1827.032
1827.188
1827.344
1827.500
1827.657
1827.813
1827.969
1828.438
1828.594
1828.750
1828.906
1829.063
1829.219
1829.375
1829.531
1829.688
1829.844
1830.000
1830.156
1830.313
1830.469
1830.625
1830.781
1830.938
1831.094
1831.250
1831.406
1831.563
1831.719
1832.187
1832.344
1832.500
1832.656
1832.812
1832.969
1833.125
1833.281
1833.437
1833.594
1833.750
1833.906
1834.062
1834.219
1834.375
1834.531
1834.687
1834.844
1835.000
1835.156
1835.312
1835.468
1835.937
1836.093
1836.250
1836.406
1836.562
1836.718
1836.875
1837.031
1837.187
1837.343
1837.500
1837.656
1837.812
1837.968
1838.125
1838.281
1838.437
1838.593
1838.749
1838.906
1839.062
1839.218
1839.687
1840.156
1840.624
1841.093
1841.562
1842.030
1842.499
1842.968
1843.437
1843.905
1844.374
1844.843
1845.311
1845.780
1846.249
1846.718
1847.186
1847.655
1848.124
1848.592
1849.061
1849.530
1849.999
1850.467
1850.936
1851.405
1851.873
1852.342
1852.811
1853.280
1853.748
1854.217
1854.686
1855.154
1855.623
1856.092
1856.561
1857.029
1857.498
1857.967
1858.435
1858.904
1859.373
1859.842
1860.310
1860.779
1861.248
1861.716
1862.185
1862.654
1863.123
1863.591
1864.060
1864.529
1864.997
1865.466
1865.935
1866.404
1866.872
1867.341
1867.810
1931.285
1931.638
1931.991
1933.049
1933.402
1934.108
1934.461
1934.814
1935.873
1936.226
1936.931
1937.284
1937.637
1938.696
1939.049
1939.755
1940.108
1940.460
1941.519
1941.872
1942.578
1942.931
1943.284
1944.343
1944.695
1945.401
1945.754
1946.107
1947.166
1947.519
1948.225
1948.577
1948.930
1949.989
1950.342
1951.048
1951.401
1951.754
1952.812
1953.165
1953.871
1954.224
1954.577
1955.283
1955.636
1955.989
1956.694
1957.047
1957.400
1958.106
1958.459
1958.812
1959.518
1959.871
1960.224
1960.929
1961.282
1961.635
1962.341
1962.694
1963.047
1963.753
1964.106
1964.459
1965.164
1965.517
1965.870
1966.576
1966.929
1967.282
1967.988
1968.341
1968.693
1969.399
1969.752
1970.105
1970.811
1971.164
1971.517
1972.223
1972.576
1972.928
1973.634
1973.987
1974.340
1975.046
1975.399
1975.752
1976.458
1977.163
1977.869
1978.575
1979.281
1979.987
1980.693
1981.398
1982.104
1982.810
1983.516
1984.222
1984.927
1985.633
1986.339
1987.045
1987.751
1988.104
1988.457
1988.810
1989.162
1989.515
1989.868
1990.221
1990.574
1990.927
1991.280
1991.633
1991.986
1992.339
1992.692
1993.044
1993.397
1993.750
1994.103
1994.456
1994.809
1995.162
1995.515
1995.868
1996.221
1996.574
1996.927
1997.279
1997.632
1997.985
1998.338
1999.044
1999.397
1999.573
1999.750
2000.103
2000.456
2000.809
2000.985
2001.161
2001.514
2001.867
2002.220
2002.397
2002.573
2002.926
2003.279
2003.632
2003.808
2003.985
2004.338
2004.691
2005.044
2005.220
2005.396
2005.749
2006.102
2006.455
2006.632
2006.808
2007.161
2007.514
2007.867
2008.043
2008.220
2008.573
2008.926
2009.278
2009.455
2009.631
2009.984
2010.337
2010.690
2010.867
2011.043
2011.396
2011.749
2012.102
2012.278
2012.455
2012.808
2013.160
2013.513
2013.690
2013.866
2014.219
2014.572
2014.925
2015.102
2015.278
2015.631
2015.984
2016.337
2016.513
2016.690
2017.043
2017.395
2017.748
2017.925
2018.101
2018.454
2018.807
2019.160
2019.336
2019.513
2019.866
2020.219
2020.572
2020.748
2020.925
2021.277
2021.630
2021.983
2022.336
2023.395
2023.748
2024.454
2024.807
2025.160
2026.218
2026.571
2027.277
2027.630
2027.983
2029.042
2029.395
2030.100
2030.453
2030.806
2031.865
2032.218
2032.924
2033.277
2033.629
2034.688
2035.041
2035.747
2036.100
2036.453
2037.512
2037.864
2038.570
2038.923
2039.276
2040.335
2040.688
2041.394
2041.746
2042.099
2043.158
2043.511
2044.217
2044.570
2044.923
2045.629
2045.981
2046.334
2047.040
2047.393
2047.746
2048.452
2048.805
2049.158
2049.863
2050.216
2050.569
2051.275
2051.628
2051.981
2052.687
2053.040
2053.393
2054.098
2054.451
2054.804
2055.510
2055.863
2056.216
2056.922
2057.275
2057.628
2058.333
2058.686
2059.039
2059.745
2060.098
2060.451
2061.157
2061.510
2061.863
2062.568
2062.921
2063.274
2063.980
2064.333
2064.686
2065.392
2065.745
2066.097
2066.803
2067.509
2068.215
2068.921
2069.627
2070.332
2071.038
2071.744
2072.450
2073.156
2073.862
2074.567
2075.273
2075.979
2076.685
2077.391
2078.096
2078.449
2078.802
2079.155
2079.508
2079.861
2080.214
2080.567
2080.920
2081.273
2081.626
2081.979
2082.331
2082.684
2083.037
2083.390
2083.743
2084.096
2084.449
2084.802
2085.155
2085.508
2085.861
2086.213
2086.566
2086.919
2087.272
2087.625
2087.978
2088.331
2088.684
2089.390
2089.743
2089.919
2090.095
2090.448
2090.801
2091.154
2091.331
2091.507
2091.860
2092.213
2092.566
2092.742
2092.919
2093.272
2093.625
2093.978
2094.154
2094.330
2094.683
2095.036
2095.389
2095.566
2095.742
2096.095
2096.448
2096.801
2096.977
2097.154
2097.507
2097.860
2098.212
2098.389
2098.565
2098.918
2099.271
2099.624
2099.801
2099.977
2100.330
2100.683
2101.036
2101.212
2101.389
2101.742
2102.095
2102.447
2102.624
2102.800
2103.153
2103.506
2103.859
2104.036
2104.212
2104.565
2104.918
2105.271
2105.447
2105.624
2105.977
2106.329
2106.682
2106.859
2107.035
2107.388
2107.741
2108.094
2108.270
2108.447
2108.800
2109.153
2109.506
2109.682
2109.859
2110.212
2110.564
2110.917
2111.094
2111.270
2111.623
2111.976
2112.153
2112.329
2112.505
2112.682
2112.858
2113.035
2113.211
2113.388
2113.564
2113.741
2113.917
2114.094
2114.270
2114.446
2114.623
2114.799
2114.976
2115.152
2115.329
2115.505
2115.682
2115.858
2116.035
2116.211
2116.387
2116.564
2116.740
2116.917
2117.093
2117.270
2117.446
2117.623
2117.799
2117.976
2118.152
2118.329
2118.505
2118.681
2118.858
2119.034
2119.211
2119.387
2119.564
2119.740
2119.917
2120.093
2120.270
2120.446
2120.622
2120.799
2120.975
2121.152
2121.328
2121.505
2121.681
2121.858
2122.034
2122.211
2122.387
2122.563
2122.740
2122.916
2123.093
2123.269
2123.446
2123.622
2123.799
2123.975
2124.152
2124.328
2124.504
2124.681
2124.857
2125.034
2125.210
2125.387
2125.563
2125.740
2125.916
2126.093
2126.269
2126.446
2126.622
2126.798
2126.975
2127.151
2127.328
2127.504
2127.681
2127.857
2128.034
2128.210
2128.387
2128.563
2128.739
2128.916
2129.092
2129.269
2129.445
2129.622
2129.798
2129.975
2130.151
2130.328
2130.504
2130.680
2130.857
2131.033
2131.210
2131.386
2131.563
2131.739
2131.916
2132.092
2132.269
2132.445
2132.621
2132.798
2132.974
2133.151
2133.327
2133.504
2133.680
2133.857
2134.033
2134.210
2134.386
2134.563
2163.066
2163.316
2163.566
2164.066
2164.565
2165.065
2165.315
2165.565
2166.065
2166.565
2167.065
2167.315
2167.565
2168.065
2168.565
2169.064
2169.314
2169.564
2170.064
2170.564
2171.064
2171.314
2171.564
2172.064
2172.564
2173.064
2173.313
2173.563
2174.063
2174.563
2175.063
2175.313
2175.563
2176.063
2176.563
2177.063
2177.313
2177.562
2178.062
2178.562
2179.062
2179.562
2180.062
2180.562
2181.062
2181.562
2182.061
2182.561
2183.061
2183.561
2184.061
2184.561
2185.061
2185.561
2185.811
2186.061
2186.311
2186.560
2186.810
2187.060
2187.560
2188.060
2188.560
2189.060
2189.560
2190.060
2190.560
2191.059
2191.559
2192.059
2192.559
2193.059
2193.809
2194.059
2194.309
2194.559
2194.809
2195.059
2195.558
2196.058
2196.308
2196.558
2196.808
2197.058
2197.558
2198.058
2198.558
2199.058
2199.558
2200.057
2200.307
2200.557
2200.807
2201.057
2201.557
2202.057
2202.557
2203.057
2203.557
2204.056
2204.306
2204.556
2204.806
2205.056
2205.556
2206.056
2206.556
2207.056
2207.556
2208.056
2208.306
2208.555
2208.805
2209.055
2209.555
2210.055
2210.555
2211.055
2211.555
2212.055
2212.305
2212.555
2212.805
2213.054
2213.554
2214.054
2214.554
2215.054
2215.554
2216.054
2216.304
2216.554
2216.804
2217.054
2217.553
2218.053
2218.553
2219.053
2219.553
2220.053
2220.303
2220.553
2220.803
2221.053
2221.553
2222.052
2222.552
2223.052
2223.552
2224.052
2224.302
2224.552
2224.802
2225.052
2225.302
2225.552
2225.802
2226.051
2226.301
2226.551
2229.051
2229.301
2229.551
2230.051
2230.550
2231.050
2231.300
2231.550
2232.050
2232.550
2233.050
2233.300
2233.550
2234.050
2234.550
2235.049
2235.299
2235.549
2236.049
2236.549
2237.049
2237.299
2237.549
2238.049
2238.549
2239.049
2239.298
2239.548
2240.048
2240.548
2241.048
2241.298
2241.548
2242.048
2242.548
2243.048
2243.548
2244.047
2244.547
2245.047
2245.547
2246.047
2246.547
2247.047
2247.547
2248.047
2248.546
2249.046
2249.546
2250.046
2250.546
2251.046
2251.546
2252.046
2252.545
2253.045
2253.545
2254.045
2254.545
2255.045
2255.545
2256.045
2256.545
2257.044
2259.044
2259.544
2260.044
2260.294
2260.544
2260.794
2261.044
2261.543
2262.043
2262.543
2263.043
2263.543
2264.043
2264.293
2264.543
2264.793
2265.043
2265.543
2266.042
2266.542
2267.042
2267.542
2268.042
2268.292
2268.542
2268.792
2269.042
2269.542
2270.042
2270.541
2271.041
2271.541
2272.041
2272.291
2272.541
2272.791
2273.041
2273.541
2274.041
2274.540
2275.040
2275.290
2275.540
2275.790
2276.040
2276.290
2276.540
2276.790
2277.040
2277.290
2277.540
2277.790
2278.040
2278.290
2278.540
2278.790
2279.039
2279.289
2279.539
2279.789
2280.039
2280.289
2280.539
2280.789
2281.039
2281.289
2281.539
2281.789
2282.039
2282.289
2282.539
2282.789
2283.039
2283.289
2283.538
2283.788
2284.038
2284.288
2284.538
2284.788
2285.038
2285.288
2285.538
2285.788
2286.038
2286.288
2286.538
2286.788
2287.038
2287.288
2287.538
2287.787
2288.037
2288.287
2288.537
2288.787
2289.037
2289.287
2289.537
2289.787
2290.037
2290.287
2290.537
2291.537
2292.536
2293.536
2294.536
2295.536
2296.536
2297.535
2298.535
2298.785
2299.035
2299.535
2300.035
2300.535
2300.785
2301.034
2301.534
2302.034
2302.534
2302.784
2303.034
2303.534
2304.034
2304.534
2304.784
2305.034
2305.533
2306.033
2306.533
2306.783
2307.033
2307.533
2308.033
2308.533
2308.783
2309.033
2309.533
2310.032
2310.532
2310.782
2311.032
2311.532
2312.032
2312.532
2312.782
2313.032
2313.532
2314.032
2315.031
2315.531
2316.031
2316.531
2317.031
2317.531
2318.031
2318.531
2319.030
2319.530
2320.030
2320.530
2321.030
2321.530
2322.030
2322.530
2323.029
2323.529
2324.029
2324.529
2325.029
2325.529
2326.029
2326.529
2327.029
2327.528
2328.028
2328.528
2329.028
2329.528
2330.028
2331.028
2331.278
2331.528
2331.778
2332.027
2332.277
2332.527
2332.777
2333.027
2333.277
2333.527
2333.777
2334.027
2334.277
2334.527
2334.777
2335.027
2335.277
2335.527
2335.777
2336.027
2336.276
2336.526
2336.776
2337.026
2337.276
2337.526
2337.776
2338.026
2338.276
2338.526
2338.776
2339.026
2339.276
2339.526
2339.776
2340.026
2340.276
2340.526
2340.775
2341.025
2341.275
2341.525
2341.775
2342.025
2342.275
2342.525
2342.775
2343.025
2343.275
2343.525
2343.775
2344.025
2344.275
2344.525
2344.775
2345.025
2345.274
2345.524
2345.774
2346.024
2346.274
2346.524
2346.774
2347.024
2347.274
2347.524
2347.774
2348.024
2348.274
2348.524
2348.774
2349.024
2349.274
2349.523
2349.773
2350.023
2350.273
2350.523
2350.773
2351.023
2351.273
2351.523
2351.773
2352.023
2352.273
2352.523
2352.773
2353.023
2353.273
2353.523
2353.773
2354.022
2354.272
2354.522
2354.772
2355.022
2355.272
2355.522
2355.772
2356.022
2356.272
2356.522
2356.772
2357.022
2357.272
2357.522
2357.772
2358.022
2358.272
2358.521
2358.771
2359.021
2359.271
2359.521
2359.771
2360.021
2360.271
2360.521
2360.771
2361.021
2361.271
2361.521
2361.771
2362.021
2362.271
2362.521
2362.770
2363.020
2408.246
2408.912
2409.579
2410.245
2410.912
2411.578
2412.245
2412.912
2413.578
2414.245
2414.911
2415.578
2416.244
2416.911
2417.577
2418.244
2418.910
2419.577
2420.244
2420.910
2421.577
2422.243
2422.910
2423.576
2424.243
2424.909
2425.576
2426.243
2426.909
2427.576
2428.242
2428.909
2429.575
2430.242
2430.908
2431.575
2432.241
2432.908
2433.575
2434.241
2434.908
2435.574
2436.241
2436.907
2437.574
2438.240
2438.907
2439.573
2440.240
2440.907
2441.573
2442.240
2442.906
2443.573
2444.239
2444.906
2445.572
2446.239
2446.905
2447.572
2448.239
2448.905
2449.572
2450.238
2451.571
2451.905
2452.238
2452.571
2452.904
2453.571
2454.237
2454.571
2454.904
2455.237
2455.571
2456.237
2456.904
2457.237
2457.570
2457.904
2458.237
2458.903
2459.570
2459.903
2460.236
2460.570
2460.903
2461.570
2462.236
2462.569
2462.903
2463.236
2463.569
2464.236
2464.902
2465.236
2465.569
2465.902
2466.235
2466.902
2467.568
2467.902
2468.235
2468.568
2468.902
2469.568
2469.735
2469.901
2470.068
2470.235
2470.401
2470.568
2470.735
2472.901
2473.234
2473.567
2473.901
2474.234
2474.567
2474.900
2475.234
2475.567
2475.900
2476.234
2476.567
2476.900
2477.233
2477.567
2477.900
2478.233
2478.566
2478.900
2479.233
2479.566
2479.900
2480.233
2480.566
2480.899
2481.233
2481.566
2481.899
2482.232
2482.566
2482.899
2483.232
2483.566
2483.899
2484.232
2484.565
2484.899
2485.232
2485.565
2485.898
2486.232
2486.565
2486.898
2487.232
2487.565
2487.898
2488.231
2488.565
2488.898
2489.231
2489.565
2489.898
2490.231
2490.564
2490.898
2491.231
2491.564
2491.897
2492.231
2492.564
2492.897
2493.231
2493.564
2493.897
2494.230
2494.564
2494.897
2495.230
2495.563
2495.897
2496.230
2496.563
2496.897
2497.230
2497.563
2497.896
2498.230
2498.563
2498.896
2499.229
2499.563
2499.896
2500.229
2500.563
2500.896
2501.229
2501.562
2501.896
2502.229
2502.562
2502.895
2503.229
2503.562
2503.895
2504.229
2504.562
2504.895
2505.228
2505.562
2505.895
2506.228
2506.561
2506.895
2507.228
2507.561
2507.895
2508.228
2508.561
2508.894
2509.228
2509.561
2509.894
2510.227
2510.561
2510.894
2511.227
2511.561
2511.894
2512.227
2512.560
2512.894
2513.227
2513.560
2513.893
2514.227
2514.560
2514.893
2538.889
2539.556
2540.222
2540.889
2541.555
2542.222
2542.888
2543.555
2544.221
2544.888
2545.554
2546.221
2546.888
2547.554
2548.221
2548.887
2549.220
2549.554
2549.887
2550.220
2550.554
2550.887
2551.220
2551.553
2551.887
2552.220
2552.553
2552.887
2553.220
2553.553
2553.886
2554.220
2554.553
2554.886
2555.219
2555.553
2555.886
2556.219
2556.553
2556.886
2557.219
2557.552
2557.886
2558.219
2558.552
2558.885
2559.219
2559.552
2559.885
2560.218
2560.385
2560.552
2560.718
2560.885
2561.052
2561.218
2561.385
2561.552
2561.718
2561.885
2562.051
2562.218
2562.385
2562.551
2562.718
2562.885
2563.051
2563.218
2563.385
2563.551
2563.718
2563.884
2564.051
2564.218
2564.384
2564.551
2564.718
2564.884
2565.051
2565.218
2565.384
2565.551
2565.717
2565.884
2566.051
2566.217
2566.384
2566.551
2566.717
2566.884
2567.051
2567.217
2567.384
2567.551
2567.717
2567.884
2568.050
2568.217
2568.384
2568.550
2568.717
2568.884
2569.050
2569.217
2569.384
2569.550
2569.717
2569.883
2570.050
2570.217
2570.883
2571.050
2571.217
2571.383
2571.550
2571.883
2572.216
2572.550
2572.883
2573.549
2573.716
2573.883
2574.049
2574.216
2574.549
2574.883
2575.216
2575.549
2576.216
2576.382
2576.549
2576.716
2576.882
2577.215
2577.549
2577.882
2578.215
2578.882
2579.048
2579.215
2579.382
2579.548
2579.882
2580.215
2580.548
2580.881
2581.548
2581.715
2581.881
2582.048
2582.215
2582.548
2582.881
2583.214
2583.548
2584.214
2584.381
2584.547
2584.714
2584.881
2585.214
2585.547
2585.881
2586.214
2586.880
2587.047
2587.214
2587.380
2587.547
2587.880
2588.213
2588.547
2588.880
2589.547
2589.713
2589.880
2590.046
2590.213
2590.546
2590.880
2591.213
2591.546
2592.213
2592.379
2592.546
2592.713
2592.879
2593.213
2593.546
2593.879
2594.212
2594.879
2595.046
2595.212
2595.379
2595.545
2595.879
2596.212
2596.545
2596.879
2597.545
2597.712
2597.878
2598.045
2598.212
2598.545
2598.878
2599.211
2599.545
2600.211
2600.378
2600.545
2600.711
2600.878
2601.211
2601.544
2601.878
2602.211
2602.878
2603.044
2603.211
2603.377
2603.544
2603.877
2604.211
2604.544
2604.877
2605.544
2605.710
2605.877
2606.044
2606.210
2606.544
2606.877
2607.210
2607.543
2608.210
2608.377
2608.543
2608.710
2608.876
2609.210
2609.543
2609.876
2610.210
2610.876
2611.043
2611.209
2611.376
2611.543
2611.876
2612.209
2612.542
2613.542
2614.209
2614.875
2615.542
2616.208
2616.875
2617.542
2618.208
2618.875
2619.541
2620.208
2620.874
2621.541
2622.207
2622.874
2623.540
2624.207
2624.874
2625.540
2626.207
2626.873
2627.540
2628.206
2628.873
2629.539
2630.206
2630.872
2631.539
2632.206
2632.872
2633.539
2635.205
2635.872
2636.205
2636.538
2636.871
2637.871
2638.538
2638.871
2639.204
2639.538
2639.871
2640.038
2640.537
2641.204
2641.537
2641.871
2642.204
2643.204
2643.870
2644.203
2644.537
2644.870
2645.203
2645.537
2645.870
2646.203
2646.536
2646.870
2647.203
2647.536
2647.869
2648.203
2648.536
2648.869
2649.203
2649.536
2649.869
2650.202
2650.536
2650.869
2651.202
2651.535
2651.869
2652.202
2652.535
2652.869
2653.202
2653.535
2653.868
2654.202
2654.535
2654.868
2655.201
2655.535
2655.868
2656.201
2656.535
2656.701
2656.868
2657.034
2657.201
2657.368
2657.534
2657.701
2657.868
2658.034
2658.201
2658.368
2658.534
2658.701
2658.867
2659.034
2659.201
2659.367
2659.534
2659.701
2659.867
2660.034
2660.201
2660.367
2660.534
2660.700
2660.867
2661.034
2661.200
2661.367
2661.534
2661.700
2661.867
2662.034
2662.200
2662.367
2662.533
2662.700
2662.867
2663.033
2663.200
2663.367
2663.533
2663.700
2663.867
2664.033
2664.200
2664.366
2664.533
2664.700
2664.866
2665.033
2665.200
2665.366
2665.533
2665.700
2665.866
2666.033
2666.199
2666.366
2666.533
2667.199
2667.533
2667.866
2668.032
2668.199
2668.366
2668.532
2668.699
2668.866
2669.032
2669.199
2669.366
2669.865
2670.199
2670.532
2670.699
2670.865
2671.032
2671.199
2671.365
2671.532
2671.699
2671.865
2672.032
2672.532
2672.865
2673.198
2673.365
2673.532
2673.698
2673.865
2674.031
2674.198
2674.365
2674.531
2674.698
2675.198
2675.531
2675.864
2676.031
2676.198
2676.364
2676.531
2676.698
2676.864
2677.031
2677.198
2677.364
2677.864
2678.197
2678.531
2678.697
2678.864
2679.031
2679.197
2679.364
2679.530
2679.697
2679.864
2680.030
2680.530
2680.864
2681.197
2681.363
2681.530
2681.697
2681.863
2682.030
2682.197
2682.363
2682.530
2682.697
2683.196
2683.530
2683.863
2684.030
2684.196
2684.363
2684.530
2684.696
2684.863
2685.029
2685.196
2685.363
2685.863
2686.196
2686.529
2686.696
2686.862
2687.029
2687.196
2687.362
2687.529
2687.696
2687.862
2688.029
2688.529
2688.862
2689.195
2689.362
2689.529
2689.695
2689.862
2690.029
2690.195
2690.362
2690.528
2690.695
2691.195
2691.528
2691.862
2692.028
2692.195
2692.361
2692.528
2692.695
2692.861
2693.028
2693.195
2693.361
2693.861
2694.194
2694.528
2694.694
2694.861
2695.028
2695.194
2695.361
2695.528
2695.694
2695.861
2696.027
2696.527
2696.861
2697.194
2697.361
2697.527
2697.694
2697.860
2698.027
2698.194
2698.360
2698.527
2699.194
2699.360
2699.527
2699.693
2699.860
2700.027
2700.193
2700.360
2700.527
2700.693
2700.860
2701.027
2701.193
2701.360
2701.526
2701.693
2701.860
2702.026
2702.193
2702.360
2702.526
2702.693
2702.860
2703.026
2703.193
2703.359
2703.526
2703.693
2703.859
2704.026
2704.193
2704.359
2704.526
2704.693
2704.859
2705.026
2705.193
2705.359
2705.526
2705.692
2705.859
2706.026
2706.192
2706.359
2706.526
2706.692
2706.859
2707.026
2707.192
2707.359
2707.525
2707.692
2707.859
2708.025
2708.192
2708.359
2708.525
2708.692
2708.859
2709.025
2709.192
2709.358
2709.525
2709.692
2709.858
2710.192
2710.525
2710.858
2711.192
2711.525
2711.858
2712.191
2712.525
2712.858
2713.191
2713.524
2713.858
2714.191
2714.524
2714.858
2715.191
2715.524
2715.857
2716.191
2716.524
2716.857
2717.190
2717.524
2717.857
2718.190
2718.524
2718.857
2719.190
2719.523
2719.857
2720.190
2720.523
2720.856
2721.190
2721.523
2721.856
2722.190
2722.523
2722.856
2723.189
2723.523
2723.856
2724.189
2724.522
2724.856
2725.189
2725.522
2725.856
2726.189
2726.522
2726.855
2727.189
2727.522
2727.855
2728.188
2728.522
2728.855
2729.188
2729.522
2729.855
2730.188
2730.521
2730.855
2756.361
2757.337
2758.312
2759.287
2760.263
2761.238
2762.213
2763.189
2764.164
2765.139
2766.115
2767.090
2768.065
2769.041
2770.016
2770.991
2771.967
2772.454
2772.942
2773.430
2773.918
2774.405
2774.893
2775.381
2775.868
2776.356
2776.844
2777.331
2777.819
2778.307
2778.794
2779.282
2779.770
2780.257
2780.745
2781.233
2781.720
2782.208
2782.696
2783.183
2783.671
2784.159
2784.646
2785.134
2785.622
2786.109
2786.597
2787.085
2787.572
2787.816
2788.060
2788.304
2788.548
2788.791
2789.035
2789.279
2789.523
2789.767
2790.011
2790.255
2790.498
2790.742
2790.986
2791.230
2791.474
2791.718
2791.961
2792.205
2792.449
2792.693
2792.937
2793.181
2793.424
2793.668
2793.912
2794.156
2794.400
2794.644
2794.887
2795.131
2795.375
2795.497
2795.619
2795.741
2795.863
2795.985
2796.107
2796.228
2796.350
2796.472
2796.594
2796.716
2796.838
2796.960
2797.082
2797.204
2797.326
2797.448
2797.570
2797.691
2797.813
2797.935
2798.057
2798.179
2798.301
2798.423
2798.545
2798.667
2798.789
2798.911
2799.033
2799.154
2799.276
2799.398
2799.520
2799.642
2799.764
2799.886
2800.008
2800.130
2800.252
2800.374
2800.496
2800.617
2800.739
2800.861
2800.983
2801.105
2801.227
2801.349
2801.471
2801.593
2801.715
2801.837
2801.959
2802.081
2802.202
2802.324
2802.446
2802.568
2802.690
2802.812
2802.934
2803.056
2803.178
2803.300
2803.422
2803.544
2803.665
2803.787
2803.909
2804.031
2804.153
2804.275
2804.397
2804.519
2804.641
2804.763
2804.885
2805.007
2805.128
2805.250
2805.372
2805.494
2805.616
2805.738
2805.860
2805.982
2806.104
2806.226
2806.348
2806.470
2806.591
2806.713
2806.835
2806.957
2807.079
2807.201
2807.323
2807.445
2807.567
2807.689
2807.811
2807.933
2808.054
2808.176
2808.298
2808.420
2808.542
2808.664
2808.786
2808.908
2809.030
2809.152
2809.274
2809.396
2809.517
2809.639
2809.761
2809.883
2810.005
2810.127
2810.981
2811.468
2811.956
2812.200
2812.444
2812.931
2813.419
2813.907
2814.150
2814.394
2814.882
2815.370
2815.857
2816.101
2816.345
2816.833
2817.320
2817.808
2818.052
2818.296
2818.783
2819.271
2819.759
2820.002
2820.246
2820.734
2821.222
2821.709
2821.953
2822.197
2822.685
2823.172
2823.660
2823.904
2824.148
2824.635
2825.123
2826.586
2826.830
2827.074
2827.561
2827.805
2828.049
2828.537
2828.781
2829.024
2829.512
2829.756
2830.000
2830.487
2830.731
2830.975
2831.463
2831.707
2831.950
2832.438
2832.682
2832.926
2833.413
2833.657
2833.901
2834.389
2834.633
2834.876
2835.364
2835.608
2835.852
2836.339
2836.583
2836.827
2837.315
2837.559
2837.802
2838.290
2838.534
2838.778
2839.265
2839.509
2839.753
2840.241
2840.485
2840.728
2842.192
2842.679
2843.167
2843.655
2844.142
2844.630
2845.118
2845.605
2846.093
2846.581
2847.068
2847.556
2848.044
2848.531
2849.019
2849.507
2849.994
2850.482
2850.970
2851.457
2851.945
2852.433
2852.920
2853.164
2853.408
2853.652
2853.896
2854.139
2854.383
2854.627
2854.871
2855.115
2855.359
2855.602
2855.846
2856.090
2856.334
2856.578
2856.822
2857.065
2857.309
2857.553
2857.797
2858.041
2858.285
2858.528
2858.772
2859.260
2859.748
2859.992
2860.235
2860.479
2860.723
2861.211
2861.698
2861.942
2862.186
2862.430
2862.674
2863.161
2863.649
2863.893
2864.137
2864.381
2864.624
2865.112
2865.600
2865.844
2866.087
2866.331
2866.575
2867.063
2867.550
2867.794
2868.038
2868.282
2868.526
2869.013
2869.501
2869.745
2869.989
2870.233
2870.476
2870.964
2871.452
2871.696
2871.939
2872.183
2872.427
2873.402
2873.646
2873.890
2874.134
2874.378
2874.622
2874.865
2875.109
2875.353
2875.597
2875.841
2876.085
2876.329
2876.572
2876.816
2877.060
2877.304
2877.548
2877.792
2878.035
2878.279
2878.523
2878.767
2879.011
2879.255
2879.498
2879.742
2879.986
2880.230
2880.474
2880.718
2880.961
2881.205
2881.449
2881.693
2881.937
2882.181
2882.424
2882.668
2882.912
2883.156
2883.400
2883.644
2883.887
2884.131
2884.375
2884.619
2884.863
2885.107
2885.350
2885.594
2885.838
2886.082
2886.326
2886.570
2886.813
2887.057
2887.301
2887.545
2887.789
2888.033
2914.752
2915.207
2915.662
2916.116
2916.571
2917.026
2917.480
2917.935
2918.162
2918.390
2918.617
2918.844
2919.072
2919.299
2919.526
2919.754
2919.981
2920.208
2920.436
2920.663
2920.890
2921.118
2921.345
2922.027
2922.254
2922.482
2922.709
2922.936
2923.164
2923.391
2923.618
2923.846
2924.073
2924.300
2924.528
2924.755
2925.665
2925.892
2926.119
2926.347
2926.574
2926.801
2927.029
2927.256
2927.483
2927.711
2927.938
2928.165
2928.393
2929.302
2929.529
2929.757
2929.984
2930.211
2930.439
2930.666
2930.893
2931.121
2931.348
2931.575
2931.803
2932.030
2932.939
2933.167
2933.394
2933.621
2933.849
2934.076
2934.303
2934.531
2934.758
2934.985
2935.213
2935.440
2935.667
2935.895
2936.577
2936.804
2937.031
2937.259
2937.486
2937.713
2937.941
2938.168
2938.395
2938.623
2938.850
2939.077
2939.305
2939.532
2940.214
2940.441
2940.669
2940.896
2941.123
2941.351
2941.578
2941.805
2942.033
2942.260
2942.487
2942.715
2942.942
2943.169
2943.851
2944.079
2944.306
2944.533
2944.761
2944.988
2945.215
2945.443
2945.670
2945.897
2946.125
2946.352
2946.580
2947.489
2947.716
2947.944
2948.171
2948.398
2948.626
2948.853
2949.080
2949.308
2949.535
2949.762
2949.990
2950.217
2950.444
2951.126
2951.581
2952.036
2952.490
2952.945
2953.400
2953.854
2954.764
2955.218
2955.673
2956.128
2956.582
2957.037
2957.492
2958.401
2958.856
2959.310
2959.765
2960.220
2960.674
2961.129
2962.038
2962.493
2962.948
2963.402
2963.857
2964.312
2964.766
2965.676
2966.130
2966.585
2967.040
2967.494
2967.949
2968.404
2969.313
2969.768
2970.223
2970.677
2971.132
2971.587
2972.041
2972.951
2973.405
2973.860
2974.315
2974.769
2975.224
2975.679
2976.133
2976.361
2976.588
2976.815
2977.043
2977.270
2977.497
2977.725
2977.952
2978.179
2978.407
2978.634
2978.861
2979.089
2979.316
2979.543
2979.771
2982.073
2982.442
2982.811
2983.255
2983.476
2983.919
2984.289
2984.658
2985.101
2985.323
2985.766
2986.135
2986.505
2986.948
2987.169
2987.612
2987.982
2988.351
2988.794
2989.016
2989.459
2989.828
2990.198
2990.641
2990.862
2991.306
2991.675
2992.044
2992.487
2992.709
2993.152
2993.522
2993.891
2994.334
2994.556
2994.999
2995.368
2995.737
2996.181
2996.402
2996.845
2997.307
2997.769
2998.230
2998.692
2999.154
2999.615
3000.077
3000.539
3001.000
3001.462
3001.923
3002.385
3002.847
3003.308
3003.770
3004.232
3004.601
3004.970
3005.413
3005.635
3006.078
3006.448
3006.817
3007.260
3007.482
3007.925
3008.294
3008.663
3009.107
3009.328
3009.771
3010.141
3010.510
3010.953
3011.175
3011.618
3011.987
3012.357
3012.800
3013.021
3013.465
3013.834
3014.203
3014.646
3014.868
3015.311
3015.680
3016.050
3016.493
3016.715
3017.158
3017.527
3017.896
3018.340
3018.561
3019.625
3020.534
3021.442
3022.351
3023.260
3024.169
3025.077
3025.986
3026.895
3027.804
3028.712
3029.621
3030.530
3031.439
3032.347
3033.256
3034.165
3034.619
3034.846
3035.074
3035.528
3035.982
3036.437
3036.664
3036.891
3037.345
3037.800
3038.254
3038.481
3038.708
3039.163
3039.617
3040.072
3040.299
3040.526
3040.980
3041.435
3041.662
3041.889
3042.116
3042.343
3042.571
3042.798
3043.025
3043.252
3043.479
3043.707
3043.934
3044.161
3044.388
3044.615
3044.843
3045.070
3045.297
3045.524
3045.751
3045.978
3046.206
3046.433
3046.660
3046.887
3047.114
3047.342
3047.569
3047.796
3048.023
3048.250
3048.478
3048.705
3049.159
3049.613
3050.068
3050.522
3050.977
3051.431
3051.658
3051.885
3052.112
3052.340
3052.794
3053.248
3053.703
3054.157
3054.612
3055.066
3055.293
3055.520
3055.747
3055.975
3056.429
3056.883
3057.338
3057.792
3058.247
3058.701
3058.928
3059.155
3059.382
3059.610
3060.064
3060.518
3060.973
3061.427
3061.882
3062.336
3062.563
3062.790
3063.017
3063.245
3063.699
3064.153
3064.608
3065.062
3065.517
3065.971
3066.198
3066.425
3066.652
3066.880
3067.334
3067.788
3068.243
3068.697
3069.151
3069.606
3069.833
3070.060
3070.287
3070.515
3070.969
3071.423
3071.878
3072.332
3072.786
3073.241
3073.468
3073.695
3073.922
3074.150
3074.604
3075.058
3075.513
3075.967
3076.421
3076.876
3077.103
3077.330
3077.557
3077.785
3081.420
3081.647
3081.874
3082.101
3082.328
3082.783
3083.237
3083.464
3083.691
3083.919
3084.146
3084.600
3085.055
3085.282
3085.509
3085.736
3085.963
3086.418
3086.872
3087.099
3087.326
3087.554
3087.781
3088.235
3088.690
3088.917
3089.144
3089.371
3089.598
3090.053
3090.507
3090.734
3090.961
3091.189
3091.416
3091.870
3092.325
3092.552
3092.779
3093.006
3093.233
3093.688
3094.142
3094.369
3094.596
3094.824
3095.051
3095.505
3095.960
3096.187
3096.414
3096.641
3096.868
3097.323
3097.777
3098.004
3098.231
3098.459
3098.686
3099.140
3099.594
3099.822
3100.049
3100.276
3100.503
3100.958
3101.412
3101.639
3101.866
3102.094
3102.321
3102.775
3103.229
3103.457
3103.684
3103.911
3104.138
3104.593
3105.047
3105.274
3105.501
3105.729
3105.956
3106.410
3106.864
3107.773
3108.682
3109.591
3110.499
3111.408
3112.317
3113.226
3114.134
3115.043
3115.952
3116.861
3117.769
3117.997
3118.224
3118.451
3118.678
3118.905
3119.133
3119.360
3119.587
3119.701
3119.814
3119.928
3120.041
3120.155
3120.268
3120.382
3120.496
3120.609
3120.723
3120.836
3120.950
3121.064
3121.177
3121.291
3121.404
3121.632
3121.859
3122.086
3122.313
3122.540
3122.768
3123.222
3123.449
3123.676
3123.903
3124.131
3124.358
3124.585
3125.039
3125.267
3125.494
3125.721
3125.948
3126.175
3126.403
3126.857
3127.084
3127.311
3127.538
3127.766
3127.993
3128.220
3128.674
3128.902
3129.129
3129.356
3129.583
3129.810
3130.037
3130.492
3130.719
3130.946
3131.173
3131.401
3131.628
3131.855
3132.309
3132.537
3132.764
3132.991
3133.218
3133.445
3133.672
3134.127
3134.354
3134.581
3134.808
3135.036
3135.263
3135.490
3135.944
3136.172
3136.399
3136.626
3136.853
3137.080
3137.307
3137.762
3137.989
3138.216
3138.443
3138.671
3138.898
3139.125
3139.579
3139.807
3140.034
3140.261
3140.488
3140.715
3140.942
3141.397
3141.624
3141.851
3142.078
3142.306
3142.533
3142.760
3143.214
3143.442
3143.669
3143.896
3144.123
3144.350
3144.577
3145.032
3145.259
3145.486
3145.713
3145.941
3146.168
3146.395
3146.849
3147.076
3147.304
3147.531
3147.758
3147.985
3148.212
3148.667
3148.894
3149.121
3149.348
3149.576
3149.803
3150.030
3151.181
3151.643
3152.105
3152.566
3153.028
3153.490
3153.951
3154.413
3154.874
3155.336
3155.798
3156.259
3156.721
3157.183
3157.644
3158.106
3158.568
3159.029
3159.375
3159.722
3160.183
3160.414
3160.876
3161.222
3161.568
3162.030
3162.261
3162.722
3163.069
3163.415
3163.876
3164.107
3164.569
3164.915
3165.261
3165.723
3165.954
3166.415
3166.762
3167.108
3167.570
3167.800
3168.262
3168.608
3168.954
3169.416
3169.647
3170.109
3170.455
3170.801
3171.263
3171.493
3171.955
3172.301
3172.648
3173.109
3173.340
3173.802
3174.263
3174.725
3175.187
3175.648
3176.110
3176.572
3177.033
3177.495
3177.956
3178.418
3178.880
3179.341
3179.803
3180.265
3180.726
3181.188
3181.534
3181.880
3182.342
3182.573
3183.034
3183.381
3183.727
3184.189
3184.419
3184.881
3185.227
3185.573
3186.035
3186.266
3186.728
3187.074
3187.420
3187.882
3188.112
3188.574
3188.920
3189.267
3189.728
3189.959
3190.421
3190.767
3191.113
3191.575
3191.806
3192.267
3192.613
3192.960
3193.421
3193.652
3194.114
3194.460
3194.806
3195.268
3195.499
3195.960
3196.422
3196.884
3197.345
3197.807
3198.269
3198.730
3199.192
3199.653
3200.115
3200.577
3201.038
3201.500
3201.962
3202.423
3202.885
3203.347
3203.693
3204.039
3204.501
3204.731
3205.193
3205.539
3205.886
3206.347
3206.578
3207.040
3207.386
3207.732
3208.194
3208.425
3208.886
3209.232
3209.579
3210.040
3210.271
3210.733
3211.079
3211.425
3211.887
3212.118
3212.579
3212.926
3213.272
3213.733
3213.964
3214.426
3214.772
3215.118
3215.580
3215.811
3216.272
3216.619
3216.965
3217.427
3217.657
3218.839
3219.294
3219.748
3220.203
3220.657
3221.112
3221.566
3222.021
3222.475
3222.930
3223.385
3223.839
3224.294
3224.748
3225.203
3225.657
3226.112
3226.566
3227.021
3227.475
3227.930
3228.384
3228.839
3229.294
3229.748
3229.975
3230.203
3230.430
3230.657
3230.884
3231.112
3231.339
3231.566
3231.794
3232.021
3232.248
3232.475
3232.703
3232.930
3233.157
3233.839
3234.066
3234.294
3234.521
3234.748
3234.975
3235.203
3235.430
3235.657
3235.884
3236.112
3236.339
3236.566
3236.794
3237.021
3237.475
3237.703
3237.930
3238.157
3238.384
3238.612
3238.839
3239.066
3239.294
3239.521
3239.748
3239.975
3240.203
3240.430
3240.657
3241.112
3241.339
3241.566
3241.793
3242.021
3242.248
3242.475
3242.703
3242.930
3243.157
3243.384
3243.612
3243.839
3244.066
3244.293
3244.748
3244.975
3245.203
3245.430
3245.657
3245.884
3246.112
3246.339
3246.566
3246.793
3247.021
3247.248
3247.475
3247.703
3247.930
3248.384
3248.612
3248.839
3249.066
3249.293
3249.521
3249.748
3249.975
3250.203
3250.430
3250.657
3250.884
3251.112
3251.339
3251.566
3251.793
3252.021
3252.248
3252.475
3252.703
3252.930
3253.157
3253.384
3253.612
3253.839
3254.066
3254.293
3254.521
3254.748
3254.975
3255.203
3255.430
3255.657
3255.884
3256.112
3256.339
3256.566
3256.793
3257.021
3257.248
3257.475
3257.702
3257.930
3258.157
3258.384
3258.612
3258.839
3259.066
3259.293
3259.521
3259.748
3259.975
3260.202
3260.430
3260.657
3260.884
3261.112
3261.339
3261.566
3261.793
3262.021
3262.248
3262.475
3262.702
3262.930
3263.157
3263.384
3263.612
3263.839
3264.066
3264.293
3264.521
3264.748
3264.975
3265.202
3265.430
3265.657
3265.884
3266.112
3266.339
3266.566
3266.793
3267.021
3267.248
3267.475
3267.702
3267.930
3268.157
3268.384
3268.612
3268.839
3269.066
3269.293
3269.521
3269.748
3269.975
3270.202
3270.430
3270.657
3270.884
3271.112
3271.339
3271.566
3271.793
3272.021
3272.248
3272.475
3272.702
3272.930
3273.157
3273.384
3273.611
3273.839
3274.066
3274.293
3274.521
3274.748
3274.975
3275.202
3275.430
3275.657
3275.884
3276.111
3276.339
3276.566
3276.793
3277.021
3277.228
3277.460
3277.718
3278.001
3278.309
3278.642
3279.000
3279.383
3279.791
3280.224
3280.683
3281.166
3281.675
3282.209
3282.767
3283.351
3283.960
3284.594
3285.254
3285.938
3286.647
3287.357
3288.066
