35.583
36.242
36.902
37.561
38.220
38.880
39.539
40.198
40.858
41.517
42.176
42.836
43.495
44.154
44.814
45.473
46.132
46.792
47.451
48.111
48.770
49.429
50.089
50.748
51.407
52.067
52.726
53.385
54.045
54.704
55.363
56.023
56.682
57.341
58.001
58.660
59.320
59.979
60.638
61.298
61.957
62.616
63.276
63.935
64.594
65.254
65.913
66.572
67.232
67.891
68.550
69.210
69.869
70.529
71.188
71.847
72.507
73.166
73.825
74.485
75.144
75.803
76.463
77.122
77.781
78.441
79.100
79.759
80.419
81.078
81.737
82.397
83.056
83.716
84.375
85.034
85.694
86.353
87.012
87.672
88.331
88.990
89.650
90.309
90.968
91.628
92.287
92.946
93.606
94.265
94.925
95.584
96.243
96.903
97.562
98.221
98.881
99.540
99.870
100.199
100.859
101.188
101.518
102.177
102.507
102.837
103.496
103.826
104.155
104.815
105.145
105.474
106.134
106.463
106.793
107.452
107.782
108.112
108.771
109.101
109.430
110.090
110.419
110.749
111.408
111.738
112.068
112.727
113.057
113.386
114.046
114.375
114.705
115.364
115.694
116.024
116.683
117.013
117.343
118.002
118.332
118.661
119.321
119.650
119.980
120.639
120.969
121.299
121.958
122.288
122.617
123.277
123.606
123.936
124.595
124.925
125.255
125.914
126.244
126.573
127.233
127.563
127.892
128.552
128.881
129.211
129.870
130.200
130.530
131.189
131.519
131.848
132.508
132.837
133.167
133.826
134.156
134.486
135.145
135.475
135.804
136.464
136.793
137.123
137.782
138.112
138.442
139.101
139.431
139.761
140.420
141.079
141.738
142.397
143.056
143.715
144.374
145.033
145.693
146.352
147.011
147.670
148.329
148.988
149.647
150.306
150.965
151.624
152.283
152.942
153.601
154.261
154.920
155.579
156.238
156.897
157.556
158.215
158.874
159.533
160.192
160.851
161.510
162.169
162.829
163.488
164.147
164.806
165.465
166.124
166.783
167.442
168.101
168.760
169.419
170.078
170.737
171.397
172.056
172.715
173.374
174.033
174.692
175.351
176.010
176.669
177.328
177.987
178.646
179.306
179.965
180.624
181.283
181.942
182.601
183.260
183.590
183.920
184.579
184.909
185.239
185.899
186.229
186.558
187.218
187.548
187.878
188.537
188.867
189.197
189.857
190.187
190.516
191.176
191.506
191.836
192.495
192.825
193.155
193.815
194.145
194.474
195.134
195.464
195.794
196.453
196.783
197.113
197.773
198.103
198.432
199.092
199.422
199.752
200.411
200.741
201.071
201.731
202.061
202.390
203.050
203.380
203.710
204.369
204.699
205.029
205.689
206.019
206.349
207.008
207.338
207.668
208.328
208.657
208.987
209.647
209.977
210.307
210.966
211.296
211.626
212.286
212.615
212.945
213.605
213.935
214.265
214.924
215.254
215.584
216.244
216.573
216.903
217.563
217.893
218.223
218.882
219.212
219.542
220.202
220.531
220.861
221.521
221.851
222.181
222.840
223.170
223.500
246.580
247.239
247.898
248.558
249.217
249.876
250.535
251.195
251.854
252.513
253.172
253.832
254.491
255.150
255.809
256.469
257.128
257.787
258.446
259.106
259.765
260.424
261.083
261.743
262.402
263.061
263.720
264.380
265.039
265.698
266.357
267.017
267.676
268.335
268.994
269.654
270.313
270.972
271.631
272.291
272.950
273.609
274.268
287.980
288.592
289.204
289.816
290.428
291.040
291.652
292.264
292.876
293.488
294.100
294.712
295.324
295.936
296.548
297.160
297.772
298.384
298.996
299.608
300.220
326.500
326.908
327.316
327.724
328.133
328.541
328.949
329.357
329.765
330.173
330.581
330.989
331.398
331.806
332.214
332.622
333.030
333.438
333.846
334.254
334.663
335.071
335.479
335.887
336.295
336.703
337.111
337.519
337.928
338.336
338.744
339.152
339.560
339.968
340.376
340.784
341.193
341.601
342.009
342.417
342.825
343.233
343.641
344.049
344.458
344.866
345.274
345.682
346.090
346.498
346.906
347.315
347.723
348.131
348.539
348.947
349.355
349.763
350.171
350.580
350.988
351.396
351.804
352.660
352.864
353.068
353.271
353.475
353.679
353.883
354.087
354.291
354.494
354.698
354.902
355.106
355.310
355.514
355.717
355.921
356.125
356.329
356.533
356.737
356.940
357.144
357.348
357.552
357.756
357.960
358.163
358.367
358.571
358.775
358.979
359.183
359.386
359.590
359.794
359.998
360.202
360.406
360.609
360.813
361.017
361.221
361.425
361.629
361.832
362.036
362.240
362.444
362.648
362.852
363.055
363.259
363.463
363.667
363.871
364.075
364.278
364.482
364.686
364.890
365.094
365.298
365.501
365.705
365.909
366.113
366.317
366.521
366.724
366.928
367.132
367.336
367.540
367.744
367.947
368.151
368.355
368.559
368.763
368.967
369.170
369.374
369.578
369.782
369.986
370.190
370.393
370.597
370.801
371.005
371.209
371.413
371.616
371.820
372.024
372.228
372.432
372.636
372.839
373.043
373.247
373.451
373.655
373.859
374.062
374.266
374.470
374.674
374.878
375.082
375.285
375.489
375.693
375.897
376.101
376.305
376.508
376.712
376.916
377.120
377.324
377.528
377.731
377.935
378.139
378.762
379.170
379.577
379.985
380.393
380.800
381.208
381.616
382.024
382.431
382.839
383.247
383.654
384.062
384.470
384.878
385.285
385.693
386.101
386.508
386.916
387.324
387.732
388.139
388.547
388.955
389.362
389.770
390.178
390.586
390.993
391.806
392.010
392.214
392.418
392.623
392.827
393.031
393.235
393.439
393.644
393.848
394.052
394.256
394.461
394.665
394.869
395.073
395.278
395.482
395.686
395.890
396.095
396.299
396.503
396.707
396.912
397.116
397.320
397.524
397.729
397.933
398.137
398.341
398.546
398.750
398.954
399.158
399.362
399.567
399.771
399.975
400.179
400.384
400.588
400.792
400.996
401.201
401.405
401.609
401.813
402.018
402.222
402.426
402.630
402.835
403.039
403.243
403.447
403.652
403.856
404.060
404.264
404.469
404.673
404.877
405.081
405.286
405.490
405.694
405.898
406.102
406.307
406.511
406.715
406.919
407.124
407.328
407.532
407.736
407.941
408.145
408.349
408.553
408.758
408.962
409.166
409.370
409.575
409.779
409.983
410.187
410.392
410.596
410.800
411.004
411.209
411.413
411.617
411.821
412.025
412.230
412.434
412.638
412.842
413.047
413.251
413.455
413.659
413.864
414.068
414.272
414.476
414.681
414.885
415.089
415.293
415.498
415.702
415.906
416.110
416.315
416.519
416.723
416.927
417.132
417.336
417.540
417.744
417.949
418.153
418.357
418.561
418.765
418.970
419.174
419.378
419.582
419.787
419.991
420.195
420.399
420.604
420.808
421.012
421.216
421.421
421.625
421.829
422.033
422.238
422.442
422.646
422.850
423.055
423.259
423.463
423.667
423.872
424.076
424.280
424.484
424.688
424.893
425.097
425.301
425.505
425.710
425.914
426.118
426.322
426.527
426.731
426.935
427.139
427.344
427.548
427.752
427.956
428.161
428.365
428.569
428.773
428.978
429.182
429.386
429.590
429.795
429.999
430.203
430.407
430.612
430.816
431.020
457.160
457.566
457.972
458.377
458.783
459.189
459.594
460.000
460.406
460.811
461.217
461.623
462.028
462.434
462.840
463.245
463.651
464.057
464.462
464.868
465.274
465.679
466.085
466.491
466.896
467.302
467.708
468.114
468.519
468.925
470.140
470.550
470.960
471.370
471.780
472.190
472.600
473.010
473.420
473.830
474.240
474.650
475.060
475.469
475.879
476.289
476.699
477.109
477.519
477.929
478.339
478.749
479.159
479.569
479.979
480.389
480.799
481.209
481.619
482.029
482.439
483.140
483.448
483.757
484.065
484.373
484.682
484.990
485.298
485.606
485.915
486.223
486.531
486.840
487.148
487.456
487.765
488.073
488.381
488.689
488.998
489.306
489.614
489.923
530.500
531.726
532.951
534.177
535.403
536.629
537.854
539.080
540.306
541.532
542.757
543.983
545.209
546.434
547.660
548.886
550.112
551.337
552.563
553.789
555.015
556.240
557.466
558.692
559.917
561.143
562.369
563.595
564.820
566.046
567.272
568.498
569.723
570.949
572.175
573.401
574.626
575.852
577.078
578.303
579.460
579.766
580.072
580.684
580.990
581.296
581.908
582.214
582.520
583.132
583.438
583.744
584.356
584.662
584.968
585.580
585.886
586.193
586.805
587.111
587.417
588.029
588.335
588.641
589.253
589.559
589.865
590.477
590.783
591.089
591.701
592.007
592.313
592.925
593.231
593.537
594.149
594.455
594.761
595.373
595.679
595.985
596.597
596.903
597.209
597.821
598.127
598.433
599.045
599.352
599.658
600.270
600.576
600.882
601.494
601.800
602.106
602.718
603.024
603.330
603.942
604.248
604.554
605.166
605.472
605.778
606.390
606.696
607.002
607.614
607.920
608.226
608.838
609.144
609.450
610.062
610.368
610.674
611.286
611.592
611.898
612.511
612.817
613.123
613.735
614.041
614.347
614.959
615.265
615.571
616.183
616.489
616.795
617.407
617.713
618.019
618.631
618.937
619.243
619.855
620.161
620.467
621.079
621.385
621.691
622.303
622.609
622.915
623.527
623.833
624.139
624.751
625.057
625.364
625.976
626.282
626.588
627.200
627.506
627.812
628.424
629.036
629.649
630.261
630.874
631.486
632.098
632.711
633.323
633.936
634.548
635.161
635.773
636.385
636.998
637.610
638.223
638.835
639.448
640.060
640.673
641.285
641.897
642.510
643.122
643.735
644.347
644.960
645.572
646.185
646.797
647.409
648.022
648.634
649.247
649.859
650.472
651.084
651.697
652.309
652.921
653.534
654.146
654.759
655.371
655.984
656.596
657.208
657.821
658.433
659.046
659.658
660.271
660.883
661.496
662.108
662.720
663.333
663.945
664.558
665.170
665.783
666.395
667.008
667.620
672.500
672.806
673.112
673.724
674.336
674.948
675.254
675.560
676.172
676.785
677.397
677.703
678.009
678.621
679.233
679.845
680.151
680.457
681.069
681.681
682.293
682.599
682.905
683.517
684.130
684.742
685.048
685.354
685.966
686.578
687.190
687.496
687.802
688.414
689.026
689.638
689.944
690.250
690.862
691.475
692.087
692.393
692.699
693.311
693.923
694.535
694.841
695.147
695.759
696.371
696.983
697.289
697.595
698.207
698.820
699.432
699.738
700.044
700.656
701.268
701.880
702.186
702.492
703.104
703.716
704.328
704.634
704.940
705.552
706.165
706.777
707.083
707.389
708.001
708.613
709.225
709.531
709.837
710.449
711.061
711.673
711.979
712.285
712.897
713.510
714.122
714.428
714.734
715.346
715.958
716.570
716.876
717.182
717.794
718.406
719.018
719.324
719.630
720.242
720.855
721.467
721.773
722.079
722.691
723.303
723.915
724.221
724.527
725.139
725.751
726.363
726.669
726.975
727.587
728.200
728.812
729.118
729.424
730.036
730.648
731.260
731.566
731.872
732.484
732.790
733.096
733.708
734.014
734.320
734.932
735.238
735.544
736.156
736.462
736.768
737.381
737.687
737.993
738.605
738.911
739.217
739.829
740.135
740.441
741.053
741.359
741.665
742.277
742.583
742.889
743.501
743.807
744.113
744.725
745.031
745.337
745.949
746.255
746.561
747.174
747.480
747.786
748.398
748.704
749.010
749.622
749.928
750.234
750.846
751.152
751.458
752.070
752.376
752.682
753.294
753.600
753.906
754.518
754.824
755.130
755.742
756.048
756.354
756.967
757.273
757.579
758.191
758.497
758.803
759.415
759.721
760.027
760.639
760.945
761.251
761.863
762.169
762.475
763.087
763.393
763.699
764.311
764.617
764.923
765.535
765.841
766.147
766.760
767.066
767.372
767.984
768.290
768.596
769.208
769.514
769.820
821.860
822.166
822.472
823.084
823.696
824.307
824.919
825.531
825.837
826.143
826.755
827.367
827.979
828.591
829.202
829.508
829.814
830.426
831.038
831.650
832.262
832.874
833.180
833.486
834.097
834.709
835.321
835.933
836.545
836.851
837.157
837.769
838.381
838.992
839.604
840.216
840.522
840.828
841.440
842.052
842.664
843.276
843.887
844.193
844.499
845.111
845.723
846.335
846.947
847.559
847.865
848.171
848.782
849.394
850.006
850.618
851.230
851.536
851.842
852.454
853.066
853.677
854.289
854.901
855.207
855.513
856.125
856.737
857.349
857.961
858.572
858.878
859.184
859.796
860.408
861.020
861.326
861.632
861.939
862.245
862.551
862.857
863.164
863.470
863.776
864.082
864.389
864.695
865.001
865.307
865.614
865.920
866.226
866.532
866.839
867.145
867.451
867.757
868.064
868.370
868.676
868.982
869.289
869.595
869.901
870.207
870.514
870.820
871.126
871.432
871.739
872.045
872.351
872.657
872.964
873.270
873.576
873.882
874.189
874.495
874.801
875.107
875.414
875.720
876.026
876.332
876.639
876.945
877.251
877.557
877.864
878.170
878.476
878.782
879.089
879.395
879.701
880.007
880.314
880.620
891.046
891.472
891.899
892.325
892.752
893.178
893.604
894.031
894.457
894.884
895.310
895.737
896.163
896.589
897.016
897.442
897.869
898.295
898.722
899.148
899.574
900.001
900.427
900.854
901.280
901.707
902.133
902.559
902.986
903.412
903.839
904.265
904.692
905.118
905.544
905.971
906.397
906.824
907.250
907.677
908.103
908.529
908.956
909.382
909.809
910.235
910.662
911.088
911.514
911.941
912.367
912.794
913.220
913.647
914.073
914.499
914.926
915.352
915.779
916.205
916.632
917.058
917.484
918.304
918.517
918.730
919.155
919.581
920.007
920.220
920.433
920.859
921.284
921.710
921.923
922.136
922.562
922.987
923.413
923.626
923.839
924.265
924.691
925.116
925.329
925.542
925.968
926.394
926.820
927.032
927.245
927.671
928.097
928.523
928.736
928.949
929.374
929.800
930.226
930.439
930.652
931.077
931.503
931.929
932.142
932.355
932.781
933.206
933.632
933.845
934.058
934.484
934.910
935.335
935.548
935.761
936.187
936.613
937.038
937.251
937.464
937.890
938.316
938.742
938.955
939.167
939.593
940.019
940.445
940.658
940.871
941.296
941.722
942.148
942.361
942.574
943.000
943.425
943.851
944.064
944.277
944.703
945.128
945.554
945.979
946.404
946.829
947.254
947.679
948.104
948.529
948.954
949.379
949.804
950.229
950.654
951.079
951.504
951.929
952.354
952.779
953.204
953.629
954.054
954.479
954.904
955.329
955.755
956.180
956.605
957.030
957.455
957.880
958.305
958.730
959.155
959.580
960.005
960.430
960.855
961.280
961.705
962.130
962.555
962.980
963.405
963.830
964.255
964.680
965.105
965.530
965.955
966.380
966.805
967.230
967.655
968.080
968.505
968.930
969.355
969.780
970.205
970.630
971.055
971.480
971.905
972.330
973.180
973.393
973.605
974.030
974.456
974.881
975.093
975.306
975.731
976.156
976.582
976.794
977.007
977.432
977.857
978.283
978.495
978.708
979.133
979.558
979.983
980.196
980.409
980.834
981.259
981.684
981.897
982.110
982.535
982.960
983.385
983.598
983.810
984.236
984.661
985.086
985.299
985.511
985.937
986.362
986.787
987.000
987.212
987.637
988.063
988.488
988.700
988.913
989.338
989.764
990.189
990.401
990.614
991.039
991.464
991.890
992.102
992.315
992.740
993.165
993.591
993.803
994.016
994.441
994.866
995.291
995.504
995.717
996.142
996.567
996.992
997.205
997.418
997.843
998.268
998.693
998.906
999.118
999.544
1000.396
1001.248
1002.100
1002.953
1003.805
1004.657
1005.510
1006.362
1007.214
1008.067
1008.919
1009.771
1010.623
1011.476
1012.328
1013.180
1014.033
1014.885
1015.737
1016.589
1017.442
1018.294
1019.146
1019.999
1020.851
1021.703
1022.555
1023.408
1024.260
1027.260
1027.685
1028.110
1028.535
1028.961
1029.386
1029.811
1030.236
1030.661
1031.086
1031.512
1031.937
1032.362
1032.787
1033.212
1033.637
1034.063
1034.488
1034.913
1035.338
1035.763
1036.188
1036.614
1037.039
1037.464
1037.889
1038.314
1038.739
1039.165
1039.590
1040.015
1040.440
1040.865
1041.290
1041.715
1042.141
1042.566
1042.991
1043.416
1043.841
1044.266
1044.692
1045.117
1045.542
1045.967
1046.392
1046.817
1047.243
1047.668
1048.093
1048.518
1048.943
1049.368
1049.794
1050.219
1050.644
1051.069
1051.494
1051.919
1052.345
1052.770
1053.195
1053.620
1054.940
1055.152
1055.365
1055.790
1056.215
1056.640
1056.852
1057.065
1057.490
1057.914
1058.339
1058.552
1058.764
1059.189
1059.614
1060.039
1060.251
1060.464
1060.889
1061.314
1061.739
1061.951
1062.164
1062.589
1063.013
1063.438
1063.651
1063.863
1064.288
1064.713
1065.138
1065.350
1065.563
1065.988
1066.413
1066.838
1067.050
1067.263
1067.688
1068.112
1068.537
1068.750
1068.962
1069.387
1069.812
1070.237
1070.449
1070.662
1071.087
1071.512
1071.937
1072.149
1072.362
1072.787
1073.211
1073.636
1073.849
1074.061
1074.486
1074.911
1075.336
1075.548
1075.761
1076.186
1076.611
1077.036
1077.248
1077.461
1077.886
1078.310
1078.735
1078.948
1079.160
1079.585
1080.010
1080.435
1080.647
1080.860
1081.713
1082.139
1082.564
1082.990
1083.415
1083.841
1084.267
1084.692
1085.118
1085.543
1085.969
1086.395
1086.820
1087.246
1087.671
1088.097
1088.523
1088.948
1089.374
1089.799
1090.225
1090.650
1091.076
1091.502
1091.927
1092.353
1092.778
1093.204
1093.630
1094.055
1094.481
1094.906
1095.332
1095.758
1096.183
1096.609
1097.034
1097.460
1097.886
1098.311
1098.737
1099.162
1099.588
1100.014
1100.439
1100.865
1101.290
1101.716
1102.142
1102.567
1102.993
1103.418
1103.844
1104.270
1104.695
1105.121
1105.546
1105.972
1106.398
1106.823
1107.249
1107.674
1108.100
1148.100
1148.599
1149.099
1149.598
1150.097
1150.597
1151.096
1151.595
1152.095
1152.594
1153.094
1153.593
1154.092
1154.592
1155.091
1155.590
1156.090
1156.589
1157.088
1157.588
1158.087
1158.586
1159.086
1159.585
1160.085
1160.584
1161.083
1161.583
1162.082
1162.581
1163.081
1163.580
1164.580
1164.830
1165.080
1165.581
1165.831
1166.081
1166.581
1166.831
1167.082
1167.582
1167.832
1168.082
1168.583
1168.833
1169.083
1169.583
1169.833
1170.083
1170.584
1170.834
1171.084
1171.584
1171.835
1172.085
1172.585
1172.835
1173.085
1173.586
1173.836
1174.086
1174.586
1174.836
1175.087
1175.587
1175.837
1176.087
1176.588
1176.838
1177.088
1177.588
1177.838
1178.089
1178.589
1178.839
1179.089
1179.589
1179.840
1180.090
1180.590
1180.840
1181.090
1181.591
1181.841
1182.091
1182.591
1182.842
1183.092
1183.592
1183.842
1184.092
1184.593
1184.843
1185.093
1185.593
1185.843
1186.094
1186.594
1186.844
1187.094
1187.595
1187.845
1188.095
1188.595
1188.845
1189.096
1189.596
1189.846
1190.096
1190.596
1190.847
1191.097
1191.597
1191.847
1192.097
1192.598
1192.848
1193.098
1193.598
1193.849
1194.099
1194.599
1194.849
1195.099
1195.600
1195.850
1196.100
1212.100
1212.350
1212.600
1213.099
1213.599
1214.099
1214.349
1214.598
1215.098
1215.598
1216.097
1216.347
1216.597
1217.097
1217.596
1218.096
1218.346
1218.596
1219.095
1219.595
1220.095
1220.345
1220.594
1221.094
1221.594
1222.093
1222.343
1222.593
1223.093
1223.592
1224.092
1224.342
1224.592
1225.091
1225.591
1226.091
1226.341
1226.590
1227.090
1227.590
1228.089
1228.339
1228.589
1229.089
1229.589
1230.088
1230.338
1230.588
1231.088
1231.587
1232.087
1232.337
1232.587
1233.086
1233.586
1234.086
1234.335
1234.585
1235.085
1235.585
1236.084
1236.334
1236.584
1237.084
1237.583
1238.083
1238.333
1238.583
1239.082
1239.582
1240.082
1240.331
1240.581
1241.081
1241.581
1242.080
1242.330
1242.580
1244.075
1244.575
1245.075
1245.575
1246.074
1246.574
1247.074
1247.574
1248.073
1248.573
1249.073
1249.573
1250.072
1250.572
1251.072
1251.572
1252.071
1252.571
1253.071
1253.571
1254.070
1254.570
1255.070
1255.570
1256.069
1256.569
1257.069
1257.569
1258.068
1258.568
1259.068
1259.568
1260.067
1260.567
1261.067
1261.567
1262.066
1262.566
1263.066
1263.566
1264.065
1264.565
1265.065
1265.565
1266.064
1266.564
1267.064
1267.564
1268.063
1268.563
1269.063
1269.563
1270.062
1270.562
1271.062
1271.562
1272.061
1272.561
1273.061
1273.561
1274.060
1274.560
1275.060
1276.060
1276.310
1276.561
1277.061
1277.312
1277.562
1278.063
1278.313
1278.563
1279.064
1279.314
1279.565
1280.065
1280.315
1280.566
1281.066
1281.317
1281.567
1282.068
1282.318
1282.568
1283.069
1283.319
1283.570
1284.070
1284.321
1284.571
1285.072
1285.322
1285.572
1286.073
1286.323
1286.574
1287.074
1287.325
1287.575
1288.075
1288.326
1288.576
1289.077
1289.327
1289.577
1290.078
1290.328
1290.579
1291.079
1291.330
1291.580
1292.580
1293.577
1294.574
1295.571
1296.569
1297.566
1298.563
1299.560
1300.557
1301.554
1302.551
1303.549
1304.546
1305.543
1306.540
1308.060
1308.310
1308.560
1309.061
1309.561
1310.061
1310.311
1310.562
1311.062
1311.562
1312.063
1312.313
1312.563
1313.063
1313.564
1314.064
1314.314
1314.564
1315.065
1315.565
1316.065
1316.315
1316.566
1317.066
1317.566
1318.066
1318.317
1318.567
1319.067
1319.567
1320.068
1320.318
1320.568
1321.068
1321.569
1322.069
1322.319
1322.569
1323.070
1323.570
1324.070
1324.321
1324.571
1325.071
1325.571
1326.072
1326.322
1326.572
1327.072
1327.573
1328.073
1328.323
1328.573
1329.074
1329.574
1330.074
1330.324
1330.575
1331.075
1331.575
1332.076
1332.326
1332.576
1333.076
1333.577
1334.077
1334.327
1334.577
1335.078
1335.578
1336.078
1336.328
1336.578
1337.079
1337.579
1338.079
1338.330
1338.580
1372.020
1372.270
1372.520
1373.021
1373.271
1373.521
1374.021
1374.272
1374.522
1375.022
1375.272
1375.523
1376.023
1376.273
1376.523
1377.024
1377.274
1377.524
1378.024
1378.275
1378.525
1379.025
1379.275
1379.526
1380.026
1380.276
1380.526
1381.027
1381.277
1381.527
1382.027
1382.278
1382.528
1383.028
1383.278
1383.529
1384.029
1384.279
1384.529
1385.030
1385.280
1385.530
1386.030
1386.281
1386.531
1387.031
1387.281
1387.532
1388.032
1388.282
1388.532
1389.033
1389.283
1389.533
1390.033
1390.284
1390.534
1391.034
1391.284
1391.535
1392.035
1392.285
1392.535
1393.036
1393.286
1393.536
1394.036
1394.287
1394.537
1395.037
1395.287
1395.538
1396.038
1396.288
1396.538
1397.039
1397.289
1397.539
1398.039
1398.290
1398.540
1399.040
1399.290
1399.541
1400.041
1400.291
1400.541
1401.042
1401.292
1401.542
1402.042
1402.293
1402.543
1403.043
1403.293
1403.544
1472.900
1473.901
1474.902
1475.903
1476.904
1477.905
1478.905
1479.906
1480.907
1481.908
1482.909
1483.910
1484.911
1485.912
1486.913
1487.914
1488.914
1489.915
1490.916
1491.917
1492.918
1493.919
1494.920
1495.921
1496.922
1497.923
1498.923
1499.924
1500.925
1501.926
1502.927
1503.928
1504.929
1521.900
1522.400
1522.900
1523.900
1524.400
1524.900
1525.900
1526.400
1526.900
1527.900
1528.400
1528.900
1529.900
1530.400
1530.900
1531.900
1532.400
1532.900
1533.900
1534.400
1534.900
1535.900
1536.400
1536.900
1537.900
1538.900
1539.900
1540.900
1541.900
1542.900
1543.900
1544.900
1545.900
1546.900
1547.900
1548.900
1549.900
1550.900
1551.900
1552.900
1553.900
1554.900
1555.900
1556.900
1557.900
1558.900
1559.900
1560.900
1561.900
1562.900
1563.900
1564.900
1565.900
1566.900
1567.900
1568.900
1569.900
1570.900
1571.900
1572.900
1573.900
1574.900
1575.900
1576.900
1577.900
1578.900
1579.900
1580.900
1581.900
1585.900
1586.901
1587.901
1588.902
1589.902
1590.903
1591.903
1592.904
1593.904
1594.905
1595.905
1596.906
1597.906
1598.907
1599.908
1600.908
1601.909
1602.409
1602.910
1603.911
1604.411
1604.912
1605.913
1606.413
1606.914
1607.915
1608.415
1608.916
1609.917
1610.417
1610.918
1611.919
1612.419
1612.920
1613.921
1614.421
1614.922
1615.923
1616.423
1616.924
1617.925
1618.425
1618.926
1619.927
1620.427
1620.928
1621.929
1622.429
1622.930
1623.931
1624.431
1624.932
1625.933
1626.433
1626.934
1627.935
1628.435
1628.936
1629.937
1630.437
1630.938
1631.939
1632.439
1632.940
1649.900
1650.901
1651.902
1652.904
1653.905
1654.906
1655.907
1656.909
1657.910
1658.911
1659.912
1660.914
1661.915
1662.916
1663.917
1664.919
1665.920
1666.921
1667.922
1668.924
1669.925
1670.926
1671.927
1672.929
1673.930
1674.931
1675.932
1676.934
1677.935
1678.936
1679.937
1680.939
1681.940
1682.190
1682.440
1682.939
1683.439
1683.939
1684.188
1684.438
1684.938
1685.438
1685.937
1686.187
1686.437
1686.936
1687.436
1687.936
1688.186
1688.435
1688.935
1689.435
1689.934
1690.184
1690.434
1690.934
1691.433
1691.933
1692.183
1692.433
1692.932
1693.432
1693.932
1694.181
1694.431
1694.931
1695.430
1695.930
1696.180
1696.430
1696.929
1697.429
1697.929
1698.179
1698.428
1698.928
1699.428
1699.927
1700.177
1700.427
1700.927
1701.426
1701.926
1702.176
1702.426
1702.925
1703.425
1703.925
1704.174
1704.424
1704.924
1705.423
1705.923
1706.173
1706.423
1706.922
1707.422
1707.922
1708.172
1708.421
1708.921
1709.421
1709.920
1710.170
1710.420
1734.478
1734.947
1735.416
1735.886
1736.355
1736.825
1737.294
1737.764
1738.233
1738.702
1739.172
1739.641
1740.111
1740.580
1741.050
1741.519
1741.988
1742.458
1742.927
1743.397
1743.866
1744.336
1744.805
1745.274
1745.744
1746.213
1746.683
1747.152
1747.622
1748.091
1748.560
1749.030
1749.499
1749.969
1750.438
1750.908
1751.377
1751.846
1752.316
1752.785
1753.255
1753.724
1754.194
1754.663
1755.132
1755.602
1756.071
1756.541
1757.010
1764.020
1764.488
1764.957
1765.425
1765.894
1766.362
1766.830
1767.299
1767.767
1768.235
1768.704
1769.172
1769.641
1770.109
1770.577
1771.046
1771.514
1771.983
1772.451
1772.919
1773.388
1773.856
1774.325
1774.793
1775.261
1775.730
1776.198
1776.666
1777.135
1777.603
1778.072
1778.540
1779.500
1779.734
1779.969
1780.438
1780.672
1780.907
1781.376
1781.610
1781.845
1782.314
1782.548
1782.783
1783.252
1783.486
1783.721
1784.190
1784.424
1784.659
1785.127
1785.362
1785.596
1786.065
1786.300
1786.534
1787.003
1787.238
1787.472
1787.941
1788.176
1788.410
1788.879
1789.114
1789.348
1789.817
1790.051
1790.286
1790.755
1790.989
1791.224
1791.693
1791.927
1792.162
1792.631
1792.865
1793.100
1793.569
1793.803
1794.038
1809.500
1810.437
1811.375
1812.312
1813.250
1814.187
1815.125
1816.062
1817.000
1817.937
1818.875
1819.812
1820.750
1821.687
1822.625
1823.562
1824.500
1824.969
1825.437
1826.375
1826.844
1827.312
1828.250
1828.719
1829.187
1830.125
1830.594
1831.062
1832.000
1832.469
1832.937
1833.875
1834.344
1834.812
1835.750
1836.219
1836.687
1837.625
1838.094
1838.562
1839.500
1839.969
1840.439
1840.908
1841.377
1841.847
1842.316
1842.785
1843.255
1843.724
1844.193
1844.663
1845.132
1845.601
1846.071
1846.540
1847.260
1847.612
1847.963
1848.666
1849.018
1849.370
1850.073
1850.425
1850.776
1851.479
1851.831
1852.183
1852.886
1853.237
1853.589
1854.292
1854.644
1854.995
1855.699
1856.050
1856.402
1857.105
1857.457
1857.808
1858.512
1858.863
1859.215
1859.918
1860.270
1860.621
1861.325
1861.676
1862.028
1862.731
1863.083
1863.434
1864.137
1864.489
1864.841
1865.544
1865.895
1866.247
1866.950
1867.302
1867.654
1868.357
1868.708
1869.060
1896.220
1896.348
1896.477
1896.605
1896.734
1896.862
1896.990
1897.119
1897.247
1897.376
1897.504
1897.632
1897.761
1897.889
1898.018
1898.146
1898.274
1898.403
1898.531
1898.660
1898.788
1898.916
1899.045
1899.173
1899.302
1899.430
1899.558
1899.687
1899.815
1899.944
1900.072
1900.200
1900.329
1900.457
1900.586
1900.714
1900.842
1900.971
1901.099
1901.228
1901.356
1901.484
1901.613
1901.741
1901.870
1901.998
1902.126
1902.255
1902.383
1902.512
1902.640
1902.768
1902.897
1903.025
1903.154
1903.282
1903.410
1903.539
1903.667
1903.796
1903.924
1904.052
1904.181
1904.309
1904.438
1904.566
1904.694
1904.823
1904.951
1905.080
1905.208
1905.336
1905.465
1905.593
1905.722
1905.850
1905.978
1906.107
1906.235
1906.364
1906.492
1906.620
1906.749
1906.877
1907.006
1907.134
1907.262
1907.391
1907.519
1907.648
1907.776
1907.904
1908.033
1908.161
1908.290
1908.418
1908.546
1908.675
1908.803
1908.932
1909.060
1909.188
1909.317
1909.445
1909.574
1909.702
1909.830
1909.959
1910.087
1910.216
1910.344
1910.472
1910.601
1910.729
1910.858
1910.986
1911.114
1911.243
1911.371
1911.500
1911.628
1911.756
1911.885
1912.013
1912.142
1912.270
1912.398
1912.527
1912.655
1912.784
1912.912
1913.040
1913.169
1913.297
1913.426
1913.554
1913.682
1913.811
1913.939
1914.068
1914.196
1914.324
1914.453
1914.581
1914.709
1914.838
1914.966
1915.095
1915.223
1915.351
1915.480
1915.608
1915.737
1915.865
1915.993
1916.122
1916.250
1916.379
1916.507
1916.635
1916.764
1916.892
1917.021
1917.149
1917.277
1917.406
1917.534
1917.663
1917.791
1917.919
1918.048
1918.176
1918.305
1918.433
1918.561
1918.690
1918.818
1918.947
1919.075
1919.203
1919.332
1919.460
1919.589
1919.717
1919.845
1919.974
1920.102
1920.231
1920.359
1920.487
1920.616
1920.744
1920.873
1921.001
1921.129
1921.258
1921.386
1921.515
1921.643
1921.771
1921.900
1922.028
1922.157
1922.285
1922.413
1922.542
1922.670
1922.799
1922.927
1923.055
1923.184
1923.312
1923.441
1923.569
1923.697
1923.826
1923.954
1924.083
1924.211
1924.339
1924.468
1924.596
1924.725
1924.853
1924.981
1925.110
1925.238
1925.367
1925.495
1925.623
1925.752
1925.880
1926.009
1926.137
1926.265
1926.394
1926.522
1926.651
1926.779
1926.907
1927.036
1927.164
1927.293
1927.421
1927.549
1927.678
1927.806
1927.935
1928.063
1928.191
1928.320
1928.448
1928.577
1928.705
1928.833
1928.962
1929.090
1929.219
1929.347
1929.475
1929.604
1929.732
1929.861
1929.989
1930.117
1930.246
1930.374
1930.503
1930.631
1930.759
1930.888
1931.016
1931.145
1931.273
1931.401
1931.530
1931.658
1931.787
1931.915
1932.043
1932.172
1932.300
1932.429
1932.557
1932.685
1932.814
1932.942
1933.071
1933.199
1933.327
1933.456
1933.584
1933.713
1933.841
1933.969
1934.098
1934.226
1934.355
1934.483
1934.611
1934.740
1934.868
1934.997
1935.125
1935.253
1935.382
1935.510
1935.639
1935.767
1935.895
1936.024
1936.152
1936.281
1936.409
1936.537
1936.666
1936.794
1936.923
1937.051
1937.179
1937.308
1937.436
1937.565
1937.693
1937.821
1937.950
1938.078
1938.207
1938.335
1938.463
1938.592
1938.720
1938.849
1938.977
1939.105
1939.234
1939.362
1939.491
1939.619
1939.747
1939.876
1940.004
1940.133
1940.261
1940.389
1940.518
1940.646
1940.775
1940.903
1941.031
1941.160
1941.288
1941.417
1941.545
1941.673
1941.802
1941.930
1942.059
1942.187
1942.315
1942.444
1942.572
1942.701
1942.829
1942.957
1943.086
1943.214
1943.343
1943.471
1943.599
1943.728
1943.856
1943.985
1944.113
1944.241
1944.370
1944.498
1944.627
1944.755
1944.883
1945.012
1945.140
1945.269
1945.397
1945.525
1945.654
1945.782
1945.911
1946.039
1946.167
1946.296
1946.424
