69.070
70.303
71.536
72.769
74.002
75.235
76.468
77.701
78.934
80.167
81.400
82.633
83.866
85.099
86.332
87.565
88.798
90.031
91.264
92.497
93.730
94.963
96.196
97.429
98.662
98.971
99.279
99.895
100.204
100.512
101.128
101.437
101.745
102.361
102.670
102.978
103.595
103.903
104.211
104.828
105.136
105.444
106.061
106.369
106.677
107.294
107.602
107.910
108.527
108.835
109.143
109.760
110.068
110.376
110.993
111.301
111.609
112.226
112.534
112.842
113.459
113.767
114.075
114.692
115.000
115.308
115.925
116.233
116.541
117.158
117.466
117.774
118.391
119.007
119.624
120.240
120.857
121.473
122.090
122.706
123.323
123.939
124.556
125.172
125.789
126.405
127.022
127.638
128.255
128.871
129.488
130.104
130.721
131.337
131.954
132.570
133.187
133.803
134.420
135.036
135.653
136.270
136.886
137.503
138.119
138.427
138.736
139.352
139.660
139.969
140.585
140.893
141.202
141.818
142.126
142.435
143.051
143.359
143.668
144.284
144.592
144.901
145.517
145.825
146.134
146.750
147.058
147.367
147.983
148.291
148.600
149.216
149.524
149.833
150.449
150.757
151.066
151.682
151.990
152.299
152.915
153.224
153.532
154.148
154.457
154.765
155.381
155.690
155.998
156.614
156.923
157.231
157.847
158.464
159.080
159.697
160.313
160.930
161.546
162.163
162.779
163.396
164.012
164.629
165.245
165.862
166.478
167.095
167.711
168.328
168.944
169.561
170.178
170.794
171.411
172.027
172.644
173.260
173.877
174.493
175.110
175.726
176.343
176.959
177.576
178.809
180.042
181.275
182.508
183.741
184.974
186.207
187.440
188.673
189.906
191.139
192.372
193.605
194.838
196.071
202.236
202.544
202.852
203.469
203.777
204.086
204.702
205.010
205.319
205.935
206.243
206.552
207.168
207.476
207.785
208.401
208.709
209.018
209.634
209.942
210.251
210.867
211.175
211.484
212.100
212.408
212.717
213.333
213.641
213.950
214.566
214.874
215.183
215.799
216.107
216.416
217.032
217.340
217.649
218.265
218.573
218.882
219.498
219.806
220.115
220.731
221.040
221.348
221.964
222.427
222.581
223.197
223.660
223.814
224.430
224.893
225.047
225.663
226.126
226.280
226.896
227.359
227.513
228.129
228.592
228.746
229.362
229.825
229.979
230.595
231.058
231.212
231.828
232.291
232.445
233.061
233.524
233.678
234.294
234.757
234.911
235.527
235.990
236.144
236.761
237.223
237.377
237.994
238.456
238.610
239.227
239.689
239.843
240.460
240.922
241.076
241.693
242.001
242.309
242.926
243.234
243.542
244.159
244.467
244.775
245.392
245.700
246.008
246.625
246.933
247.241
247.858
248.166
248.474
249.091
249.399
249.707
250.324
250.632
250.940
251.557
251.865
252.173
252.790
253.098
253.406
254.023
254.331
254.639
255.256
255.564
255.872
256.489
256.797
257.105
257.722
258.030
258.338
258.955
259.263
259.571
260.188
260.496
260.804
261.421
262.654
263.887
265.120
266.353
267.586
268.819
270.052
271.285
272.518
273.751
274.984
276.217
277.450
278.683
279.916
281.149
282.382
283.615
284.848
286.081
287.314
288.547
289.780
331.222
331.743
332.265
332.787
333.309
333.831
334.352
334.874
335.396
335.918
336.440
336.961
337.483
338.005
338.527
339.049
339.570
340.092
340.614
341.136
341.658
342.179
342.701
343.223
343.745
344.267
344.788
345.310
345.832
346.354
346.876
347.397
348.832
348.963
349.093
349.224
349.354
349.485
350.920
351.050
351.180
351.311
351.441
351.572
353.007
353.137
353.268
353.398
353.529
353.659
355.094
355.224
355.355
355.485
355.616
355.746
357.181
357.312
357.442
357.572
357.703
357.833
359.268
359.399
359.529
359.660
359.790
359.921
361.356
361.486
361.616
361.747
361.877
362.008
363.443
363.573
363.704
363.834
363.965
364.095
364.617
365.660
366.704
367.748
368.791
369.835
370.878
371.922
372.966
374.009
375.053
376.096
377.140
378.184
379.227
380.271
381.314
381.836
382.228
382.488
382.749
382.880
383.402
383.923
384.315
384.576
384.837
384.967
385.489
386.011
386.402
386.663
386.924
387.054
387.576
388.098
388.489
388.750
389.011
389.141
389.663
390.185
390.576
390.837
391.098
391.229
391.750
392.272
392.664
392.924
393.185
393.316
393.838
394.359
394.751
395.012
395.273
395.403
395.925
396.447
396.838
397.099
397.360
397.490
398.925
399.056
399.186
399.317
399.447
399.577
401.012
401.143
401.273
401.404
401.534
401.665
403.100
403.230
403.360
403.491
403.621
403.752
405.187
405.317
405.448
405.578
405.709
405.839
407.274
407.404
407.535
407.665
407.796
407.926
409.361
409.492
409.622
409.753
409.883
410.013
411.448
411.579
411.709
411.840
411.970
412.101
414.710
415.753
416.797
417.840
418.884
419.928
420.971
422.015
423.058
424.102
425.146
426.189
427.233
428.276
429.320
430.364
431.407
431.929
432.320
432.581
432.842
432.973
433.494
434.016
434.408
434.669
434.929
435.060
435.582
436.103
436.495
436.756
437.017
437.147
437.669
438.191
438.582
438.843
439.104
439.234
439.756
440.278
440.669
440.930
441.191
441.322
441.843
442.365
442.756
443.017
443.278
443.409
443.931
444.452
444.844
445.105
445.365
445.496
446.018
446.540
446.931
447.192
447.453
447.583
448.105
450.192
452.279
454.367
456.454
458.541
460.628
462.715
464.803
466.890
468.977
471.064
473.151
475.239
477.326
477.848
478.239
478.500
478.761
478.891
479.413
479.935
480.326
480.587
480.848
480.978
481.500
482.022
482.413
482.674
482.935
483.066
483.587
484.109
484.501
484.761
485.022
485.153
485.675
486.196
486.588
486.849
487.110
487.240
487.762
488.284
488.675
488.936
489.197
489.327
489.849
490.371
490.762
491.023
491.284
491.414
491.936
492.458
492.849
493.110
493.371
493.502
494.023
494.545
494.937
495.197
495.458
495.589
496.111
496.632
497.024
497.285
497.546
497.676
498.198
498.720
499.111
499.372
499.633
499.763
500.285
500.807
501.198
501.459
501.720
501.850
502.372
502.894
503.285
503.546
503.807
503.938
504.459
504.981
505.373
505.633
505.894
506.025
506.547
507.068
507.460
507.721
507.982
508.112
508.634
509.156
509.547
509.808
510.069
510.199
510.721
511.765
512.808
513.852
514.895
515.939
516.983
518.026
519.070
520.113
521.157
522.201
523.244
524.288
525.331
526.375
527.419
528.462
529.506
530.549
531.593
532.637
533.680
534.724
535.767
536.811
537.855
538.898
539.942
594.401
594.881
595.361
595.601
595.841
596.321
596.801
597.281
597.521
597.761
598.241
598.721
599.201
599.441
599.681
600.161
600.641
601.121
601.361
601.601
602.081
602.561
603.041
603.281
603.521
604.001
604.481
604.961
605.201
605.441
606.401
606.881
607.361
607.841
608.321
608.801
609.281
609.761
610.241
610.721
611.201
611.681
612.161
612.641
613.121
613.601
614.081
614.561
615.041
615.521
616.001
616.481
616.961
617.441
617.921
618.401
618.881
619.361
619.841
620.321
620.801
621.281
621.761
622.241
622.721
623.201
623.681
624.161
624.641
625.121
625.601
626.081
626.561
627.041
627.521
628.001
628.481
628.961
629.441
629.921
630.401
630.881
631.361
631.841
632.321
632.801
633.281
633.761
634.241
634.721
635.201
635.681
636.161
636.401
636.641
637.121
637.361
637.601
638.081
638.321
638.561
639.041
639.281
639.521
640.001
640.241
640.481
640.961
641.201
641.441
641.921
642.161
642.401
642.881
643.121
643.361
643.841
644.081
644.321
644.801
645.041
645.281
645.761
646.001
646.241
646.721
646.961
647.201
647.681
647.921
648.161
648.641
648.881
649.121
649.601
649.841
650.081
650.561
650.801
651.041
651.521
651.761
652.001
652.481
652.721
652.961
653.441
653.681
653.921
654.401
654.641
654.881
657.281
657.761
658.241
658.721
659.201
659.681
660.161
660.641
661.121
661.601
662.081
662.561
663.041
663.521
664.001
664.481
664.961
665.441
665.921
666.401
666.881
667.361
667.841
668.321
668.801
669.281
669.761
670.241
670.721
671.201
671.681
672.161
672.641
673.121
673.601
674.081
674.561
675.041
675.521
676.001
676.481
676.961
677.441
677.921
678.401
678.881
679.361
679.841
680.321
680.801
681.281
681.761
682.241
682.721
683.201
683.681
684.161
684.641
685.121
685.601
686.081
686.321
686.561
687.041
687.281
687.521
688.001
688.241
688.481
688.961
689.201
689.441
689.921
690.161
690.401
690.881
691.121
691.361
691.841
692.081
692.321
692.801
693.041
693.281
693.761
694.001
694.241
694.721
694.961
695.201
695.681
695.921
696.161
696.641
696.881
697.121
697.601
697.841
698.081
698.561
698.801
699.041
699.521
699.761
700.001
700.481
700.721
700.961
701.441
701.681
701.921
702.401
702.641
702.881
703.361
703.601
703.841
704.321
704.561
704.801
705.281
705.521
705.761
706.241
706.481
706.721
707.201
707.441
707.681
708.161
708.401
708.641
709.121
709.361
709.601
710.081
710.321
710.561
711.041
711.281
711.521
712.001
712.241
712.481
715.361
715.601
715.841
716.081
716.321
716.561
716.801
717.281
717.521
717.761
718.001
718.241
718.481
718.721
719.201
719.441
719.681
719.921
720.161
720.401
720.641
721.121
721.361
721.601
721.841
722.081
722.321
722.561
723.041
723.281
723.521
723.761
724.001
724.241
724.481
724.961
725.201
725.441
725.681
725.921
726.161
726.401
726.881
727.121
727.361
727.601
727.841
728.081
728.321
728.801
729.041
729.281
729.521
729.761
730.001
730.241
730.721
730.961
731.201
731.441
731.681
731.921
732.161
732.641
732.881
733.121
733.361
733.601
733.841
734.081
734.561
734.801
735.041
735.281
735.521
735.761
736.001
736.481
736.721
736.961
737.201
737.441
737.681
737.921
738.401
738.641
738.881
739.121
739.361
739.601
739.841
743.681
743.921
744.161
744.641
744.881
745.121
745.601
745.841
746.081
746.561
746.801
747.041
747.521
747.761
748.001
748.481
748.721
748.961
749.441
749.681
749.921
750.401
750.641
750.881
751.361
751.601
751.841
752.321
752.561
752.801
753.281
753.521
753.761
754.241
754.481
754.721
755.201
755.441
755.681
756.161
756.401
756.641
757.121
757.361
757.601
758.081
758.321
758.561
759.041
759.281
759.521
760.001
760.241
760.481
760.961
761.201
761.441
761.921
762.161
762.401
762.881
763.121
763.361
763.841
764.081
764.321
764.801
765.041
765.281
765.761
766.001
766.241
766.721
766.961
767.201
767.681
767.921
768.161
768.641
768.881
769.121
769.601
769.841
770.081
770.561
770.801
771.041
771.521
772.481
773.441
774.401
775.361
776.321
777.281
778.241
779.201
780.161
781.121
782.081
783.041
784.001
784.961
785.921
825.864
827.588
829.312
831.036
831.677
832.746
833.387
834.456
835.097
836.166
836.807
837.876
838.304
838.733
839.162
839.591
840.019
840.448
840.877
841.306
841.734
842.163
842.592
843.021
843.449
843.878
844.307
844.736
845.164
845.593
846.022
846.451
846.879
847.308
847.737
848.166
848.594
849.023
849.452
849.881
850.309
850.738
851.167
851.567
851.781
851.995
852.424
852.638
852.853
853.281
853.495
853.710
854.138
854.353
854.567
854.995
855.210
855.424
855.852
856.067
856.281
856.710
856.924
857.138
857.567
857.781
857.995
858.424
858.638
858.852
859.281
859.495
859.709
860.138
860.352
860.567
860.995
861.209
861.424
861.852
862.067
862.281
862.709
862.924
863.138
863.566
863.781
863.995
864.424
864.638
864.852
865.281
865.495
865.709
866.138
866.352
866.566
866.995
867.209
867.423
867.852
868.066
868.281
868.709
868.923
869.138
869.566
869.781
869.995
870.423
870.638
870.852
871.281
871.495
871.709
872.138
872.352
872.566
872.995
873.209
873.423
873.852
874.066
874.280
874.709
874.923
875.138
875.566
875.780
875.995
876.423
876.637
876.852
877.280
877.495
877.709
878.137
878.352
878.566
878.995
879.852
880.709
881.566
882.423
883.280
884.137
884.994
885.851
886.709
887.566
888.423
889.280
890.137
890.994
891.851
892.708
892.923
893.137
893.351
893.565
894.423
894.637
894.851
895.065
895.280
896.137
896.351
896.565
896.780
896.994
897.851
898.065
898.280
898.494
898.708
899.565
899.780
899.994
900.208
900.422
901.279
901.494
901.708
901.922
902.137
902.994
903.208
903.422
903.637
903.851
904.708
904.922
905.136
905.351
905.565
906.422
906.636
906.851
907.065
907.279
908.136
908.351
908.565
908.779
908.994
909.851
910.065
910.279
910.493
910.708
911.565
911.779
911.993
912.208
912.422
913.279
913.493
913.708
913.922
914.136
914.993
915.208
915.422
915.636
915.850
916.708
916.922
917.136
917.350
917.565
918.422
918.636
918.850
919.065
919.279
920.136
921.850
922.064
922.279
923.564
925.279
925.493
925.707
926.993
928.707
928.921
929.136
930.421
932.136
932.350
932.564
933.850
934.707
935.564
936.421
937.278
938.135
938.992
939.850
940.707
941.564
942.421
943.278
944.135
944.992
945.849
946.707
947.564
947.778
947.992
948.421
948.635
948.849
949.278
949.492
949.706
950.135
950.349
950.564
950.992
951.206
951.421
951.849
952.063
952.278
952.706
952.921
953.135
953.563
953.778
953.992
954.421
954.635
954.849
955.278
955.492
955.706
956.135
956.349
956.563
956.992
957.206
957.420
957.849
958.063
958.278
958.706
958.920
959.135
959.563
959.777
959.992
960.420
960.635
960.849
961.277
961.492
961.706
962.135
962.349
962.563
962.992
963.206
963.420
963.849
964.063
964.277
964.706
964.920
965.134
965.563
965.777
965.992
966.420
966.634
966.849
967.277
967.492
967.706
968.134
968.563
968.991
969.420
969.849
970.277
970.706
971.134
971.563
971.991
972.420
972.848
973.277
973.706
974.134
974.563
974.991
975.420
975.848
976.277
976.705
977.134
977.563
977.991
978.420
978.848
979.277
979.705
980.134
980.562
980.991
981.420
981.848
982.277
982.705
983.134
983.562
983.991
984.419
984.848
985.277
985.705
986.134
986.562
986.991
987.419
987.848
988.277
988.705
988.919
989.134
989.348
989.562
990.419
990.634
990.848
991.062
991.276
992.134
992.348
992.562
992.776
992.991
993.848
994.062
994.276
994.491
994.705
995.562
995.776
995.991
996.205
996.419
997.276
997.490
997.705
997.919
998.133
998.990
999.205
999.419
999.633
999.848
1000.705
1000.919
1001.133
1001.347
1001.562
1002.419
1002.633
1002.847
1003.062
1003.276
1004.133
1004.347
1004.562
1004.776
1004.990
1005.847
1006.062
1006.276
1006.490
1006.704
1007.562
1007.776
1007.990
1008.204
1008.419
1009.276
1009.490
1009.704
1009.919
1010.133
1010.990
1011.204
1011.419
1011.633
1011.847
1012.704
1012.919
1013.133
1013.347
1013.561
1014.418
1014.633
1014.847
1015.061
1015.276
1016.133
1017.847
1018.061
1018.275
1019.561
1021.275
1021.490
1021.704
1022.990
1024.704
1024.918
1025.132
1026.418
1028.132
1028.347
1028.561
1029.847
1030.704
1031.561
1032.418
1033.275
1034.132
1034.989
1035.846
1036.703
1037.561
1038.418
1039.275
1040.132
1040.989
1041.846
1042.703
1043.560
1043.775
1043.989
1044.203
1044.417
1044.632
1044.846
1045.060
1045.275
1045.489
1045.703
1045.917
1046.132
1046.346
1046.560
1046.775
1046.989
1047.203
1047.417
1047.632
1047.846
1048.060
1048.274
1048.489
1048.703
1048.917
1049.132
1049.346
1049.560
1049.774
1049.989
1050.203
1050.417
1050.632
1050.846
1051.060
1051.274
1051.489
1051.703
1051.917
1052.131
1052.346
1052.560
1052.774
1052.989
1053.203
1053.417
1053.631
1053.846
1054.060
1054.274
1054.489
1054.703
1054.917
1055.131
1055.346
1055.560
1055.774
1055.988
1056.203
1056.417
1056.631
1056.846
1057.060
1057.274
1057.488
1057.703
1057.917
1058.131
1058.346
1058.560
1058.774
1058.988
1059.203
1059.417
1059.631
1059.845
1060.060
1060.274
1060.488
1060.703
1060.917
1061.131
1061.345
1061.560
1061.774
1061.988
1062.203
1062.417
1062.631
1062.845
1063.060
1063.274
1063.488
1063.703
1063.917
1064.131
1064.345
1064.560
1064.774
1064.988
1065.202
1065.417
1065.631
1065.845
1066.060
1066.274
1066.488
1066.702
1066.917
1067.131
1067.345
1067.560
1067.774
1067.988
1068.202
1068.417
1068.631
1068.845
1069.059
1069.274
1069.488
1069.702
1069.917
1070.131
1070.345
1070.559
1070.774
1128.128
1128.825
1129.523
1130.221
1130.919
1131.616
1132.314
1133.012
1133.710
1134.407
1135.105
1135.803
1136.501
1137.199
1137.896
1138.594
1139.292
1139.641
1139.990
1140.338
1140.687
1141.036
1141.385
1141.734
1142.083
1142.432
1142.781
1143.130
1143.478
1143.827
1144.176
1144.525
1144.874
1145.223
1145.572
1145.921
1146.269
1146.618
1146.967
1147.316
1147.665
1148.014
1148.363
1148.712
1149.060
1149.409
1149.758
1150.107
1150.456
1151.852
1153.247
1154.643
1156.038
1157.434
1158.829
1160.225
1161.620
1161.969
1162.318
1162.667
1163.016
1163.365
1163.713
1164.062
1164.411
1164.760
1165.109
1165.458
1165.807
1166.156
1166.505
1166.853
1167.202
1167.551
1167.900
1168.249
1168.598
1168.947
1169.296
1169.644
1169.993
1170.342
1170.691
1171.040
1171.389
1171.738
1172.087
1172.435
1172.784
1173.133
1173.482
1173.831
1174.180
1174.529
1174.878
1175.227
1175.575
1175.924
1176.273
1176.622
1176.971
1177.320
1177.669
1178.018
1178.366
1178.715
1179.064
1179.413
1179.762
1180.111
1180.460
1180.809
1181.158
1181.506
1181.855
1182.204
1182.553
1182.902
1183.251
1183.600
1183.949
1184.646
1185.344
1186.042
1186.740
1187.437
1188.135
1188.833
1189.531
1190.228
1190.926
1191.624
1192.322
1193.019
1193.717
1194.415
1195.113
1195.462
1195.811
1196.159
1196.508
1196.857
1197.206
1197.555
1197.904
1198.253
1198.602
1198.950
1199.299
1199.648
1199.997
1200.346
1200.695
1201.044
1201.393
1201.741
1202.090
1202.439
1202.788
1203.137
1203.486
1203.835
1204.184
1204.533
1204.881
1205.230
1205.579
1205.928
1206.277
1207.672
1209.068
1210.464
1211.859
1213.255
1214.650
1216.046
1217.441
1217.790
1218.139
1218.488
1218.837
1219.186
1219.534
1219.883
1220.232
1220.581
1220.930
1221.279
1221.628
1221.977
1222.325
1222.674
1223.023
1223.372
1223.721
1224.070
1224.419
1224.768
1225.116
1225.465
1225.814
1226.163
1226.512
1226.861
1227.210
1227.559
1227.908
1228.256
1228.605
1228.954
1229.303
1229.652
1230.001
1230.350
1230.699
1231.047
1231.396
1231.745
1232.094
1232.443
1232.792
1233.141
1233.490
1233.839
1234.187
1234.536
1234.885
1235.234
1235.583
1235.932
1236.281
1236.630
1236.978
1237.327
1237.676
1238.025
1238.374
1238.723
1239.072
1239.421
1239.769
1240.467
1241.165
1241.863
1242.561
1243.258
1243.956
1244.654
1245.352
1246.049
1246.747
1247.445
1248.143
1248.840
1249.538
1250.236
1250.934
1251.631
1252.329
1253.027
1253.725
1254.422
1255.120
1255.818
1262.098
1263.493
1264.889
1266.284
1267.680
1269.075
1270.471
1271.867
1273.262
1273.960
1274.658
1275.355
1276.053
1276.751
1277.449
1278.146
1278.844
1279.542
1280.240
1280.937
1281.635
1282.333
1283.031
1283.728
1284.426
1284.775
1285.124
1285.473
1285.822
1286.171
1286.520
1286.868
1287.217
1287.566
1287.915
1288.264
1288.613
1288.962
1289.311
1289.659
1290.008
1290.357
1290.706
1291.055
1291.404
1291.753
1292.102
1292.450
1292.799
1293.148
1293.497
1293.846
1294.195
1294.544
1294.893
1295.242
1295.590
1295.939
1296.288
1296.637
1296.986
1297.335
1297.684
1298.033
1298.381
1298.730
1299.079
1299.428
1299.777
1300.126
1300.475
1300.824
1301.173
1301.521
1301.870
1302.219
1302.568
1302.917
1303.266
1303.615
1303.964
1304.312
1304.661
1305.010
1305.359
1305.708
1306.057
1306.406
1352.212
1352.422
1352.632
1353.051
1353.261
1353.471
1353.891
1354.100
1354.310
1354.730
1354.940
1355.149
1355.569
1355.779
1355.989
1356.408
1356.618
1356.828
1357.247
1357.457
1357.667
1358.087
1358.296
1358.506
1358.926
1359.136
1359.345
1359.765
1359.975
1360.185
1360.604
1360.814
1361.024
1361.443
1361.653
1361.863
1362.283
1362.492
1362.702
1363.122
1363.332
1363.541
1363.961
1364.171
1364.381
1364.800
1365.010
1365.220
1367.318
1367.737
1368.157
1368.367
1368.576
1368.996
1369.416
1369.835
1370.045
1370.255
1370.674
1371.094
1371.514
1371.723
1371.933
1372.353
1372.772
1373.192
1373.402
1373.612
1374.031
1374.451
1374.870
1375.080
1375.290
1375.710
1376.129
1376.549
1376.759
1376.968
1379.066
1379.486
1379.906
1380.115
1380.325
1380.745
1381.164
1381.584
1381.794
1382.004
1382.423
1382.843
1383.262
1383.472
1383.682
1384.102
1384.521
1384.941
1385.151
1385.360
1385.780
1386.200
1386.619
1386.829
1387.039
1387.458
1387.878
1388.298
1388.507
1388.717
1389.137
1389.556
1389.976
1390.186
1390.396
1392.494
1392.913
1393.123
1393.333
1393.543
1393.752
1394.172
1394.592
1394.801
1395.011
1395.221
1395.431
1395.850
1396.270
1396.480
1396.690
1396.899
1397.109
1397.529
1397.948
1398.158
1398.368
1398.578
1398.788
1399.207
1399.627
1399.837
1400.046
1400.256
1400.466
1400.886
1401.305
1401.515
1401.725
1401.935
1402.144
1402.564
1402.984
1403.193
1403.403
1403.613
1403.823
1404.242
1404.662
1404.872
1405.082
1405.291
1405.501
1409.278
1409.697
1410.117
1410.536
1410.956
1411.376
1411.795
1412.215
1412.634
1413.054
1413.474
1413.893
1414.313
1414.732
1415.152
1415.571
1415.991
1416.411
1416.830
1417.250
1417.669
1418.089
1418.509
1418.928
1419.348
1419.767
1420.187
1420.607
1421.026
1421.446
1421.865
1422.285
1422.705
1423.124
1423.544
1423.963
1424.383
1424.803
1425.222
1425.642
1426.061
1426.481
1426.901
1427.320
1427.740
1428.159
1428.579
1428.999
1429.418
1429.838
1430.257
1430.677
1431.097
1431.516
1431.936
1432.355
1436.132
1436.551
1436.971
1437.181
1437.391
1437.810
1438.230
1438.649
1438.859
1439.069
1439.489
1439.908
1440.328
1440.538
1440.747
1441.167
1441.587
1442.006
1442.216
1442.426
1442.845
1443.265
1443.685
1443.894
1444.104
1444.524
1444.943
1445.363
1445.573
1445.783
1446.202
1446.622
1447.041
1447.251
1447.461
1449.559
1449.979
1450.188
1450.398
1450.608
1450.818
1451.237
1451.657
1451.867
1452.077
1452.286
1452.496
1452.916
1453.335
1453.545
1453.755
1453.965
1454.175
1454.594
1455.014
1455.224
1455.433
1455.643
1455.853
1456.273
1456.692
1456.902
1457.112
1457.322
1457.531
1457.951
1458.371
1458.580
1458.790
1459.000
1459.210
1459.629
1460.049
1460.259
1460.469
1460.678
1460.888
1461.308
1461.727
1461.937
1462.147
1462.357
1462.566
1466.343
1466.762
1467.182
1467.602
1468.021
1468.441
1468.860
1469.280
1469.700
1470.119
1470.539
1470.958
1471.378
1471.798
1472.217
1472.637
1473.056
1473.476
1473.896
1474.315
1474.735
1475.154
1475.574
1475.994
1476.413
1476.833
1477.252
1477.672
1478.092
1478.511
1478.931
1479.350
1479.770
1480.190
1480.609
1481.029
1481.448
1481.868
1482.288
1482.707
1483.127
1483.546
1483.966
1484.386
1484.805
1485.225
1485.644
1486.064
1486.484
1486.903
1487.323
1487.742
1488.162
1488.582
1489.001
1489.421
1489.840
1490.260
1490.680
1491.099
1493.197
1493.407
1493.617
1493.827
1494.036
1494.246
1494.456
1494.666
1494.876
1495.085
1495.295
1495.505
1495.715
1495.925
1496.134
1496.344
1496.554
1496.764
1496.974
1497.183
1497.393
1497.603
1497.813
1498.023
1498.232
1498.442
1498.652
1498.862
1499.072
1499.281
1499.491
1499.701
1499.911
1500.121
1500.330
1500.540
1500.750
1500.960
1501.170
1501.379
1501.589
1501.799
1502.009
1502.219
1502.428
1502.638
1502.848
1503.058
1503.268
1503.477
1503.687
1503.897
1504.107
1504.317
1504.526
1504.736
1504.946
1505.156
1505.366
1505.575
1505.785
1505.995
1506.205
1506.415
1506.624
1506.834
1507.044
1507.254
1507.464
1507.673
1507.883
1508.093
1508.303
1508.512
1508.722
1508.932
1509.142
1509.352
1509.561
1509.771
1513.338
1513.757
1514.177
1514.597
1515.016
1515.436
1515.855
1516.275
1516.695
1517.114
1517.534
1517.953
1518.373
1518.793
1519.212
1519.632
1520.051
1520.471
1520.891
1521.310
1521.730
1522.149
1522.569
1522.989
1523.408
1523.828
1524.247
1524.667
1525.087
1525.506
1525.926
1526.345
1526.765
1527.185
1527.604
1528.024
1528.443
1528.863
1529.283
1529.702
1530.122
1530.541
1530.961
1531.381
1531.800
1532.220
1532.639
1533.059
1533.479
1533.898
1534.318
1534.737
1535.157
1535.577
1535.996
1536.416
1536.835
1537.045
1537.255
1537.465
1537.675
1537.884
1538.094
1538.304
1538.514
1538.724
1538.933
1539.143
1539.353
1539.563
1539.773
1539.982
1540.192
1540.402
1540.612
1540.822
1541.031
1541.241
1541.451
1541.661
1541.871
1542.080
1542.290
1542.500
1542.710
1542.920
1543.129
1543.339
1543.549
1543.759
1543.969
1544.178
1544.388
1544.598
1544.808
1545.018
1545.227
1545.437
1545.647
1545.857
1546.067
1546.276
1546.486
1546.696
1546.906
1547.116
1547.325
1547.535
1547.745
1547.955
1548.165
1548.374
1548.584
1548.794
1549.004
1549.214
1549.423
1549.633
1549.843
1598.751
1599.151
1599.551
1599.951
1600.351
1600.751
1601.151
1601.551
1601.951
1602.351
1602.751
1603.151
1603.551
1603.951
1604.351
1604.751
1605.151
1605.551
1605.951
1606.351
1606.751
1607.151
1607.551
1607.951
1608.351
1608.751
1609.151
1609.551
1609.951
1610.351
1610.751
1611.151
1611.551
1611.951
1612.351
1612.751
1613.151
1613.551
1613.951
1614.351
1614.751
1615.151
1615.551
1615.951
1616.351
1616.751
1617.151
1617.551
1617.951
1618.351
1618.751
1619.151
1619.551
1619.951
1620.351
1620.751
1621.151
1621.551
1621.951
1622.351
1622.751
1623.151
1623.551
1623.951
1627.551
1627.951
1628.351
1628.551
1628.751
1629.151
1629.551
1629.951
1630.151
1630.351
1630.751
1631.151
1631.551
1631.751
1631.951
1632.351
1632.751
1633.151
1633.351
1633.551
1633.951
1634.351
1634.751
1634.951
1635.151
1635.551
1635.951
1636.351
1636.551
1636.751
1637.151
1637.551
1637.951
1638.151
1638.351
1638.751
1639.151
1639.551
1639.751
1639.951
1640.351
1640.751
1641.151
1641.351
1641.551
1641.951
1642.351
1642.751
1642.951
1643.151
1643.551
1643.951
1644.351
1644.551
1644.751
1645.151
1645.551
1645.951
1646.151
1646.351
1646.751
1647.151
1647.551
1647.751
1647.951
1648.351
1648.751
1649.151
1649.351
1649.551
1649.951
1650.351
1650.751
1650.951
1651.151
1653.151
1653.551
1653.951
1654.351
1654.751
1655.151
1655.551
1655.951
1656.351
1656.751
1657.151
1657.551
1657.951
1658.351
1658.751
1659.151
1659.551
1659.951
1660.351
1660.751
1661.151
1661.551
1661.951
1662.351
1662.751
1663.151
1663.551
1663.951
1664.351
1664.751
1665.151
1665.551
1665.951
1666.351
1666.751
1667.151
1667.551
1667.951
1668.351
1668.751
1669.151
1669.551
1669.951
1670.351
1670.751
1671.151
1671.551
1671.951
1672.351
1672.751
1673.151
1673.551
1673.951
1674.351
1674.751
1675.151
1678.751
1678.951
1679.151
1679.351
1679.551
1679.751
1679.951
1680.351
1680.551
1680.751
1680.951
1681.151
1681.351
1681.551
1681.951
1682.151
1682.351
1682.551
1682.751
1682.951
1683.151
1683.551
1683.751
1683.951
1684.151
1684.351
1684.551
1684.751
1685.151
1685.351
1685.551
1685.751
1685.951
1686.151
1686.351
1686.751
1686.951
1687.151
1687.351
1687.551
1687.751
1687.951
1688.351
1688.551
1688.751
1688.951
1689.151
1689.351
1689.551
1689.951
1690.151
1690.351
1690.551
1690.751
1690.951
1691.151
1691.551
1691.751
1691.951
1692.151
1692.351
1692.551
1692.751
1693.151
1693.351
1693.551
1693.751
1693.951
1694.151
1694.351
1694.751
1694.951
1695.151
1695.351
1695.551
1695.751
1695.951
1696.351
1696.551
1696.751
1696.951
1697.151
1697.351
1697.551
1697.951
1698.151
1698.351
1698.551
1698.751
1698.951
1699.151
1699.551
1699.751
1699.951
1700.151
1700.351
1700.551
1700.751
1704.351
1705.151
1705.951
1706.751
1707.551
1708.351
1709.151
1709.951
1710.751
1711.551
1712.351
1713.151
1713.951
1714.751
1715.551
1716.351
1717.151
1717.951
1718.751
1719.551
1720.351
1721.151
1721.951
1722.751
1723.551
1724.351
1725.151
1725.951
1726.751
1727.551
1728.351
1729.151
1729.951
1730.351
1730.751
1730.951
1731.151
1731.551
1731.951
1732.351
1732.551
1732.751
1733.151
1733.551
1733.951
1734.151
1734.351
1734.751
1735.151
1735.551
1735.751
1735.951
1736.351
1736.751
1737.151
1737.351
1737.551
1737.951
1738.351
1738.751
1738.951
1739.151
1739.551
1739.951
1740.351
1740.551
1740.751
1741.151
1741.551
1741.951
1742.151
1742.351
1742.751
1743.151
1743.551
1743.751
1743.951
1744.351
1744.751
1745.151
1745.351
1745.551
1745.951
1746.351
1746.751
1746.951
1747.151
1747.551
1747.951
1748.351
1748.551
1748.751
1749.151
1749.551
1749.951
1750.151
1750.351
1750.751
1751.151
1751.551
1751.751
1751.951
1752.351
1752.751
1753.151
1753.351
1753.551
1755.551
1755.951
1756.351
1756.751
1757.151
1757.551
1757.951
1758.351
1758.751
1759.151
1759.551
1759.951
1760.351
1760.751
1761.151
1761.551
1761.951
1762.351
1762.751
1763.151
1763.551
1763.951
1764.351
1764.751
1765.151
1765.551
1765.951
1766.351
1766.751
1767.151
1767.551
1767.951
1768.351
1768.751
1769.151
1769.551
1769.951
1770.351
1770.751
1771.151
1771.551
1771.951
1772.351
1772.751
1773.151
1773.551
1773.951
1774.351
1774.751
1775.151
1775.551
1775.951
1776.351
1776.751
1777.151
1777.551
1777.951
1778.351
1778.751
1781.151
1781.351
1781.551
1781.751
1781.951
1782.151
1782.351
1782.751
1782.951
1783.151
1783.351
1783.551
1783.751
1783.951
1784.351
1784.551
1784.751
1784.951
1785.151
1785.351
1785.551
1785.951
1786.151
1786.351
1786.551
1786.751
1786.951
1787.151
1787.551
1787.751
1787.951
1788.151
1788.351
1788.551
1788.751
1789.151
1789.351
1789.551
1789.751
1789.951
1790.151
1790.351
1790.751
1790.951
1791.151
1791.351
1791.551
1791.751
1791.951
1792.351
1792.551
1792.751
1792.951
1793.151
1793.351
1793.551
1793.951
1794.151
1794.351
1794.551
1794.751
1794.951
1795.151
1795.551
1795.751
1795.951
1796.151
1796.351
1796.551
1796.751
1797.151
1797.351
1797.551
1797.751
1797.951
1798.151
1798.351
1798.751
1798.951
1799.151
1799.351
1799.551
1799.751
1799.951
1800.351
1800.551
1800.751
1800.951
1801.151
1801.351
1801.551
1801.951
1802.151
1802.351
1802.551
1802.751
1802.951
1803.151
1806.751
1806.951
1807.151
1807.351
1807.551
1807.751
1807.951
1808.151
1808.351
1808.551
1808.751
1808.951
1809.151
1809.351
1809.551
1809.751
1809.951
1810.151
1810.351
1810.551
1810.751
1810.951
1811.151
1811.351
1811.551
1811.751
1811.951
1812.151
1812.351
1812.551
1812.751
1812.951
1813.151
1813.351
1813.551
1813.751
1813.951
1814.151
1814.351
1814.551
1814.751
1814.951
1815.151
1815.351
1815.551
1815.751
1815.951
1816.151
1816.351
1816.551
1816.751
1816.951
1817.151
1817.351
1817.551
1817.751
1817.951
1818.151
1818.351
1818.551
1818.751
1818.951
1819.151
1819.351
1819.551
1819.751
1819.951
1820.151
1820.351
1820.551
1820.751
1820.951
1821.151
1821.351
1821.551
1821.751
1821.951
1822.151
1822.351
1822.551
1822.751
1822.951
1823.151
1823.351
1823.551
1823.751
1823.951
1824.151
1824.351
1824.551
1824.751
1824.951
1825.151
1825.351
1825.551
1825.751
1825.951
1826.151
1826.351
1826.551
1826.751
1826.951
1827.151
1827.351
1827.551
1827.751
1827.951
1828.151
1828.351
1828.551
1828.751
1828.951
1829.151
1829.351
1829.551
1829.751
1829.951
1830.151
1830.351
1830.551
1830.751
1830.951
1831.151
1831.351
1831.551
1831.751
1831.951
1832.151
1883.987
1884.431
1884.874
1885.317
1885.760
1886.203
1886.646
1887.090
1887.533
1887.976
1888.419
1888.862
1889.305
1889.749
1890.192
1890.635
1891.078
1891.521
1891.964
1892.408
1892.851
1893.294
1893.737
1894.180
1894.623
1895.067
1895.510
1895.953
1896.396
1896.839
1897.282
1897.726
1898.169
1898.612
1899.055
1899.498
1899.941
1900.384
1900.828
1901.271
1901.714
1902.157
1902.600
1903.043
1903.487
1903.930
1904.373
1904.816
1905.259
1905.702
1906.146
1906.589
1907.032
1907.475
1907.918
1908.361
1908.805
1909.248
1909.691
1910.134
1910.577
1911.020
1911.464
1911.907
1912.350
1912.571
1912.793
1913.236
1913.458
1913.679
1914.123
1914.344
1914.566
1915.009
1915.230
1915.452
1915.895
1916.117
1916.338
1916.782
1917.003
1917.225
1917.668
1917.889
1918.111
1918.554
1918.776
1918.997
1919.440
1919.662
1919.884
1920.327
1920.548
1920.770
1921.213
1921.435
1921.656
1922.099
1922.321
1922.543
1922.986
1923.207
1923.429
1923.872
1924.094
1924.315
1924.758
1924.980
1925.202
1925.645
1925.866
1926.088
1926.531
1926.753
1926.974
1927.196
1927.417
1927.861
1928.304
1928.525
1928.747
1928.968
1929.190
1929.633
1930.076
1930.298
1930.520
1930.741
1930.963
1931.406
1931.849
1932.071
1932.292
1932.514
1932.735
1933.179
1933.622
1933.843
1934.065
1934.286
1934.508
1934.951
1935.394
1935.616
1935.838
1936.059
1936.281
1936.724
1937.167
1937.389
1937.610
1937.832
1938.053
1938.496
1938.940
1939.161
1939.383
1939.604
1939.826
1940.269
1940.712
1940.934
1941.155
1941.599
1941.820
1942.042
1942.485
1942.707
1942.928
1943.371
1943.593
1943.814
1944.258
1944.479
1944.701
1945.144
1945.366
1945.587
1946.030
1946.252
1946.473
1946.917
1947.138
1947.360
1947.803
1948.024
1948.246
1948.689
1948.911
1949.132
1949.576
1949.797
1950.019
1950.462
1950.683
1950.905
1951.348
1951.570
1951.791
1952.235
1952.456
1952.678
1953.121
1953.342
1953.564
1954.007
1954.229
1954.450
1954.894
1955.115
1955.337
1955.780
1956.001
1956.223
1956.666
1956.888
1957.109
1957.552
1957.774
1957.996
1958.439
1958.660
1958.882
1959.325
1959.547
1959.768
1960.211
1960.433
1960.655
1961.098
1961.319
1961.541
1961.984
1962.206
1962.427
1962.870
1963.092
1963.314
1963.757
1963.978
1964.200
1964.643
1964.865
1965.086
1965.529
1965.751
1965.973
1966.416
1966.637
1966.859
1967.302
1967.524
1967.745
1968.188
1968.410
1968.632
1969.075
1969.296
1969.518
1969.739
1969.961
1970.404
1970.847
1971.069
1971.291
1971.512
1971.734
1972.177
1972.620
1972.842
1973.063
1973.285
1973.506
1973.950
1974.393
1974.614
1974.836
1975.057
1975.279
1975.722
1976.165
1976.387
1976.608
1976.830
1977.052
1977.495
1977.938
1978.160
1978.381
1978.603
1978.824
1979.267
1979.711
1979.932
1980.154
1980.375
1980.597
1981.040
1981.483
1981.705
1981.926
1982.148
1982.370
1982.813
1983.256
1983.478
1983.699
1984.142
1984.364
1984.585
1985.029
1985.250
1985.472
1985.915
1986.136
1986.358
1986.801
1987.023
1987.244
1987.688
1987.909
1988.131
1988.574
1988.795
1989.017
1989.460
1989.682
1989.903
1990.347
1990.568
1990.790
1991.233
1991.454
1991.676
1992.119
1992.341
1992.562
1993.006
1993.227
1993.449
1993.892
1994.113
1994.335
1994.778
1995.000
1995.221
1995.664
1995.886
1996.108
1996.551
1996.772
1996.994
1997.437
1997.659
1997.880
1998.323
1998.545
1998.767
1999.210
1999.431
1999.653
2000.096
2000.318
2000.539
2000.982
2001.204
2001.426
2001.869
2002.090
2002.312
2002.755
2002.977
2003.198
2003.641
2003.863
2004.085
2004.528
2004.749
2004.971
2005.414
2005.636
2005.857
2006.300
2006.522
2006.744
2007.187
2007.408
2007.630
2008.073
2008.295
2008.516
2008.959
2009.181
2009.403
2009.846
2010.067
2010.289
2010.732
2010.954
2011.175
2011.618
2012.062
2012.505
2012.948
2013.391
2013.834
2014.277
2014.720
2015.164
2015.607
2016.050
2016.493
2016.936
2017.379
2017.823
2018.266
2018.709
2019.152
2019.595
2020.038
2020.482
2020.925
2021.368
2021.811
2022.254
2022.697
2023.141
2023.584
2024.027
2024.470
2024.913
2025.356
2025.800
2026.686
2027.572
2028.459
2029.345
2030.231
2031.118
2032.004
2032.890
2033.776
2034.663
2035.549
2036.435
2037.322
2038.208
2039.094
2039.981
2040.202
2040.424
2040.867
2041.089
2041.310
2041.753
2041.975
2042.197
2042.640
2042.861
2043.083
2043.526
2043.748
2043.969
2044.412
2044.634
2044.856
2045.299
2045.520
2045.742
2046.185
2046.407
2046.628
2047.071
2047.293
2047.515
2047.958
2048.179
2048.401
2048.844
2049.066
2049.287
2049.730
2049.952
2050.174
2050.617
2050.838
2051.060
2051.503
2051.725
2051.946
2052.389
2052.611
2052.832
2053.276
2053.497
2053.719
2054.162
2054.384
2054.605
2054.827
2055.048
2055.491
2055.935
2056.156
2056.378
2056.599
2056.821
2057.264
2057.707
2057.929
2058.150
2058.372
2058.594
2059.037
2059.480
2059.702
2059.923
2060.145
2060.366
2060.809
2061.253
2061.474
2061.696
2061.917
2062.139
2062.582
2063.025
2063.247
2063.468
2063.690
2063.912
2064.355
2064.798
2065.019
2065.241
2065.463
2065.684
2066.127
2066.571
2066.792
2067.014
2067.235
2067.457
2067.900
2068.343
2068.786
2069.230
2069.673
2070.116
2070.559
2071.002
2071.445
2071.888
2072.332
2072.775
2073.218
2073.661
2074.104
2074.547
2074.991
2075.434
2075.877
2076.320
2076.763
2077.206
2077.650
2078.093
2078.536
2078.979
2079.422
2079.865
2080.309
2080.752
2081.195
2081.638
2082.081
2082.524
2082.746
2082.968
2083.189
2083.411
2083.632
2083.854
2084.075
2084.297
2084.519
2084.740
2084.962
2085.183
2085.405
2085.627
2085.848
2086.070
2086.291
2086.513
2086.734
2086.956
2087.178
2087.399
2087.621
2087.842
2088.064
2088.286
2088.507
2088.729
2088.950
2089.172
2089.393
2089.615
2089.837
2090.058
2090.280
2090.501
2090.723
2090.944
2091.166
2091.388
2091.609
2091.831
2092.052
2092.274
2092.496
2092.717
2092.939
2093.160
2093.382
2093.603
2093.825
2094.047
2094.268
2094.490
2094.711
2094.933
2095.155
2095.376
2095.598
2095.819
2096.041
2096.262
2096.484
2096.706
2096.927
2097.149
2097.370
2097.592
2097.814
2098.035
2098.257
2098.478
2098.700
2098.921
2099.143
2099.365
2099.586
2099.808
2100.029
2100.251
2100.472
2100.694
2100.916
2101.137
2101.359
2101.580
2101.802
2102.024
2102.245
2102.467
2102.688
2102.910
2103.131
2103.353
2103.575
2103.796
2104.018
2104.239
2104.461
2104.683
2104.904
2105.126
2105.347
2105.569
2105.790
2106.012
2106.234
2106.455
2106.677
2106.898
2107.120
2107.342
2107.563
2107.785
2108.006
2108.228
2108.449
2108.671
2108.893
2109.114
2109.336
2109.557
2109.779
2110.000
2110.222
2110.444
2110.665
