90.750
91.688
92.625
93.563
94.500
95.438
96.375
97.313
98.250
99.188
100.125
101.063
102.000
102.938
103.875
104.813
105.750
106.688
107.625
108.563
109.500
110.438
111.375
112.313
113.250
113.719
114.188
114.657
115.126
115.595
116.064
116.533
117.002
117.470
117.939
118.408
118.877
119.346
119.815
120.284
120.753
121.222
121.691
122.160
122.629
123.098
123.567
124.036
124.505
124.973
125.442
125.911
126.380
126.849
127.318
127.787
128.256
128.725
129.194
129.663
130.132
130.601
131.070
131.539
132.008
132.477
132.945
133.414
133.883
134.352
134.821
135.290
135.759
136.228
136.697
137.166
137.635
138.104
138.573
139.042
143.250
143.719
144.188
144.657
144.891
145.126
145.595
146.063
146.532
146.767
147.001
147.470
147.939
148.408
148.642
148.877
149.346
149.815
150.284
150.518
150.753
151.221
151.690
152.159
152.394
152.628
153.097
153.566
154.035
154.269
154.504
154.973
155.442
155.910
156.145
156.379
156.848
157.317
157.786
158.021
158.255
158.724
159.193
159.662
159.896
160.131
160.600
161.068
161.537
161.772
162.006
162.475
162.944
163.413
163.647
163.882
164.351
164.820
165.289
165.523
177.000
177.939
178.879
179.818
180.758
181.697
182.636
183.576
184.515
185.455
186.394
187.333
203.250
203.602
203.953
204.305
204.657
205.126
205.477
205.829
206.181
206.532
207.001
207.353
207.705
208.056
208.408
208.877
209.229
209.581
209.932
210.284
210.753
211.105
211.456
211.808
212.160
212.629
212.980
213.332
213.684
214.035
214.504
214.856
215.208
215.559
215.911
216.380
216.732
217.083
218.250
218.602
218.953
219.305
219.656
220.125
220.477
220.828
221.180
221.531
222.000
222.352
222.703
223.055
223.406
223.875
224.227
224.578
224.930
225.281
225.750
226.102
226.453
226.805
227.156
227.625
227.977
228.328
228.680
229.031
229.500
229.852
230.203
230.555
230.906
231.375
231.727
232.078
232.430
232.781
233.250
233.602
233.953
234.305
234.656
235.125
235.477
235.828
236.180
236.531
237.000
237.352
237.703
238.055
238.406
238.875
239.227
239.578
239.930
240.281
240.750
241.083
241.436
241.788
242.141
242.376
242.611
242.963
243.316
243.668
244.020
244.255
244.490
244.843
245.195
245.548
245.900
246.135
246.370
246.723
247.075
247.428
247.780
248.015
248.250
248.718
249.187
249.655
249.890
250.124
250.592
251.061
251.529
251.764
251.998
252.466
252.935
253.403
253.638
253.872
254.340
254.809
255.277
255.512
255.746
256.214
256.683
257.151
257.385
257.620
258.088
258.557
259.025
259.259
259.494
259.962
260.431
260.899
261.133
261.368
261.836
262.305
262.773
263.007
263.242
263.710
264.179
264.647
264.881
265.116
265.584
266.053
266.521
266.755
266.989
267.458
267.926
268.395
268.629
268.863
269.332
269.800
270.269
270.503
270.737
271.206
271.674
272.143
272.377
272.611
273.080
273.548
274.017
274.251
274.485
274.954
275.422
275.891
276.125
278.250
278.718
279.187
279.655
279.890
280.124
280.592
281.061
281.529
281.764
281.998
282.466
282.935
283.403
283.638
283.872
284.340
284.809
285.277
285.512
285.746
286.214
286.683
287.151
287.386
287.620
288.088
288.557
289.025
289.259
289.494
289.962
290.431
290.899
291.133
291.368
291.836
292.305
292.773
293.007
293.242
293.710
294.179
294.647
294.881
295.116
295.584
296.053
296.521
296.755
296.989
297.458
297.926
298.395
298.629
298.863
299.332
299.800
300.269
300.503
300.737
301.206
301.674
302.143
302.377
302.611
303.080
303.548
304.017
304.251
304.485
304.954
305.422
305.891
306.125
308.250
308.602
308.954
309.305
309.657
310.126
310.478
310.830
311.182
311.533
312.002
312.354
312.706
313.058
313.410
313.879
314.230
314.582
314.934
315.286
315.755
316.107
316.458
316.810
317.162
317.631
317.983
318.335
318.686
319.038
319.507
319.859
320.211
320.562
320.914
321.383
321.735
322.087
322.439
322.790
323.260
323.611
323.963
324.315
324.667
324.901
325.136
325.488
325.840
326.192
326.544
326.779
327.014
327.366
327.718
328.070
328.422
328.656
328.891
329.243
329.595
329.947
330.299
330.534
330.769
331.121
331.473
331.825
332.177
332.412
332.646
332.998
333.350
333.702
334.054
334.289
334.524
334.876
335.228
335.580
335.932
336.167
338.250
338.484
338.719
339.188
339.422
339.657
340.126
340.360
340.595
341.064
341.298
341.533
342.002
342.236
342.470
342.939
343.174
343.408
343.877
344.112
344.346
344.815
345.050
345.284
345.753
345.987
346.222
346.691
346.925
347.160
347.629
347.863
348.098
348.567
348.801
349.036
349.505
349.739
349.973
350.442
350.677
350.911
351.380
351.615
351.849
352.318
352.553
352.787
353.256
353.491
353.725
354.194
354.428
354.663
355.132
355.366
355.601
356.070
356.304
356.539
357.008
357.242
357.477
357.945
358.180
358.414
358.883
359.118
359.352
359.821
360.056
360.290
360.759
360.994
361.228
361.697
361.931
362.166
362.635
362.869
363.104
363.573
363.807
364.042
368.250
368.719
369.188
369.657
369.892
370.126
370.595
371.064
371.534
371.768
372.003
372.472
372.941
373.410
373.644
373.879
374.348
374.817
375.286
375.521
375.755
376.224
376.693
377.162
377.397
377.631
378.101
378.570
379.039
379.273
379.508
379.977
380.446
380.915
381.150
381.384
381.853
382.322
382.791
383.026
383.260
383.729
384.198
384.668
384.902
385.137
385.606
386.075
386.544
386.778
387.013
387.482
387.951
388.420
388.655
388.889
389.358
389.827
390.296
390.531
390.765
391.235
391.704
392.173
392.407
392.642
393.111
393.580
394.049
394.284
394.518
394.987
395.456
395.925
396.160
398.250
398.484
398.719
399.188
399.422
399.656
400.125
400.360
400.594
401.063
401.297
401.532
402.001
402.235
402.469
402.938
403.173
403.407
403.876
404.110
404.345
404.814
405.048
405.282
405.751
405.986
406.220
406.689
406.923
407.158
407.627
407.861
408.095
408.564
408.799
409.033
409.502
409.736
409.971
410.440
410.674
410.908
411.377
411.612
411.846
412.315
412.549
412.784
413.253
413.487
413.721
414.190
414.425
414.659
415.128
415.362
415.597
416.066
416.300
416.534
417.003
417.238
417.472
417.941
418.175
418.410
418.879
419.113
419.347
419.816
420.051
420.285
420.754
420.988
421.223
421.692
421.926
422.160
422.629
422.864
423.098
423.567
423.801
424.036
424.505
424.739
424.973
425.442
425.677
425.911
426.380
426.614
426.849
427.318
427.552
427.786
428.255
428.490
428.724
429.193
429.427
429.662
430.131
430.365
430.599
431.068
431.303
431.537
432.006
432.240
432.475
432.944
433.178
433.412
433.881
434.116
434.350
434.819
435.053
435.288
435.757
435.991
436.225
436.694
436.929
437.163
437.632
437.866
438.101
438.570
438.804
439.038
439.507
439.742
439.976
440.445
440.679
440.914
441.383
441.617
441.851
442.320
442.555
442.789
443.258
443.492
443.727
444.196
444.430
444.664
445.133
445.368
445.602
446.071
446.305
446.540
447.009
447.243
447.477
447.946
448.181
448.415
448.884
449.118
449.353
449.822
450.056
450.290
450.759
450.994
451.228
451.697
451.931
452.166
452.635
452.869
453.103
453.572
453.807
454.041
454.510
454.744
454.979
455.448
455.682
455.916
456.385
456.620
456.854
457.323
457.557
457.792
458.260
458.729
459.198
459.667
460.135
460.604
461.073
461.542
462.010
462.479
462.948
463.417
463.885
464.354
464.823
465.292
465.760
466.229
466.698
467.167
467.635
468.104
468.573
469.042
469.510
469.979
470.448
470.917
471.385
471.854
472.323
472.792
473.260
473.729
474.198
474.667
474.901
475.135
475.604
476.072
476.541
476.775
477.010
477.478
477.947
478.415
478.650
478.884
479.352
479.821
480.290
480.524
480.758
481.227
481.695
482.164
482.398
482.633
483.101
483.570
484.038
484.273
484.507
484.975
485.444
485.913
486.147
486.381
486.850
487.318
487.787
488.021
488.255
488.724
489.193
489.661
489.895
490.130
490.598
491.067
491.536
491.770
492.004
492.473
492.941
493.410
493.644
493.878
494.347
494.816
495.284
495.518
495.753
496.221
496.690
497.158
497.393
497.627
498.096
498.564
499.033
499.267
499.501
499.970
500.439
500.907
501.141
501.376
501.844
502.313
502.781
503.016
503.250
503.716
504.185
504.655
505.124
505.593
506.062
506.531
507.001
507.470
507.939
508.408
508.877
509.346
509.816
510.285
510.754
511.223
511.692
512.161
512.631
513.100
513.569
514.038
514.507
514.977
515.446
515.915
516.384
516.853
517.322
517.792
533.250
533.953
534.422
534.773
535.125
535.828
536.297
536.648
537.000
537.703
538.172
538.523
538.875
539.578
540.047
540.398
540.750
541.453
541.922
542.273
542.625
543.328
543.797
544.148
544.500
545.203
545.672
546.023
546.375
547.078
547.547
547.898
548.250
548.953
549.422
549.773
550.125
550.828
551.297
551.648
552.000
552.703
553.172
553.523
553.875
554.578
555.047
555.398
555.750
556.453
556.922
557.273
557.625
558.328
558.797
559.148
559.500
560.203
560.672
561.023
561.375
562.078
562.547
562.898
563.250
563.953
564.422
564.773
565.125
565.828
566.297
566.648
567.000
567.703
568.172
568.523
568.875
569.578
570.047
570.398
570.750
571.453
571.922
572.273
572.625
573.328
573.797
574.148
574.500
575.203
575.672
576.023
576.375
577.078
577.547
577.898
578.250
578.958
579.193
579.427
579.661
579.896
580.130
580.833
581.067
581.302
581.536
581.770
582.005
582.708
582.942
583.176
583.411
583.645
583.879
584.582
584.817
585.051
585.285
585.519
585.754
586.457
586.691
586.925
587.160
587.394
587.628
588.331
588.566
588.800
589.034
589.269
589.503
590.206
590.440
590.675
590.909
591.143
591.378
592.081
592.315
592.549
592.784
593.018
593.252
593.955
594.190
594.424
594.658
594.893
595.127
595.830
596.064
596.299
596.533
596.767
597.002
597.705
597.939
598.173
598.407
598.642
598.876
599.579
599.813
600.048
600.282
600.516
600.751
601.454
601.688
601.922
602.157
602.391
602.625
603.328
603.563
603.797
604.031
604.266
604.500
608.250
608.484
608.718
609.187
609.421
609.655
610.124
610.358
610.592
611.060
611.295
611.529
611.997
612.231
612.466
612.934
613.168
613.402
613.871
614.105
614.339
614.807
615.042
615.276
615.744
615.978
616.213
616.681
616.915
617.149
617.618
617.852
618.086
618.555
618.789
619.023
619.491
619.726
619.960
620.428
620.662
620.897
621.365
621.599
621.833
623.250
623.485
623.719
623.954
624.188
624.423
624.657
625.127
625.361
625.596
625.830
626.065
626.299
626.534
627.003
627.238
627.472
627.707
627.941
628.176
628.410
628.880
629.114
629.349
629.583
629.818
630.052
630.287
630.756
630.991
631.225
631.460
631.694
631.929
632.164
632.633
632.867
633.102
633.336
633.571
633.806
634.040
634.509
634.744
634.978
635.213
635.448
635.682
635.917
638.250
638.484
638.719
638.953
639.188
639.422
639.657
640.126
640.360
640.595
640.829
641.064
641.298
641.533
642.002
642.236
642.471
642.705
642.940
643.174
643.409
643.878
644.112
644.347
644.581
644.816
645.050
645.285
645.754
645.988
646.223
646.457
646.691
646.926
647.160
647.629
647.864
648.098
648.333
648.567
648.802
649.036
649.505
649.740
649.974
650.209
650.443
650.678
650.912
651.381
651.616
651.850
652.085
653.257
653.492
653.726
653.961
654.195
654.430
654.664
655.133
655.367
655.602
655.836
656.071
656.305
656.540
657.009
657.243
657.478
657.712
657.947
658.181
658.416
658.885
659.119
659.354
659.588
659.823
660.057
660.292
668.250
668.719
669.188
669.656
670.125
670.594
671.063
671.531
672.000
672.469
672.938
673.406
673.875
674.344
674.813
675.281
675.750
676.219
676.688
677.156
677.625
678.094
678.563
679.031
679.500
679.969
680.438
680.906
681.375
681.844
682.313
682.781
683.250
683.719
684.188
684.656
685.125
685.594
686.063
686.531
687.000
687.469
687.938
688.406
688.875
689.344
689.813
690.281
690.750
691.219
691.688
692.156
692.625
693.094
693.563
694.031
694.500
694.969
695.438
695.906
696.375
696.844
697.313
697.781
698.250
698.986
699.484
699.857
700.231
700.854
701.352
701.725
702.099
702.722
703.220
703.593
703.967
704.590
705.088
705.461
705.835
706.457
706.956
707.329
707.703
708.325
708.823
709.197
709.571
710.193
710.691
711.065
711.439
712.061
712.559
712.933
713.307
713.929
714.427
714.801
715.174
715.797
716.295
716.669
717.042
717.665
718.163
718.537
718.910
719.533
720.031
720.405
720.778
721.401
721.899
722.273
722.646
723.269
723.767
724.141
724.514
725.137
725.635
726.008
726.382
727.005
727.503
727.876
728.250
728.719
729.187
729.656
730.125
730.594
731.062
731.531
732.000
732.469
732.937
733.406
733.875
734.344
734.812
735.281
735.750
736.219
736.687
737.156
737.625
738.094
738.562
739.031
739.500
739.969
740.437
740.906
741.375
741.844
742.312
742.781
743.250
743.719
744.187
744.656
745.125
745.594
746.062
746.531
747.000
747.469
747.937
748.406
748.875
749.344
749.812
750.281
750.750
751.219
751.687
752.156
752.625
753.094
753.562
754.031
754.500
754.969
755.437
755.906
756.375
756.844
757.312
757.781
758.250
758.958
759.193
759.427
759.662
759.897
760.131
760.835
761.069
761.304
761.539
761.773
762.008
762.711
762.946
763.181
763.415
763.650
763.884
764.588
764.823
765.057
765.292
765.526
765.761
766.465
766.699
766.934
767.168
767.403
767.637
768.341
768.576
768.810
769.045
769.279
769.514
770.218
770.452
770.687
770.921
771.156
771.390
772.094
772.329
772.563
772.798
773.032
773.267
773.971
774.205
774.440
774.674
774.909
775.144
775.847
776.082
776.316
776.551
776.785
777.020
777.724
777.958
778.193
778.427
778.662
778.897
779.600
779.835
780.069
780.304
780.539
780.773
781.477
781.711
781.946
782.181
782.415
782.650
783.353
783.588
783.823
784.057
784.292
788.250
788.484
788.719
788.953
789.188
789.422
789.657
789.891
790.126
790.360
790.595
790.829
791.064
791.298
791.533
791.767
792.002
792.236
792.471
792.705
792.940
793.174
793.409
793.643
793.878
794.112
794.347
794.581
794.816
795.050
795.284
795.519
795.753
795.988
796.222
796.457
796.691
796.926
797.160
797.395
797.629
797.864
798.098
798.333
798.567
798.802
799.036
799.271
799.505
799.740
799.974
800.209
800.443
800.678
800.912
801.147
801.381
801.616
801.850
802.085
803.257
803.491
803.726
803.960
804.195
804.429
804.664
804.898
805.133
805.367
805.602
805.836
806.071
806.305
806.540
806.774
807.009
807.243
807.478
807.712
807.947
808.181
808.416
808.650
808.885
809.119
809.353
809.588
809.822
810.057
810.291
810.526
810.760
810.995
811.229
811.464
811.698
811.933
812.167
812.402
812.636
812.871
813.105
813.340
813.574
813.809
814.043
814.278
814.512
814.747
814.981
815.216
815.450
815.685
815.919
816.153
818.264
818.498
818.733
818.967
819.202
819.436
819.671
819.905
820.140
820.374
820.609
820.843
821.078
821.312
821.547
821.781
822.016
822.250
822.485
822.719
822.953
823.188
823.422
823.657
823.891
824.126
824.360
824.595
824.829
825.064
825.298
825.533
825.767
826.002
826.236
826.471
826.705
826.940
827.174
827.409
827.643
827.878
828.112
828.347
828.581
828.816
829.050
829.285
829.519
829.754
829.988
830.222
830.457
830.691
830.926
831.160
831.395
831.629
831.864
832.098
833.260
833.498
833.736
833.974
834.209
834.443
834.678
834.912
835.147
835.381
835.616
835.850
836.085
836.319
836.554
836.788
837.022
837.257
837.491
837.726
837.960
838.195
838.429
838.664
838.898
839.133
839.367
839.602
839.836
840.071
840.305
840.540
840.774
841.009
841.243
841.478
841.712
841.947
842.181
842.416
842.650
842.885
843.119
843.354
843.588
843.822
844.057
844.291
848.250
848.484
848.719
849.188
849.422
849.657
850.126
850.360
850.595
851.063
851.298
851.532
852.001
852.236
852.470
852.939
853.174
853.408
853.877
854.111
854.346
854.815
855.049
855.284
855.753
855.987
856.222
856.690
856.925
857.159
857.628
857.863
858.097
858.566
858.801
859.035
859.504
859.738
859.973
860.442
860.676
860.911
861.380
861.614
861.849
862.317
862.552
862.786
863.255
863.490
863.724
864.193
864.428
864.662
865.131
865.365
865.600
866.069
866.303
866.538
867.007
867.241
867.476
867.944
868.179
868.413
868.882
869.117
869.351
869.820
870.055
870.289
870.758
870.992
871.227
871.696
871.930
872.165
872.634
872.868
873.103
873.571
873.806
874.040
874.509
874.744
874.978
875.447
875.682
875.916
876.385
876.619
876.854
877.323
877.557
877.792
878.260
878.729
879.198
879.667
880.135
880.604
881.073
881.542
882.010
882.479
882.948
883.417
883.885
884.354
884.823
885.292
885.760
886.229
886.698
887.167
887.635
888.104
888.573
889.042
889.510
889.979
890.448
890.917
891.385
891.854
892.323
892.792
893.260
893.729
894.198
894.667
895.135
895.604
896.073
896.542
897.010
897.479
897.948
898.417
898.885
899.354
899.823
900.292
900.760
901.229
901.698
902.167
902.635
903.104
903.573
904.042
904.510
904.979
905.448
905.917
906.385
906.854
907.323
907.792
984.625
985.094
985.563
986.032
986.501
986.969
987.438
987.907
988.376
988.845
989.314
989.783
990.252
990.720
991.189
991.658
992.127
992.596
993.065
993.534
994.003
994.471
994.940
995.409
995.878
996.347
996.816
997.285
997.754
998.222
998.691
999.160
999.629
1000.098
1000.567
1001.036
1001.505
1001.973
1002.442
1002.911
1003.380
1003.849
1004.318
1004.787
1005.256
1005.724
1006.193
1006.662
1007.131
1007.600
1008.069
1008.538
1009.007
1009.475
1009.944
1010.413
1010.882
1011.351
1011.820
1012.289
1012.758
1013.227
1013.695
1014.164
1014.633
1015.102
1015.571
1016.042
1016.276
1016.510
1016.978
1017.446
1017.915
1018.149
1018.383
1018.851
1019.319
1019.788
1020.022
1020.256
1020.724
1021.192
1021.661
1021.895
1022.129
1022.597
1023.065
1023.534
1023.768
1024.002
1024.470
1024.938
1025.407
1025.641
1025.875
1026.343
1026.811
1027.280
1027.514
1027.748
1028.216
1028.685
1029.153
1029.387
1029.621
1030.089
1030.558
1031.026
1031.260
1031.494
1031.962
1032.431
1032.899
1033.133
1033.367
1033.835
1034.304
1034.772
1035.006
1035.240
1035.708
1036.177
1036.645
1036.879
1037.113
1037.581
1038.050
1038.518
1038.752
1038.986
1039.454
1039.923
1040.391
1040.625
1044.625
1045.094
1045.563
1046.031
1046.500
1046.969
1047.438
1047.907
1048.376
1048.844
1049.313
1049.782
1050.251
1050.720
1051.189
1051.657
1052.126
1052.595
1053.064
1053.533
1054.002
1054.470
1054.939
1055.408
1055.877
1056.346
1056.815
1057.283
1057.752
1058.221
1059.625
1059.859
1060.094
1060.562
1060.796
1061.031
1061.499
1061.733
1061.968
1062.436
1062.670
1062.905
1063.373
1063.608
1063.842
1064.310
1064.545
1064.779
1065.247
1065.482
1065.716
1066.185
1066.419
1066.653
1067.122
1067.356
1067.590
1068.059
1068.293
1068.527
1068.996
1069.230
1069.464
1069.933
1070.167
1070.401
1070.870
1071.104
1071.338
1071.807
1072.041
1072.276
1072.744
1072.978
1073.213
1073.681
1073.915
1074.150
1074.618
1074.852
1075.087
1075.555
1075.790
1076.024
1076.492
1076.727
1076.961
1077.429
1077.664
1077.898
1078.366
1078.601
1078.835
1079.304
1079.538
1079.772
1080.241
1080.475
1080.709
1081.178
1081.412
1081.646
1082.115
1082.349
1082.583
1082.817
1083.052
1083.286
1083.520
1083.754
1083.988
1084.223
1084.457
1084.691
1084.925
1085.159
1085.394
1085.628
1085.862
1086.096
1086.330
1086.565
1086.799
1087.033
1087.267
1087.501
1087.736
1087.970
1088.204
1088.438
1088.672
1088.907
1089.141
1089.375
1104.625
1104.977
1105.328
1105.680
1106.031
1106.383
1106.734
1107.086
1107.437
1107.789
1108.141
1108.375
1108.727
1109.078
1109.430
1109.781
1110.133
1110.484
1110.836
1111.187
1111.539
1111.891
1112.125
1112.477
1112.828
1113.180
1113.531
1113.883
1114.234
1114.586
1114.937
1115.289
1115.641
1115.875
1116.227
1116.578
1116.930
1117.281
1117.633
1117.984
1118.336
1118.687
1119.039
1119.391
1119.625
1120.094
1120.563
1121.032
1121.502
1121.971
1122.440
1122.909
1123.378
1123.847
1124.316
1124.785
1125.255
1125.724
1126.193
1126.662
1127.131
1127.600
1128.069
1128.539
1129.008
1129.477
1129.946
1130.415
1130.884
1131.353
1131.823
1132.292
1134.625
1134.859
1135.094
1135.563
1135.797
1136.032
1136.501
1136.735
1136.970
1137.439
1137.673
1137.908
1138.377
1138.611
1138.846
1139.315
1139.549
1139.784
1140.253
1140.487
1140.722
1141.191
1141.425
1141.660
1142.129
1142.363
1142.598
1143.066
1143.301
1143.535
1144.004
1144.239
1144.473
1144.942
1145.177
1145.411
1145.880
1146.115
1146.349
1146.818
1147.053
1147.287
1147.756
1147.991
1148.225
1148.694
1148.929
1149.163
1149.632
1149.867
1150.101
1150.570
1150.805
1151.039
1151.508
1151.742
1151.977
1152.446
1152.680
1152.915
1153.384
1153.618
1153.853
1154.322
1154.556
1154.791
1155.260
1155.494
1155.729
1156.198
1156.432
1156.667
1157.125
1157.480
1157.836
1158.191
1158.546
1158.901
1159.257
1159.612
1159.967
1160.322
1160.678
1160.914
1161.270
1161.625
1161.975
1162.325
1162.676
1163.026
1163.376
1163.726
1172.125
1172.479
1172.833
1173.187
1173.541
1173.895
1174.249
1174.603
1174.957
1175.311
1175.665
1175.879
1176.232
1176.585
1176.938
1177.291
1177.645
1177.998
1178.351
1178.704
1179.058
1179.411
1179.645
1179.879
1180.113
1180.347
1180.581
1180.815
1181.049
1181.517
1181.751
1181.985
1182.219
1182.454
1182.688
1182.922
1183.390
1183.624
1183.858
1184.092
1184.326
1184.560
1184.794
1185.262
1185.496
1185.730
1185.964
1186.199
1186.433
1186.667
1187.125
1187.360
1187.594
1187.829
1188.063
1188.298
1188.532
1188.767
1189.001
1189.236
1189.470
1189.705
1189.939
1190.174
1190.408
1190.643
1190.877
1191.112
1191.346
1191.581
1191.815
1192.050
1192.284
1192.519
1192.753
1192.988
1193.222
1193.457
1193.691
1193.926
1194.160
1194.395
1194.629
1194.864
1195.098
1195.333
1195.567
1195.802
1196.036
1196.271
1196.505
1196.740
1196.974
1197.209
1197.443
1197.678
1197.912
1198.147
1198.381
1198.616
1198.850
1199.085
1199.319
1199.554
1199.788
1200.023
1200.257
1200.492
1200.726
1200.961
1201.195
1201.430
1201.664
1201.899
1202.133
1202.368
1202.602
1202.837
1203.071
1203.306
1203.540
1203.775
1204.009
1204.244
1204.478
1204.713
1204.947
1205.182
1205.416
1205.651
1205.885
1206.120
1206.354
1206.589
1206.823
1207.058
1207.292
1207.527
1207.761
1207.996
1208.230
1208.465
1208.699
1208.934
1209.168
1209.403
1209.637
1209.872
1210.106
1210.341
1210.575
1210.810
1211.044
1211.279
1211.513
1211.748
1211.982
1212.217
1212.451
1212.686
1212.920
1213.155
1213.389
1213.624
1213.858
1214.093
1214.327
1214.562
1214.796
1215.031
1215.265
1215.500
1215.734
1215.969
1216.203
1216.438
1216.672
1216.907
1217.141
1217.258
1217.375
1217.492
1217.609
1217.726
1217.843
1217.960
1218.077
1218.194
1218.311
1218.428
1218.545
1218.662
1218.779
1218.896
1219.012
1219.129
1219.246
1219.363
1219.480
1219.597
1219.714
1219.831
1219.948
1220.065
1220.182
1220.299
1220.416
1220.533
1220.650
1220.767
1220.884
1221.001
1221.118
1221.235
1221.352
1221.469
1221.586
1221.702
1221.819
1221.936
1222.053
1222.170
1222.287
1222.404
1222.521
1222.638
1222.755
1222.872
1222.989
1223.106
1223.223
1223.340
1223.457
1223.574
1223.691
1223.808
1223.925
1224.042
1224.625
1224.860
1225.094
1225.563
1225.798
1226.032
1226.502
1226.736
1226.971
1227.440
1227.674
1227.909
1228.378
1228.613
1228.847
1229.316
1229.551
1229.785
1230.255
1230.489
1230.724
1231.193
1231.427
1231.662
1232.131
1232.366
1232.600
1233.069
1233.304
1233.539
1234.008
1234.242
1234.477
1234.946
1235.181
1235.415
1235.884
1236.119
1236.353
1236.823
1237.057
1237.292
1239.625
1239.860
1240.094
1240.329
1240.563
1240.798
1241.032
1241.501
1241.736
1241.970
1242.205
1242.440
1242.674
1242.909
1243.378
1243.612
1243.847
1244.081
1244.316
1244.550
1244.785
1245.254
1245.489
1245.723
1245.958
1246.192
1246.427
1246.661
1247.130
1247.365
1247.599
1247.834
1248.069
1248.303
1248.538
1249.007
1249.241
1249.476
1249.710
1249.945
1250.179
1250.414
1250.883
1251.118
1251.352
1251.587
1251.821
1252.056
1252.290
1252.759
1252.994
1253.228
1253.463
1253.698
1253.932
1254.167
1254.625
1254.859
1255.094
1255.328
1255.562
1255.797
1256.031
1256.266
1256.500
1256.734
1256.969
1257.203
1257.437
1257.672
1257.906
1258.141
1258.375
1258.609
1258.844
1259.078
1259.312
1259.547
1259.781
1260.016
1260.250
1260.484
1260.719
1260.953
1261.187
1261.422
1261.656
1261.891
1262.125
1262.359
1262.594
1262.828
1263.062
1263.297
1263.531
1263.766
1264.000
1264.234
1264.469
1264.703
1264.937
1265.172
1265.406
1265.641
1265.875
1266.109
1266.344
1266.578
1266.812
1267.047
1267.281
1267.516
1267.750
1267.984
1268.219
1268.453
1268.687
1268.922
1269.156
1269.391
1269.625
1269.859
1269.977
1270.094
1270.328
1270.562
1270.797
1271.031
1271.266
1271.500
1271.734
1271.852
1271.969
1272.203
1272.437
1272.672
1272.906
1273.141
1273.375
1273.609
1273.727
1273.844
1274.078
1274.312
1274.547
1274.781
1275.016
1275.250
1275.484
1275.602
1275.719
1275.953
1276.187
1276.422
1276.656
1276.891
1277.125
1277.477
1277.829
1278.181
1278.533
1278.885
1279.237
1279.589
1279.941
1280.293
1280.645
1280.875
1281.228
1281.580
1281.933
1282.285
1282.638
1282.990
1283.343
1283.695
1284.048
1284.400
1288.375
1288.844
1289.313
1289.782
1290.251
1290.720
1291.188
1291.657
1292.126
1292.595
1293.064
1293.533
1294.002
1294.471
1294.940
1295.409
1295.878
1296.347
1296.815
1297.284
1297.753
1298.222
1298.691
1299.160
1299.629
1300.098
1300.567
1301.036
1301.505
1301.974
1302.442
1302.911
1303.380
1303.849
1304.318
1304.787
1305.256
1305.725
1306.194
1306.663
1307.132
1307.601
1308.069
1308.538
1309.007
1309.476
1309.945
1310.414
1310.883
1311.352
1311.821
1312.290
1312.759
1313.228
1313.696
1314.165
1314.634
1315.103
1315.572
1316.041
1316.510
1316.979
1317.448
1317.917
1333.375
1334.314
1335.252
1336.191
1337.129
1338.068
1339.006
1339.945
1340.883
1341.822
1342.760
1343.699
1344.637
1345.576
1346.514
1347.453
1348.391
1348.625
1348.860
1349.328
1349.563
1349.797
1350.266
1350.500
1350.734
1351.203
1351.437
1351.672
1352.140
1352.375
1352.609
1353.078
1353.312
1353.546
1354.015
1354.249
1354.484
1354.952
1355.187
1355.421
1355.890
1356.124
1356.358
1356.827
1357.061
1357.296
1357.764
1357.999
1358.233
1358.702
1358.936
1359.170
1359.639
1359.873
1360.107
1360.576
1360.810
1361.045
1361.513
1361.748
1361.982
1362.451
1362.685
1362.919
1363.388
1363.622
1363.857
1364.325
1364.560
1364.794
1365.263
1365.497
1365.731
1366.200
1366.434
1366.669
1367.137
1367.372
1367.606
1368.075
1368.309
1368.543
1369.012
1369.246
1369.481
1369.949
1370.184
1370.418
1370.886
1371.121
1371.355
1371.824
1372.058
1372.292
1372.761
1372.995
1373.230
1373.698
1373.933
1374.167
1374.636
1374.870
1375.104
1375.573
1375.807
1376.042
1378.375
1378.609
1378.844
1379.078
1379.313
1379.547
1379.782
1380.251
1380.485
1380.720
1380.954
1381.189
1381.423
1381.658
1382.127
1382.361
1382.596
1382.830
1383.065
1383.299
1383.534
1384.003
1384.237
1384.472
1384.706
1384.941
1385.175
1385.410
1385.879
1386.113
1386.348
1386.582
1386.816
1387.051
1387.285
1387.754
1387.989
1388.223
1388.458
1388.692
1388.927
1389.161
1389.630
1389.865
1390.099
1390.334
1390.568
1390.803
1391.037
1391.506
1391.741
1391.975
1392.210
1392.444
1392.679
1392.913
1393.382
1393.617
1393.851
1394.086
1394.320
1394.555
1394.789
1395.258
1395.492
1395.727
1395.961
1396.196
1396.430
1396.665
1397.134
1397.368
1397.603
1397.837
1398.072
1398.306
1398.541
1399.010
1399.244
1399.479
1399.713
1399.948
1400.182
1400.417
1400.875
1401.227
1401.579
1401.931
1402.283
1402.753
1403.105
1403.457
1403.809
1404.161
1404.631
1404.983
1405.335
1405.687
1406.039
1406.508
1406.860
1407.212
1407.565
1407.917
1453.375
1453.732
1454.089
1454.446
1454.803
1457.123
1457.480
1457.837
1458.194
1458.551
1460.872
1461.229
1461.586
1461.943
1462.300
1464.620
1464.977
1465.334
1465.691
1466.048
1468.369
1468.726
1469.083
1469.439
1469.796
1472.117
1472.474
1472.831
1473.188
1473.545
1475.865
1476.222
1476.579
1476.936
1477.293
1479.614
1479.971
1480.328
1480.685
1481.042
1485.250
1485.603
1485.956
1486.309
1486.662
1487.133
1487.486
1487.839
1488.192
1488.545
1489.016
1489.369
1489.722
1490.075
1490.428
1490.899
1491.250
1491.602
1491.953
1492.187
1492.304
1492.772
1493.124
1493.475
1493.826
1494.060
1494.177
1494.646
1494.997
1495.348
1495.699
1495.933
1496.050
1496.519
1496.870
1497.221
1497.572
1497.807
1497.924
1498.392
1498.743
1499.094
1499.446
1499.680
1499.797
1500.265
1500.616
1500.968
1501.319
1501.553
1501.670
1502.138
1502.490
1502.841
1503.192
1503.426
1503.543
1504.012
1504.363
1504.714
1505.065
1505.300
1505.417
1505.875
1506.227
1506.579
1506.931
1507.283
1507.753
1508.105
1508.457
1508.809
1509.161
1509.631
1509.983
1510.335
1510.687
1511.039
1511.508
1511.860
1512.212
1512.565
1512.917
1517.125
1517.359
1517.594
1517.828
1518.063
1518.297
1518.531
1518.766
1519.000
1519.235
1519.469
1519.704
1519.938
1520.172
1520.407
1520.641
1520.876
1521.110
1521.344
1521.579
1521.813
1522.048
1522.282
1522.516
1522.751
1522.985
1523.220
1523.454
1523.689
1523.923
1524.157
1524.392
1524.626
1524.861
1525.095
1525.329
1525.564
1525.798
1526.033
1526.267
1526.501
1526.736
1526.970
1527.205
1527.439
1527.673
1527.908
1528.142
1528.377
1528.611
1528.846
1529.080
1529.314
1529.549
1529.783
1530.018
1530.252
1530.486
1530.721
1530.955
1531.190
1531.424
1531.658
1531.893
1532.127
1532.362
1532.596
1532.831
1533.065
1533.299
1533.534
1533.768
1534.003
1534.237
1534.471
1534.706
1534.940
1535.175
1535.409
1535.643
1535.878
1536.112
1536.347
1536.581
1536.816
1537.050
1537.284
1537.519
1537.753
1537.988
1538.222
1538.456
1538.691
1538.925
1539.160
1539.394
1539.628
1539.863
1540.097
1540.332
1540.566
1540.800
1541.035
1541.269
1541.504
1541.738
1541.973
1542.207
1542.441
1542.676
1542.910
1543.145
1543.379
1543.613
1543.848
1544.082
1544.317
1544.551
1544.785
1545.020
1547.125
1547.360
1547.477
1547.594
1547.829
1548.063
1548.298
1548.533
1548.767
1549.002
1549.237
1549.354
1549.471
1549.706
1549.940
1550.175
1550.410
1550.644
1550.879
1551.114
1551.231
1551.348
1551.583
1551.817
1552.052
1552.287
1552.521
1552.756
1552.990
1553.108
1553.225
1553.460
1553.694
1553.929
1554.164
1554.398
1554.633
1554.867
1554.985
1555.102
1555.337
1555.571
1555.806
1556.040
1556.275
1556.510
1556.744
1556.862
1556.979
1557.214
1557.448
1557.683
1557.917
1558.152
1558.387
1558.621
1558.739
1558.856
1559.091
1559.325
1559.560
1559.794
1560.029
1560.264
1560.498
1560.616
1560.733
1560.967
1561.202
1561.437
1561.671
1561.906
1562.141
1562.375
1562.492
1562.610
1562.844
1563.079
1563.314
1563.548
1563.783
1564.017
1564.252
1564.369
1564.487
1564.721
1564.956
1565.191
1565.425
1565.660
1565.894
1566.129
1566.246
1566.364
1566.598
1566.833
1567.068
1567.302
1567.537
1567.771
1568.006
1568.123
1568.241
1568.475
1568.710
1568.944
1569.179
1569.414
1569.648
1569.999
1570.350
1570.701
1571.052
1571.520
1571.871
1572.222
1572.573
1572.924
1573.391
1573.742
1574.093
1574.444
1574.795
1575.263
1575.614
1575.965
1576.316
1576.667
1577.125
1577.359
1577.594
1577.828
1578.063
1578.297
1578.532
1579.001
1579.235
1579.470
1579.704
1579.939
1580.173
1580.408
1580.877
1581.111
1581.346
1581.580
1581.815
1582.049
1582.284
1582.753
1582.987
1583.222
1583.456
1583.691
1583.925
1584.160
1584.629
1584.863
1585.098
1585.332
1585.566
1585.801
1586.035
1586.504
1586.739
1586.973
1587.208
1587.442
1587.677
1587.911
1588.380
1588.615
1588.849
1589.084
1589.318
1589.553
1589.787
1590.256
1590.491
1590.725
1590.960
1591.194
1591.429
1591.663
1592.132
1592.367
1592.601
1592.836
1593.070
1593.305
1593.539
1594.008
1594.242
1594.477
1594.711
1594.946
1595.180
1595.415
1595.884
1596.118
1596.353
1596.587
1596.822
1597.056
1597.291
1597.760
1597.994
1598.229
1598.463
1598.698
1598.932
1599.167
1599.625
1599.859
1600.094
1600.563
1600.797
1601.032
1601.501
1601.735
1601.970
1602.439
1602.673
1602.908
1603.377
1603.611
1603.846
1604.315
1604.549
1604.784
1605.253
1605.487
1605.722
1606.191
1606.425
1606.660
1607.129
1607.363
1607.598
1608.066
1608.301
1608.535
1609.004
1609.239
1609.473
1609.942
1610.177
1610.411
1610.880
1611.115
1611.349
1611.818
1612.053
1612.287
1612.756
1612.991
1613.225
1613.694
1613.929
1614.163
1614.632
1614.867
1615.101
1615.570
1615.805
1616.039
1616.508
1616.742
1616.977
1617.446
1617.680
1617.915
1618.384
1618.618
1618.853
1619.322
1619.556
1619.791
1620.260
1620.494
1620.729
1621.198
1621.432
1621.667
1622.123
1622.591
1623.060
1623.529
1623.998
1624.467
1624.936
1625.404
1625.873
1626.342
1626.811
1627.280
1627.749
1628.217
1628.686
1629.155
1629.624
1630.093
1630.562
1631.030
1631.499
1631.968
1632.437
1632.906
1633.375
1633.843
1634.312
1634.781
1635.250
1635.719
1636.188
1636.656
1744.458
1744.927
1745.396
1745.864
1746.333
1746.801
1747.270
1747.739
1748.207
1748.676
1749.144
1749.613
1750.082
1750.550
1751.019
1751.487
1751.956
1752.425
1752.893
1753.362
1753.830
1754.299
1754.768
1755.236
1755.705
1756.173
1756.642
1757.111
1757.579
1758.048
1758.516
1758.985
1759.454
1759.922
1760.391
1760.859
1761.328
1761.796
1762.265
1762.734
1763.202
1763.671
1764.139
1764.608
1765.077
1765.545
1766.014
1766.482
1766.951
1767.420
1767.888
1768.357
1768.825
1769.294
1769.763
1770.231
1770.700
1771.168
1771.637
1772.106
1772.574
1773.043
1773.511
1773.980
1774.449
1774.917
1775.386
1775.854
1776.323
1776.792
1777.292
1777.526
1777.760
1778.229
1778.697
1779.166
1779.635
1780.103
1780.572
1781.040
1781.274
1781.509
1781.977
1782.446
1782.914
1783.383
1783.852
1784.320
1784.789
1785.023
1785.257
1785.726
1786.194
1786.663
1787.132
1787.600
1788.069
1788.537
1788.772
1789.006
1789.474
1789.943
1790.412
1790.880
1791.349
1791.817
1792.286
1792.520
1792.754
1793.223
1793.692
1794.160
1794.629
1795.097
1795.566
1796.034
1796.269
1796.503
1796.971
1797.440
1797.909
1798.377
1798.846
1799.314
1799.783
1800.017
1800.251
1800.720
1801.189
1801.657
1802.126
1802.594
1803.063
1803.531
1803.766
1804.000
1804.458
1804.693
1804.927
1805.396
1805.865
1806.334
1806.568
1806.803
1807.272
1807.741
1808.210
1808.444
1808.679
1809.147
1809.616
1810.085
1810.320
1810.554
1811.023
1811.492
1811.961
1812.195
1812.430
1812.899
1813.368
1813.837
1814.071
1814.306
1814.774
1815.243
1815.712
1815.947
1816.181
1816.650
1817.119
1817.588
1817.822
1818.057
1818.526
1818.995
1819.464
1819.698
1819.933
1820.401
1820.870
1821.339
1821.574
1821.808
1822.277
1822.746
1823.215
1823.449
1823.684
1824.153
1824.622
1825.091
1825.325
1825.560
1826.028
1826.497
1826.966
1827.201
1827.435
1827.904
1828.373
1828.842
1829.076
1829.311
1829.780
1830.249
1830.718
1830.952
1831.186
1831.655
1832.124
1832.593
1832.828
1833.062
1833.531
1834.000
1834.458
1834.692
1834.926
1835.043
1835.160
1835.394
1835.628
1835.862
1836.095
1836.329
1836.563
1836.797
1836.914
1837.031
1837.265
1837.499
1837.733
1837.966
1838.200
1838.434
1838.668
1838.785
1838.902
1839.136
1839.370
1839.603
1839.837
1840.071
1840.305
1840.539
1840.656
1840.773
1841.007
1841.241
1841.474
1841.708
1864.458
1864.927
1865.162
1865.396
1865.631
1865.865
1866.334
1866.803
1867.037
1867.272
1867.506
1867.741
1868.210
1868.679
1868.913
1869.148
1869.382
1869.617
1870.085
1870.554
1870.789
1871.023
1871.258
1871.492
1871.961
1872.430
1872.665
1872.899
1873.133
1873.368
1873.837
1874.306
1874.540
1874.775
1875.009
1875.244
1875.713
1876.181
1876.416
1876.650
1876.885
1877.119
1877.588
1878.057
1878.292
1878.526
1878.761
1878.995
1879.464
1879.933
1880.167
1880.402
1880.636
1880.871
1881.340
1881.809
1882.043
1882.278
1882.512
1882.746
1883.215
1883.684
1883.919
1884.153
1884.388
1884.622
1885.091
1885.560
1885.794
1886.029
1886.263
1886.498
1886.967
1887.436
1887.670
1887.905
1888.139
1888.374
1888.843
1889.311
1889.546
1889.780
1890.015
1890.249
1890.718
1891.187
1891.422
1891.656
1891.891
1892.125
1894.458
1894.693
1894.927
1895.162
1895.397
1895.631
1895.866
1896.100
1896.335
1896.570
1896.804
1897.039
1897.273
1897.508
1897.742
1897.977
1898.212
1898.446
1898.681
1898.915
1899.150
1899.385
1899.619
1899.854
1900.088
1900.323
1900.557
1900.792
1901.027
1901.261
1901.496
1901.730
1901.965
1902.199
1902.434
1902.669
1902.903
1903.138
1903.372
1903.607
1903.842
1904.076
1904.311
1904.545
1904.780
1905.014
1905.249
1905.484
1905.718
1905.953
1906.187
1906.422
1906.656
1906.891
1907.126
1907.360
1907.595
1907.829
1908.064
1908.299
1908.533
1908.768
1909.002
1909.237
1909.471
1909.706
1909.941
1910.175
1910.410
1910.644
1910.879
1911.114
1911.348
1911.583
1911.817
1912.052
1912.286
1912.521
1912.756
1912.990
1913.225
1913.459
1913.694
1913.928
1914.163
1914.398
1914.632
1914.867
1915.101
1915.336
1915.571
1915.805
1916.040
1916.274
1916.509
1916.743
1916.978
1917.213
1917.447
1917.682
1917.916
1918.151
1918.385
1918.620
1918.855
1919.089
1919.324
1919.558
1919.793
1920.028
1920.262
1920.497
1920.731
1920.966
1921.200
1921.435
1921.670
1921.904
1922.139
1922.373
1922.608
1922.843
1923.077
1923.312
1923.546
1923.781
1924.015
1924.250
1952.583
1952.818
1953.052
1953.170
1953.287
1953.521
1953.756
1953.990
1954.225
1954.459
1954.694
1954.928
1955.045
1955.163
1955.397
1955.632
1955.866
1956.101
1956.335
1956.570
1956.804
1956.921
1957.039
1957.273
1957.508
1957.742
1957.977
1958.211
1958.446
1958.680
1958.797
1958.915
1959.149
1959.384
1959.618
1959.853
1960.087
1960.322
1960.556
1960.673
1960.790
1961.025
1961.259
1961.494
1961.728
1961.963
1962.197
1962.432
1962.549
1962.666
1962.901
1963.135
1963.370
1963.604
1963.839
1964.073
1964.308
1964.425
1964.542
1964.777
1965.011
1965.246
1965.480
1965.715
1965.949
1966.184
1966.301
1966.418
1966.653
1966.887
1967.122
1967.356
1967.591
1967.825
1968.060
1968.177
1968.294
1968.529
1968.763
1968.998
1969.232
1969.467
1969.701
1969.936
1970.053
1970.170
1970.405
1970.639
1970.874
1971.108
1971.343
1971.577
1971.812
1971.929
1972.046
1972.280
1972.515
1972.749
1972.984
1973.218
1973.453
1973.687
1973.805
1973.922
1974.156
1974.391
1974.625
1974.860
1975.094
1975.329
1975.563
1975.681
1975.798
1976.032
1976.267
1976.501
1976.736
1976.970
1977.205
1977.439
1977.557
1977.674
1977.908
1978.143
1978.377
1978.612
1978.846
1979.081
1979.315
1979.432
1979.550
1979.784
1980.019
1980.253
1980.488
1980.722
1980.957
1981.191
1981.308
1981.426
1981.660
1981.895
1982.129
1982.364
1982.598
1982.833
1983.067
1983.184
1983.302
1983.536
1983.771
1984.005
1984.239
1984.474
1984.708
1984.943
1985.060
1985.177
1985.412
1985.646
1985.881
1986.115
1986.350
1986.584
1986.819
1986.936
1987.053
1987.288
1987.522
1987.757
1987.991
1988.226
1988.460
1988.695
1988.812
1988.929
1989.164
1989.398
1989.633
1989.867
1990.102
1990.336
1990.571
1990.688
1990.805
1991.040
1991.274
1991.509
1991.743
1991.978
1992.212
1992.447
1992.564
1992.681
1992.916
1993.150
1993.385
1993.619
1993.854
1994.088
1994.323
1994.440
1994.557
1994.792
1995.026
1995.261
1995.495
1995.729
1995.964
1996.198
1996.316
1996.433
1996.667
1996.902
1997.136
1997.371
1997.605
1997.840
1998.074
1998.192
1998.309
1998.543
1998.778
1999.012
1999.247
1999.481
1999.716
1999.950
2000.068
2000.185
2000.419
2000.654
2000.888
2001.123
2001.357
2001.592
2001.826
2001.943
2002.061
2002.295
2002.530
2002.764
2002.999
2003.233
2003.468
2003.702
2003.819
2003.937
2004.171
2004.406
2004.640
2004.875
2014.458
2014.693
2014.927
2015.162
2015.396
2015.631
2015.865
2016.100
2016.334
2016.569
2016.803
2017.038
2017.272
2017.507
2017.741
2017.976
2018.210
2018.445
2018.679
2018.914
2019.148
2019.383
2019.617
2019.852
2020.086
2020.321
2020.555
2020.790
2021.024
2021.259
2021.493
2021.728
2021.962
2022.197
2022.431
2022.666
2022.900
2023.135
2023.369
2023.604
2023.838
2024.073
2024.307
2024.542
2024.776
2025.011
2025.245
2025.480
2025.714
2025.949
2026.183
2026.418
2026.652
2026.887
2027.121
2027.356
2027.590
2027.825
2028.059
2028.294
2028.528
2028.763
2028.997
2029.232
2029.466
2029.701
2029.935
2030.170
2030.404
2030.639
2030.873
2031.108
2031.342
2031.577
2031.811
2032.046
2032.280
2032.515
2032.749
2032.984
2033.218
2033.453
2033.687
2033.922
2034.156
2034.391
2034.625
2034.859
2035.094
2035.328
2035.563
2035.797
2036.032
2036.266
2036.501
2036.735
2036.970
2037.204
2037.439
2037.673
2037.908
2038.142
2038.377
2038.611
2038.846
2039.080
2039.315
2039.549
2039.784
2040.018
2040.253
2040.487
2040.722
2040.956
2041.191
2041.425
2041.660
2041.894
2042.129
2042.363
2042.598
2042.832
2043.067
2043.301
2043.536
2043.770
2044.005
2044.239
2044.474
2044.708
2044.932
2045.049
2045.166
2045.401
2045.635
2045.870
2046.104
2046.339
2046.573
2046.808
2046.925
2047.042
2047.277
2047.511
2047.745
2047.980
2048.214
2048.449
2048.683
2048.801
2048.918
2049.152
2049.387
2049.621
2049.856
2050.090
2050.324
2050.559
2050.676
2050.793
2051.028
2051.262
2051.497
2051.731
2051.966
2052.200
2052.435
2052.552
2052.669
2052.904
2053.138
2053.372
2053.607
2053.841
2054.076
2054.310
2054.427
2054.545
2054.779
2055.014
2055.248
2055.483
2055.717
2055.951
2056.186
2056.303
2056.420
2056.655
2056.889
2057.124
2057.358
2057.593
2057.827
2058.062
2058.179
2058.296
2058.530
2058.765
2058.999
2059.234
2059.468
2059.703
2059.937
2060.172
2060.406
2060.641
2060.875
2061.333
2061.568
2061.802
2062.037
2062.271
2062.506
2062.740
2063.209
2063.444
2063.678
2063.912
2064.147
2064.381
2064.616
2065.085
2065.319
2065.554
2065.788
2066.023
2066.257
2066.492
2066.960
2067.195
2067.429
2067.664
2067.898
2068.133
2068.367
2068.836
2069.071
2069.305
2069.540
2069.774
2070.008
2070.243
2070.712
2070.946
2071.181
2071.415
2071.650
2071.884
2072.119
2072.588
2072.822
2073.056
2073.291
2073.525
2073.760
2073.994
2074.463
2074.698
2074.932
2075.167
2075.401
2075.636
2075.870
2076.339
2076.573
2076.808
2077.042
2077.277
2077.511
2077.746
2078.215
2078.449
2078.684
2078.918
2079.153
2079.387
2079.621
2080.090
2080.325
2080.559
2080.794
2081.028
2081.263
2081.497
2081.966
2082.201
2082.435
2082.669
2082.904
2083.138
2083.373
2083.842
2084.076
2084.311
2084.545
2084.780
2085.014
2085.249
2085.718
2085.952
2086.186
2086.421
2086.655
2086.890
2087.124
2087.593
2087.828
2088.062
2088.297
2088.531
2088.766
2089.000
2089.458
2089.927
2090.396
2090.865
2091.333
2091.802
2092.271
2092.740
2093.208
2093.677
2094.146
2094.615
2095.083
2095.552
2096.021
2096.490
2096.958
2097.427
2097.896
2098.365
2098.833
2099.302
2099.771
2100.240
2100.708
2101.177
2101.646
2102.115
2102.583
2103.052
2103.521
2103.990
2104.458
2104.927
2105.396
2105.865
2106.333
2106.802
2107.271
2107.740
2108.208
2108.677
2109.146
2109.615
2110.083
2110.552
2111.021
2111.490
2111.958
2112.427
2112.896
2113.365
2113.833
2114.302
2114.771
2115.240
2115.708
2116.177
2116.646
2117.115
2117.583
2118.052
2118.521
2118.990
2119.458
2119.693
2119.927
2120.396
2120.630
2120.865
2121.334
2121.568
2121.802
2122.271
2122.506
2122.740
2123.209
2123.443
2123.677
2124.146
2124.381
2124.615
2125.084
2125.318
2125.553
2126.021
2126.256
2126.490
2126.959
2127.193
2127.428
2127.897
2128.131
2128.365
2128.834
2129.069
2129.303
2129.772
2130.006
2130.241
2130.709
2130.944
2131.178
2131.647
2131.881
2132.116
2132.585
2132.819
2133.053
2134.473
2134.708
2134.942
2135.410
2135.645
2135.879
2136.347
2136.582
2136.816
2137.284
2137.519
2137.753
2138.222
2138.456
2138.690
2139.159
2139.393
2139.627
2140.096
2140.330
2140.564
2141.033
2141.267
2141.501
2141.970
2142.204
2142.438
2142.907
2143.141
2143.375
2143.844
2144.078
2144.312
2144.781
2145.015
2145.249
2145.718
2145.952
2146.186
2146.655
2146.889
2147.123
2147.592
2147.826
2148.060
2148.529
2148.763
2148.997
2149.466
2149.700
2149.934
2150.403
2150.637
2150.871
2151.340
2151.574
2151.808
2152.277
2152.511
2152.745
2153.324
2153.559
2153.910
2154.145
2154.497
2154.731
2154.966
2155.200
2155.435
2155.787
2156.021
2156.373
2156.607
2156.842
2157.077
2157.311
2157.663
2157.897
2158.249
2158.484
2158.718
2158.953
2159.187
2159.539
2159.774
2160.125
2160.360
2160.595
2160.829
2161.064
2161.415
2161.650
2162.002
2162.236
2162.471
2162.705
2162.940
2163.292
2164.458
2164.576
2164.693
2164.810
2164.927
2165.044
2165.162
2165.279
2165.396
2165.513
2165.630
2165.748
2165.865
2165.982
2166.099
2166.216
2166.334
2166.451
2166.568
2166.685
2166.802
2166.920
2167.037
2167.154
2167.271
2167.388
2167.506
2167.623
2167.740
2167.857
2167.974
2168.092
2168.209
2168.326
2168.443
2168.561
2168.678
2168.795
2168.912
2169.029
2169.147
2169.264
2169.381
2169.498
2169.615
2169.733
2169.850
2169.967
2170.084
2170.201
2170.319
2170.436
2170.553
2170.670
2170.787
2170.905
2171.022
2171.139
2171.256
2171.373
2171.491
2171.608
2171.725
2171.842
2171.959
2172.077
2172.194
2172.311
2172.428
2172.545
2172.663
2172.780
2172.897
2173.014
2173.132
2173.249
2173.366
2173.483
2173.600
2173.718
2173.835
2173.952
2174.069
2174.186
2174.304
2174.421
2174.538
2174.655
2174.772
2174.890
2175.007
2175.124
2175.241
2175.358
2175.476
2175.593
2175.710
2175.827
2175.944
2176.062
2176.179
2176.296
2176.413
2176.530
2176.648
2176.765
2176.882
2176.999
2177.117
2177.234
2177.351
2177.468
2177.585
2177.703
2177.820
2177.937
2178.054
2178.171
2178.289
2178.406
2178.523
2178.640
2178.757
2178.875
2179.458
2179.693
2179.927
2180.397
2180.631
2180.866
2181.335
2181.569
2181.804
2182.273
2182.507
2182.742
2183.211
2183.446
2183.680
2184.149
2184.384
2184.618
2185.087
2185.322
2185.556
2186.026
2186.260
2186.495
2186.964
2187.198
2187.433
2187.902
2188.136
2188.371
2188.840
2189.075
2189.309
2189.778
2190.013
2190.247
2190.716
2190.951
2191.185
2191.655
2191.889
2192.124
2192.593
2192.827
2193.062
2193.531
2193.765
2194.000
2194.583
2194.818
2195.170
2195.404
2195.756
2195.991
2196.225
2196.460
2196.695
2197.047
2197.281
2197.633
2197.868
2198.102
2198.337
2198.571
2198.923
2199.158
2199.510
2199.744
2199.979
2200.214
2200.448
2200.800
2201.035
2201.387
2201.621
2201.856
2202.090
2202.325
2202.677
2202.911
2203.263
2203.498
2203.732
2203.967
2204.202
2204.554
2204.788
2205.140
2205.375
2205.609
2205.844
2206.078
2206.430
2206.665
2207.017
2207.251
2207.486
2207.721
2207.955
2208.307
2208.542
2209.458
2209.693
2209.927
2210.162
2210.397
2210.631
2210.866
2211.100
2211.335
2211.570
2211.804
2212.039
2212.273
2212.508
2212.742
2212.977
2213.212
2213.446
2213.681
2213.915
2214.150
2214.385
2214.619
2214.854
2215.088
2215.323
2215.557
2215.792
2216.027
2216.261
2216.496
2216.730
2216.965
2217.199
2217.434
2217.669
2217.903
2218.138
2218.372
2218.607
2218.842
2219.076
2219.311
2219.545
2219.780
2220.014
2220.249
2220.484
2220.718
2220.953
2221.187
2221.422
2221.656
2221.891
2222.126
2222.360
2222.595
2222.829
2223.064
2223.299
2223.533
2223.768
2224.002
2224.237
2224.471
2224.706
2224.941
2225.175
2225.410
2225.644
2225.879
2226.113
2226.348
2226.583
2226.817
2227.052
2227.286
2227.521
2227.756
2227.990
2228.225
2228.459
2228.694
2228.928
2229.163
2229.398
2229.632
2229.867
2230.101
2230.336
2230.571
2230.805
2231.040
2231.274
2231.509
2231.743
2231.978
2232.213
2232.447
2232.682
2232.916
2233.151
2233.385
2233.620
2233.855
2234.089
2234.324
2234.558
2234.793
2235.028
2235.262
2235.497
2235.731
2235.966
2236.200
2236.435
2236.670
2236.904
2237.139
2237.373
2237.608
2237.842
2238.077
2238.312
2238.546
2238.781
2239.015
2239.250
2254.333
2254.568
2254.802
2255.154
2255.388
2255.740
2255.974
2256.208
2256.443
2256.677
2257.029
2257.263
2257.615
2257.849
2258.083
2258.318
2258.552
2258.904
2259.138
2259.490
2259.724
2259.958
2260.193
2260.427
2260.779
2261.013
2261.365
2261.599
2261.833
2262.068
2262.302
2262.654
2262.888
2263.240
2263.474
2263.708
2263.943
2264.177
2264.529
2264.763
2265.115
2265.349
2265.583
2265.818
2266.052
2266.404
2266.638
2266.990
2267.224
2267.458
2267.693
2267.927
2268.279
2268.513
2268.865
2269.099
2269.333
2269.568
2269.802
2270.154
2270.388
2270.740
2270.974
2271.208
2271.443
2271.677
2272.029
2272.263
2272.615
2272.849
2273.083
2273.318
2273.552
2273.904
2274.138
2274.490
2274.724
2274.958
2275.193
2275.427
2275.779
2276.013
2276.365
2276.599
2276.833
2277.068
2277.302
2277.654
2277.888
2278.240
2278.474
2278.708
2278.943
2279.177
2279.529
2279.763
2280.115
2280.349
2280.583
2280.818
2281.052
2281.404
2281.638
2281.990
2282.224
2282.458
2282.693
2282.927
2283.279
2283.513
2283.865
2284.099
2284.333
2284.568
2284.802
2285.154
2285.388
2285.740
2285.974
2286.208
2286.443
2286.677
2287.029
2287.263
2287.615
2287.849
2288.083
2288.318
2288.552
2288.904
2289.138
2289.490
2289.724
2289.958
2290.193
2290.427
2290.779
2291.013
2291.365
2291.599
2291.833
2292.068
2292.302
2292.654
2292.888
2293.240
2293.474
2293.708
2293.943
2294.177
2294.529
2294.763
2295.115
2295.349
2295.583
2295.818
2296.052
2296.404
2296.638
2296.990
2297.224
2297.458
2297.693
2297.927
2298.279
2298.513
2298.865
2299.099
2299.333
2299.568
2299.802
2300.154
2300.388
2300.740
2300.974
2301.208
2301.443
2301.677
2302.029
2302.263
2302.615
2302.849
2303.083
2303.318
2303.552
2303.904
2304.138
2304.490
2304.724
2304.958
2305.193
2305.427
2305.779
2306.013
2306.365
2306.599
2306.833
2307.068
2307.302
2307.654
2307.888
2308.240
2308.474
2308.708
2308.943
2309.177
2309.529
2309.763
2310.115
2310.349
2310.583
2310.818
2311.052
2311.404
2311.638
2311.990
2312.224
2312.458
2312.693
2312.927
2313.279
2313.513
2313.865
2314.099
2314.333
2314.568
2314.802
2315.154
2315.388
2315.740
2315.974
2316.208
2316.443
2316.677
2317.029
2317.263
2317.615
2317.849
2318.083
2318.318
2318.552
2318.904
2319.138
2319.490
2319.724
2319.958
2320.193
2320.427
2320.779
2321.013
2321.365
2321.599
2321.833
2322.068
2322.302
2322.654
2322.888
2323.240
2323.474
2323.708
2323.943
2324.177
2324.529
2324.763
2325.115
2325.349
2325.583
2325.818
2326.052
2326.404
2326.638
2326.990
2327.224
2327.458
2333.208
2333.443
2333.678
2333.912
2334.147
2334.381
2334.616
2334.851
2335.085
2335.320
2335.554
2335.789
2336.024
2336.258
2336.493
2336.727
2336.962
2337.196
2337.431
2337.666
2337.900
2338.135
2338.369
2338.604
2338.839
2339.073
2339.308
2339.542
2339.777
2340.012
2340.246
2340.481
2340.715
2340.950
2341.185
2341.419
2341.654
2341.888
2342.123
2342.358
2342.592
2342.827
2343.061
2343.296
2343.531
2343.765
2344.000
2344.234
2344.469
2344.704
2344.938
2345.173
2345.407
2345.642
2345.877
2346.111
2346.346
2346.580
2346.815
2347.050
2347.284
2347.519
2347.753
2347.988
2348.223
2348.457
2348.692
2348.926
2349.161
2349.396
2349.630
2349.865
2350.099
2350.334
2350.569
2350.803
2351.038
2351.272
2351.507
2351.742
2351.976
2352.211
2352.445
2352.680
2352.915
2353.149
2353.384
2353.618
2353.853
2354.088
2354.322
2354.557
2354.791
2355.026
2355.261
2355.495
2355.730
2355.964
2356.199
2356.434
2356.668
2356.903
2357.137
2357.372
2357.607
2357.841
2358.076
2358.310
2358.545
2358.779
2359.014
2359.249
2359.483
2359.718
2359.952
2360.187
2360.422
2360.656
2360.891
2361.125
2361.360
2361.595
2361.829
2362.064
2362.298
2362.533
2362.768
2363.002
2363.333
2363.568
2363.920
2364.154
2364.506
2364.741
2364.975
2365.210
2365.445
2365.797
2366.031
2366.383
2366.618
2366.852
2367.087
2367.321
2367.673
2367.908
2368.260
2368.494
2368.729
2368.964
2369.198
2369.550
2369.785
2370.137
2370.371
2370.606
2370.840
2371.075
2371.427
2371.661
2372.013
2372.248
2372.482
2372.717
2372.952
2373.304
2373.538
2373.890
2374.125
2374.359
2374.594
2374.828
2375.180
2375.415
2375.767
2376.001
2376.236
2376.471
2376.705
2377.057
2377.292
2378.208
2378.443
2378.677
2378.911
2379.145
2379.380
2379.614
2379.848
2380.082
2380.317
2380.551
2380.785
2381.019
2381.254
2381.488
2381.722
2381.956
2382.191
2382.425
2382.659
2382.893
2383.128
2383.362
2383.596
2383.830
2384.065
2384.299
2384.533
2384.767
2385.002
2385.236
2385.470
2385.704
2385.939
2386.173
2386.407
2386.641
2386.876
2387.110
2387.344
2387.578
2387.813
2388.047
2388.281
2388.515
2388.750
2388.984
2389.218
2389.452
2389.687
2389.921
2390.155
2390.389
2390.624
2390.858
2391.092
2391.326
2391.561
2391.795
2392.029
2392.263
2392.498
2392.732
2392.966
2393.200
2393.435
2393.669
2393.903
2394.137
2394.372
2394.606
2394.840
2395.074
2395.309
2395.543
2395.777
2396.011
2396.246
2396.480
2396.714
2396.948
2397.183
2397.417
2397.651
2397.885
2398.120
2398.354
2398.588
2398.822
2399.057
2399.291
2399.525
2399.759
2399.994
2400.228
2400.462
2400.697
2400.931
2401.165
2401.399
2401.634
2401.868
2402.102
2402.336
2402.571
2402.805
2403.039
2403.273
2403.508
2403.742
2403.976
2404.210
2404.445
2404.679
2404.913
2405.147
2405.382
2405.616
2405.850
2406.084
2406.319
2406.553
2406.787
2407.021
2407.256
2407.490
2407.724
2407.958
2408.333
2408.568
2408.919
2409.154
2409.505
2409.740
2409.974
2410.208
2410.443
2410.794
2411.029
2411.380
2411.615
2411.849
2412.084
2412.318
2412.670
2412.904
2413.256
2413.490
2413.724
2413.959
2414.193
2414.545
2414.779
2415.131
2415.365
2415.600
2415.834
2416.068
2416.420
2416.654
2417.006
2417.240
2417.475
2417.709
2417.943
2418.295
2418.529
2418.881
2419.115
2419.350
2419.584
2419.819
2420.170
2420.405
2420.756
2420.991
2421.225
2421.459
2421.694
2422.045
2422.280
2422.631
2422.866
2423.100
2423.334
2423.569
2423.920
2424.155
2424.506
2424.741
2424.975
2425.210
2425.444
2425.796
2426.030
2426.382
2426.616
2426.850
2427.085
2427.319
2427.671
2427.905
2428.257
2428.491
2428.726
2428.960
2429.194
2429.546
2429.780
2430.132
2430.366
2430.601
2430.835
2431.069
2431.421
2431.655
2432.007
2432.241
2432.476
2432.710
2432.945
2433.296
2433.531
2433.882
2434.117
2434.351
2434.585
2434.820
2435.171
2435.406
2435.757
2435.992
2436.226
2436.460
2436.695
2437.046
2437.281
2437.632
2437.867
2438.225
2438.694
2439.162
2439.631
2440.100
2440.568
2441.037
2441.505
2441.974
2442.443
2442.911
2443.380
2443.849
2444.317
2444.786
2445.255
2445.723
2446.192
2446.661
2447.129
2447.598
2448.066
2448.535
2449.004
2449.472
2449.941
2450.410
2450.878
2451.347
2451.816
2452.284
2452.753
2453.222
2453.690
2454.159
2454.628
2455.096
2455.565
2456.033
2456.502
2456.971
2457.439
2457.908
2458.377
2458.845
2459.314
2459.783
2460.251
2460.720
2461.189
2461.657
2462.126
2462.594
2463.063
2463.532
2464.000
2464.469
2464.938
2465.406
2465.875
2512.292
2512.761
2513.230
2513.698
2514.167
2514.636
2515.105
2515.574
2516.043
2516.512
2516.981
2517.450
2517.919
2518.388
2518.857
2519.326
2519.794
2520.263
2520.732
2521.201
2521.670
2522.139
2522.608
2523.077
2523.546
2524.015
2524.484
2524.953
2525.422
2525.891
2526.359
2526.828
2527.297
2527.766
2528.235
2528.704
2529.173
2529.642
2530.111
2530.580
2531.049
2531.518
2531.987
2532.456
2532.924
2533.393
2533.862
2534.331
2534.800
2535.269
2535.738
2536.207
2536.676
2537.145
2537.614
2538.083
2538.552
2539.020
2539.489
2539.958
2542.292
2542.526
2542.761
2543.230
2543.464
2543.698
2544.167
2544.402
2544.636
2545.105
2545.340
2545.574
2546.043
2546.278
2546.512
2546.981
2547.215
2547.450
2547.919
2548.153
2548.388
2548.857
2549.091
2549.326
2549.794
2550.029
2550.263
2550.732
2550.967
2551.201
2551.670
2551.905
2552.139
2552.608
2552.843
2553.077
2553.546
2553.780
2554.015
2554.484
2554.718
2554.953
2555.422
2555.656
2555.891
2556.359
2556.594
2556.828
2557.297
2557.532
2557.766
2558.235
2558.470
2558.704
2559.173
2559.407
2559.642
2560.111
2560.345
2560.580
2561.049
2561.283
2561.518
2561.987
2562.221
2562.456
2562.924
2563.159
2563.393
2563.862
2564.097
2564.331
2564.800
2565.035
2565.269
2565.738
2565.972
2566.207
2566.676
2566.910
2567.145
2567.614
2567.848
2568.083
2568.552
2568.786
2569.020
2569.489
2569.724
2569.958
2570.417
2570.651
2570.885
2571.120
2571.354
2571.589
2571.823
2572.057
2572.292
2577.917
2578.385
2578.854
2579.323
2579.792
2580.260
2580.729
2581.198
2581.667
2581.901
2582.135
2582.370
2582.604
2582.839
2583.073
2583.307
2583.542
2583.776
2584.010
2584.245
2584.479
2584.714
2584.948
2585.182
2585.417
2585.651
2585.885
2586.120
2586.354
2586.589
2586.823
2587.057
2587.292
2587.526
2587.760
2587.995
2588.229
2588.464
2588.698
2588.932
2589.167
2589.284
2589.401
2589.518
2589.636
2589.753
2589.870
2589.987
2590.104
2590.222
2590.339
2590.456
2590.573
2590.690
2590.808
2590.925
2591.042
2591.159
2591.276
2591.394
2591.511
2591.628
2591.745
2591.862
2591.980
2592.097
2592.214
2592.331
2592.449
2592.566
2592.683
2592.800
2592.917
2593.035
2593.152
2593.269
2593.386
2593.503
2593.621
2593.738
2593.855
2593.972
2594.089
2594.207
2594.324
2594.441
2594.558
2594.676
2594.793
2594.910
2595.027
2595.144
2595.262
2595.379
2595.496
2595.613
2595.730
2595.848
2595.965
2596.082
2596.199
2596.316
2596.434
2596.551
2596.668
2596.785
2596.903
2597.020
2597.137
2597.254
2597.371
2597.489
2597.606
2597.723
2597.840
2597.957
2598.075
2598.192
2598.309
2598.426
2598.543
2598.661
2598.778
2598.895
2599.012
2599.129
2599.247
2599.364
2599.481
2599.598
2599.716
2599.833
2599.950
2600.067
2600.184
2600.302
2600.419
2600.536
2600.653
2600.770
2600.888
2601.005
2601.122
2601.239
2601.356
2601.474
2601.591
2601.708
2602.292
2602.760
2602.995
2603.229
2603.464
2603.698
2604.167
2604.635
2604.870
2605.104
2605.339
2605.573
2606.042
2606.510
2606.745
2606.979
2607.214
2607.448
2607.917
2608.385
2608.620
2608.854
2609.089
2609.323
2609.792
2610.260
2610.495
2610.729
2610.964
2611.198
2611.667
2612.135
2612.370
2612.604
2612.839
2613.073
2613.542
2614.010
2614.245
2614.479
2614.714
2614.948
2617.292
2617.760
2617.995
2618.229
2618.464
2618.698
2619.167
2619.635
2619.870
2620.104
2620.339
2620.573
2621.042
2621.510
2621.745
2621.979
2622.214
2622.448
2622.917
2623.385
2623.620
2623.854
2624.089
2624.323
2624.792
2625.260
2625.495
2625.729
2625.964
2626.198
2626.667
2627.135
2627.370
2627.604
2627.839
2628.073
2628.542
2629.010
2629.245
2629.479
2629.714
2629.948
2630.417
2632.292
2632.760
2632.995
2633.229
2633.464
2633.698
2634.167
2634.635
2634.870
2635.104
2635.339
2635.573
2636.042
2636.510
2636.745
2636.979
2637.214
2637.448
2637.917
2638.385
2638.620
2638.854
2639.089
2639.323
2639.792
2640.260
2640.495
2640.729
2640.964
2641.198
2641.667
2642.135
2642.370
2642.604
2642.839
2643.073
2643.542
2644.010
2644.245
2644.479
2644.714
2644.948
2645.417
2662.292
2662.760
2663.229
2663.698
2664.167
2664.635
2665.104
2665.573
2666.042
2666.510
2666.979
2667.448
2667.917
2668.385
2668.854
2669.323
2669.792
2670.260
2670.729
2671.198
2671.667
2672.135
2672.604
2673.073
2673.542
2674.010
2674.479
2674.948
2675.417
2675.885
2676.354
2676.823
2677.292
2677.526
2677.760
2677.995
2678.229
2678.464
2678.698
2678.932
2679.167
2679.401
2679.635
2679.870
2680.104
2680.339
2680.573
2680.807
2681.042
2681.276
2681.510
2681.745
2681.979
2682.214
2682.448
2682.682
2682.917
2683.151
2683.385
2683.620
2683.854
2684.089
2684.323
2684.557
2684.792
2684.909
2685.026
2685.144
2685.261
2685.378
2685.496
2685.613
2685.730
2685.847
2685.965
2686.082
2686.199
2686.317
2686.434
2686.551
2686.669
2686.786
2686.903
2687.021
2687.138
2687.255
2687.372
2687.490
2687.607
2687.724
2687.842
2687.959
2688.076
2688.194
2688.311
2688.428
2688.545
2688.663
2688.780
2688.897
2689.015
2689.132
2689.249
2689.367
2689.484
2689.601
2689.719
2689.836
2689.953
2690.070
2690.188
2690.305
2690.422
2690.540
2690.657
2690.774
2690.892
2691.009
2691.126
2691.244
2691.361
2691.478
2691.595
2691.713
2692.292
2692.761
2692.995
2693.230
2693.465
2693.699
2694.168
2694.637
2694.872
2695.106
2695.341
2695.576
2696.045
2696.514
2696.748
2696.983
2697.218
2697.452
2697.921
2698.390
2698.625
2698.860
2699.094
2699.329
2699.798
2700.267
2700.502
2700.736
2700.971
2701.205
2701.674
2702.144
2702.378
2702.613
2702.847
2703.082
2703.551
2704.020
2704.255
2704.489
2704.724
2704.958
2707.292
2707.526
2707.760
2707.994
2708.228
2708.462
2708.696
2708.930
2709.164
2709.398
2709.633
2709.867
2710.101
2710.335
2710.569
2710.803
2711.037
2711.271
2711.505
2711.739
2711.973
2712.208
2712.442
2712.676
2712.910
2713.144
2713.378
2713.612
2713.846
2714.080
2714.314
2714.548
2714.783
2715.017
2715.251
2715.485
2715.719
2715.953
2716.187
2716.421
2716.655
2716.889
2717.123
2717.358
2717.592
2717.826
2718.060
2718.294
2718.528
2718.762
2718.996
2719.230
2719.464
2719.698
2719.933
2720.167
2722.292
2722.527
2722.761
2722.996
2723.231
2723.466
2723.701
2723.936
2724.170
2724.405
2724.640
2724.875
2725.110
2725.345
2725.580
2725.814
2726.049
2726.284
2726.519
2726.754
2726.989
2727.223
2727.458
2727.693
2727.928
2728.163
2728.398
2728.633
2728.867
2729.102
2729.337
2729.572
2729.807
2730.042
2730.277
2730.511
2730.746
2730.981
2731.216
2731.451
2731.686
2731.920
2732.155
2732.390
2732.625
2732.860
2733.095
2733.330
2733.564
2733.799
2734.034
2734.269
2734.504
2734.739
2734.973
2735.208
2737.292
2737.526
2737.760
2737.995
2738.229
2738.464
2738.698
2738.932
2739.167
2739.401
2739.635
2739.870
2740.104
2740.339
2740.573
2740.807
2741.042
2741.276
2741.510
2741.745
2741.979
2742.214
2742.448
2742.682
2742.917
2743.151
2743.385
2743.620
2743.854
2744.089
2744.323
2744.557
2744.792
2745.026
2745.260
2745.495
2745.729
2745.964
2746.198
2746.432
2746.667
2746.901
2747.135
2747.370
2747.604
2747.839
2748.073
2748.307
2748.542
2748.776
2749.010
2749.245
2749.479
2749.714
2749.948
2750.182
2750.417
2752.292
2752.761
2753.231
2753.701
2753.936
2754.170
2754.640
2755.110
2755.580
2755.814
2756.049
2756.519
2756.989
2757.458
2757.693
2757.928
2758.398
2758.867
2759.337
2759.572
2759.807
2760.277
2760.746
2761.216
2761.451
2761.686
2762.155
2762.625
2763.095
2763.330
2763.564
2764.034
2764.504
2764.973
2765.208
2767.292
2767.761
2768.229
2768.698
2769.167
2769.636
2770.105
2770.574
2771.043
2771.512
2771.981
2772.450
2772.919
2773.387
2773.856
2774.325
2774.794
2775.263
2775.732
2776.201
2776.670
2777.139
2777.608
2778.076
2778.545
2779.014
2779.483
2779.952
2780.421
2780.890
2781.359
2781.828
2782.297
2782.766
2783.234
2783.703
2784.172
2784.641
2785.110
2785.579
2786.048
2786.517
2786.986
2787.455
2787.924
2788.392
2788.861
2789.330
2789.799
2790.268
2790.737
2791.206
2791.675
2792.144
2792.613
2793.081
2793.550
2794.019
2794.488
2794.957
2795.426
2795.895
2796.364
2796.833
2797.302
2797.771
2798.239
2798.708
2798.943
2799.177
2799.646
2800.115
2800.584
2800.818
2801.053
2801.522
2801.991
2802.459
2802.694
2802.928
2803.397
2803.866
2804.335
2804.569
2804.804
2805.273
2805.742
2806.210
2806.445
2806.679
2807.148
2807.617
2808.086
2808.320
2808.555
2809.024
2809.493
2809.962
2810.196
2810.430
2810.899
2811.368
2811.837
2812.072
2812.306
2812.775
2813.244
2813.713
2813.947
2814.182
2814.650
2815.119
2815.588
2815.823
2816.057
2816.526
2816.995
2817.464
2817.698
2817.933
2818.401
2818.870
2819.339
2819.574
2819.808
2820.277
2820.746
2821.215
2821.449
2821.684
2822.153
2822.621
2823.090
2823.325
2827.292
2827.526
2827.761
2828.230
2828.464
2828.699
2829.168
2829.402
2829.637
2830.105
2830.340
2830.574
2831.043
2831.278
2831.512
2831.981
2832.216
2832.450
2832.919
2833.154
2833.388
2833.857
2834.092
2834.326
2834.795
2835.030
2835.264
2835.733
2835.968
2836.202
2836.671
2836.906
2837.140
2837.609
2837.844
2838.078
2838.547
2838.781
2839.016
2839.485
2839.719
2839.954
2840.423
2840.657
2840.892
2841.361
2841.595
2841.830
2842.299
2842.533
2842.768
2843.237
2843.471
2843.706
2844.175
2844.409
2844.644
2845.113
2845.347
2845.582
2846.051
2846.285
2846.520
2846.988
2847.223
2847.457
2847.926
2848.161
2848.395
2848.864
2849.099
2849.333
2849.792
2850.262
2850.732
2851.202
2851.673
2852.143
2852.613
2853.083
2857.417
2857.651
2858.237
2858.471
2858.588
2858.823
2858.940
2859.291
2859.526
2860.112
2860.346
2860.463
2860.697
2860.815
2861.166
2861.401
2861.986
2862.221
2862.338
2862.572
2862.689
2863.041
2863.275
2863.861
2864.095
2864.213
2864.447
2864.564
2864.916
2865.150
2865.736
2865.970
2866.087
2866.322
2866.439
2866.790
2867.025
2867.611
2867.845
2867.962
2868.196
2868.314
2868.665
2868.899
2869.485
2869.720
2869.837
2870.071
2870.188
2870.540
2870.774
2871.360
2871.594
2871.712
2871.946
2872.063
2872.415
2872.649
2873.235
2873.469
2873.586
2873.821
2873.938
2874.289
2874.524
2875.110
2875.344
2875.461
2875.695
2875.813
2876.164
2876.398
2876.984
2877.219
2877.336
2877.570
2877.687
2878.039
2878.273
2878.859
2879.093
2879.211
2879.445
2879.562
2879.914
2880.148
2880.734
2880.968
2881.085
2881.320
2881.437
2881.788
2882.023
2882.609
2882.843
2882.960
2883.194
2883.312
2883.663
2883.897
2884.483
2884.718
2884.835
2885.069
2885.186
2885.538
2885.772
2886.358
2886.592
2886.710
2886.944
2887.061
2887.413
2887.647
2888.233
2888.467
2888.584
2888.819
2888.936
2889.287
2889.522
2890.108
2890.342
2890.459
2890.693
2890.811
2891.162
2891.396
2891.982
2892.217
2892.334
2892.568
2892.685
2893.037
2893.271
2893.857
2894.091
2894.209
2894.443
2894.560
2894.912
2895.146
2895.732
2895.966
2896.083
2896.318
2896.435
2902.292
2902.526
2902.760
2902.994
2903.229
2903.463
2903.697
2903.931
2904.166
2904.400
2904.634
2904.868
2905.102
2905.337
2905.571
2905.805
2906.039
2906.274
2906.508
2906.742
2906.976
2907.211
2907.445
2907.679
2907.913
2908.148
2908.382
2908.616
2908.850
2909.084
2909.319
2909.553
2909.787
2910.021
2910.256
2910.490
2910.724
2910.958
2911.193
2911.427
2911.661
2911.895
2912.130
2912.364
2912.598
2912.832
2913.066
2913.301
2913.535
2913.769
2914.003
2914.238
2914.472
2914.706
2914.940
2915.175
2915.409
2915.643
2915.877
2916.111
2916.346
2916.580
2916.814
2917.048
2917.283
2917.517
2917.751
2917.985
2918.220
2918.454
2918.688
2918.922
2919.157
2919.391
2919.625
2919.859
2920.093
2920.328
2920.562
2920.796
2921.030
2921.265
2921.499
2921.733
2921.967
2922.202
2922.436
2922.670
2922.904
2923.139
2923.373
2923.607
2923.841
2924.075
2924.310
2924.544
2924.778
2925.012
2925.247
2925.481
2925.715
2925.949
2926.184
2926.418
2926.652
2926.886
2927.120
2927.355
2927.589
2927.823
2928.057
2928.292
2932.292
2932.526
2932.761
2932.995
2933.230
2933.465
2933.699
2933.934
2934.169
2934.403
2934.638
2934.872
2935.107
2935.342
2935.576
2935.811
2936.045
2936.280
2936.515
2936.749
2936.984
2937.218
2937.453
2937.688
2937.922
2938.157
2938.392
2938.626
2938.861
2939.095
2939.330
2939.565
2939.799
2940.034
2940.268
2940.503
2940.738
2940.972
2941.207
2941.441
2941.676
2941.911
2942.145
2942.380
2942.614
2942.849
2943.084
2943.318
2943.553
2943.788
2944.022
2944.257
2944.491
2944.726
2944.961
2945.195
2945.430
2945.664
2945.899
2946.134
2946.368
2946.603
2946.837
2947.072
2947.307
2947.541
2947.776
2948.011
2948.245
2948.480
2948.714
2948.949
2949.184
2949.418
2949.653
2949.887
2950.122
2950.357
2950.591
2950.826
2951.060
2951.295
2951.530
2951.764
2951.999
2952.233
2952.468
2952.703
2952.937
2953.172
2953.407
2953.641
2953.876
2954.110
2954.345
2954.580
2954.814
2955.049
2955.283
2955.518
2955.753
2955.987
2956.222
2956.456
2956.691
2956.926
2957.160
2957.395
2957.630
2957.864
2958.099
2958.333
2962.292
2962.526
2962.760
2962.995
2963.229
2963.463
2963.698
2963.932
2964.166
2964.401
2964.635
2964.869
2965.104
2965.338
2965.572
2965.807
2966.041
2966.275
2966.510
2966.744
2966.978
2967.213
2967.447
2967.681
2967.916
2968.150
2968.384
2968.619
2968.853
2969.087
2969.322
2969.556
2969.790
2970.025
2970.259
2970.493
2970.728
2970.962
2971.196
2971.431
2971.665
2971.899
2972.134
2972.368
2972.602
2972.837
2973.071
2973.305
2973.540
2973.774
2974.008
2974.243
2974.477
2974.711
2974.946
2975.180
2975.414
2975.648
2975.883
2976.117
2976.351
2976.586
2976.820
2977.054
2977.289
2977.523
2977.757
2977.992
2978.226
2978.460
2978.695
2978.929
2979.163
2979.398
2979.632
2979.866
2980.101
2980.335
2980.569
2980.804
2981.038
2981.272
2981.507
2981.741
2981.975
2982.210
2982.444
2982.678
2982.913
2983.147
2983.381
2983.616
2983.850
2984.084
2984.319
2984.553
2984.787
2985.022
2985.256
2985.490
2985.725
2985.959
2986.193
2986.428
2986.662
2986.896
2987.131
2987.365
2987.599
2987.834
2988.068
2988.302
2988.537
2988.771
2989.005
2989.240
2989.474
2989.708
3014.792
3015.495
3015.729
3016.081
3016.432
3016.784
3017.135
3017.487
3017.839
3018.190
3018.542
3019.245
3019.479
3019.831
3020.182
3020.534
3020.885
3021.237
3021.589
3021.940
3022.292
3022.995
3023.229
3023.581
3023.932
3024.284
3024.635
3024.987
3025.339
3025.690
3026.042
3026.745
3026.979
3027.331
3027.682
3028.034
3028.385
3028.737
3029.089
3029.440
3029.792
3030.495
3030.729
3031.081
3031.432
3031.784
3032.135
3032.487
3032.839
3033.190
3033.542
3034.245
3034.479
3034.831
3035.182
3035.534
3035.885
3036.237
3036.589
3036.940
3037.292
3037.995
3038.229
3038.581
3038.932
3039.284
3039.635
3039.987
3040.339
3040.690
3041.042
3041.745
3041.979
3042.331
3042.682
3043.034
3043.385
3043.737
3044.089
3044.440
3044.792
3045.500
3045.735
3046.438
3046.673
3047.377
3047.612
3048.315
3048.550
3049.254
3049.488
3050.192
3050.427
3051.131
3051.365
3052.069
3052.304
3053.008
3053.242
3053.946
3054.181
3054.885
3055.119
3055.823
3056.058
3056.762
3056.996
3057.700
3057.935
3058.638
3058.873
3059.577
3059.812
3060.515
3060.749
3061.099
3061.449
3061.682
3062.382
3062.617
3062.968
3063.320
3063.555
3063.906
3064.258
3064.492
3064.844
3065.196
3065.430
3065.782
3066.133
3066.368
3066.719
3067.071
3067.305
3067.657
3068.009
3068.243
3068.595
3068.947
3069.181
3069.533
3069.884
3070.119
3070.470
3070.822
3071.056
3071.408
3074.792
3075.026
3075.261
3075.495
3075.730
3075.964
3076.199
3076.434
3076.668
3076.903
3077.137
3077.372
3077.606
3077.841
3078.075
3078.310
3078.545
3078.779
3079.014
3079.248
3079.483
3079.717
3079.952
3080.186
3080.421
3080.656
3080.890
3081.125
3081.359
3081.594
3081.828
3082.063
3082.297
3082.532
3082.767
3083.001
3083.236
3083.470
3083.705
3083.939
3084.174
3084.408
3084.643
3084.878
3085.112
3085.347
3085.581
3085.816
3086.050
3086.285
3086.519
3086.754
3086.989
3087.223
3087.458
3087.692
3087.927
3088.161
3088.396
3088.630
3088.865
3089.099
3089.334
3089.569
3089.803
3090.038
3090.272
3090.507
3090.741
3090.976
3091.210
3091.445
3091.680
3091.914
3092.149
3092.383
3092.618
3092.852
3093.087
3093.321
3093.556
3093.791
3094.025
3094.260
3094.494
3094.729
3094.963
3095.198
3095.432
3095.667
3095.902
3096.136
3096.371
3096.605
3096.840
3097.074
3097.309
3097.543
3097.778
3098.013
3098.247
3098.482
3098.716
3098.951
3099.185
3099.420
3099.654
3099.889
3100.124
3100.358
3100.593
3100.827
3101.062
3101.296
3101.531
3101.765
3102.000
3104.792
3105.026
3105.261
3105.496
3105.730
3105.965
3106.200
3106.434
3106.669
3106.904
3107.138
3107.373
3107.607
3107.842
3108.077
3108.311
3108.546
3108.781
3109.015
3109.250
3109.485
3109.719
3109.954
3110.189
3110.423
3110.658
3110.893
3111.127
3111.362
3111.596
3111.831
3112.066
3112.300
3112.535
3112.770
3113.004
3113.239
3113.474
3113.708
3113.943
3114.178
3114.412
3114.647
3114.882
3115.116
3115.351
3115.586
3115.820
3116.055
3116.289
3116.524
3116.759
3116.993
3117.228
3117.463
3117.697
3117.932
3118.167
3118.401
3118.636
3118.871
3119.105
3119.340
3119.575
3119.809
3120.044
3120.279
3120.513
3120.748
3120.982
3121.217
3121.452
3121.686
3121.921
3122.156
3122.390
3122.625
3122.860
3123.094
3123.329
3123.564
3123.798
3124.033
3124.268
3124.502
3124.737
3124.971
3125.206
3125.441
3125.675
3125.910
3126.145
3126.379
3126.614
3126.849
3127.083
3127.417
3127.667
3128.250
3128.485
3128.602
3128.837
3128.955
3129.307
3129.542
3130.125
3130.374
3130.499
3130.749
3130.873
3131.065
3131.426
3131.791
3132.020
3132.370
3132.718
3133.066
3133.414
3133.762
3134.110
3134.458
3134.792
3135.026
3135.261
3135.496
3135.730
3135.965
3136.199
3136.434
3136.669
3136.903
3137.138
3137.372
3137.607
3137.842
3138.076
3138.311
3138.546
3138.780
3139.015
3139.249
3139.484
3139.719
3139.953
3140.188
3140.422
3140.657
3140.892
3141.126
3141.361
3141.596
3141.830
3142.065
3142.299
3142.534
3142.769
3143.003
3143.238
3143.472
3143.707
3143.942
3144.176
3144.411
3144.646
3144.880
3145.115
3145.349
3145.584
3145.819
3146.053
3146.288
3146.522
3146.757
3146.992
3147.226
3147.461
3147.696
3147.930
3148.165
3148.399
3148.634
3148.869
3149.103
3149.338
3149.572
3149.807
3150.042
3150.276
3150.511
3150.746
3150.980
3151.215
3151.449
3151.684
3151.919
3152.153
3152.388
3152.622
3152.857
3153.092
3153.326
3153.561
3153.796
3154.030
3154.265
3154.499
3154.734
3154.969
3155.203
3155.438
3155.672
3155.907
3156.142
3156.376
3156.611
3156.846
3157.080
3157.315
3157.549
3157.784
3158.019
3158.253
3158.488
3158.722
3158.957
3159.192
3159.426
3159.661
3159.896
3160.130
3160.365
3160.599
3160.834
3161.069
3161.303
3161.538
3161.772
3162.007
3162.242
3162.476
3162.711
3162.946
3163.180
3163.415
3163.649
3163.884
3164.119
3164.353
3164.588
3164.822
3165.057
3165.292
3165.750
3165.984
3166.218
3166.686
3166.920
3167.154
3167.622
3167.856
3168.090
3168.559
3168.793
3169.027
3169.495
3169.729
3169.963
3170.431
3170.665
3170.899
3171.367
3171.601
3171.835
3172.303
3172.537
3172.771
3173.240
3173.474
3173.708
3174.176
3174.410
3174.644
3175.112
3175.346
3175.580
3176.048
3176.282
3176.516
3176.984
3177.218
3177.452
3177.921
3178.155
3178.389
3178.857
3179.091
3179.325
3179.793
3180.027
3180.261
3180.729
3180.963
3181.197
3181.665
3181.899
3182.133
3182.602
3182.836
3183.070
3183.538
3183.772
3184.006
3184.474
3184.708
3184.942
3185.410
3185.644
3185.878
3186.346
3186.580
3186.814
3187.435
3187.669
3188.255
3188.489
3188.606
3188.840
3188.958
3189.309
3189.543
3190.129
3190.363
3190.480
3190.715
3190.832
3191.183
3191.417
3192.003
3192.237
3192.355
3192.589
3192.706
3193.057
3193.292
3194.792
3195.261
3195.729
3196.198
3196.667
3197.136
3197.605
3197.840
3198.074
3198.543
3199.012
3199.481
3199.950
3200.419
3200.888
3201.356
3201.591
3201.825
3202.294
3202.763
3203.232
3203.701
3204.170
3204.639
3205.108
3205.342
3205.577
3206.046
3206.515
3206.983
3207.452
3207.921
3208.390
3208.859
3209.094
3209.328
3209.797
3210.266
3210.735
3211.204
3211.673
3212.142
3212.610
3212.845
3213.079
3213.548
3214.017
3214.486
3214.955
3215.424
3215.893
3216.362
3216.596
3216.831
3217.300
3217.769
3218.237
3218.706
3219.175
3219.644
3220.113
3220.348
3220.582
3221.051
3221.520
3221.989
3222.458
3222.927
3223.395
3223.864
3224.099
3224.333
