51.110
51.693
51.985
52.820
53.404
53.987
54.238
55.114
55.656
56.240
56.532
57.408
57.991
58.534
58.826
59.660
60.244
60.828
61.120
61.954
62.538
63.122
63.372
64.248
64.832
65.374
65.666
66.542
67.126
67.668
67.960
68.836
69.378
69.962
70.254
71.088
71.672
72.256
72.506
73.382
73.966
74.508
74.842
75.676
76.218
76.844
77.094
77.970
78.512
79.096
79.388
80.222
80.806
81.390
81.682
82.516
83.100
83.684
83.934
84.810
85.352
85.936
86.228
87.104
87.688
88.230
88.814
89.356
89.940
90.524
91.066
91.692
92.234
92.526
92.818
93.068
93.360
93.652
93.944
94.236
94.528
94.820
95.070
95.362
95.654
95.946
96.238
96.530
96.822
97.364
97.948
98.532
99.074
99.658
100.200
100.784
101.368
101.660
101.952
102.202
102.536
102.786
103.078
103.370
103.662
103.954
104.204
104.538
104.788
105.080
105.372
105.664
105.914
106.206
106.540
107.082
107.374
107.666
108.208
108.500
108.792
109.376
109.668
109.918
110.502
110.794
111.086
111.670
111.920
112.212
112.796
113.088
113.380
113.922
114.214
114.506
115.048
115.382
115.632
116.216
116.508
116.800
117.384
117.634
117.926
118.510
118.802
119.052
119.636
119.928
120.220
120.762
121.054
121.388
124.224
124.766
125.058
125.350
125.934
126.518
127.060
127.352
127.644
128.228
128.770
129.354
129.646
129.938
130.481
131.064
131.648
131.899
132.232
132.774
133.358
133.901
134.234
134.485
135.068
135.652
136.236
136.487
136.778
137.362
137.905
138.489
138.780
139.072
139.615
140.199
140.782
141.074
141.366
141.909
142.493
143.076
143.368
143.619
144.203
144.786
145.329
145.621
145.913
146.497
147.080
147.623
147.915
148.207
148.749
149.333
149.917
150.209
150.501
151.084
151.627
152.211
152.461
152.753
153.337
153.921
154.463
154.755
155.088
155.631
156.215
156.757
157.049
157.341
157.925
158.467
159.051
159.343
159.635
160.219
160.761
161.345
161.637
161.929
162.471
163.055
163.597
163.931
164.181
164.765
165.349
165.933
166.183
166.475
167.059
167.601
168.185
168.477
168.769
169.311
169.937
170.479
170.771
171.063
171.605
172.189
172.773
173.065
173.315
173.899
174.483
175.067
175.317
175.609
176.193
176.777
177.319
177.611
177.903
178.445
179.029
179.613
180.197
180.781
181.323
181.907
182.449
183.033
183.617
183.909
184.159
184.451
184.785
185.035
185.327
185.619
185.911
186.161
186.453
186.745
187.037
187.329
187.621
187.913
188.163
188.747
189.331
189.915
190.457
191.041
191.625
192.167
192.751
193.043
193.335
193.627
193.877
194.169
194.461
194.753
195.045
195.295
195.629
195.879
196.171
196.463
196.755
197.047
197.297
197.631
197.881
198.465
198.757
199.007
199.633
199.883
200.175
200.759
201.009
201.301
201.885
202.177
202.469
203.011
203.303
203.595
204.179
204.471
204.763
205.305
205.597
205.889
206.473
206.765
207.015
207.599
207.891
208.183
208.725
209.017
209.309
209.893
210.143
210.477
211.019
211.311
211.603
212.145
212.479
212.729
215.607
216.149
216.483
216.733
217.317
217.859
218.443
218.735
219.027
219.611
220.153
220.737
221.029
221.321
221.863
222.447
223.031
223.323
223.615
224.157
224.741
225.325
225.576
225.867
226.451
226.994
227.578
227.869
228.161
228.745
229.329
229.871
230.163
230.455
230.998
231.582
232.165
232.457
232.708
233.292
233.875
234.459
234.710
235.002
235.586
236.169
236.712
237.004
237.296
237.879
238.463
239.006
239.298
239.590
240.173
240.716
241.300
241.592
241.842
242.426
243.010
243.594
243.844
244.177
244.720
245.304
245.846
246.179
246.430
247.014
247.556
248.181
248.432
248.724
249.308
249.850
250.434
250.726
251.018
269.870
270.412
270.996
271.538
272.122
272.706
273.290
273.874
274.416
275.000
275.542
276.126
276.710
277.252
277.878
278.420
279.004
279.546
280.130
280.714
281.256
281.840
282.424
283.008
283.550
284.134
284.718
285.260
285.844
286.428
286.970
287.554
288.138
288.722
289.264
289.848
290.390
290.974
291.558
292.142
292.726
293.268
293.852
294.394
294.978
295.562
296.104
296.688
297.272
297.856
298.398
298.982
299.566
300.108
300.692
301.276
301.860
302.110
302.402
302.694
302.986
303.236
303.570
303.820
304.112
304.404
304.696
304.988
305.238
305.572
305.822
306.114
324.675
325.258
325.801
326.093
326.426
326.968
327.552
328.095
328.387
328.679
329.262
329.805
330.389
330.681
330.972
331.556
332.099
332.683
332.974
333.266
333.809
334.393
334.935
335.268
335.519
336.103
336.687
337.270
337.521
337.813
338.397
338.939
339.272
339.523
339.815
340.107
340.399
340.649
340.941
341.274
341.525
341.817
342.109
342.401
342.651
342.943
343.527
344.111
344.403
344.653
345.237
345.821
346.405
346.655
346.947
347.531
348.115
348.657
348.949
349.241
349.783
350.367
350.951
351.243
351.535
352.119
352.661
353.245
353.537
353.787
354.371
354.955
355.497
355.789
356.123
356.665
356.957
357.249
357.499
357.791
358.083
358.375
358.667
358.959
359.251
359.501
359.793
360.085
360.377
360.669
360.961
361.253
361.795
362.379
362.963
363.505
364.089
364.631
365.215
365.799
366.383
366.967
367.509
368.093
368.635
369.219
369.803
370.387
370.971
371.513
372.097
372.639
373.223
373.807
374.349
374.933
375.517
376.101
376.643
377.227
377.811
378.353
378.937
379.521
380.105
380.647
381.231
381.815
382.357
382.941
383.483
384.067
384.651
385.235
385.819
386.361
386.945
387.487
388.071
388.655
389.197
389.781
390.365
390.949
391.491
392.075
392.659
393.201
393.785
394.077
394.369
394.661
394.953
395.203
395.495
395.787
396.079
396.329
396.663
396.913
397.205
397.497
416.057
416.641
417.184
417.517
417.768
418.351
418.894
419.519
419.770
420.061
420.645
421.188
421.772
422.063
422.355
422.898
423.482
424.065
424.357
424.649
425.192
425.776
426.359
426.651
426.902
427.486
428.028
428.612
428.904
429.196
429.780
430.363
430.614
430.906
431.198
431.490
431.782
432.032
432.365
432.616
432.908
433.200
433.492
433.742
434.034
434.367
434.910
435.494
435.744
436.036
436.620
437.204
437.746
438.038
438.330
438.914
439.498
440.040
440.332
440.624
441.208
441.750
442.334
442.626
442.918
443.460
444.044
444.628
444.878
445.212
445.754
446.338
446.880
447.214
447.464
448.048
448.340
448.632
448.882
449.216
449.466
449.758
450.050
450.342
450.592
450.884
451.218
451.468
451.760
452.052
452.344
470.904
471.404
471.863
472.364
472.823
473.281
473.782
474.282
474.741
475.242
475.742
476.201
476.701
477.160
477.661
478.119
478.620
479.079
479.579
480.080
480.580
481.039
481.540
481.998
482.499
482.958
483.458
483.917
484.417
484.918
485.418
485.877
486.378
486.837
487.337
487.796
488.296
488.755
489.256
489.756
490.215
490.715
491.174
491.675
492.133
492.634
493.093
493.593
494.094
494.594
495.053
495.554
496.012
496.513
496.972
497.472
497.931
498.431
498.932
499.432
499.891
500.392
500.851
501.351
501.810
502.310
502.769
503.270
503.770
504.229
504.729
505.188
505.689
506.147
506.648
507.148
507.607
508.108
508.608
509.067
509.568
510.026
510.527
510.986
511.486
511.945
512.445
512.946
513.446
513.905
514.406
514.865
515.365
515.824
516.324
516.783
540.473
540.974
541.474
541.933
542.434
542.893
543.393
543.852
544.352
544.811
545.312
545.812
546.313
546.771
547.272
547.731
548.231
548.690
549.190
549.649
550.150
550.650
551.109
551.610
552.068
552.569
553.028
553.528
554.029
554.487
554.988
555.488
555.947
556.448
556.907
557.157
557.407
557.866
558.366
558.825
559.075
559.326
559.826
560.327
560.785
561.036
561.286
561.745
562.245
562.704
562.954
563.204
563.663
564.164
564.664
564.873
565.123
565.624
566.082
566.583
566.833
567.042
567.542
568.043
568.501
568.752
569.002
569.502
569.961
570.462
570.670
570.921
571.421
571.880
572.380
572.839
573.340
573.840
574.341
574.799
575.300
575.759
576.259
576.718
577.218
577.677
578.178
578.678
579.179
579.638
580.096
580.597
581.056
581.556
582.057
582.515
583.016
583.516
583.975
584.476
584.935
585.435
585.894
586.394
586.853
587.145
587.854
588.063
588.813
589.064
589.773
590.023
590.732
590.982
591.691
591.942
592.692
592.901
593.652
593.860
594.611
594.861
595.570
595.820
596.529
596.780
597.530
597.739
598.490
598.698
599.449
599.699
600.408
600.659
601.368
601.618
602.369
602.577
603.328
603.536
604.287
604.537
605.246
605.497
606.206
606.456
607.207
607.415
608.166
608.375
609.125
609.376
610.085
610.335
611.044
611.294
612.003
612.253
612.963
613.213
613.922
614.214
614.923
615.173
617.801
618.051
618.301
618.760
619.010
619.260
619.719
619.969
620.220
620.720
620.929
621.221
621.680
621.930
622.180
622.639
622.889
623.139
623.598
623.848
624.099
624.557
624.808
625.058
625.558
625.767
626.059
626.518
626.726
626.977
627.477
627.727
627.936
628.436
628.687
628.937
629.396
629.646
629.896
630.397
630.605
630.855
631.356
631.564
631.815
632.315
632.565
632.774
633.274
633.525
633.733
634.234
634.484
634.734
635.235
635.443
635.694
636.194
636.403
636.653
637.153
637.404
637.612
638.113
638.363
638.571
639.072
639.322
639.572
640.073
640.281
640.532
641.032
641.241
641.491
641.950
642.242
642.450
642.951
643.201
643.410
643.910
644.160
644.411
644.869
645.120
645.370
645.829
646.079
646.329
646.788
647.080
647.288
647.747
648.039
648.248
664.222
664.681
665.181
665.640
666.141
666.599
667.100
667.600
668.101
668.560
669.060
669.519
670.020
670.478
670.979
671.438
671.938
672.439
672.897
673.398
673.857
674.357
674.816
675.316
675.817
676.067
676.276
676.526
676.776
677.026
677.277
677.485
677.736
677.986
678.236
678.445
678.695
678.945
679.195
679.446
679.654
679.904
680.155
680.613
680.864
681.114
681.614
681.823
682.115
682.574
682.824
683.074
683.533
683.783
684.034
684.492
684.743
684.993
685.452
685.702
685.952
686.453
686.661
686.953
687.412
687.620
687.871
688.371
688.621
688.830
689.330
689.581
689.831
690.290
690.540
690.790
691.291
691.499
691.750
692.250
692.459
692.709
693.209
693.460
693.668
694.169
694.419
694.627
695.128
695.378
695.628
696.129
696.337
696.588
697.088
697.297
697.547
698.048
698.298
698.506
699.007
699.257
699.466
699.966
700.216
700.467
700.967
701.176
701.426
701.926
702.135
702.385
702.844
703.136
703.344
703.845
704.095
704.304
704.804
705.055
705.305
705.764
706.014
706.264
706.723
706.973
707.223
707.682
707.974
708.183
708.641
708.933
709.142
709.642
709.893
710.143
710.602
710.852
711.102
711.561
711.811
712.062
712.520
712.771
713.021
713.480
713.730
713.980
714.481
714.689
714.981
715.440
715.648
715.940
716.399
716.649
716.900
717.358
717.609
717.859
718.318
718.568
718.818
719.319
719.527
719.778
720.278
720.487
720.737
721.237
721.488
721.696
722.197
722.447
722.655
723.156
723.406
723.656
724.157
724.365
724.616
725.116
725.325
725.575
795.645
796.104
796.563
797.021
797.480
797.897
798.398
798.815
799.274
799.732
800.191
800.608
801.067
801.526
801.985
802.443
802.902
803.361
803.778
804.237
804.696
805.155
805.572
806.072
806.489
806.948
807.407
807.866
808.324
808.741
809.242
809.659
810.118
810.577
811.035
811.452
811.911
812.370
812.829
813.288
813.746
814.205
814.622
815.081
815.540
815.999
816.416
816.916
817.333
817.792
818.251
818.710
819.127
819.586
820.086
820.503
820.962
821.421
821.880
822.297
822.755
823.214
823.673
824.090
824.591
825.008
825.466
825.925
826.384
826.843
827.260
827.760
828.178
828.636
829.095
829.554
829.971
830.430
830.889
831.347
831.806
832.265
832.724
833.141
833.600
834.058
834.517
834.934
835.435
835.852
836.311
836.769
837.228
837.645
838.104
838.605
839.022
839.480
839.939
840.398
840.815
841.274
841.733
842.191
842.650
843.109
843.526
843.985
844.444
844.903
845.361
845.778
846.279
846.696
847.155
847.614
848.072
848.489
848.948
849.407
849.866
850.325
850.783
851.242
851.659
852.118
852.577
853.036
867.967
868.384
868.843
869.177
869.510
869.969
870.303
870.637
870.970
871.304
871.554
872.013
872.472
872.805
873.139
873.598
873.932
874.265
874.599
874.933
875.141
875.642
876.059
876.392
876.726
877.185
877.518
877.852
878.186
878.561
878.770
879.229
879.687
880.021
880.355
880.813
881.147
881.481
881.814
882.148
882.398
882.815
883.316
883.733
884.192
884.651
885.109
885.526
885.985
886.486
886.903
887.362
887.820
888.279
888.696
889.155
889.614
890.073
890.531
890.990
891.407
891.866
892.325
892.784
893.243
893.660
894.160
894.577
895.036
895.495
895.954
896.371
896.829
897.288
897.747
898.206
898.665
899.123
899.540
899.999
900.458
900.917
901.334
901.834
902.252
902.710
903.169
903.628
904.087
904.504
905.004
905.421
905.880
906.339
906.798
907.215
907.674
908.132
908.591
909.050
909.509
909.968
910.385
910.843
911.302
911.761
912.178
912.679
913.096
913.554
914.013
914.472
914.889
915.348
915.848
916.266
916.724
917.183
917.642
918.059
918.518
918.977
919.435
919.894
920.353
920.770
921.229
921.688
922.146
922.605
923.022
923.523
923.940
924.399
924.857
925.316
925.733
926.192
926.651
927.110
927.568
928.027
928.486
928.903
929.362
929.821
930.280
930.697
931.197
931.614
932.073
932.532
932.991
933.408
933.866
934.367
934.784
935.243
935.702
936.160
936.577
937.036
937.495
937.954
938.413
938.871
939.289
939.747
939.998
940.206
940.415
940.665
940.873
941.124
941.332
941.541
941.791
942.041
942.250
942.458
942.709
942.917
943.167
943.376
943.584
943.835
944.252
944.711
945.044
945.378
945.878
946.212
946.546
946.879
947.213
947.422
947.880
948.339
948.673
949.048
949.465
949.799
950.133
950.508
950.842
951.050
951.509
951.968
952.302
952.635
953.094
953.428
953.761
954.095
954.429
954.679
955.096
955.555
955.888
956.222
956.723
957.056
957.390
957.724
958.057
958.266
958.725
959.183
959.517
959.851
960.310
960.643
960.977
961.311
961.686
961.894
962.353
962.770
963.146
963.479
963.896
964.272
964.605
964.939
965.273
965.523
965.940
966.399
966.733
967.066
967.567
967.900
968.234
968.568
968.901
969.110
969.569
970.028
970.361
970.695
971.154
971.487
971.821
972.155
972.488
972.739
973.197
973.614
974.073
974.532
974.991
975.450
975.908
976.367
976.784
977.243
977.702
978.161
978.578
979.078
979.495
979.954
980.413
980.872
981.331
981.748
982.248
982.665
983.124
983.583
984.042
984.459
984.917
985.376
985.835
986.294
986.753
987.170
987.628
988.087
988.546
989.005
989.422
989.922
990.340
990.798
991.257
991.716
992.133
992.592
993.092
993.509
993.968
994.427
994.886
995.303
995.762
996.220
996.679
997.138
997.597
998.014
998.473
998.931
999.390
999.849
1000.266
1000.767
1016.115
1016.532
1016.991
1017.450
1017.909
1018.368
1018.785
1019.285
1019.702
1020.161
1020.620
1021.079
1021.496
1021.954
1022.413
1022.872
1023.331
1023.790
1024.248
1024.665
1025.124
1025.583
1026.042
1026.459
1026.959
1027.377
1027.835
1028.294
1028.753
1029.212
1029.629
1030.129
1030.546
1031.005
1031.464
1031.923
1032.340
1032.799
1033.257
1033.716
1034.175
1034.634
1035.093
1035.510
1035.968
1036.427
1036.886
1037.303
1037.804
1038.221
1038.679
1039.138
1039.597
1040.014
1040.473
1040.932
1041.391
1041.849
1042.308
1042.767
1043.184
1043.643
1044.102
1044.560
1044.977
1045.478
1045.895
1046.354
1046.813
1047.271
1047.730
1048.147
1048.648
1049.065
1049.524
1049.982
1050.441
1050.858
1051.317
1051.776
1052.235
1052.693
1053.152
1053.611
1054.028
1054.487
1054.946
1055.405
1055.822
1056.072
1056.322
1056.531
1056.739
1056.989
1057.198
1057.448
1057.657
1057.865
1058.116
1058.324
1058.533
1058.783
1058.991
1059.242
1059.492
1059.909
1060.368
1060.701
1061.035
1061.494
1061.828
1062.161
1062.495
1062.829
1063.079
1063.538
1063.996
1064.330
1064.664
1065.123
1065.456
1065.790
1066.124
1066.457
1066.666
1067.166
1067.583
1067.917
1068.292
1068.709
1069.043
1069.377
1069.752
1070.086
1070.294
1070.753
1071.212
1071.546
1071.879
1072.338
1072.672
1073.005
1073.339
1073.673
1073.923
1074.340
1074.841
1075.174
1075.508
1075.967
1076.300
1076.634
1076.968
1077.301
1077.510
1078.010
1078.428
1078.761
1079.095
1079.554
1079.887
1080.221
1080.555
1080.930
1081.139
1081.597
1082.056
1082.390
1082.723
1083.182
1083.516
1083.850
1084.183
1084.517
1084.767
1085.184
1085.685
1086.018
1086.352
1086.811
1087.145
1087.478
1087.812
1088.146
1088.354
1088.813
1089.272
1089.605
1089.939
1090.398
1090.731
1091.065
1091.399
1091.732
1091.983
1092.442
1092.900
1093.234
1093.568
1094.026
1094.360
1094.694
1095.027
1095.361
1095.611
1096.028
1096.529
1096.863
1097.196
1097.613
1097.989
1098.322
1098.656
1098.990
1099.198
1099.657
1100.116
1100.450
1100.783
1101.242
1101.576
1101.909
1102.243
1102.577
1102.827
1103.286
1103.703
1104.078
1104.412
1104.871
1105.204
1105.538
1105.872
1106.205
1106.414
1106.873
1107.373
1107.707
1108.040
1108.458
1108.833
1109.167
1109.500
1109.834
1110.042
1110.501
1110.960
1111.294
1111.627
1112.086
1112.420
1112.753
1113.087
1113.421
1113.671
1114.130
1114.547
1114.881
1115.256
1115.715
1116.048
1116.382
1116.716
1117.049
1117.258
1117.717
1118.176
1118.551
1118.885
1119.302
1119.635
1120.011
1120.344
1120.678
1120.887
1121.345
1121.804
1122.138
1122.472
1122.930
1123.264
1123.598
1123.931
1124.265
1124.515
1124.974
1125.391
1125.725
1126.100
1126.559
1126.893
1127.226
1127.560
1127.894
1128.102
1128.561
1129.020
1129.395
1129.729
1130.146
1130.480
1130.855
1131.189
1131.522
1131.731
1132.190
1132.648
1132.982
1133.316
1133.774
1134.108
1134.442
1134.775
1135.109
1135.359
1135.776
1136.235
1136.569
1136.903
1137.403
1137.737
1138.070
1138.404
1138.738
1138.946
1139.405
1139.864
1140.198
1140.573
1140.990
1141.324
1141.657
1142.033
1142.366
1142.575
1143.034
1143.493
1143.826
1144.160
1144.619
1144.952
1145.286
1145.620
1145.953
1146.204
1146.621
1147.079
1147.538
1147.997
1148.456
1148.915
1149.373
1149.790
1150.249
1150.708
1151.167
1151.584
1152.084
1152.502
1152.960
1153.419
1153.878
1154.295
1154.754
1155.254
1155.671
1156.130
1156.589
1157.048
1157.465
1157.924
1158.382
1158.841
1159.300
1159.759
1160.176
1160.635
1161.093
1161.552
1162.011
1162.428
1162.929
1163.346
1163.804
1164.263
1164.722
1165.139
1165.598
1166.057
1166.516
1166.974
1167.433
1167.892
1168.309
1168.768
1169.227
1169.685
1170.102
1170.603
1171.020
1171.479
1171.938
1172.396
1172.855
1173.272
1173.773
1174.190
1174.649
1203.553
1204.011
1204.470
1204.929
1205.346
1205.805
1206.264
1206.722
1207.181
1207.640
1208.057
1208.516
1208.975
1209.433
1209.892
1210.309
1210.810
1211.227
1211.686
1212.144
1212.603
1213.020
1213.479
1213.938
1214.397
1214.855
1215.314
1215.773
1216.190
1216.649
1217.108
1217.567
1217.984
1218.484
1218.901
1219.360
1219.819
1220.278
1220.736
1221.153
1221.654
1222.071
1222.530
1222.989
1223.447
1223.864
1224.323
1224.782
1225.241
1225.700
1226.158
1226.617
1227.034
1227.493
1227.952
1228.411
1228.828
1229.328
1229.745
1230.204
1230.663
1231.122
1231.539
1231.998
1232.498
1232.915
1233.165
1233.374
1233.583
1233.833
1234.292
1234.709
1234.959
1235.167
1235.418
1235.626
1236.085
1236.544
1236.752
1237.003
1237.211
1237.420
1237.878
1238.337
1238.546
1238.796
1239.005
1239.255
1239.672
1240.172
1240.381
1240.590
1240.840
1241.048
1241.507
1241.966
1242.174
1242.383
1242.633
1242.842
1243.301
1243.759
1244.010
1244.218
1244.427
1244.677
1245.136
1245.553
1245.803
1246.012
1246.220
1246.470
1246.929
1247.346
1247.847
1248.264
1248.723
1249.181
1249.640
1250.057
1250.516
1251.017
1251.434
1251.892
1252.351
1252.810
1253.227
1253.686
1254.145
1254.603
1255.062
1255.521
1255.938
1256.397
1256.856
1257.315
1257.773
1258.190
1258.691
1259.108
1259.567
1260.026
1260.484
1260.901
1261.360
1261.819
1262.278
1262.737
1263.195
1263.654
1264.071
1264.530
1264.989
1265.448
1265.865
1266.365
1266.782
1267.241
1267.700
1268.159
1268.618
1269.035
1269.535
1269.952
1270.411
1270.870
1271.329
1271.746
1272.204
1272.663
1273.122
1273.581
1274.040
1274.498
1274.915
1275.374
1275.833
1276.292
1276.709
1277.209
1277.627
1278.085
1278.544
1279.003
1279.420
1279.879
1280.379
1280.796
1281.255
1281.714
1282.173
1282.590
1283.049
1283.507
1283.966
1284.425
1284.884
1285.301
1285.760
1286.218
1286.677
1287.136
1287.553
1288.054
1288.471
1288.929
1289.388
1289.847
1290.264
1290.514
1290.723
1290.973
1291.182
1291.390
1291.641
1292.099
1292.308
1292.558
1292.767
1293.017
1293.225
1293.434
1293.893
1294.101
1294.352
1294.560
1294.810
1295.019
1295.227
1295.728
1295.936
1296.145
1296.395
1296.604
1296.854
1297.063
1297.521
1297.730
1297.980
1298.189
1298.397
1298.648
1298.898
1299.315
1299.565
1299.774
1299.982
1300.232
1300.441
1300.691
1301.108
1301.359
1301.567
1301.817
1302.026
1302.234
1302.485
1302.943
1303.152
1303.402
1303.611
1303.819
1304.070
1304.278
1319.210
1319.435
1319.661
1320.112
1320.337
1320.563
1321.014
1321.240
1321.465
1321.916
1322.142
1322.367
1322.818
1323.044
1323.269
1323.720
1323.946
1324.171
1324.623
1324.848
1325.074
1325.525
1325.750
1325.976
1326.427
1326.652
1326.878
1327.329
1327.554
1327.780
1328.231
1328.457
1328.682
1329.133
1329.359
1329.584
1330.035
1330.261
1330.486
1330.937
1331.163
1331.389
1333.641
1333.867
1334.092
1334.318
1334.544
1334.769
1334.995
1335.221
1335.447
1335.672
1335.898
1336.124
1336.349
1336.575
1336.801
1337.027
1337.252
1337.478
1337.704
1337.929
1338.155
1338.381
1338.607
1338.832
1339.058
1339.284
1339.509
1339.735
1339.961
1340.187
1340.412
1340.638
1340.864
1341.089
1341.315
1341.541
1341.767
1341.992
1342.218
1342.444
1342.669
1342.895
1343.121
1343.347
1343.572
1343.798
1344.024
1344.249
1344.475
1344.701
1344.927
1345.152
1345.378
1345.604
1345.829
1346.055
1346.281
1346.507
1346.732
1346.958
1347.184
1347.409
1347.635
1347.861
1348.087
1348.312
1348.538
1348.764
1348.989
1349.215
1349.441
1349.667
1349.892
1350.118
1350.344
1350.569
1350.795
1351.021
1351.247
1351.472
1351.698
1351.924
1352.149
1352.375
1352.601
1352.827
1353.052
1353.278
1353.504
1353.729
1353.955
1354.181
1354.407
1354.632
1354.858
1355.084
1355.309
1355.535
1355.761
1355.987
1356.212
1356.438
1356.664
1356.889
1357.115
1357.341
1357.567
1357.792
1358.018
1358.244
1358.470
1358.695
1358.921
1359.147
1359.372
1359.598
1359.824
1360.050
1360.275
1360.501
1360.727
1360.952
1361.178
1361.404
1361.630
1361.855
1362.081
1362.307
1362.532
1362.758
1362.984
1363.210
1363.435
1363.661
1363.887
1364.112
1364.338
