167.840
168.340
168.840
169.340
169.840
170.340
170.840
171.340
171.840
172.340
172.840
173.340
173.840
174.340
174.840
175.340
175.840
176.340
176.840
177.340
177.840
178.340
178.840
179.340
179.840
180.340
180.840
181.340
181.840
182.340
182.840
183.340
183.840
184.340
184.840
185.340
185.840
186.340
186.840
187.340
187.840
188.340
188.840
189.340
189.840
190.340
190.840
191.340
191.840
192.340
192.840
193.340
193.840
194.340
194.840
195.340
195.840
196.340
196.840
197.340
197.840
198.340
198.840
199.340
199.840
200.340
200.840
201.340
201.840
202.340
202.840
203.090
203.340
203.840
204.090
204.340
204.840
205.090
205.340
205.840
206.090
206.340
206.840
207.090
207.340
207.840
208.090
208.340
208.840
209.090
209.340
209.840
210.090
210.340
210.840
211.090
211.340
211.840
212.090
212.340
212.840
213.090
213.340
213.840
214.090
214.340
214.840
215.090
215.340
215.840
216.090
216.340
216.840
217.090
217.340
217.840
218.090
218.340
218.840
219.090
219.340
219.590
219.840
220.090
220.340
220.590
220.840
221.090
221.340
221.590
221.840
222.090
222.340
222.590
222.840
223.090
223.340
223.590
223.840
224.090
224.340
224.590
224.840
225.090
225.340
225.590
225.840
226.090
226.340
226.590
226.840
227.090
227.340
227.590
227.840
228.090
228.340
228.590
228.840
229.090
229.340
229.590
229.840
230.090
230.340
230.590
230.840
231.090
231.340
231.590
231.840
232.090
232.340
232.590
232.840
233.090
233.340
233.590
233.840
234.090
234.340
234.590
234.840
235.340
235.840
236.340
236.840
237.340
237.840
238.340
238.840
239.340
239.840
240.340
240.840
241.340
241.840
242.340
242.840
243.340
243.840
244.340
244.840
245.340
245.840
246.340
246.840
247.340
247.840
248.340
248.840
249.340
249.840
250.340
250.840
251.090
251.340
251.840
252.340
252.840
253.090
253.340
253.840
254.340
254.840
255.090
255.340
255.840
256.340
256.840
257.090
257.340
257.840
258.340
258.840
259.090
259.340
259.840
260.340
260.840
261.090
261.340
261.840
262.340
262.840
263.090
263.340
263.840
264.340
264.840
265.090
265.340
265.840
266.340
266.840
267.090
267.340
267.840
268.090
268.340
268.840
269.090
269.340
269.840
270.090
270.340
270.840
271.090
271.340
271.840
272.090
272.340
272.840
273.090
273.340
273.840
274.090
274.340
274.840
275.090
275.340
275.840
276.090
276.340
276.840
277.090
277.340
277.840
278.090
278.340
278.840
279.090
279.340
279.840
280.090
280.340
280.840
281.090
281.340
281.840
282.090
282.340
282.840
283.090
283.340
283.590
283.840
284.090
284.340
284.590
284.840
285.090
285.340
285.590
285.840
286.090
286.340
286.590
286.840
287.090
287.340
287.590
287.840
288.090
288.340
288.590
288.840
289.090
289.340
289.590
289.840
290.090
290.340
290.590
290.840
291.090
291.340
291.590
291.840
292.090
292.340
292.590
292.840
293.090
293.340
293.590
293.840
294.090
294.340
294.590
294.840
295.090
295.340
295.590
295.840
296.090
296.340
296.590
296.840
297.090
297.340
297.590
297.840
298.090
298.340
298.590
298.840
299.090
299.340
299.590
299.840
300.090
300.340
300.590
300.840
301.090
301.340
301.590
301.840
302.090
302.340
302.590
302.840
303.090
303.340
303.590
303.840
304.090
304.340
304.590
304.840
305.090
305.340
305.590
305.840
306.090
306.340
306.590
306.840
307.090
307.340
307.590
307.840
308.090
308.340
308.590
308.840
309.090
309.340
309.590
309.840
310.090
310.340
310.590
310.840
311.090
311.340
311.590
311.840
312.090
312.340
312.590
312.840
313.090
313.340
313.590
313.840
314.090
314.340
314.590
314.840
315.340
315.840
316.340
316.840
317.340
317.840
318.340
318.840
319.340
319.840
320.340
320.840
321.340
321.840
322.340
322.840
323.340
323.840
324.340
324.840
325.340
325.840
326.340
326.840
327.340
327.840
328.340
328.840
329.340
329.840
330.340
330.840
331.090
331.340
331.840
332.090
332.340
332.840
333.090
333.340
333.840
334.090
334.340
334.840
335.090
335.340
335.840
336.090
336.340
336.840
337.090
337.340
337.840
338.090
338.340
338.840
339.090
339.340
339.840
340.090
340.340
340.840
341.090
341.340
341.840
342.090
342.340
342.840
343.090
343.340
343.840
344.090
344.340
344.840
345.090
345.340
345.840
346.090
346.340
346.840
347.090
347.340
347.590
347.839
348.089
348.339
348.589
348.839
349.089
349.339
349.589
349.838
350.088
350.338
350.588
350.838
351.088
351.338
351.587
351.837
352.087
352.337
352.587
352.837
353.087
353.337
353.586
353.836
354.086
354.336
354.586
354.836
355.086
355.336
355.585
355.835
356.085
356.335
356.585
356.835
357.085
357.334
357.584
357.834
358.084
358.334
358.584
358.834
359.084
359.333
359.583
359.833
360.083
360.333
360.583
360.833
361.082
361.332
361.582
361.832
362.082
362.332
362.582
362.832
363.081
363.331
363.581
363.831
364.081
364.331
364.581
364.830
365.080
365.330
365.580
365.830
366.080
366.330
366.580
366.829
367.079
367.329
367.579
367.829
368.079
368.329
368.578
368.828
369.078
369.328
369.578
369.828
370.078
370.328
370.577
370.827
371.077
371.327
371.577
371.827
372.077
372.327
372.576
372.826
373.076
373.326
373.576
373.826
374.076
374.325
374.575
374.825
375.075
375.325
375.575
375.825
376.075
376.324
376.574
376.824
377.074
377.324
377.574
377.824
378.073
378.323
378.573
378.823
418.880
419.421
419.963
420.504
421.045
421.586
422.128
422.669
423.210
423.751
424.293
424.834
425.375
425.916
426.458
426.999
427.540
428.081
428.623
429.164
429.705
430.246
430.788
431.329
431.870
432.411
432.953
433.494
434.035
434.576
435.118
435.659
436.200
436.470
436.740
437.280
437.550
437.820
438.360
438.630
438.900
439.440
439.710
439.980
440.520
440.790
441.060
441.600
441.870
442.140
442.680
442.950
443.220
443.760
444.030
444.300
444.840
445.110
445.380
445.920
446.190
446.460
447.000
447.270
447.540
448.080
448.350
448.620
449.160
449.430
449.700
450.240
450.510
450.780
451.320
451.590
451.860
452.400
452.670
452.940
453.480
453.750
454.020
454.290
454.560
455.100
455.640
455.910
456.180
456.450
456.720
457.260
457.800
458.070
458.340
458.610
458.880
459.420
459.960
460.230
460.500
460.770
461.040
461.580
462.120
462.390
462.660
462.930
463.200
463.740
464.280
464.550
464.820
465.090
465.360
465.900
466.440
466.710
466.980
467.250
467.520
468.060
468.600
468.870
469.140
469.410
469.680
470.220
470.760
472.920
473.191
473.461
473.732
474.003
474.274
474.544
474.815
475.086
475.356
475.627
475.898
476.169
476.439
476.710
476.981
477.251
477.522
477.793
478.064
478.334
478.605
478.876
479.146
479.417
479.688
479.959
480.229
480.500
480.771
481.041
481.312
481.583
481.854
482.124
482.395
482.666
482.936
483.207
483.478
483.749
484.019
484.290
484.561
484.831
485.102
485.373
485.644
485.914
486.185
486.456
486.726
486.997
487.268
487.539
487.809
488.080
490.240
490.781
491.323
491.864
492.405
492.946
493.488
494.029
494.570
495.111
495.653
496.194
496.735
497.276
497.818
498.359
498.900
499.441
499.983
500.524
501.065
501.606
502.148
502.689
503.230
503.771
504.313
504.854
505.395
505.936
506.478
507.019
507.560
507.830
508.100
508.370
508.640
509.180
509.720
509.990
510.260
510.530
510.800
511.340
511.880
512.150
512.420
512.690
512.960
513.500
514.040
514.310
514.580
514.850
515.120
515.660
516.200
516.470
516.740
517.010
517.280
517.820
518.360
518.630
518.900
519.170
519.440
519.980
520.520
520.790
521.060
521.330
521.600
522.140
522.680
522.950
523.220
523.490
523.760
524.300
524.840
527.000
527.270
527.541
527.811
528.081
528.352
528.622
528.892
529.163
529.433
529.703
529.973
530.244
530.514
530.784
531.055
531.325
531.595
531.866
532.136
532.406
532.677
532.947
533.217
533.488
533.758
534.028
534.298
534.569
534.839
535.109
535.380
535.650
535.920
536.191
536.461
536.731
537.002
537.272
537.542
537.813
538.083
538.353
538.623
538.894
539.164
539.434
539.705
539.975
540.245
540.516
540.786
541.056
541.327
541.597
541.867
542.138
542.408
542.678
542.948
543.219
543.489
543.759
544.030
544.300
544.570
544.841
545.111
545.381
545.652
545.922
546.192
546.463
546.733
547.003
547.273
547.544
547.814
548.084
548.355
548.625
548.895
549.166
549.436
549.706
549.977
550.247
550.517
550.788
551.058
551.328
551.598
551.869
552.139
552.409
552.680
552.950
553.220
553.491
553.761
554.031
554.302
554.572
554.842
555.113
555.383
555.653
555.923
556.194
556.464
556.734
557.005
557.275
557.545
557.816
558.086
558.356
558.627
558.897
559.167
559.438
559.708
559.978
560.248
560.519
560.789
561.059
561.330
561.600
563.760
565.920
568.080
570.240
570.780
571.320
571.860
572.400
572.940
573.480
574.020
574.560
575.100
575.640
576.180
576.720
577.260
577.800
578.340
578.880
581.040
581.310
581.581
581.851
582.121
582.392
582.662
582.932
583.203
583.473
583.743
584.014
584.284
584.554
584.825
585.095
585.365
585.636
585.906
586.176
586.447
586.717
586.987
587.258
587.528
587.798
588.069
588.339
588.609
588.880
589.150
589.420
589.691
589.961
590.231
590.502
590.772
591.042
591.313
591.583
591.853
592.124
592.394
592.664
592.935
593.205
593.475
593.746
594.016
594.286
594.557
594.827
595.097
595.368
595.638
595.908
596.179
596.449
596.719
596.990
597.260
597.530
597.801
598.071
598.341
598.612
598.882
599.152
599.423
599.693
599.963
600.234
600.504
600.774
601.045
601.315
601.585
601.856
602.126
602.396
602.667
602.937
603.207
603.478
603.748
604.018
604.289
604.559
604.829
605.100
605.370
605.640
605.911
606.181
606.451
606.722
606.992
607.262
607.533
607.803
608.073
608.344
608.614
608.884
609.155
609.425
609.695
609.966
610.236
610.506
610.777
611.047
611.317
611.588
611.858
612.128
612.399
612.669
612.939
613.210
613.480
614.020
614.561
615.101
615.641
616.181
616.722
617.262
617.802
618.343
618.883
619.423
619.963
620.504
621.044
621.584
622.125
622.665
623.205
623.745
624.286
624.826
625.366
625.907
626.447
626.987
627.527
628.068
628.608
629.148
629.689
630.229
630.769
631.309
631.850
666.120
666.582
667.043
667.505
667.967
668.428
668.890
669.352
669.813
670.275
670.737
671.198
671.660
672.122
672.583
673.045
673.507
673.968
674.430
674.892
675.353
675.815
676.277
676.738
677.200
677.662
678.123
678.585
679.047
679.508
679.970
680.432
680.893
681.355
681.817
682.278
682.740
683.202
683.663
684.125
684.587
685.048
685.510
685.972
686.433
686.895
687.357
687.818
688.280
688.511
688.742
689.204
689.434
689.665
690.127
690.358
690.589
691.051
691.281
691.512
691.974
692.205
692.436
692.898
693.129
693.359
693.821
694.052
694.283
694.745
694.976
695.206
695.668
695.899
696.130
696.592
696.823
697.054
697.515
697.746
697.977
698.439
698.670
698.901
699.362
699.593
699.824
700.286
700.517
700.748
701.209
701.440
701.671
702.133
702.364
702.595
703.056
703.287
703.518
703.980
704.211
704.442
704.904
705.134
705.365
705.827
706.058
706.289
706.751
706.981
707.212
707.674
707.905
708.136
708.598
708.829
709.059
709.521
709.752
709.983
710.445
710.676
710.906
711.368
711.599
711.830
712.292
712.523
712.754
713.215
713.446
713.677
714.139
714.370
714.601
715.062
715.293
715.524
715.986
716.217
716.448
716.909
717.140
717.371
717.833
718.064
718.295
718.756
718.987
719.218
719.680
719.911
720.142
720.372
720.603
721.065
721.527
721.757
721.988
722.219
722.450
722.912
723.373
723.604
723.835
724.066
724.297
724.758
725.220
725.451
725.682
725.912
726.143
726.605
727.067
727.297
727.528
727.759
727.990
728.452
728.913
729.144
729.375
729.606
729.837
730.298
730.760
730.991
731.222
731.452
731.683
732.145
732.607
732.837
733.068
733.299
733.530
733.992
734.453
734.684
734.915
735.146
735.377
735.838
736.300
736.531
736.762
736.992
737.223
737.685
738.147
738.377
738.608
738.839
739.070
739.532
739.993
740.224
740.455
740.686
740.917
741.378
741.840
742.070
742.300
742.531
742.761
742.991
743.221
743.452
743.682
743.912
744.142
744.372
744.603
744.833
745.063
745.293
745.524
745.754
745.984
746.214
746.444
746.675
746.905
747.135
747.365
747.596
747.826
748.056
748.286
748.516
748.747
748.977
749.207
749.437
749.668
749.898
750.128
750.358
750.588
750.819
751.049
751.279
751.509
751.740
751.970
752.200
752.920
753.148
753.375
753.603
753.831
754.058
754.286
754.514
754.742
754.969
755.197
755.425
755.652
755.880
756.600
756.832
757.063
757.295
757.527
757.758
757.990
758.222
758.453
758.685
758.917
759.148
759.380
759.612
759.843
760.075
760.307
760.538
760.770
761.002
761.233
761.465
761.697
761.928
762.160
762.620
763.080
763.310
763.541
763.771
764.001
764.232
764.462
764.692
764.922
765.153
765.383
765.613
765.844
766.074
766.304
766.535
766.765
766.995
767.225
767.456
767.686
767.916
768.147
768.377
768.607
768.838
769.068
769.298
769.528
769.759
769.989
770.219
770.450
770.680
771.360
771.591
771.823
772.054
772.285
772.516
772.748
772.979
773.210
773.441
773.673
773.904
774.135
774.366
774.598
774.829
775.060
775.291
775.523
775.754
775.985
776.216
776.448
776.679
776.910
777.141
777.373
777.604
777.835
778.066
778.298
778.529
778.760
779.220
779.680
780.140
780.600
781.060
781.520
781.980
782.440
782.900
783.360
783.820
784.280
784.740
785.200
785.660
786.120
786.351
786.582
787.044
787.275
787.506
787.968
788.198
788.429
788.891
789.122
789.353
789.815
790.046
790.277
790.739
790.970
791.201
791.663
791.893
792.124
792.586
792.817
793.048
793.510
793.741
793.972
794.434
794.665
794.896
795.358
795.588
795.819
796.281
796.512
796.743
797.205
797.436
797.667
798.129
798.360
798.591
799.053
799.283
799.514
799.976
800.207
800.438
800.900
801.131
801.362
801.824
802.055
802.286
802.748
802.978
803.209
803.671
803.902
804.133
804.595
804.826
805.057
805.519
805.750
805.981
806.443
806.673
806.904
807.366
807.597
807.828
808.290
808.521
808.752
809.214
809.445
809.676
810.138
810.368
810.599
811.061
811.292
811.523
811.985
812.216
812.447
812.909
813.140
813.371
813.833
814.063
814.294
814.756
814.987
815.218
815.680
815.911
816.142
816.372
816.603
817.065
817.526
817.757
817.988
818.218
818.449
818.911
819.372
819.603
819.834
820.064
820.295
820.757
821.218
821.449
821.680
821.910
822.141
822.603
823.064
823.295
823.526
823.756
823.987
824.449
824.910
825.141
825.372
825.602
825.833
826.295
826.756
826.987
827.218
827.448
827.679
828.141
828.602
828.833
829.064
829.294
829.525
829.987
830.448
830.679
830.910
831.140
831.371
831.833
832.294
832.525
832.756
832.986
833.217
833.679
834.140
834.371
834.602
834.832
835.063
835.525
835.986
836.217
836.448
836.678
836.909
837.371
837.832
838.063
838.294
838.524
838.755
839.217
839.678
839.909
840.140
840.370
840.601
841.063
841.524
841.755
841.986
842.216
842.447
842.909
843.370
843.601
843.832
844.062
844.293
844.755
845.216
845.447
845.678
845.908
846.139
846.601
847.062
847.293
847.524
847.754
847.985
848.447
848.908
849.139
849.370
849.600
849.831
850.293
850.754
850.985
851.216
851.446
851.677
852.139
852.600
852.830
853.060
853.290
853.520
853.750
853.980
854.210
854.440
854.670
854.900
855.130
855.360
855.590
855.820
856.050
856.280
856.405
856.530
856.654
856.779
856.904
857.029
857.153
857.278
857.403
857.528
857.653
857.777
857.902
858.027
858.152
859.520
860.000
860.125
860.251
860.376
860.502
860.627
860.753
860.878
861.003
861.129
861.254
861.380
861.505
861.631
861.756
861.882
862.007
862.132
862.258
862.383
862.509
862.634
862.760
862.885
863.010
863.136
863.261
863.387
863.512
863.638
863.763
863.888
864.014
864.139
864.265
864.390
864.516
864.641
864.767
864.892
865.017
865.143
865.268
865.394
865.519
865.645
865.770
865.895
866.021
866.146
866.272
866.397
866.523
866.648
866.773
866.899
867.024
867.150
867.275
867.401
867.526
867.651
867.777
867.902
868.028
868.153
868.279
868.404
868.530
868.655
868.780
868.906
869.031
869.157
869.282
869.408
869.533
869.658
869.784
869.909
870.035
870.160
870.286
870.411
870.536
870.662
870.787
870.913
871.038
871.164
871.289
871.415
871.540
871.665
871.791
871.916
872.042
872.167
872.293
872.418
872.543
872.669
872.794
872.920
873.380
873.840
874.070
874.300
874.530
874.760
874.884
875.008
875.131
875.255
875.379
875.503
875.626
875.750
875.874
875.998
876.121
876.245
876.369
876.493
876.617
876.740
876.864
876.988
877.112
877.235
877.359
877.483
877.607
877.731
877.854
877.978
878.102
878.226
878.349
878.473
878.597
878.721
878.844
878.968
879.092
879.216
879.340
879.463
879.587
879.711
879.835
879.958
880.082
880.206
880.330
880.453
880.577
880.701
880.825
880.949
881.072
881.196
881.320
881.444
881.567
881.691
881.815
881.939
882.063
882.186
882.310
882.434
882.558
882.681
882.805
882.929
883.053
883.176
883.300
883.424
883.548
883.672
883.795
883.919
884.043
884.167
884.290
884.414
884.538
884.662
884.785
884.909
885.033
885.157
885.281
885.404
885.528
885.652
885.776
885.899
886.023
886.147
886.271
886.395
886.518
886.642
886.766
886.890
887.013
887.137
887.261
887.385
887.508
887.632
887.937
888.167
888.398
888.629
888.859
889.090
889.321
889.551
889.782
890.013
890.243
890.474
890.705
890.935
891.166
891.397
891.627
891.858
892.089
892.319
892.550
892.781
893.011
893.242
893.473
893.703
893.934
894.165
894.395
894.626
894.857
895.087
895.318
895.549
895.779
896.010
896.241
896.471
896.702
896.933
897.163
897.394
897.625
897.855
898.086
898.317
898.547
898.778
899.009
899.239
899.470
899.701
899.931
900.162
900.393
900.623
900.854
901.085
901.315
901.546
901.777
902.007
902.238
902.469
902.699
902.930
903.161
903.391
903.622
903.853
904.083
904.314
904.545
904.775
905.006
905.237
905.467
905.698
905.929
906.159
906.390
906.621
906.851
907.082
907.313
907.543
907.774
908.005
908.235
908.466
908.697
908.927
909.158
909.389
940.120
940.589
941.058
941.527
941.997
942.466
942.935
943.404
943.873
944.342
944.812
945.281
945.750
946.219
946.688
947.157
947.627
948.096
948.565
949.034
949.503
949.972
950.442
950.911
951.380
951.849
952.318
952.787
953.257
953.726
954.195
954.664
955.133
955.602
956.072
956.541
957.010
957.479
957.948
958.417
958.887
959.356
959.825
960.294
960.763
961.232
961.702
962.171
962.640
962.874
963.109
963.578
963.812
964.046
964.515
964.750
964.984
965.453
965.687
965.922
966.390
966.625
966.859
967.328
967.562
967.797
968.266
968.500
968.734
969.203
969.438
969.672
970.141
970.375
970.610
971.078
971.313
971.547
972.016
972.250
972.485
972.954
973.188
973.422
973.891
974.126
974.360
974.829
975.063
975.298
975.766
976.001
976.235
976.704
976.938
977.173
977.642
978.578
979.515
980.451
981.388
982.324
983.261
984.197
985.134
986.070
987.007
987.943
988.880
989.350
989.820
990.290
990.760
991.230
991.700
992.170
992.640
992.874
993.109
993.343
993.577
993.811
994.046
994.280
994.514
994.749
994.983
995.217
995.451
995.686
995.920
996.154
996.389
996.623
996.857
997.091
997.326
997.560
997.794
998.029
998.263
998.497
998.731
998.966
999.200
999.434
999.669
999.903
1000.137
1000.371
1000.606
1000.840
1001.074
1001.309
1001.543
1001.777
1002.011
1002.246
1002.480
1002.714
1002.949
1003.183
1003.417
1003.651
1003.886
1004.120
1004.354
1004.589
1004.823
1005.057
1005.291
1005.526
1005.760
1007.600
1008.070
1008.540
1009.010
1009.480
1009.950
1010.420
1010.890
1011.360
1011.830
1012.300
1012.770
1013.240
1013.710
1014.180
1014.650
1015.120
1015.590
1016.060
1016.530
1017.000
1017.470
1017.940
1018.410
1018.880
1019.350
1019.820
1020.290
1020.760
1022.600
1022.835
1023.070
1023.305
1023.540
1024.010
1024.480
1024.715
1024.950
1025.185
1025.420
1025.890
1026.360
1026.595
1026.830
1027.065
1027.300
1027.770
1028.240
1028.475
1028.710
1028.945
1029.180
1029.650
1030.120
1030.355
1030.590
1030.825
1031.060
1031.530
1032.000
1032.235
1032.470
1032.705
1032.940
1033.410
1033.880
1034.115
1034.350
1034.585
1034.820
1035.290
1035.760
1035.995
1036.230
1036.465
1036.700
1037.170
1037.640
1038.575
1039.510
1040.445
1041.380
1042.315
1043.250
1044.185
1045.120
1045.588
1046.055
1046.523
1046.990
1047.458
1047.925
1048.393
1048.860
1049.328
1049.795
1050.263
1050.730
1051.198
1051.665
1052.133
1052.600
1052.835
1053.070
1053.305
1053.540
1053.775
1054.010
1054.245
1054.480
1054.715
1054.950
1055.185
1055.420
1055.655
1055.890
1056.125
1056.360
1056.595
1056.830
1057.065
1057.300
1057.535
1057.770
1058.005
1058.240
1058.475
1058.710
1058.945
1059.180
1059.415
1059.650
1059.885
1060.120
1060.355
1060.590
1060.825
1061.060
1061.295
1061.530
1061.765
1062.000
1062.235
1062.470
1062.705
1062.940
1063.175
1063.410
1063.645
1063.880
1064.115
1064.350
1064.585
1064.820
1065.055
1065.290
1065.525
1065.760
1067.600
1069.480
1071.360
1073.240
1075.120
1075.590
1076.060
1076.530
1077.000
1077.470
1077.940
1078.410
1078.880
1079.115
1079.350
1079.585
1079.820
1080.055
1080.290
1080.525
1080.760
1080.995
1081.230
1081.465
1081.700
1081.935
1082.170
1082.405
1082.640
1083.577
1084.514
1085.451
1086.389
1087.326
1088.263
1089.200
1090.137
1091.074
1092.011
1092.949
1093.886
1094.823
1095.760
1096.228
1096.696
1097.164
1097.632
1098.100
1098.568
1099.036
1099.504
1099.972
1100.440
1100.908
1101.376
1101.844
1102.312
1102.780
1103.248
1103.716
1104.184
1104.652
1105.120
1105.355
1105.590
1106.060
1106.295
1106.530
1107.000
1107.235
1107.470
1107.940
1108.175
1108.410
1108.880
1109.115
1109.350
1109.585
1109.820
1110.055
1110.290
1110.525
1110.760
1110.878
1110.996
1111.114
1111.232
1111.349
1111.467
1111.585
1111.703
1111.821
1111.939
1112.057
1112.175
1112.293
1112.410
1112.528
1112.646
1112.764
1112.882
1113.000
1113.118
1113.236
1113.354
1113.472
1113.589
1113.707
1113.825
1113.943
1114.061
1114.179
1114.297
1114.415
1114.533
1114.650
1114.768
1114.886
1115.004
1115.122
1115.240
1115.358
1115.476
1115.594
1115.711
1115.829
1115.947
1116.065
1116.183
1116.301
1116.419
1116.537
1116.655
1116.773
1116.890
1117.008
1117.126
1117.244
1117.362
1117.480
1117.598
1117.716
1117.834
1117.951
1118.069
1118.187
1118.305
1118.423
1118.541
1118.659
1118.777
1118.895
1119.012
1119.130
1119.248
1119.366
1119.484
1119.602
1119.720
1119.838
1119.956
1120.074
1120.191
1120.309
1120.427
1120.545
1120.663
1120.781
1120.899
1121.017
1121.135
1121.252
1121.370
1121.488
1121.606
1121.724
1121.842
1121.960
1122.078
1122.196
1122.313
1122.431
1122.549
1122.667
1122.785
1122.903
1123.021
1123.139
1123.257
1123.374
1123.492
1123.610
1123.728
1123.846
1123.964
1124.082
1124.200
1124.318
1124.436
1124.553
1124.671
1124.789
1124.907
1125.025
1125.143
1125.261
1125.379
1125.497
1125.614
1125.732
1125.850
1125.968
1126.086
1126.204
1126.322
1126.440
1126.558
1126.675
1126.793
1126.911
1127.029
1127.147
1127.265
1127.383
1127.501
1127.619
1127.737
1127.854
1127.972
1128.090
1128.208
1128.326
1128.444
1128.562
1128.680
1128.798
1128.915
1129.033
1129.151
1129.269
1129.387
1129.505
1129.623
1129.741
1129.859
1129.976
1130.094
1130.212
1130.330
1130.448
1130.566
1130.684
1130.802
1130.920
1131.038
1131.155
1131.273
1131.391
1131.509
1131.627
1131.745
1131.863
1131.981
1132.099
1132.216
1132.334
1132.452
1132.570
1132.688
1132.806
1132.924
1133.042
1133.160
1133.277
1133.395
1133.513
1133.631
1133.749
1133.867
1133.985
1134.103
1134.221
1134.339
1134.456
1134.574
1134.692
1134.810
1134.928
1135.046
1135.164
1135.282
1135.400
1135.517
1135.635
1135.753
1135.871
1135.989
1136.107
1136.225
1136.343
1136.461
1136.578
1136.696
1136.814
1136.932
1137.050
1137.168
1137.286
1137.404
1137.522
1137.639
1137.757
1137.875
1137.993
1138.111
1138.229
1138.347
1138.465
1138.583
1138.701
1138.818
1138.936
1139.054
1139.172
1139.290
1139.408
1139.526
1139.644
1139.762
1139.879
1139.997
1140.115
1140.233
1140.351
1140.469
1140.587
1140.705
1140.823
1140.940
1141.058
1141.176
1141.294
1141.412
1141.530
1141.648
1141.766
1141.884
1142.002
1142.119
1142.237
1142.355
1142.473
1142.591
1142.709
1142.827
1142.945
1143.063
1179.840
1180.295
1180.750
1181.205
1181.660
1182.115
1182.570
1183.025
1183.480
1183.935
1184.390
1184.845
1185.300
1185.755
1186.210
1186.665
1187.120
1187.575
1188.030
1188.485
1188.940
1189.395
1189.850
1190.305
1190.760
1191.215
1191.670
1192.125
1192.580
1193.035
1193.490
1193.945
1194.400
1194.855
1195.310
1195.765
1196.220
1196.675
1197.130
1197.585
1198.040
1198.495
1198.950
1199.405
1199.860
1200.315
1200.770
1201.225
1201.680
1202.135
1202.590
1203.045
1203.500
1203.955
1204.410
1204.865
1205.320
1205.775
1206.230
1206.685
1207.140
1207.595
1208.050
1208.505
1208.960
1209.187
1209.414
1209.869
1210.096
1210.323
1210.778
1211.005
1211.232
1211.686
1211.914
1212.141
1212.595
1212.822
1213.050
1213.504
1213.731
1213.958
1214.413
1214.640
1214.867
1215.322
1215.549
1215.776
1216.230
1216.458
1216.685
1217.139
1217.366
1217.594
1218.048
1218.275
1218.502
1218.957
1219.184
1219.411
1219.866
1220.093
1220.320
1220.774
1221.002
1221.229
1221.683
1221.910
1222.138
1222.592
1222.819
1223.046
1223.501
1223.728
1223.955
1224.410
1224.637
1224.864
1225.318
1225.546
1225.773
1226.227
1226.454
1226.682
1227.136
1227.363
1227.590
1228.045
1228.272
1228.499
1228.954
1229.181
1229.408
1229.862
1230.090
1230.317
1230.771
1230.998
1231.226
1231.680
1231.907
1232.134
1232.589
1232.816
1233.043
1233.498
1233.725
1233.952
1234.406
1234.634
1234.861
1235.315
1235.542
1235.770
1236.224
1236.451
1236.678
1237.133
1237.360
1237.587
1238.042
1238.269
1238.496
1238.950
1239.178
1239.405
1239.859
1240.086
1240.314
1240.768
1240.995
1241.222
1241.677
1241.904
1242.131
1242.586
1242.813
1243.040
1243.494
1243.722
1243.949
1244.403
1244.630
1244.858
1245.312
1245.539
1245.766
1246.221
1246.448
1246.675
1247.130
1247.357
1247.584
1248.038
1248.266
1248.493
1248.947
1249.174
1249.402
1249.856
1250.083
1250.310
1250.765
1250.992
1251.219
1251.674
1251.901
1252.128
1252.582
1252.810
1253.037
1253.491
1253.718
1253.946
1254.400
1254.628
1254.855
1255.083
1255.310
1255.538
1255.765
1256.220
1256.448
1256.675
1256.903
1257.130
1257.358
1257.585
1258.040
1258.268
1258.495
1258.723
1258.950
1259.178
1259.405
1259.860
1260.088
1260.315
1260.543
1260.770
1260.998
1261.225
1261.680
1261.908
1262.135
1262.363
1262.590
1262.818
1263.045
1263.500
1263.728
1263.955
1264.183
1264.410
1264.638
1264.865
1265.320
1265.548
1265.775
1266.003
1266.230
1266.458
1266.685
1267.140
1267.368
1267.595
1267.823
1268.050
1268.278
1268.505
1268.960
1269.188
1269.415
1269.643
1269.870
1270.098
1270.325
1270.780
1271.008
1271.235
1271.463
1271.690
1271.918
1272.145
1272.600
1272.828
1273.055
1273.283
1273.510
1273.738
1273.965
1274.420
1274.648
1274.875
1275.103
1275.330
1275.558
1275.785
1276.240
1276.468
1276.695
1276.923
1277.150
1277.378
1277.605
1278.060
1278.288
1278.515
1278.743
1278.970
1279.198
1279.425
1279.883
1280.342
1280.800
1281.027
1281.254
1281.481
1281.708
1281.935
1282.162
1282.389
1282.616
1282.843
1283.070
1283.297
1283.524
1283.751
1283.978
1284.205
1284.432
1284.658
1284.885
1285.112
1285.339
1285.566
1285.793
1286.020
1286.247
1286.474
1286.701
1286.928
1287.155
1287.382
1287.609
1287.836
1288.063
1288.290
1288.517
1288.744
1288.971
1289.198
1289.425
1289.652
1289.879
1290.106
1290.333
1290.560
1290.787
1291.014
1291.241
1291.468
1291.695
1291.922
1292.148
1292.375
1292.602
1292.829
1293.056
1293.283
1293.510
1293.737
1293.964
1294.191
1294.418
1294.645
1294.872
1295.099
1295.326
1295.553
1295.780
1296.007
1296.234
1296.461
1296.688
1296.915
1297.142
1297.369
1297.596
1297.823
1298.050
1298.277
1298.504
1298.731
1298.958
1299.185
1299.412
1299.638
1299.865
1300.092
1300.319
1300.546
1300.773
1301.000
1301.227
1301.454
1301.681
1301.908
1302.135
1302.362
1302.589
1302.816
1303.043
1303.270
1303.497
1303.724
1303.951
1304.178
1304.405
1304.632
1304.859
1305.086
1305.313
1305.540
1305.767
1305.994
1306.221
1306.448
1306.675
1306.902
1307.128
1307.355
1307.582
1307.809
1308.036
1308.263
1308.490
1308.717
1308.944
1309.171
1309.398
1309.625
1309.852
1310.079
1310.306
1310.533
1310.760
1311.215
1311.670
1312.125
1312.580
1313.035
1313.490
1313.945
1314.400
1314.855
1315.310
1315.765
1316.220
1316.675
1317.130
1317.585
1318.040
1318.495
1318.950
1319.405
1319.860
1320.315
1320.770
1321.225
1321.680
1322.135
1322.590
1323.045
1323.500
1323.955
1324.410
1324.865
1325.320
1325.547
1325.774
1326.229
1326.456
1326.683
1327.137
1327.365
1327.592
1328.046
1328.273
1328.501
1328.955
1329.182
1329.409
1329.864
1330.091
1330.318
1330.772
1331.000
1331.227
1331.681
1331.908
1332.136
1332.590
1332.817
1333.044
1333.499
1333.726
1333.953
1334.407
1334.635
1334.862
1335.316
1335.543
1335.771
1336.225
1336.452
1336.679
1337.134
1337.361
1337.588
1338.042
1338.270
1338.497
1338.951
1339.178
1339.406
1339.860
1340.087
1340.314
1340.769
1340.996
1341.223
1341.677
1341.905
1342.132
1342.586
1342.813
1343.041
1343.495
1343.722
1343.949
1344.404
1344.631
1344.858
1345.312
1345.540
1345.767
1346.221
1346.448
1346.676
1347.130
1347.357
1347.584
1348.039
1348.266
1348.493
1348.947
1349.175
1349.402
1349.856
1350.083
1350.311
1350.765
1350.992
1351.219
1351.674
1351.901
1352.128
1352.582
1352.810
1353.037
1353.491
1353.718
1353.946
1354.400
1354.627
1354.854
1355.081
1355.309
1355.536
1355.763
1356.217
1356.444
1356.671
1356.899
1357.126
1357.353
1357.580
1358.034
1358.261
1358.489
1358.716
1358.943
1359.170
1359.397
1359.851
1360.079
1360.306
1360.533
1360.760
1360.987
1361.214
1361.669
1361.896
1362.123
1362.350
1362.577
1362.804
1363.031
1363.486
1363.713
1363.940
1364.167
1364.394
1364.621
1364.849
1365.303
1365.530
1365.757
1365.984
1366.211
1366.439
1366.666
1367.124
1367.582
1368.040
1368.267
1368.494
1368.722
1368.949
1369.176
1369.403
1369.631
1369.858
1370.085
1370.312
1370.540
1370.767
1370.994
1371.221
1371.449
1371.676
1371.903
1372.130
1372.357
1372.585
1372.812
1373.039
1373.266
1373.494
1373.721
1373.948
1374.175
1374.403
1374.630
1374.857
1375.084
1375.311
1375.539
1375.766
1375.993
1376.220
1376.448
1376.675
1376.902
1377.129
1377.357
1377.584
1377.811
1378.038
1378.266
1378.493
1378.720
1378.947
1379.174
1379.402
1379.629
1379.856
1380.083
1380.311
1380.538
1380.765
1380.992
1381.220
1381.447
1381.674
1381.901
1382.129
1382.356
1382.583
1382.810
1383.037
1383.265
1383.492
1383.719
1383.946
1384.174
1384.401
1384.628
1384.855
1385.083
1385.310
1385.537
1385.764
1385.991
1386.219
1386.446
1386.673
1386.900
1387.128
1387.355
1387.582
1387.809
1388.037
1388.264
1388.491
1388.718
1388.946
1389.173
1389.400
1389.627
1389.854
1390.082
1390.309
1390.536
1390.763
1390.991
1391.218
1391.445
1391.672
1391.900
1392.127
1392.354
1392.581
1392.809
1393.036
1393.263
1393.490
1393.717
1393.945
1394.172
1394.399
1394.626
1394.854
1395.081
1395.308
1395.535
1395.763
1395.990
1396.217
1396.444
1396.671
1396.899
1397.126
1397.353
1397.580
1397.808
1398.035
1398.262
1398.489
1398.717
1398.944
1399.171
1399.398
1399.626
1399.853
1400.080
1400.307
1400.534
1400.762
1400.989
1401.216
1401.443
1401.671
1401.898
1402.125
1402.352
1402.580
1402.807
1403.034
1403.261
1403.489
1403.716
1403.943
1404.170
1404.397
1404.625
1404.852
1405.079
1405.306
1405.534
1405.761
1405.988
1406.215
1406.443
1406.670
1406.897
1407.124
1407.351
1407.579
1407.806
1408.033
1408.260
1408.488
1408.715
1408.942
1409.169
1409.397
1409.624
1409.851
1410.078
1410.306
1410.533
1410.760
1411.220
1411.680
1411.910
1412.140
1412.370
1412.600
1416.240
1418.055
1419.870
1421.685
1423.500
1425.315
1427.130
1428.945
1430.760
1431.214
1431.669
1432.123
1432.577
1433.031
1433.486
1433.940
1434.394
1434.849
1435.303
1435.757
1436.211
1436.666
1437.120
1437.574
1438.029
1438.483
1438.937
1439.391
1439.846
1440.300
1440.754
1441.209
1441.663
1442.117
1442.571
1443.026
1443.480
1445.320
1445.774
1446.228
1446.681
1447.135
1447.589
1448.043
1448.496
1448.950
1449.404
1449.858
1450.311
1450.765
1451.219
1451.673
1452.126
1452.580
1453.034
1453.488
1453.941
1454.395
1454.849
1455.303
1455.756
1456.210
1456.664
1457.118
1457.571
1458.025
1458.479
1458.933
1459.386
1459.840
1460.068
1460.295
1460.750
1460.978
1461.205
1461.660
1461.888
1462.115
1462.570
1462.798
1463.025
1463.480
1463.708
1463.935
1464.390
1464.618
1464.845
1465.300
1465.528
1465.755
1466.210
1466.438
1466.665
1467.120
1467.348
1467.577
1467.805
1468.033
1468.262
1468.490
1468.718
1468.947
1469.175
1469.403
1469.632
1469.860
1470.088
1470.317
1470.545
1470.773
1471.002
1471.230
1471.458
1471.687
1471.915
1472.143
1472.372
1472.600
1473.050
1473.500
1473.950
1474.400
1474.627
1474.855
1475.082
1475.309
1475.536
1475.764
1475.991
1476.218
1476.446
1476.673
1476.900
1477.127
1477.355
1477.582
1477.809
1478.037
1478.264
1478.491
1478.719
1478.946
1479.173
1479.400
1479.628
1479.855
1480.082
1480.310
1480.537
1480.764
1480.991
1481.219
1481.446
1481.673
1481.901
1482.128
1482.355
1482.582
1482.810
1483.037
1483.264
1483.492
1483.719
1483.946
1484.174
1484.401
1484.628
1484.855
1485.083
1485.310
1485.537
1485.765
1485.992
1486.219
1486.446
1486.674
1486.901
1487.128
1487.356
1487.583
1487.810
1488.037
1488.265
1488.492
1488.719
1488.947
1489.174
1489.401
1489.629
1489.856
1490.083
1490.310
1490.538
1490.765
1490.992
1491.220
1491.447
1491.674
1491.901
1492.129
1492.356
1492.583
1492.811
1493.038
1493.265
1493.492
1493.720
1493.947
1494.174
1494.402
1494.629
1494.856
1495.084
1495.311
1495.538
1495.765
1495.993
1496.220
1496.447
1496.675
1496.902
1497.129
1497.356
1497.584
1497.811
1498.038
1498.266
1498.493
1498.720
1498.947
1499.175
1499.402
1499.629
1499.857
1500.084
1500.311
1500.539
1500.766
1500.993
1501.220
1501.448
1501.675
1501.902
1502.130
1502.357
1502.584
1502.811
1503.039
1503.266
1503.493
1503.721
1503.948
1504.175
1504.402
1504.630
1504.857
1505.084
1505.312
1505.539
1505.766
1505.994
1506.221
1506.448
1506.675
1506.903
1507.130
1507.357
1507.585
1507.812
1508.039
1508.266
1508.494
1508.721
1508.948
1509.176
1509.403
1509.630
1509.857
1510.085
1510.312
1510.539
1510.767
1510.994
1511.221
1511.449
1511.676
1511.903
1512.130
1512.358
1512.585
1512.812
1513.040
1513.267
1513.494
1513.721
1513.949
1514.176
1514.403
1514.631
1514.858
1515.085
1515.312
1515.540
1515.767
1515.994
1516.222
1516.449
1516.676
1516.904
1517.131
1517.358
1517.585
1517.813
1518.040
1518.495
1518.949
1519.404
1519.859
1520.314
1520.768
1521.223
1521.678
1522.133
1522.587
1523.042
1523.497
1523.952
1524.406
1524.861
1525.316
1525.771
1526.225
1526.680
1527.135
1527.589
1528.044
1528.499
1528.954
1529.408
1529.863
1530.318
1530.773
1531.227
1531.682
1532.137
1532.592
1533.046
1533.501
1533.956
1534.411
1534.865
1535.320
1535.775
1536.229
1536.684
1537.139
1537.594
1538.048
1538.503
1538.958
1539.413
1539.867
1540.322
1540.777
1541.232
1541.686
1542.141
1542.596
1543.051
1543.505
1543.960
1544.415
1544.869
1545.324
1545.779
1546.234
1546.688
1547.143
1547.598
1548.053
1548.507
1548.962
1549.417
1549.872
1550.326
1550.781
1551.236
1551.691
1552.145
1552.600
1553.055
1553.509
1553.964
1554.419
1554.874
1555.328
1555.783
1556.238
1556.693
1557.147
1557.602
1558.057
1558.512
1558.966
1559.421
1559.876
1560.331
1560.785
1561.240
1800.040
1800.528
1801.015
1801.503
1801.990
1802.478
1802.965
1803.453
1803.940
1804.428
1804.915
1805.403
1805.890
1806.378
1806.865
1807.353
1807.840
1808.328
1808.815
1809.303
1809.790
1810.278
1810.765
1811.253
1811.740
1812.228
1812.715
1813.203
1813.690
1814.178
1814.665
1815.153
1815.640
1816.128
1816.615
1817.103
1817.590
1818.078
1818.565
1819.053
1819.540
1820.028
1820.515
1821.003
1821.490
1821.978
1822.465
1822.953
1823.440
1823.928
1824.415
1824.903
1825.390
1825.878
1826.365
1826.853
1827.340
1827.828
1828.315
1828.803
1829.290
1829.778
1830.265
1830.753
1831.240
1831.484
1831.728
1831.972
1832.216
1832.460
1832.704
1832.948
1833.193
1833.437
1833.681
1833.925
1834.169
1834.413
1834.657
1834.901
1835.145
1835.389
1835.633
1835.877
1836.121
1836.365
1836.609
1836.853
1837.098
1837.342
1837.586
1837.830
1838.074
1838.318
1838.562
1838.806
1839.050
1839.294
1839.538
1839.782
1840.026
1840.270
1840.514
1840.758
1841.003
1841.247
1841.491
1841.735
1841.979
1842.223
1842.467
1842.711
1842.955
1843.199
1843.443
1843.687
1843.931
1844.175
1844.419
1844.663
1844.908
1845.152
1845.396
1845.640
1845.884
1846.128
1846.372
1846.616
1846.860
1847.104
1847.348
1847.592
1847.836
1848.080
1848.324
1848.568
1848.813
1849.057
1849.301
1849.545
1849.789
1850.033
1850.277
1850.521
1850.765
1851.009
1851.253
1851.497
1851.741
1851.985
1852.229
1852.473
1852.718
1852.962
1853.206
1853.450
1853.694
1853.938
1854.182
1854.426
1854.670
1854.914
1855.158
1855.402
1855.646
1855.890
1856.134
1856.378
1856.623
1856.867
1857.111
1857.355
1857.599
1857.843
1858.087
1858.331
1858.575
1858.819
1859.063
1859.307
1859.551
1859.795
1860.039
1860.283
1860.528
1860.772
1861.016
1861.260
1861.504
1861.748
1861.992
1862.236
1862.480
1862.969
1863.457
1863.946
1864.434
1864.923
1865.411
1865.656
1865.900
1866.389
1866.877
1867.366
1867.854
1868.343
1868.831
1869.320
1869.560
1869.800
1870.286
1870.771
1871.257
1871.743
1872.229
1872.714
1873.200
1873.440
1873.680
1874.168
1874.657
1875.145
1875.633
1876.122
1876.610
1877.099
1877.343
1877.587
1878.075
1878.564
1879.052
1879.540
1880.029
1880.517
1881.006
1881.250
1881.494
1881.982
1882.471
1882.959
1883.447
1883.936
1884.424
1884.913
1885.157
1885.401
1885.889
1886.378
1886.866
1887.354
1887.843
1888.331
1888.820
1889.064
1889.308
1889.796
1890.285
1890.773
1891.261
1891.750
1892.238
1892.727
1892.971
1893.215
1893.703
1894.192
1894.680
1894.924
1895.168
1895.412
1895.656
1895.899
1896.143
1896.387
1896.631
1896.875
1897.119
1897.363
1897.607
1897.850
1898.094
1898.338
1898.582
1898.826
1899.070
1899.314
1899.558
1899.801
1900.045
1900.289
1900.533
1900.777
1901.021
1901.265
1901.509
1901.753
1901.996
1902.240
1902.484
1902.728
1902.972
1903.216
1903.460
1903.704
1903.947
1904.191
1904.435
1904.679
1904.923
1905.167
1905.411
1905.655
1905.899
1906.142
1906.386
1906.630
1906.874
1907.118
1907.362
1907.606
1907.850
1908.093
1908.337
1908.581
1908.825
1909.069
1909.313
1909.557
1909.801
1910.044
1910.288
1910.532
1910.776
1911.020
1911.264
1911.508
1911.752
1911.996
1912.239
1912.483
1912.727
1912.971
1913.215
1913.459
1913.703
1913.947
1914.190
1914.434
1914.678
1914.922
1915.166
1915.410
1915.654
1915.898
1916.141
1916.385
1916.629
1916.873
1917.117
1917.361
1917.605
1917.849
1918.093
1918.336
1918.580
1918.824
1919.068
1919.312
1919.556
1919.800
1920.044
1920.287
1920.531
1920.775
1921.019
1921.263
1921.507
1921.751
1921.995
1922.239
1922.482
1922.726
1922.970
1923.214
1923.458
1923.702
1923.946
1924.190
1924.433
1924.677
1924.921
1925.165
1925.409
1925.653
1925.897
1926.141
1926.384
1926.628
1926.872
1927.116
1927.360
1927.847
1928.091
1928.335
1928.822
1929.066
1929.309
1929.797
1930.041
1930.284
1930.772
1931.016
1931.259
1931.747
1931.990
1932.234
1932.722
1932.965
1933.209
1933.697
1933.940
1934.184
1934.671
1934.915
1935.159
1935.646
1935.890
1936.134
1936.621
1936.865
1937.109
1937.596
1937.840
1938.084
1938.571
1938.815
1939.058
1939.546
1939.790
1940.033
1940.521
1940.765
1941.008
1941.496
1941.739
1941.983
1942.471
1942.714
1942.958
1943.446
1943.689
1943.933
1944.420
1944.664
1944.908
1945.395
1945.639
1945.883
1946.370
1946.614
1946.858
1947.345
1947.589
1947.833
1948.328
1948.824
1949.320
1949.564
1949.807
1950.051
1950.295
1950.539
1950.782
1951.026
1951.270
1951.513
1951.757
1952.001
1952.244
1952.488
1952.732
1952.976
1953.219
1953.463
1953.707
1953.950
1954.194
1954.438
1954.682
1954.925
1955.169
1955.413
1955.656
1955.900
1956.144
1956.388
1956.631
1956.875
1957.119
1957.362
1957.606
1957.850
1958.093
1958.337
1958.581
1958.825
1959.068
1959.312
1959.556
1959.799
1960.043
1960.287
1960.531
1960.774
1961.018
1961.262
1961.505
1961.749
1961.993
1962.237
1962.480
1962.724
1962.968
1963.211
1963.455
1963.699
1963.942
1964.186
1964.430
1964.674
1964.917
1965.161
1965.405
1965.648
1965.892
1966.136
1966.380
1966.623
1966.867
1967.111
1967.354
1967.598
1967.842
1968.085
1968.329
1968.573
1968.817
1969.060
1969.304
1969.548
1969.791
1970.035
1970.279
1970.523
1970.766
1971.010
1971.254
1971.497
1971.741
1971.985
1972.229
1972.472
1972.716
1972.960
1973.203
1973.447
1973.691
1973.934
1974.178
1974.422
1974.666
1974.909
1975.153
1975.397
1975.640
1975.884
1976.128
1976.372
1976.615
1976.859
1977.103
1977.346
1977.590
1977.834
1978.078
1978.321
1978.565
1978.809
1979.052
1979.296
1979.540
1979.783
1980.027
1980.271
1980.515
1980.758
1981.002
1981.246
1981.489
1981.733
1981.977
1982.221
1982.464
1982.708
1982.952
1983.195
2043.000
2043.681
2044.363
2045.044
2045.725
2046.406
2047.088
2047.769
2048.450
2049.131
2049.813
2050.494
2051.175
2051.856
2052.538
2053.219
2053.900
2054.581
2055.263
2055.944
2056.625
2057.306
2057.988
2058.669
2059.350
2060.031
2060.713
2061.394
2062.075
2062.756
2063.438
2064.119
2064.800
2065.481
2066.163
2066.844
2067.525
2068.206
2068.888
2069.569
2070.250
2070.931
2071.613
2072.294
2072.975
2073.656
2074.338
2075.019
2075.700
2076.381
2077.063
2077.744
2078.425
2079.106
2079.788
2080.469
2081.150
2081.831
2082.513
2083.194
2083.875
2084.556
2085.238
2085.919
2086.600
2086.941
2087.283
2087.624
2087.965
2088.307
2088.648
2088.989
2089.331
2089.672
2090.013
2090.355
2090.696
2091.037
2091.379
2091.720
2092.061
2092.403
2092.744
2093.085
2093.427
2093.768
2094.109
2094.451
2094.792
2095.133
2095.475
2095.816
2096.157
2096.499
2096.840
2097.181
2097.523
2097.864
2098.205
2098.547
2098.888
2099.229
2099.571
2099.912
2100.253
2100.595
2100.936
2101.277
2101.619
2101.960
2102.301
2102.643
2102.984
2103.325
2103.667
2104.008
2104.349
2104.691
2105.032
2105.373
2105.715
2106.056
2106.397
2106.739
2107.080
2107.762
2108.444
2109.127
2109.809
2110.491
2111.173
2111.856
2112.538
2113.220
2113.902
2114.584
2115.267
2115.949
2116.631
2117.313
2117.996
2118.678
2119.360
2119.701
2120.041
2120.723
2121.063
2121.404
2122.085
2122.426
2122.767
2123.448
2123.789
2124.129
2124.811
2125.151
2125.492
2126.173
2126.514
2126.855
2127.536
2127.877
2128.217
2128.899
2129.239
2129.580
2130.261
2130.602
2130.943
2131.624
2131.965
2132.305
2132.987
2133.327
2133.668
2134.349
2134.690
2135.031
2135.712
2136.053
2136.393
2137.075
2137.415
2137.756
2138.437
2138.778
2139.119
2139.800
2140.141
2140.482
2140.824
2141.165
2141.506
2141.847
2142.188
2142.530
2142.871
2143.212
2143.553
2143.894
2144.236
2144.577
2144.918
2145.259
2145.600
2145.942
2146.283
2146.624
2146.965
2147.306
2147.648
2147.989
2148.330
2148.671
2149.012
2149.354
2149.695
2150.036
2150.377
2150.718
2151.060
2151.401
2151.742
2152.083
2152.424
2152.766
2153.107
2153.448
2153.789
2154.130
2154.472
2154.813
2155.154
2155.495
2155.836
2156.178
2156.519
2156.860
2157.201
2157.542
2157.884
2158.225
2158.566
2158.907
2159.248
2159.590
2159.931
2160.272
2160.613
2160.954
2161.296
2161.637
2161.978
2162.319
2162.660
2163.002
2163.343
2163.684
2164.025
2164.366
2164.708
2165.049
2165.390
2165.731
2166.072
2166.414
2166.755
2167.096
2167.437
2167.778
2168.120
2168.461
2168.802
2169.143
2169.484
2169.826
2170.167
2170.508
2170.849
2171.190
2171.532
2171.873
2172.214
2172.555
2172.896
2173.238
2173.579
2173.920
2174.601
2175.283
2175.964
2176.646
2177.327
2178.008
2178.690
2179.371
2180.052
2180.734
2181.415
2182.097
2182.778
2183.459
2184.141
2184.822
2185.503
2186.185
2186.866
2187.548
2188.229
2188.910
2189.592
2190.273
2190.954
2191.636
2192.317
2192.999
2193.680
2194.361
2195.043
2195.724
2196.406
2197.087
2197.768
2198.450
2199.131
2199.812
2200.494
2201.175
2201.857
2202.538
2203.219
2203.901
2204.582
2205.263
2205.945
2206.626
2207.308
2207.989
2208.670
2209.352
2210.033
2210.714
2211.396
2212.077
2212.759
2213.440
2213.781
2214.122
2214.463
2214.804
2215.146
2215.487
2215.828
2216.169
2216.510
2216.851
2217.192
2217.533
2217.874
2218.216
2218.557
2218.898
2219.239
2219.580
2219.921
2220.262
2220.603
2220.944
2221.286
2221.627
2221.968
2222.309
2222.650
2222.991
2223.332
2223.673
2224.014
2224.356
2224.697
2225.038
2225.379
2225.720
2226.061
2226.402
2226.743
2227.084
2227.426
2227.767
2228.108
2228.449
2228.790
2229.131
2229.472
2229.813
2230.154
2230.496
2230.837
2231.178
2231.519
2231.860
2232.201
2232.542
2232.883
2233.224
2233.566
2233.907
2234.248
2234.589
2234.930
2235.271
2235.612
2235.953
2236.294
2236.636
2236.977
2237.318
2237.659
2238.000
2238.170
2238.341
2238.511
2238.682
2238.852
2239.022
2239.193
2239.363
2239.534
2239.704
2239.875
2240.045
2240.215
2240.386
2240.556
2240.727
2240.897
2241.067
2241.238
2241.408
2241.579
2241.749
2241.920
2242.090
2242.260
2242.431
2242.601
2242.772
2242.942
2243.112
2243.283
2243.453
2243.624
2243.794
2243.964
2244.135
2244.305
2244.476
2244.646
2244.817
2244.987
2245.157
2245.328
2245.498
2245.669
2245.839
2246.009
2246.180
2246.350
2246.521
2246.691
2246.862
2247.032
2247.202
2247.373
2247.543
2247.714
2247.884
2248.054
2248.225
2248.395
2248.566
2248.736
2248.907
2249.077
2249.247
2249.418
2249.588
2249.759
2249.929
2250.099
2250.270
2250.440
2250.611
2250.781
2250.951
2251.122
2251.292
2251.463
2251.633
2251.804
2251.974
2252.144
2252.315
2252.485
2252.656
2252.826
2252.996
2253.167
2253.337
2253.508
2253.678
2253.849
2254.019
2254.189
2254.360
2254.530
2254.701
2254.871
2255.041
2255.212
2255.382
2255.553
2255.723
2255.893
2256.064
2256.234
2256.405
2256.575
2256.746
2256.916
2257.086
2257.257
2257.427
2257.598
2257.768
2257.938
2258.109
2258.279
2258.450
2258.620
2258.791
2258.961
2259.131
2259.302
2259.472
2259.643
2259.813
2259.983
2260.154
2260.324
2260.495
2260.665
2260.835
2261.006
2261.176
2261.347
2261.517
2261.688
2261.858
2262.028
2262.199
2262.369
2262.540
2262.710
2262.880
2263.051
2263.221
2263.392
2263.562
2263.733
2263.903
2264.073
2264.244
2264.414
2264.585
2264.755
2264.925
2265.096
2265.266
2265.437
2265.607
2265.778
2265.948
2266.118
2266.289
2266.459
2266.630
2266.800
