16.130
16.610
17.090
17.570
18.050
18.530
19.010
19.490
19.970
20.450
20.930
21.410
21.890
22.370
22.850
23.330
23.810
24.290
24.770
25.250
25.730
26.210
26.690
27.170
27.650
28.130
28.610
29.090
29.570
30.050
30.530
31.010
31.490
31.970
32.450
32.930
33.410
33.890
34.370
34.850
35.330
35.810
36.290
36.770
37.250
37.730
38.210
38.690
39.170
39.410
39.650
40.130
40.370
40.610
41.090
41.330
41.570
42.050
42.290
42.530
43.010
43.250
43.490
43.970
44.210
44.450
44.930
45.170
45.410
45.890
46.130
46.370
46.850
47.090
47.330
47.810
48.050
48.290
48.770
49.010
49.250
49.730
49.970
50.210
50.690
50.930
51.170
51.650
51.890
52.130
52.610
52.850
53.090
53.570
53.810
54.050
54.530
54.770
55.011
55.251
55.972
56.452
56.693
56.933
57.173
57.894
58.375
58.615
58.855
59.096
59.817
60.297
60.538
60.778
61.018
61.739
62.220
62.460
62.700
62.941
63.662
64.142
64.383
64.623
64.863
65.584
66.065
66.305
66.545
66.786
67.506
67.987
68.227
68.468
68.708
69.429
69.910
70.390
70.871
71.352
71.832
72.313
72.794
73.274
73.755
74.236
74.716
75.197
75.677
76.158
76.639
77.119
77.600
78.081
78.561
79.042
79.523
80.003
80.484
80.965
81.445
81.926
82.407
82.887
83.368
83.849
84.329
84.810
85.290
85.530
85.770
86.250
86.490
86.730
87.210
87.450
87.690
88.170
88.410
88.650
89.130
89.370
89.610
90.090
90.330
90.570
91.050
91.290
91.530
92.010
92.250
92.490
92.970
93.210
93.450
93.930
94.170
94.410
94.890
95.130
95.370
95.850
96.090
96.330
96.810
97.050
97.290
97.770
98.010
98.250
98.730
98.970
99.210
99.690
99.930
100.170
100.650
100.890
101.130
101.370
101.610
101.850
102.090
102.330
102.570
102.810
103.050
103.290
103.530
103.770
104.010
104.250
104.490
104.730
104.970
105.210
105.450
105.690
105.930
106.170
106.410
106.650
106.890
107.130
107.370
107.610
107.850
108.090
108.330
108.570
108.810
109.050
109.290
109.530
109.770
110.010
110.250
110.490
110.730
110.970
111.210
111.450
111.690
111.930
112.170
112.410
112.650
112.890
113.130
113.370
113.610
113.850
114.090
114.330
114.570
114.810
115.050
115.290
115.530
115.770
116.010
116.250
116.490
116.730
116.970
117.210
117.450
117.690
117.930
118.170
118.410
118.650
118.890
119.130
119.370
119.610
119.850
120.090
120.330
120.570
120.810
121.050
121.290
121.530
121.770
122.010
122.250
122.490
122.730
122.970
123.210
123.450
123.690
123.930
124.170
124.410
124.650
124.890
125.130
125.370
125.610
125.850
126.090
126.330
126.570
126.810
127.050
127.290
127.530
127.770
128.010
128.250
128.490
128.730
128.970
129.210
129.450
129.690
129.930
130.170
130.410
130.650
130.890
131.130
131.370
132.330
133.290
134.250
135.210
136.170
137.130
138.090
139.050
140.010
140.970
141.930
142.890
143.850
144.810
145.770
146.730
147.217
147.704
148.191
148.678
149.165
149.652
150.139
150.626
151.113
151.600
152.087
152.574
153.061
153.548
154.035
154.522
155.009
155.496
155.983
156.470
156.957
157.444
157.931
158.418
158.905
159.392
159.879
160.366
160.853
161.340
161.827
162.314
162.801
163.288
163.775
164.262
164.749
165.236
165.723
166.210
166.697
167.184
167.671
168.158
168.645
169.132
169.619
170.106
170.593
171.080
171.567
172.054
172.541
173.028
173.515
174.002
174.242
174.481
174.721
174.961
175.201
175.440
175.680
175.920
176.160
176.399
176.639
176.879
177.119
177.358
177.598
177.838
178.078
178.317
178.557
178.797
179.037
179.276
179.516
179.756
179.996
180.235
180.475
180.715
180.955
181.194
181.434
181.674
181.914
182.153
182.393
182.633
182.873
183.112
183.352
183.592
183.832
184.071
184.311
184.551
184.791
185.030
185.270
185.510
185.750
185.989
186.229
186.469
186.709
186.948
187.188
187.428
187.668
187.907
188.147
188.387
188.627
188.866
189.106
189.346
189.586
189.825
190.065
190.305
190.545
190.784
191.024
191.264
191.504
191.743
191.983
192.223
192.463
192.702
192.942
193.182
193.422
193.661
193.901
194.141
194.381
194.620
194.860
195.100
195.340
195.579
195.819
196.059
196.299
196.538
196.778
197.018
197.258
197.497
197.737
197.977
198.217
198.456
198.696
198.936
199.176
199.415
199.655
199.895
200.135
200.374
200.614
200.854
201.094
201.333
201.573
201.813
202.053
202.292
202.532
202.772
203.012
203.251
203.491
203.731
203.971
204.210
204.450
204.690
205.180
205.670
206.160
206.650
207.140
207.630
208.120
208.610
209.100
209.590
210.080
210.570
211.060
211.550
212.040
212.530
213.020
213.510
214.000
214.490
215.450
216.410
217.370
218.330
219.290
220.250
221.210
222.170
223.130
224.090
225.050
226.010
226.970
227.930
228.890
229.850
230.810
231.770
232.730
233.690
234.650
235.610
236.570
237.530
238.022
238.515
239.007
239.500
239.992
240.485
240.977
241.470
241.962
242.455
242.947
243.440
243.932
244.425
244.917
245.410
245.650
245.890
246.370
246.610
246.850
247.330
247.570
247.810
248.290
248.530
248.770
249.250
249.490
249.730
250.210
250.450
250.690
251.170
251.410
251.650
252.130
252.370
252.610
253.090
253.330
253.570
253.810
254.530
255.010
255.250
255.490
255.730
256.450
256.930
257.170
257.410
257.650
258.370
258.850
259.090
259.330
259.570
260.290
260.770
261.010
261.250
261.730
261.970
262.210
262.690
262.930
263.170
263.650
263.890
264.130
264.610
264.850
265.090
265.330
265.570
265.810
266.050
266.290
266.530
266.770
267.010
267.250
267.490
267.730
267.970
268.210
268.450
268.690
268.930
269.170
269.410
269.650
269.890
270.130
270.370
270.610
270.850
271.090
271.330
271.570
271.810
272.050
272.290
272.530
272.770
273.010
273.250
273.490
273.730
273.970
274.210
274.450
274.690
274.930
275.170
275.410
275.650
275.890
276.130
276.370
276.610
276.850
277.090
277.330
277.570
277.810
278.050
278.290
278.530
278.770
279.010
279.250
279.490
279.730
279.970
280.210
280.450
280.690
280.930
281.170
281.410
281.650
281.890
282.130
282.370
282.610
282.850
283.090
283.330
283.570
283.810
284.050
284.290
284.530
284.770
285.010
285.250
285.490
285.730
285.970
286.210
286.450
286.690
286.930
287.170
287.410
287.671
287.820
287.969
288.119
288.268
288.417
288.567
288.716
288.865
289.014
289.164
289.313
289.462
289.612
289.761
289.910
290.060
290.209
290.358
290.508
290.657
290.806
290.956
291.105
291.254
291.404
291.553
291.702
291.852
292.001
292.150
292.300
292.449
292.598
292.748
292.897
293.046
293.196
293.345
293.494
293.644
293.793
293.942
294.092
294.241
294.390
294.540
294.689
294.838
294.988
295.137
295.286
295.436
295.585
295.734
295.883
296.033
296.182
296.331
296.481
296.630
296.779
296.929
297.078
297.227
297.377
297.526
297.675
297.825
297.974
298.123
298.273
298.422
298.571
298.721
298.870
299.019
299.169
299.318
299.467
299.617
299.766
299.915
300.065
300.214
300.363
300.513
300.662
300.811
300.961
301.110
301.259
301.409
301.558
301.707
301.857
302.006
302.155
302.304
302.454
302.603
302.752
302.902
303.051
303.200
303.350
303.499
303.648
303.798
303.947
304.096
304.246
304.395
304.544
304.694
304.843
304.992
305.142
305.291
305.440
305.590
305.739
305.888
306.038
306.187
306.336
306.486
306.635
306.784
306.934
307.083
307.232
307.382
307.531
307.680
307.830
307.979
308.128
308.278
308.427
308.576
308.725
308.875
309.024
309.173
309.323
309.472
309.621
309.771
309.920
310.069
310.219
310.368
310.517
310.667
376.890
377.361
377.832
378.304
378.775
379.246
379.717
380.189
380.660
381.131
381.602
382.074
382.545
383.016
383.487
383.959
384.430
384.901
385.372
385.844
386.315
386.786
387.257
387.729
388.200
388.671
389.142
389.614
390.085
390.556
391.027
391.499
391.970
392.441
392.912
393.384
393.855
394.326
394.797
395.269
395.740
396.211
396.682
397.154
397.625
398.096
398.567
399.039
399.510
399.981
400.452
400.924
401.395
401.866
402.337
402.809
403.280
403.751
404.222
404.694
405.165
405.636
406.107
406.579
407.050
407.284
407.519
407.987
408.222
408.456
408.925
409.159
409.394
409.862
410.097
410.331
410.800
411.034
411.269
411.737
411.972
412.206
412.675
412.909
413.144
413.612
413.847
414.081
414.550
414.784
415.019
415.487
415.722
415.956
416.425
416.659
416.894
417.362
417.597
417.831
418.300
418.534
418.769
419.237
419.472
419.706
420.175
420.409
420.644
421.112
421.347
421.581
422.050
422.520
422.990
423.460
423.930
424.400
424.870
425.340
425.810
426.280
426.750
427.220
427.690
428.160
428.630
429.100
429.570
429.803
430.036
430.269
430.502
430.735
430.968
431.201
431.434
431.667
431.900
432.133
432.367
432.600
432.833
433.066
433.299
433.532
433.765
433.998
434.231
434.464
434.697
434.930
435.165
435.277
435.388
435.500
435.611
435.723
435.834
435.946
436.058
436.169
436.281
436.392
436.504
436.615
436.727
436.839
436.950
437.062
437.290
437.524
437.759
437.993
438.227
438.461
438.696
438.930
439.164
439.399
439.633
439.867
440.101
440.336
440.570
440.804
441.039
441.273
441.507
441.741
441.976
442.210
442.444
442.679
442.913
443.147
443.381
443.616
443.850
444.084
444.319
444.553
444.787
445.021
445.256
445.490
445.724
445.959
446.193
446.427
446.661
446.896
447.130
447.364
447.599
447.833
448.067
448.301
448.536
448.770
449.004
449.239
449.473
449.707
449.941
450.176
450.410
450.644
450.879
451.113
451.347
451.581
451.816
452.050
453.930
455.810
456.279
456.749
457.218
457.688
458.157
458.626
459.096
459.565
460.034
460.504
460.973
461.443
461.912
462.381
462.851
463.320
463.789
464.259
464.728
465.198
465.667
466.136
466.606
467.075
467.544
468.014
468.483
468.953
469.422
469.891
470.361
470.830
471.299
471.769
472.238
472.708
473.177
473.646
474.116
474.585
475.054
475.524
475.993
476.463
476.932
477.401
477.871
478.340
478.809
479.279
479.748
480.218
480.687
481.156
481.626
482.095
482.564
483.034
483.503
483.973
484.442
484.911
485.381
485.850
486.084
486.318
486.785
487.019
487.253
487.720
487.954
488.188
488.655
488.889
489.123
489.590
489.824
490.058
490.525
490.759
490.993
491.460
491.694
491.928
492.395
492.629
492.863
493.330
493.565
493.799
494.034
494.268
494.503
494.738
494.972
495.207
495.442
495.676
495.911
496.145
496.380
496.615
496.849
497.084
497.319
497.553
497.788
498.022
498.257
498.492
498.726
498.961
499.103
499.246
499.388
499.530
499.673
499.815
499.957
500.100
500.242
500.384
500.526
500.669
500.811
501.046
501.281
501.515
501.750
501.985
502.220
502.455
502.689
502.924
503.159
503.394
503.628
503.863
504.098
504.333
504.568
504.802
505.037
505.272
505.507
505.741
505.976
506.211
506.446
506.681
506.915
507.150
507.385
507.620
507.854
508.089
508.324
508.559
508.794
509.028
509.263
509.498
509.733
509.967
510.202
510.437
510.672
510.907
511.141
511.376
511.611
511.846
512.080
512.315
512.550
512.785
513.020
513.254
513.489
513.724
513.959
514.193
514.428
514.663
514.898
515.133
515.367
515.602
515.837
516.072
516.306
516.770
517.005
517.239
517.709
517.943
518.178
518.647
518.882
519.117
519.586
519.821
520.055
520.525
520.759
520.994
521.463
521.698
521.933
522.402
522.637
522.871
523.341
523.575
523.810
524.279
524.514
524.749
525.218
525.453
525.687
526.157
526.391
526.626
527.095
527.330
527.565
528.034
528.269
528.503
528.973
529.207
529.442
529.911
530.146
530.381
530.850
532.730
534.610
536.490
538.330
538.564
538.799
539.033
539.268
539.502
539.737
539.971
540.206
540.440
540.675
540.909
541.144
541.378
541.613
541.847
542.082
542.316
542.551
542.785
543.020
543.254
543.489
543.723
543.957
544.085
544.214
544.342
544.470
544.598
544.726
544.854
544.982
545.110
545.238
545.366
545.494
545.622
545.750
545.878
546.112
546.346
546.580
546.814
547.048
547.283
547.517
547.751
547.985
548.219
548.453
548.687
548.921
549.155
549.390
549.624
549.858
550.092
550.326
550.560
550.794
551.028
551.262
551.497
551.731
551.965
552.199
552.433
552.667
552.901
553.135
553.369
553.604
553.838
554.072
554.306
554.540
554.774
555.008
555.242
555.476
555.711
555.945
556.179
556.413
556.647
556.881
557.115
557.349
557.583
557.818
558.052
558.286
558.520
558.754
558.988
559.222
559.456
559.690
559.925
560.159
560.393
560.627
560.861
561.095
561.329
561.563
561.797
562.032
562.266
562.500
562.734
562.968
563.202
563.436
563.670
563.904
564.139
564.373
564.607
564.841
565.075
565.309
565.543
565.777
566.011
566.246
566.480
566.714
566.948
567.182
567.416
567.650
567.884
568.118
568.353
568.587
568.821
569.055
569.289
569.523
569.757
569.991
570.225
570.460
570.694
570.928
571.162
571.396
571.630
571.864
572.098
572.332
572.567
572.801
573.035
573.269
573.503
573.737
573.971
574.205
574.439
574.674
574.908
575.142
575.376
575.610
624.220
624.813
625.407
626.000
626.593
627.187
627.780
628.373
628.967
629.560
630.153
630.747
631.340
631.933
632.527
633.120
633.713
634.307
634.900
635.493
636.087
636.680
637.273
637.867
638.460
639.053
639.647
640.240
640.833
641.427
642.020
642.613
643.207
643.800
644.393
644.987
645.580
645.877
646.175
646.770
647.067
647.365
647.960
648.257
648.555
649.150
649.447
649.745
650.340
650.637
650.935
651.530
651.827
652.125
652.720
653.017
653.315
653.910
654.207
654.505
655.100
655.397
655.695
656.290
656.587
656.885
657.480
657.777
658.075
658.670
658.967
659.265
659.860
660.156
660.452
660.748
661.044
661.340
661.636
661.932
662.228
662.527
662.826
663.425
663.724
664.023
664.622
664.917
665.213
665.509
665.805
666.101
666.397
666.692
666.988
667.287
667.587
668.185
668.484
668.783
669.382
669.677
669.973
670.269
670.565
670.861
671.157
671.452
671.748
672.047
672.347
672.945
673.244
673.543
674.142
674.437
674.733
675.029
675.325
675.621
675.917
676.212
676.508
676.807
677.107
677.705
678.004
678.303
678.902
679.199
679.496
679.793
680.090
680.387
680.684
680.981
681.278
681.575
681.872
682.169
682.466
682.763
683.060
683.210
683.360
683.510
683.660
683.940
684.238
684.536
684.834
685.131
685.429
685.727
686.025
686.323
686.621
686.919
687.217
687.514
687.812
688.110
688.408
688.706
689.004
689.302
689.600
689.897
690.195
690.493
690.791
691.089
691.387
691.685
691.983
692.280
692.578
692.876
693.174
693.472
693.770
694.068
694.366
694.663
694.961
695.259
695.557
695.855
696.153
696.451
696.749
697.046
697.344
697.642
697.940
698.088
698.236
698.384
698.532
698.680
698.828
698.976
699.124
699.272
699.420
699.568
699.716
699.864
700.012
700.160
700.308
700.456
700.604
700.752
700.900
701.198
701.495
701.793
702.091
702.388
702.686
702.984
703.282
703.579
703.877
704.175
704.472
704.770
705.068
705.365
705.663
705.961
706.258
706.556
706.854
707.152
707.449
707.747
708.045
708.342
708.640
708.938
709.235
709.533
709.831
710.128
710.426
710.724
711.022
711.319
711.617
711.915
712.212
712.510
712.808
713.105
713.403
713.701
713.998
714.296
714.594
714.892
715.189
715.487
715.785
716.082
716.380
716.528
716.677
716.825
716.973
717.122
717.270
717.418
717.567
717.715
717.863
718.012
718.160
718.308
718.457
718.605
718.753
718.902
719.050
719.198
719.347
719.495
719.643
719.792
719.940
720.260
720.580
720.860
721.140
721.460
721.740
722.340
722.940
723.539
724.133
724.707
725.301
725.900
726.500
727.099
727.693
728.267
728.861
729.460
730.060
730.660
731.259
731.853
732.427
733.021
733.620
734.220
734.819
735.413
735.987
736.581
737.180
737.780
738.380
738.979
739.573
740.154
740.766
741.347
741.941
742.540
743.140
743.437
743.733
744.327
744.623
744.920
745.513
745.810
746.107
746.700
746.997
747.293
747.887
748.183
748.480
749.073
749.370
749.667
750.260
750.557
750.853
751.447
751.743
752.040
752.633
752.930
753.227
753.820
754.117
754.413
755.007
755.303
755.600
756.193
756.490
756.787
757.380
757.680
757.980
758.280
758.580
758.880
759.180
759.480
759.780
760.080
760.380
760.980
761.280
761.580
762.180
762.477
762.774
763.071
763.369
763.666
763.963
764.260
764.557
764.854
765.151
765.746
766.042
766.339
766.933
767.229
767.526
767.823
768.120
768.416
768.713
769.010
769.307
769.606
769.905
770.504
770.803
771.103
771.701
772.001
772.301
772.601
772.900
773.200
773.500
773.648
773.797
773.945
774.093
774.242
774.390
774.538
774.687
774.835
774.983
775.132
775.280
775.428
775.577
775.725
775.873
776.022
776.170
776.318
776.467
776.615
776.763
776.912
777.060
777.357
777.654
777.951
778.248
778.545
778.842
779.138
779.435
779.732
780.029
780.326
780.623
780.920
781.217
781.514
781.811
782.108
782.405
782.702
782.998
783.295
783.592
783.889
784.186
784.483
784.780
785.077
785.374
785.671
785.968
786.265
786.562
786.858
787.155
787.452
787.749
788.046
788.343
788.640
788.937
789.234
789.531
789.828
790.125
790.422
790.718
791.015
791.312
791.609
791.906
792.203
792.500
792.648
792.797
792.945
793.093
793.242
793.390
793.538
793.687
793.835
793.983
794.132
794.280
794.428
794.577
794.725
794.873
795.022
795.170
795.318
795.467
795.615
795.763
795.912
796.060
796.357
796.654
796.951
797.248
797.545
797.842
798.138
798.435
798.732
799.029
799.326
799.623
799.920
800.217
800.514
800.811
801.108
801.405
801.702
801.998
802.295
802.592
802.889
803.186
803.483
803.780
804.077
804.374
804.671
804.968
805.265
805.562
805.858
806.155
806.452
806.749
807.046
807.343
807.640
807.937
808.234
808.531
808.828
809.125
809.422
809.718
810.015
810.312
810.609
810.906
811.203
811.500
811.648
811.797
811.945
812.093
812.242
812.390
812.538
812.687
812.835
812.983
813.132
813.280
813.428
813.577
813.725
813.873
814.022
814.170
814.318
814.467
814.615
814.764
814.912
815.061
815.358
815.655
815.952
816.249
816.546
816.843
816.992
817.140
817.289
817.437
817.735
818.032
818.329
818.626
818.923
819.220
819.368
819.517
819.666
819.814
820.111
820.408
820.705
821.002
821.299
821.597
821.745
821.894
822.042
822.191
822.488
822.785
823.082
823.379
823.676
823.973
824.122
824.270
824.419
824.567
824.864
825.161
825.459
825.756
826.053
826.350
826.498
826.647
826.795
826.944
827.241
827.538
827.835
828.132
828.429
828.726
828.875
829.023
829.172
829.321
829.618
829.915
830.212
830.509
830.806
831.103
831.252
831.400
831.549
831.697
831.994
832.291
832.588
832.885
833.183
833.480
833.628
833.777
833.925
834.074
834.371
834.668
834.965
835.262
835.559
