61.628
63.507
65.386
67.265
69.144
71.023
72.902
74.781
76.660
78.539
80.418
82.297
84.176
86.055
87.933
89.812
91.681
92.618
93.556
94.493
95.431
96.368
97.306
98.243
99.181
100.118
101.056
101.993
102.931
103.868
104.806
105.743
106.681
107.618
108.556
109.493
110.431
111.368
112.306
113.243
114.181
115.118
116.056
116.993
117.931
118.868
119.806
120.743
121.212
121.681
122.149
122.618
123.087
123.556
124.024
124.493
124.962
125.430
125.899
126.368
126.836
127.305
127.774
128.242
128.711
129.180
129.649
130.117
130.586
131.055
131.523
131.992
132.461
132.929
133.398
133.867
134.336
134.804
135.273
135.742
136.210
136.679
137.148
137.616
138.085
138.554
139.023
139.491
139.960
140.429
140.897
141.366
141.835
142.303
142.772
143.241
143.710
144.178
144.647
145.116
145.584
146.053
146.522
146.990
147.459
147.928
148.396
148.865
149.334
149.803
150.271
150.740
150.974
151.209
151.443
151.677
151.912
152.146
152.380
152.615
152.849
153.083
153.318
153.552
153.786
154.021
154.255
154.490
154.724
154.958
155.193
155.427
155.661
155.896
156.130
156.364
156.599
156.833
157.067
157.302
157.536
157.770
158.005
158.239
158.473
158.708
158.942
159.177
159.411
159.645
159.880
160.114
160.348
160.583
160.817
161.051
161.286
161.520
161.754
161.989
162.223
162.457
162.692
162.926
163.160
163.395
163.629
163.863
164.098
164.332
164.567
164.801
165.035
165.270
165.504
165.738
165.973
166.207
166.441
166.676
166.910
167.144
167.379
167.613
167.847
168.082
168.316
168.550
168.785
169.019
169.254
169.488
169.722
169.957
170.191
170.425
170.660
170.894
171.128
171.363
171.597
171.831
172.066
172.300
172.534
172.769
173.003
173.237
173.472
173.706
173.940
174.175
174.409
174.644
174.878
175.112
175.347
175.581
175.815
176.050
176.284
176.518
176.753
176.987
177.221
177.456
177.690
177.924
178.159
178.393
178.627
178.862
179.096
179.331
179.565
179.799
180.034
180.268
180.502
180.737
181.671
183.546
185.420
187.295
189.170
191.045
192.920
194.794
196.669
198.544
200.419
202.294
204.168
206.043
207.918
209.793
211.667
212.605
213.542
214.480
215.417
216.355
217.292
218.230
219.167
220.105
221.042
221.980
222.917
223.855
224.792
225.730
226.667
227.605
228.542
229.480
230.417
231.355
232.292
233.230
234.167
235.105
236.042
236.980
237.917
238.855
239.792
240.730
241.199
241.668
242.138
242.607
243.076
243.545
244.014
244.484
244.953
245.422
245.891
246.360
246.830
247.299
247.768
248.237
248.707
249.176
249.645
250.114
250.583
251.053
251.522
251.991
252.460
252.930
253.399
253.868
254.337
254.806
255.276
255.745
256.214
256.683
257.153
257.622
258.091
258.560
259.029
259.499
259.968
260.437
260.906
261.375
261.845
262.314
262.783
263.252
263.722
264.191
264.660
265.129
265.598
266.068
266.537
267.006
267.475
267.945
268.414
268.883
269.352
269.821
270.291
270.760
270.994
271.229
271.463
271.697
271.932
272.166
272.400
272.635
272.869
273.103
273.338
273.572
273.806
274.041
274.275
274.509
274.744
274.978
275.212
275.447
275.681
275.916
276.150
276.384
276.619
276.853
277.087
277.322
277.556
277.790
278.025
278.259
278.493
278.728
278.962
279.196
279.431
279.665
279.899
280.134
280.368
280.603
280.837
281.071
281.306
281.540
281.774
282.009
282.243
282.477
282.712
282.946
283.180
283.415
283.649
283.883
284.118
284.352
284.586
284.821
285.055
285.289
285.524
285.758
285.993
286.227
286.461
286.696
286.930
287.164
287.399
287.633
287.867
288.102
288.336
288.570
288.805
289.039
289.273
289.508
289.742
289.976
290.211
290.445
290.680
290.914
291.148
291.383
291.617
291.851
292.086
292.320
292.554
292.789
293.023
293.257
293.492
293.726
293.960
294.195
294.429
294.663
294.898
295.132
295.366
295.601
295.835
296.070
296.304
296.538
296.773
297.007
297.241
297.476
297.710
297.944
298.179
298.413
298.647
298.882
299.116
299.350
299.585
299.819
300.053
300.288
300.522
300.756
301.691
303.566
305.441
307.316
309.192
311.067
312.942
314.817
316.692
318.568
320.443
322.318
324.193
326.068
327.944
329.819
330.756
331.693
332.631
333.568
334.505
335.443
336.380
337.317
338.255
339.192
340.129
341.066
342.004
342.941
343.878
344.816
345.753
346.690
347.628
348.565
349.502
350.439
351.377
352.314
353.251
354.189
355.126
356.063
357.001
357.938
358.875
359.812
360.750
361.218
361.687
362.156
362.625
363.093
363.562
364.031
364.499
364.968
365.437
365.905
366.374
366.843
367.312
367.780
368.249
368.718
369.186
369.655
370.124
370.592
371.061
371.530
371.999
372.467
372.936
373.405
373.873
374.342
374.811
375.279
375.748
376.217
376.685
377.154
377.623
378.092
378.560
379.029
379.498
379.966
380.435
380.904
381.372
381.841
382.310
382.779
383.247
383.716
384.185
384.653
385.122
385.591
386.059
386.528
386.997
387.466
387.934
388.403
388.872
389.340
389.809
390.278
390.746
390.981
391.215
391.449
391.684
391.918
392.152
392.387
392.621
392.856
393.090
393.324
393.559
393.793
394.027
394.262
394.496
394.730
394.965
395.199
395.433
395.668
395.902
396.136
396.371
396.605
396.839
397.074
397.308
397.543
397.777
398.011
398.246
398.480
398.714
398.949
399.183
399.417
399.652
399.886
400.120
400.355
400.589
400.823
401.058
401.292
401.526
401.761
401.995
402.229
402.464
402.698
402.933
403.167
403.401
403.636
403.870
404.104
404.339
404.573
404.807
405.042
405.276
405.510
405.745
405.979
406.213
406.448
406.682
406.916
407.151
407.385
407.620
407.854
408.088
408.323
408.557
408.791
409.026
409.260
409.494
409.729
409.963
410.197
410.432
410.666
410.900
411.135
411.369
411.603
411.838
412.072
412.306
412.541
412.775
413.010
413.244
413.478
413.713
413.947
414.181
414.416
414.650
414.884
415.119
415.353
415.587
415.822
416.056
416.290
416.525
416.759
416.993
417.228
417.462
417.696
417.931
418.165
418.400
418.634
418.868
419.103
419.337
419.571
419.806
420.040
420.274
420.509
420.743
481.674
482.611
483.549
485.424
486.362
487.299
489.174
490.112
491.050
492.925
493.862
494.800
496.675
497.613
498.550
500.426
501.363
502.301
504.176
505.114
506.051
507.926
508.864
509.802
510.736
511.205
511.673
512.611
513.080
513.548
514.486
514.955
515.423
516.361
516.830
517.298
518.236
518.705
519.173
520.111
520.580
521.048
521.986
522.455
522.923
523.861
524.330
524.798
525.736
526.205
526.673
527.611
528.080
528.548
529.486
529.955
530.423
531.361
531.830
532.298
533.236
533.705
534.173
535.111
535.580
536.048
536.986
537.455
537.923
538.861
539.330
539.798
540.766
541.000
541.235
541.469
541.703
542.641
542.875
543.109
543.344
543.578
544.516
544.750
544.984
545.219
545.453
546.390
546.625
546.859
547.093
547.328
548.265
548.499
548.734
548.968
549.202
550.140
550.374
550.609
550.843
551.077
552.015
552.249
552.483
552.718
552.952
553.889
554.124
554.358
554.593
554.827
555.764
555.999
556.233
556.467
556.702
557.639
557.873
558.108
558.342
558.576
559.514
559.748
559.983
560.217
560.451
561.389
561.623
561.857
562.092
562.326
563.263
563.498
563.732
563.966
564.201
565.138
565.373
565.607
565.841
566.076
567.013
567.247
567.482
567.716
567.950
568.888
569.122
569.356
569.591
569.825
570.763
570.997
571.231
571.466
571.700
571.934
572.169
572.403
572.637
572.872
573.106
573.340
573.575
573.809
574.043
574.278
574.512
574.746
574.981
575.215
575.450
575.684
575.918
576.153
576.387
576.621
576.856
577.090
577.324
577.559
577.793
578.027
578.262
578.496
578.730
578.965
579.199
579.433
579.668
579.902
580.137
580.371
580.605
580.840
581.074
581.308
581.543
581.777
582.011
582.246
582.480
582.714
582.949
583.183
583.417
583.652
583.886
584.120
584.355
584.589
584.823
585.058
585.292
585.527
585.761
585.995
586.230
586.464
586.698
586.933
587.167
587.401
587.636
587.870
588.104
588.339
588.573
588.807
589.042
589.276
589.510
589.745
589.979
590.213
590.448
590.682
590.917
591.151
591.385
591.620
591.854
592.088
592.323
592.557
592.791
593.026
593.260
593.494
593.729
593.963
594.197
594.432
594.666
594.900
595.135
595.369
595.604
595.838
596.072
596.307
596.541
596.775
597.010
597.244
597.478
597.713
597.947
598.181
598.416
598.650
598.884
599.119
599.353
599.587
599.822
600.056
600.290
600.525
600.759
601.693
602.631
603.569
605.444
606.381
607.319
609.194
610.132
611.069
612.945
613.882
614.820
616.695
617.633
618.570
620.446
621.383
622.321
624.196
625.134
626.071
627.946
628.884
629.822
630.756
631.225
631.693
632.631
633.100
633.568
634.506
634.975
635.443
636.381
636.850
637.318
638.256
638.725
639.193
640.131
640.600
641.068
642.006
642.475
642.943
643.881
644.350
644.818
645.756
646.225
646.693
647.631
648.100
648.568
649.506
649.974
650.443
651.381
651.849
652.318
653.256
653.724
654.193
655.131
655.599
656.068
657.006
657.474
657.943
658.881
659.349
659.818
660.752
660.987
661.221
661.456
661.690
662.627
662.862
663.096
663.330
663.565
664.502
664.736
664.971
665.205
665.439
666.377
666.611
666.846
667.080
667.314
668.252
668.486
668.720
668.955
669.189
670.126
670.361
670.595
670.829
671.064
672.001
672.236
672.470
672.704
672.939
673.876
674.110
674.345
674.579
674.813
675.751
675.985
676.219
676.454
676.688
677.626
677.860
678.094
678.329
678.563
679.500
679.735
679.969
680.203
680.438
681.375
681.609
681.844
682.078
682.313
683.250
683.484
683.719
683.953
684.187
685.125
685.359
685.593
685.828
686.062
687.000
687.234
687.468
687.703
687.937
688.874
689.109
689.343
689.577
689.812
690.749
690.983
691.218
691.452
691.686
691.921
692.155
692.390
692.624
692.858
693.093
693.327
693.561
693.796
694.030
694.264
694.499
694.733
694.967
695.202
695.436
695.670
695.905
696.139
696.373
696.608
696.842
697.077
697.311
697.545
697.780
698.014
698.248
698.483
698.717
698.951
699.186
699.420
699.654
699.889
700.123
700.357
700.592
700.826
701.060
701.295
701.529
701.763
701.998
702.232
702.467
702.701
702.935
703.170
703.404
703.638
703.873
704.107
704.341
704.576
704.810
705.044
705.279
705.513
705.747
705.982
706.216
706.450
706.685
706.919
707.153
707.388
707.622
707.857
708.091
708.325
708.560
708.794
709.028
709.263
709.497
709.731
709.966
710.200
710.434
710.669
710.903
711.137
711.372
711.606
711.840
712.075
712.309
712.544
712.778
713.012
713.247
713.481
713.715
713.950
714.184
714.418
714.653
714.887
715.121
715.356
715.590
715.824
716.059
716.293
716.527
716.762
716.996
717.230
717.465
717.699
717.934
718.168
718.402
718.637
718.871
719.105
719.340
719.574
719.808
720.043
720.277
720.511
720.746
721.691
722.628
723.566
725.440
726.377
727.315
729.189
730.126
731.063
732.938
733.875
734.812
736.687
737.624
738.561
740.436
741.373
742.310
744.185
745.122
746.059
747.934
748.871
749.808
750.776
751.244
751.713
752.651
753.119
753.588
754.525
754.994
755.463
756.400
756.869
757.337
758.275
758.744
759.212
760.150
760.618
761.087
762.024
762.493
762.962
763.899
764.368
764.837
765.774
766.243
766.711
767.649
768.118
768.586
769.524
769.992
770.461
771.398
771.867
772.336
773.273
773.742
774.211
775.148
775.617
776.085
777.023
777.491
777.960
778.898
779.366
779.835
780.772
781.007
781.241
781.475
781.710
782.647
782.881
783.116
783.350
783.585
784.522
784.756
784.991
785.225
785.459
786.397
786.631
786.865
787.100
787.334
788.272
788.506
788.740
788.975
789.209
790.146
790.381
790.615
790.849
791.084
792.021
792.255
792.490
792.724
792.958
793.896
794.130
794.365
794.599
794.833
795.771
796.005
796.239
796.474
796.708
797.645
797.880
798.114
798.349
798.583
799.520
799.755
799.989
800.223
800.458
801.395
801.629
801.864
802.098
802.332
803.270
803.504
803.739
803.973
804.207
805.145
805.379
805.613
805.848
806.082
807.019
807.254
807.488
807.722
807.957
808.894
809.129
809.363
809.597
809.832
810.769
811.003
811.238
811.472
811.707
811.941
812.175
812.410
812.644
812.879
813.113
813.347
813.582
813.816
814.051
814.285
814.519
814.754
814.988
815.223
815.457
815.691
815.926
816.160
816.395
816.629
816.863
817.098
817.332
817.567
817.801
818.035
818.270
818.504
818.738
818.973
819.207
819.442
819.676
819.910
820.145
820.379
820.614
820.848
821.082
821.317
821.551
821.786
822.020
822.254
822.489
822.723
822.958
823.192
823.426
823.661
823.895
824.130
824.364
824.598
824.833
825.067
825.302
825.536
825.770
826.005
826.239
826.474
826.708
826.942
827.177
827.411
827.646
827.880
828.114
828.349
828.583
828.818
829.052
829.286
829.521
829.755
829.990
830.224
830.458
830.693
830.927
831.162
831.396
831.630
831.865
832.099
832.334
832.568
832.802
833.037
833.271
833.506
833.740
833.974
834.209
834.443
834.677
834.912
835.146
835.381
835.615
835.849
836.084
836.318
836.553
836.787
837.021
837.256
837.490
837.725
837.959
838.193
838.428
838.662
838.897
839.131
839.365
839.600
839.834
840.069
840.303
840.537
840.772
901.724
902.193
902.662
903.131
903.600
904.069
904.538
905.007
905.476
905.945
906.414
906.883
907.352
907.821
908.290
908.759
909.228
909.697
910.166
910.635
911.104
911.573
912.042
912.511
912.980
913.449
913.918
914.387
914.856
915.325
915.794
916.263
916.732
917.201
917.670
918.139
918.608
919.077
919.546
920.015
920.484
920.953
921.422
921.891
922.360
922.829
923.298
923.767
924.236
924.705
925.173
925.642
926.111
926.580
927.049
927.518
927.987
928.456
928.925
929.394
929.863
930.332
930.801
931.270
931.739
932.208
932.677
933.146
933.615
934.084
934.553
935.022
935.491
935.960
936.429
936.898
937.367
937.836
938.305
938.774
939.243
939.712
940.181
940.650
941.119
941.588
942.057
942.526
942.995
943.464
943.933
944.402
944.871
945.340
945.809
946.278
946.747
947.216
947.685
948.154
948.623
949.092
949.561
950.030
950.499
950.968
951.437
951.906
952.375
952.844
953.313
953.782
954.251
954.720
955.189
955.658
956.127
956.596
957.065
957.534
958.003
958.472
958.941
959.410
959.879
960.348
960.817
961.286
961.755
961.989
962.224
962.458
962.693
962.927
963.162
963.396
963.631
963.865
964.100
964.334
964.569
964.803
965.038
965.272
965.507
965.741
965.975
966.210
966.444
966.679
966.913
967.148
967.382
967.617
967.851
968.086
968.320
968.555
968.789
969.024
969.258
969.493
969.727
969.962
970.196
970.431
970.665
970.900
971.134
971.369
971.603
971.838
972.072
972.307
972.541
972.776
973.010
973.245
973.479
973.714
973.948
974.183
974.417
974.652
974.886
975.121
975.355
975.590
975.824
976.059
976.293
976.528
976.762
976.997
977.231
977.466
977.700
977.935
978.169
978.404
978.638
978.873
979.107
979.342
979.576
979.811
980.045
980.280
980.514
980.749
980.983
981.218
981.452
981.687
981.921
982.156
982.390
982.625
982.859
983.094
983.328
983.563
983.797
984.032
984.266
984.501
984.735
984.970
985.204
985.439
985.673
985.908
986.142
986.376
986.611
986.845
987.080
987.314
987.549
987.783
988.018
988.252
988.487
988.721
988.956
989.190
989.425
989.659
989.894
990.128
990.363
990.597
990.832
991.066
991.301
991.535
991.770
992.004
992.239
992.473
992.708
992.942
993.177
993.411
993.646
993.880
994.115
994.349
994.584
994.818
995.053
995.287
995.522
995.756
995.991
996.225
996.460
996.694
996.929
997.163
997.398
997.632
997.867
998.101
998.336
998.570
998.805
999.039
999.274
999.508
999.743
999.977
1000.212
1000.446
1000.681
1000.915
1001.150
1001.384
1001.619
1001.853
1002.088
1002.322
1002.557
1002.791
1003.026
1003.260
1003.495
1003.729
1003.964
1004.198
1004.433
1004.667
1004.902
1005.136
1005.371
1005.605
1005.840
1006.074
1006.308
1006.543
1006.777
1007.012
1007.246
1007.481
1007.715
1007.950
1008.184
1008.419
1008.653
1008.888
1009.122
1009.357
1009.591
1009.826
1010.060
1010.295
1010.529
1010.764
1010.998
1011.233
1011.467
1011.702
1011.936
1012.171
1012.405
1012.640
1012.874
1013.109
1013.343
1013.578
1013.812
1014.047
1014.281
1014.516
1014.750
1014.985
1015.219
1015.454
1015.688
1015.923
1016.157
1016.392
1016.626
1016.861
1017.095
1017.330
1017.564
1017.799
1018.033
1018.268
1018.502
1018.737
1018.971
1019.206
1019.440
1019.675
1019.909
1020.144
1020.378
1020.613
1020.847
1021.082
1021.316
1021.551
1021.785
1022.020
1022.254
1022.489
1022.723
1022.958
1023.192
1023.427
1023.661
1023.896
1024.130
1024.365
1024.599
1024.834
1025.068
1025.303
1025.537
1025.772
1026.006
1026.241
1026.475
1026.709
1026.944
1027.178
1027.413
1027.647
1027.882
1028.116
1028.351
1028.585
1028.820
1029.054
1029.289
1029.523
1029.758
1029.992
1030.227
1030.461
1030.696
1030.930
1031.165
1046.161
1048.033
1049.906
1051.779
1053.651
1055.524
1057.397
1059.270
1061.142
1063.015
1064.888
1066.760
1068.633
1070.506
1072.379
1074.251
1076.124
1077.061
1077.999
1078.936
1079.874
1080.811
1081.749
1082.686
1083.624
1084.561
1085.499
1086.436
1087.374
1088.311
1089.249
1090.186
1091.124
1092.061
1092.999
1093.936
1094.874
1095.811
1096.749
1097.686
1098.624
1099.561
1100.499
1101.436
1102.374
1103.311
1104.249
1105.186
1105.655
1106.124
1106.592
1107.061
1107.530
1107.998
1108.467
1108.936
1109.405
1109.873
1110.342
1110.811
1111.279
1111.748
1112.217
1112.685
1113.154
1113.623
1114.092
1114.560
1115.029
1115.498
1115.966
1116.435
1116.904
1117.372
1117.841
1118.310
1118.779
1119.247
1119.716
1120.185
1120.653
1121.122
1121.591
1122.059
1122.528
1122.997
1123.465
1123.934
1124.403
1124.872
1125.340
1125.809
1126.278
1126.746
1127.215
1127.684
1128.152
1128.621
1129.090
1129.559
1130.027
1130.496
1130.965
1131.433
1131.902
1132.371
1132.839
1133.308
1133.777
1134.246
1134.714
1135.183
1135.417
1135.652
1135.886
1136.120
1136.355
1136.589
1136.823
1137.058
1137.292
1137.526
1137.761
1137.995
1138.229
1138.464
1138.698
1138.933
1139.167
1139.401
1139.636
1139.870
1140.104
1140.339
1140.573
1140.807
1141.042
1141.276
1141.510
1141.745
1141.979
1142.213
1142.448
1142.682
1142.916
1143.151
1143.385
1143.619
1143.854
1144.088
1144.323
1144.557
1144.791
1145.026
1145.260
1145.494
1145.729
1145.963
1146.197
1146.432
1146.666
1146.900
1147.135
1147.369
1147.603
1147.838
1148.072
1148.306
1148.541
1148.775
1149.010
1149.244
1149.478
1149.713
1149.947
1150.181
1150.416
1150.650
1150.884
1151.119
1151.353
1151.587
1151.822
1152.056
1152.290
1152.525
1152.759
1152.993
1153.228
1153.462
1153.696
1153.931
1154.165
1154.400
1154.634
1154.868
1155.103
1155.337
1155.571
1155.806
1156.040
1156.274
1156.509
1156.743
1156.977
1157.212
1157.446
1157.680
1157.915
1158.149
1158.383
1158.618
1158.852
1159.086
1159.321
1159.555
1159.790
1160.024
1160.258
1160.493
1160.727
1160.961
1161.196
1161.430
1161.664
1161.899
1162.133
1162.367
1162.602
1162.836
1163.070
1163.305
1163.539
1163.773
1164.008
1164.242
1164.477
1164.711
1164.945
1165.180
1166.147
1168.022
1169.897
1171.772
1173.646
1175.521
1177.396
1179.271
1181.146
1183.020
1184.895
1186.770
1188.645
1190.519
1192.394
1194.269
1196.144
1197.080
1198.017
1198.953
1199.890
1200.826
1201.762
1202.699
1203.635
1204.572
1205.508
1206.444
1207.381
1208.317
1209.254
1210.190
1211.127
1212.063
1212.999
1213.936
1214.872
1215.809
1216.745
1217.681
1218.618
1219.554
1220.491
1221.427
1222.364
1223.300
1224.236
1225.173
1225.642
1226.111
1226.580
1227.050
1227.519
1227.988
1228.457
1228.927
1229.396
1229.865
1230.334
1230.803
1231.273
1231.742
1232.211
1232.680
1233.150
1233.619
1234.088
1234.557
1235.026
1235.496
1235.965
1236.434
1236.903
1237.373
1237.842
1238.311
1238.780
1239.249
1239.719
1240.188
1240.657
1241.126
1241.595
1242.065
1242.534
1243.003
1243.472
1243.942
1244.411
1244.880
1245.349
1245.818
1246.288
1246.757
1247.226
1247.695
1248.165
1248.634
1249.103
1249.572
1250.041
1250.511
1250.980
1251.449
1251.918
1252.388
1252.857
1253.326
1253.795
1254.264
1254.734
1255.203
1255.437
1255.672
1255.906
1256.140
1256.375
1256.609
1256.843
1257.078
1257.312
1257.546
1257.781
1258.015
1258.249
1258.484
1258.718
1258.952
1259.187
1259.421
1259.655
1259.890
1260.124
1260.359
1260.593
1260.827
1261.062
1261.296
1261.530
1261.765
1261.999
1262.233
1262.468
1262.702
1262.936
1263.171
1263.405
1263.639
1263.874
1264.108
1264.342
1264.577
1264.811
1265.045
1265.280
1265.514
1265.749
1265.983
1266.217
1266.452
1266.686
1266.920
1267.155
1267.389
1267.623
1267.858
1268.092
1268.326
1268.561
1268.795
1269.029
1269.264
1269.498
1269.732
1269.967
1270.201
1270.435
1270.670
1270.904
1271.139
1271.373
1271.607
1271.842
1272.076
1272.310
1272.545
1272.779
1273.013
1273.248
1273.482
1273.716
1273.951
1274.185
1274.419
1274.654
1274.888
1275.122
1275.357
1275.591
1275.826
1276.060
1276.294
1276.529
1276.763
1276.997
1277.232
1277.466
1277.700
1277.935
1278.169
1278.403
1278.638
1278.872
1279.106
1279.341
1279.575
1279.809
1280.044
1280.278
1280.512
1280.747
1280.981
1281.216
1281.450
1281.684
1281.919
1282.153
1282.387
1282.622
1282.856
1283.090
1283.325
1283.559
1283.793
1284.028
1284.262
1284.496
1284.731
1284.965
1285.199
1286.134
1288.009
1289.884
1291.759
1293.635
1295.510
1297.385
1299.260
1301.135
1303.011
1304.886
1306.761
1308.636
1310.511
1312.387
1314.262
1315.199
1316.136
1317.074
1318.011
1318.948
1319.886
1320.823
1321.760
1322.698
1323.635
1324.572
1325.509
1326.447
1327.384
1328.321
1329.259
1330.196
1331.133
1332.071
1333.008
1333.945
1334.882
1335.820
1336.757
1337.694
1338.632
1339.569
1340.506
1341.444
1342.381
1343.318
1344.255
1345.193
1345.661
1346.130
1346.599
1347.068
1347.536
1348.005
1348.474
1348.942
1349.411
1349.880
1350.348
1350.817
1351.286
1351.754
1352.223
1352.692
1353.161
1353.629
1354.098
1354.567
1355.035
1355.504
1355.973
1356.441
1356.910
1357.379
1357.848
1358.316
1358.785
1359.254
1359.722
1360.191
1360.660
1361.128
1361.597
1362.066
1362.535
1363.003
1363.472
1363.941
1364.409
1364.878
1365.347
1365.815
1366.284
1366.753
1367.222
1367.690
1368.159
1368.628
1369.096
1369.565
1370.034
1370.502
1370.971
1371.440
1371.908
1372.377
1372.846
1373.315
1373.783
1374.252
1374.721
1375.189
1375.424
1375.658
1375.892
1376.127
1376.361
1376.595
1376.829
1377.064
1377.298
1377.532
1377.767
1378.001
1378.235
1378.469
1378.704
1378.938
1379.172
1379.407
1379.641
1379.875
1380.109
1380.344
1380.578
1380.812
1381.047
1381.281
1381.515
1381.749
1381.984
1382.218
1382.452
1382.687
1382.921
1383.155
1383.389
1383.624
1383.858
1384.092
1384.327
1384.561
1384.795
1385.029
1385.264
1385.498
1385.732
1385.967
1386.201
1386.435
1386.670
1386.904
1387.138
1387.372
1387.607
1387.841
1388.075
1388.310
1388.544
1388.778
1389.012
1389.247
1389.481
1389.715
1389.950
1390.184
1390.418
1390.652
1390.887
1391.121
1391.355
1391.590
1391.824
1392.058
1392.292
1392.527
1392.761
1392.995
1393.230
1393.464
1393.698
1393.932
1394.167
1394.401
1394.635
1394.870
1395.104
1395.338
1395.572
1395.807
1396.041
1396.275
1396.510
1396.744
1396.978
1397.213
1397.447
1397.681
1397.915
1398.150
1398.384
1398.618
1398.853
1399.087
1399.321
1399.555
1399.790
1400.024
1400.258
1400.493
1400.727
1400.961
1401.195
1401.430
1401.664
1401.898
1402.133
1402.367
1402.601
1402.835
1403.070
1403.304
1403.538
1403.773
1404.007
1404.241
1404.475
1404.710
1404.944
1405.178
1405.413
1405.647
1405.881
1406.115
1406.350
1406.584
1406.818
1407.053
1407.287
1407.521
1407.756
1407.990
1408.224
1408.458
1408.693
1408.927
1409.161
1409.396
1409.630
1409.864
1410.098
1410.333
1410.567
1410.801
1411.036
1411.270
1411.504
1411.738
1411.973
1412.207
1412.441
1412.676
1412.910
1413.144
1413.378
1413.613
1413.847
1414.081
1414.316
1414.550
1414.784
1415.018
1415.253
1415.487
1415.721
1415.956
1416.190
1416.424
1416.658
1416.893
1417.127
1417.361
1417.596
1417.830
1418.064
1418.299
1418.533
1418.767
1419.001
1419.236
1419.470
1419.704
1419.939
1420.173
1420.407
1420.641
1420.876
1421.110
1421.344
1421.579
1421.813
1422.047
1422.281
1422.516
1422.750
1422.984
1423.219
1423.453
1423.687
1423.921
1424.156
1424.390
1424.624
1424.859
1425.093
1425.327
1425.561
1425.796
1426.030
1426.264
1426.499
1426.733
1426.967
1427.201
1427.436
1427.670
1427.904
1428.139
1428.373
1428.607
1428.842
1429.076
1429.310
1429.544
1429.779
1430.013
1430.247
1430.482
1430.716
1430.950
1431.184
1431.419
1431.653
1431.887
1432.122
1432.356
1432.590
1432.824
1433.059
1433.293
1433.527
1433.762
1433.996
1434.230
1434.464
1434.699
1434.933
1435.167
1435.402
1435.636
1435.870
1436.104
1436.339
1436.573
1436.807
1437.042
1437.276
1437.510
1437.744
1437.979
1438.213
1438.447
1438.682
1438.916
1439.150
1439.384
1439.619
1439.853
1440.087
1440.322
1440.556
1440.790
1441.025
1441.259
1441.493
1441.727
1441.962
1442.196
1442.430
1442.665
1442.899
1443.133
1443.367
1443.602
1443.836
1444.070
1444.305
1444.539
1444.773
1445.007
1445.242
1445.476
1445.710
1445.945
1446.179
1446.413
1446.647
1446.882
1447.116
1447.350
1447.585
1447.819
1448.053
1448.287
1448.522
1448.756
1448.990
1449.225
1449.459
1449.693
1449.927
1450.162
1450.396
1450.630
1450.865
1451.099
1451.333
1451.568
1451.802
1452.036
1452.270
1452.505
1452.739
1452.973
1453.208
1453.442
1453.676
1453.910
1454.145
1454.379
1454.613
1454.848
1455.082
1455.316
1455.550
1455.785
1456.019
1456.253
1456.488
1456.722
1456.956
1457.190
1457.425
1457.659
1457.893
1458.128
1458.362
1458.596
1458.830
1459.065
1459.299
1459.533
1459.768
1460.002
1460.236
1460.470
1460.705
1460.939
1461.173
1461.408
1461.642
1461.876
1462.111
1462.345
1462.579
1462.813
1463.048
1463.282
1463.516
1463.751
1463.985
1464.219
1464.453
1464.688
1464.922
1465.156
1465.391
1465.625
1465.859
1466.093
1466.328
1466.562
1466.796
1467.031
1467.265
1467.499
1467.733
1467.968
1468.202
1468.436
1468.671
1468.905
1469.139
1469.373
1469.608
1469.842
1470.076
1470.311
1470.545
1470.779
1471.013
1471.248
1471.482
1471.716
1471.951
1472.185
1472.419
1472.654
1472.888
1473.122
1473.356
1473.591
1473.825
1474.059
1474.294
1474.528
1474.762
1474.996
1475.231
1475.465
1475.699
1475.934
1476.168
1476.402
1476.636
1476.871
1477.105
1477.339
1477.574
1477.808
1478.042
1478.276
1478.511
1478.745
1478.979
1479.214
1479.448
1479.682
1479.916
1480.151
1480.385
1480.619
1480.854
1481.088
1481.322
1481.556
1481.791
1482.025
1482.259
1482.494
1482.728
1482.962
1483.197
1483.431
1483.665
1483.899
1484.134
1484.368
1484.602
1484.837
1485.071
1485.305
1485.539
1485.774
1486.008
1486.242
1486.477
1486.711
1486.945
1487.179
1487.414
1487.648
1487.882
1488.117
1488.351
1488.585
1488.819
1489.054
1489.288
1489.522
1489.757
1489.991
1490.225
1490.459
1490.694
1490.928
1491.162
1491.397
1491.631
1491.865
1492.099
1492.334
1492.568
1492.802
1493.037
1493.271
1493.505
1493.739
1493.974
1494.208
1494.442
1494.677
1494.911
1495.145
1495.380
1495.614
1495.848
1496.082
1496.317
1496.551
1496.785
1497.020
1497.254
1497.488
1497.722
1497.957
1498.191
1498.425
1498.660
1498.894
1499.128
1499.362
1499.597
1499.831
1500.065
1500.300
1500.534
1500.768
1501.002
1501.237
1501.471
1501.705
1501.940
1502.174
1502.408
1502.642
1502.877
1503.111
1503.345
1503.580
1503.814
1504.048
1504.282
1504.517
1504.751
1504.985
1505.220
1505.454
1505.688
1505.923
1506.157
1506.391
1506.625
1506.860
1507.094
1507.328
1507.563
1507.797
1508.031
1508.265
1508.500
1508.734
1508.968
1509.203
1509.437
1509.671
1509.905
1510.140
1510.374
1510.608
1510.843
1511.077
1511.311
1511.545
1511.780
1512.014
1512.248
1512.483
1512.717
1512.951
1513.185
1513.420
1513.654
1513.888
1514.123
1514.357
1514.591
1514.825
1515.060
1515.294
1515.528
1515.763
1515.997
1516.231
1516.466
1516.700
1516.934
1517.168
1517.403
1517.637
1517.871
1518.106
1518.340
1518.574
1518.808
1519.043
1519.277
1519.511
1519.746
1519.980
1520.214
1520.448
1520.683
1520.917
1521.151
1521.386
1521.620
1521.854
1522.088
1522.323
1522.557
1522.791
1523.026
1523.260
1523.494
1523.728
1523.963
