9.062
10.167
11.272
12.377
13.482
14.587
15.692
16.797
17.902
18.459
19.015
19.572
20.128
20.685
21.241
21.798
22.355
22.911
23.468
24.024
24.581
25.137
25.694
26.251
26.807
27.364
27.920
28.477
29.033
29.590
30.147
30.703
31.260
31.816
32.373
32.929
33.486
34.043
34.599
35.156
35.712
36.269
36.825
37.382
37.658
37.935
38.487
39.040
39.593
39.869
40.146
40.698
41.251
41.804
42.080
42.357
42.909
43.462
53.502
54.057
54.612
55.168
55.723
56.278
56.833
57.389
57.944
58.499
59.054
59.609
60.165
60.720
61.275
61.830
62.386
62.941
63.496
64.051
64.606
65.162
65.717
66.272
66.827
67.383
67.938
68.493
69.048
69.603
70.159
70.714
71.269
71.824
72.380
72.935
73.490
74.045
74.601
75.156
75.711
76.266
76.821
77.377
77.932
78.487
79.042
79.598
80.153
80.708
81.263
81.818
82.374
82.929
83.484
84.039
84.595
85.150
85.705
86.260
86.815
87.371
87.926
88.481
89.036
89.592
90.147
90.702
90.978
91.255
91.807
92.360
92.913
93.189
93.466
94.018
94.571
95.124
95.400
95.677
96.229
96.782
97.898
99.013
100.129
101.244
102.360
103.475
104.591
105.706
106.822
107.378
107.933
108.489
109.045
109.600
110.156
110.712
111.267
111.823
112.379
112.934
113.490
114.045
114.601
115.157
115.712
116.268
116.824
117.379
117.935
118.491
119.046
119.602
120.158
120.713
121.269
121.825
122.380
122.936
123.492
124.047
124.603
125.159
125.714
126.270
126.825
127.381
127.937
128.492
129.048
129.604
130.159
130.715
131.271
131.826
132.382
134.582
135.138
135.694
136.249
136.805
137.361
137.917
138.473
139.028
139.584
140.140
140.696
141.252
141.808
142.363
142.919
143.475
144.031
144.587
145.142
145.420
145.698
146.253
146.809
147.364
147.642
147.920
148.475
149.031
149.586
149.864
150.141
150.697
151.252
151.808
152.085
152.363
152.919
153.474
154.030
154.307
154.585
155.140
155.696
156.251
156.529
156.807
157.362
157.918
158.473
158.751
159.029
159.584
160.139
160.695
160.973
161.250
161.806
162.361
162.917
163.194
163.472
164.028
164.583
165.138
165.416
165.694
166.249
166.805
167.360
167.638
167.916
168.471
169.027
169.582
172.022
173.350
174.678
176.006
177.334
178.662
179.990
181.318
182.646
183.974
185.302
185.969
186.636
187.303
187.971
188.638
189.305
189.972
190.639
191.306
191.973
192.641
193.308
193.975
194.642
195.309
195.976
196.643
197.311
197.978
198.645
199.312
199.979
200.646
201.313
201.981
202.648
203.315
203.982
204.316
204.649
204.983
205.316
205.650
205.983
206.650
206.984
207.317
207.651
207.985
208.318
208.652
209.319
209.652
209.986
210.319
210.653
210.987
211.320
211.987
212.321
212.654
212.988
213.321
213.655
213.988
214.656
214.989
215.323
215.656
215.990
216.323
216.657
217.324
217.657
217.991
218.325
218.658
218.992
219.325
219.992
220.326
220.659
220.993
221.327
221.660
221.994
222.661
222.994
223.328
223.661
223.995
224.328
224.662
227.982
228.651
229.320
229.989
230.658
231.327
231.997
232.666
233.335
234.004
234.673
235.342
238.622
239.297
239.972
240.647
241.322
241.997
242.672
243.347
244.022
245.354
246.686
248.018
249.350
250.682
252.014
253.346
254.678
256.010
257.342
257.675
258.008
258.341
258.675
259.008
259.341
260.007
260.340
260.673
261.006
261.340
261.673
262.006
262.672
263.005
263.338
263.671
264.005
264.338
264.671
265.337
265.670
266.003
266.336
266.670
267.003
267.336
268.002
268.335
268.668
269.001
269.335
269.668
270.001
270.667
271.000
271.333
271.666
272.000
272.333
272.666
273.332
273.665
273.998
274.331
274.665
274.998
275.331
275.997
276.330
276.663
276.996
277.330
277.663
277.996
278.662
279.997
281.332
282.667
284.002
285.337
286.672
288.007
289.342
291.902
293.165
294.429
295.692
296.955
298.219
299.482
300.745
302.009
303.272
304.535
305.799
307.062
308.325
309.589
310.852
312.115
313.379
314.642
315.905
317.169
318.432
319.695
320.959
322.222
322.854
323.486
324.118
324.749
325.381
326.013
326.645
327.277
327.909
328.541
329.173
329.804
330.436
331.068
331.700
332.332
332.964
333.596
334.228
334.859
335.491
336.123
336.755
337.387
338.019
338.651
339.283
339.914
340.546
341.178
341.810
342.442
343.074
343.706
344.338
344.969
345.601
346.233
346.865
347.497
348.129
348.761
349.393
350.024
350.656
351.288
351.920
352.552
353.184
353.816
354.448
355.079
355.711
356.343
356.975
357.607
358.239
358.871
359.503
360.134
360.766
361.398
362.030
362.662
363.923
365.184
366.446
367.707
368.968
370.229
371.491
372.752
374.013
375.274
376.536
377.797
379.058
380.319
381.581
382.842
384.103
385.364
386.626
387.887
389.148
390.409
391.671
392.932
394.193
395.454
396.716
397.977
399.238
400.499
401.761
403.022
403.655
404.288
404.921
405.554
406.186
406.819
407.452
408.085
408.718
409.351
409.984
410.617
411.250
411.883
412.515
413.148
413.781
414.414
415.047
415.680
416.313
416.946
417.579
418.212
418.844
419.477
420.110
420.743
421.376
422.009
422.642
423.275
423.590
423.905
424.221
424.536
424.851
425.166
425.482
425.797
426.112
426.428
426.743
427.058
427.373
427.689
428.004
428.319
428.635
428.950
429.265
429.580
429.896
430.211
430.526
430.842
431.157
431.472
431.787
432.103
432.418
432.733
433.048
433.364
433.679
433.994
434.310
434.625
434.940
435.255
435.571
435.886
436.201
436.517
436.832
437.147
437.462
437.778
438.093
438.408
438.724
439.039
439.354
439.669
439.985
440.300
440.615
440.931
441.246
441.561
441.876
442.192
442.507
442.822
443.137
443.453
443.768
444.083
444.399
444.714
445.029
445.344
445.660
445.975
446.290
446.606
446.921
447.236
447.551
447.867
448.182
448.497
448.813
449.128
449.443
449.758
450.074
450.389
450.704
451.020
451.335
451.650
451.965
452.281
452.596
452.911
453.226
453.542
454.175
454.807
455.440
456.073
456.705
457.338
457.971
458.604
459.236
459.869
460.502
461.135
461.767
462.400
463.033
463.665
464.298
464.931
465.564
466.196
466.829
467.462
468.095
468.727
469.360
469.993
470.626
471.258
471.891
472.524
473.156
473.789
474.422
475.055
475.687
476.320
476.953
477.586
478.218
478.851
479.484
480.117
480.749
481.382
486.182
486.650
487.118
487.587
488.055
488.523
488.991
489.460
489.928
490.396
490.864
491.333
491.801
492.269
492.737
493.206
493.674
494.142
494.610
495.078
495.547
496.015
496.483
496.951
497.420
497.888
498.356
498.824
499.293
499.761
500.229
500.697
501.166
501.634
502.102
502.336
502.570
503.039
503.507
503.976
504.210
504.444
504.912
505.381
505.849
506.083
506.317
506.786
507.254
507.723
507.957
508.191
508.659
509.128
509.596
509.830
510.065
510.533
511.001
511.470
511.704
511.938
512.407
512.875
513.343
513.577
513.812
514.280
514.748
515.217
515.451
515.685
516.154
516.622
517.090
517.325
517.559
518.027
518.496
518.964
519.198
519.432
519.901
520.369
520.837
521.072
521.306
521.774
522.243
522.711
522.945
523.179
523.648
524.116
524.585
524.819
525.053
525.521
525.990
526.458
526.692
526.927
527.395
527.863
528.332
528.566
528.800
529.268
529.737
530.205
530.439
530.674
531.142
540.502
541.435
542.369
543.302
544.235
545.169
546.102
546.570
547.039
547.507
547.975
548.444
548.912
549.380
549.849
550.317
550.785
551.254
551.722
552.190
552.659
553.127
553.595
554.064
554.532
555.000
555.469
555.937
556.405
556.874
557.342
557.576
557.810
558.044
558.279
558.513
558.747
558.981
559.215
559.449
559.684
559.918
560.152
560.386
560.620
560.854
561.089
561.323
561.557
561.791
562.025
562.259
562.494
562.728
562.962
563.196
563.430
563.664
563.899
564.133
564.367
564.601
564.835
565.069
565.304
565.538
565.772
566.006
566.240
566.474
566.709
566.943
567.177
567.411
567.645
567.879
568.113
568.348
568.582
568.816
569.050
569.284
569.518
569.753
569.987
570.221
570.455
570.689
570.923
571.158
571.392
571.626
571.860
572.094
572.328
572.563
572.797
573.031
573.265
573.499
573.733
573.968
574.202
574.436
574.670
574.904
575.138
575.373
575.607
575.841
576.075
576.309
576.543
576.778
577.012
577.246
577.480
577.714
577.948
578.183
578.417
578.651
578.885
579.119
579.353
579.587
579.822
580.056
580.290
580.524
580.758
580.992
581.227
581.461
581.695
581.929
582.163
582.397
582.632
582.866
583.100
583.334
583.568
583.802
584.037
584.271
584.505
584.739
584.973
585.207
585.442
585.676
585.910
586.144
586.378
586.612
586.847
587.081
587.315
587.549
587.783
588.017
588.252
588.486
588.720
588.954
589.188
589.422
589.656
589.891
590.125
590.359
590.593
590.827
591.061
591.999
592.936
593.873
594.810
595.747
596.685
597.622
598.559
599.496
600.433
601.370
602.308
603.245
604.182
621.022
621.958
622.895
623.831
624.767
625.703
626.640
627.576
628.512
629.448
630.385
631.321
632.257
633.193
634.130
635.066
636.002
636.938
637.875
638.811
639.747
640.683
641.620
642.556
643.492
644.428
645.365
646.301
647.237
648.173
649.110
650.046
650.982
651.451
651.919
652.388
652.857
653.325
653.794
654.263
654.731
655.200
655.669
656.137
656.606
657.075
657.543
658.012
658.481
658.949
659.418
659.887
660.355
660.824
661.293
661.761
662.230
662.699
663.167
663.636
664.105
664.573
665.042
665.511
665.979
666.448
666.917
667.385
667.854
668.323
668.791
669.260
669.729
670.197
670.666
671.135
671.603
672.072
672.541
673.009
673.478
673.947
674.415
674.884
675.353
675.821
676.290
676.759
677.227
677.696
678.165
678.633
679.102
679.336
679.571
679.805
680.040
680.274
680.509
680.743
680.978
681.212
681.446
681.681
681.915
682.150
682.384
682.619
682.853
683.088
683.322
683.556
683.791
684.025
684.260
684.494
684.729
684.963
685.198
685.432
685.666
685.901
686.135
686.370
686.604
686.839
687.073
687.308
687.542
687.776
688.011
688.245
688.480
688.714
688.949
689.183
689.418
689.652
689.886
690.121
690.355
690.590
690.824
691.059
691.293
691.528
691.762
691.996
692.231
692.465
692.700
692.934
693.169
693.403
693.638
693.872
694.106
694.341
694.575
694.810
695.044
695.279
695.513
695.748
695.982
696.422
696.656
696.891
697.125
697.360
697.828
698.297
698.531
698.766
699.000
699.235
699.703
700.172
700.406
700.641
700.875
701.110
701.578
702.047
702.281
702.516
702.750
702.985
703.453
703.922
704.156
704.391
704.625
704.860
705.328
705.797
706.031
706.266
706.500
706.735
707.203
707.672
707.906
708.141
708.375
708.610
709.078
709.547
709.781
710.016
710.250
710.485
710.954
711.423
711.892
712.361
712.830
713.299
713.768
714.237
714.706
715.175
715.644
716.113
716.582
717.051
717.520
717.990
718.459
718.928
719.397
719.866
720.335
720.804
721.273
721.742
724.102
724.569
724.802
725.035
725.269
725.502
725.969
726.435
726.669
726.902
727.135
727.369
727.835
728.302
728.535
728.769
729.002
729.235
729.702
730.169
730.402
730.635
730.869
731.102
731.569
732.035
732.269
732.502
732.735
732.969
733.435
733.902
734.135
734.369
734.602
734.835
735.302
735.769
736.002
736.235
736.469
736.702
737.169
737.635
737.869
738.102
738.335
738.569
739.037
739.505
739.974
740.442
740.910
741.378
741.847
742.315
742.783
743.251
743.720
744.188
744.656
745.125
745.593
746.061
746.529
746.998
747.466
747.934
748.403
748.871
749.339
749.807
750.276
750.744
751.212
751.681
752.149
752.617
753.085
753.554
754.022
754.961
755.899
756.838
757.777
758.715
759.654
760.593
761.531
762.470
763.409
764.347
765.286
766.225
767.163
768.102
769.862
770.613
771.363
772.114
772.864
773.615
774.366
775.116
775.867
776.617
777.368
778.118
778.869
779.620
780.370
781.121
781.871
782.622
782.997
783.372
784.122
784.497
784.872
785.622
785.997
786.372
787.122
787.497
787.872
788.622
788.997
789.372
790.122
790.497
790.872
791.622
791.997
792.372
793.122
793.497
793.872
794.622
794.997
795.372
796.122
796.497
796.872
797.622
797.997
798.372
799.122
799.497
799.872
800.622
800.997
801.372
802.122
802.497
802.872
803.622
803.997
804.372
805.122
805.497
805.872
806.621
807.371
808.120
808.869
809.619
810.368
811.118
811.867
812.616
813.366
814.115
814.864
815.614
816.363
817.113
817.862
818.237
818.612
818.987
819.362
819.737
820.112
820.487
820.862
821.237
821.612
821.987
822.362
822.737
823.112
823.487
823.862
824.237
824.612
824.987
825.362
825.737
826.112
826.487
826.862
827.237
827.612
827.987
828.362
828.737
829.112
829.487
829.862
830.237
830.612
830.987
831.362
831.737
832.112
832.487
832.862
833.237
833.612
833.987
834.362
834.737
835.112
835.487
835.862
836.237
836.612
836.987
837.362
837.737
838.112
838.487
838.862
839.237
839.612
839.987
840.362
840.737
841.112
841.487
841.862
842.611
843.361
844.110
844.859
845.609
846.358
847.107
847.857
848.606
849.355
850.105
850.854
851.603
852.353
853.102
865.862
866.612
866.987
867.363
868.113
868.488
868.863
869.614
869.989
870.364
871.114
871.489
871.864
872.615
872.990
873.365
874.115
874.490
874.866
875.616
875.991
876.366
877.117
877.492
877.867
878.617
878.992
879.367
880.118
880.493
880.868
881.618
881.994
882.369
883.119
883.494
883.869
884.620
884.995
885.370
886.120
886.495
886.870
887.621
887.996
888.371
889.121
889.497
889.872
890.625
891.377
892.130
892.883
893.636
894.389
895.142
895.894
896.647
897.400
898.153
898.906
899.659
900.411
901.164
901.917
902.292
902.666
903.041
903.416
903.790
904.165
904.540
904.915
905.289
905.664
906.039
906.413
906.788
907.163
907.537
907.912
908.287
908.661
909.036
909.411
909.785
910.160
910.535
910.909
911.284
911.659
912.034
912.408
912.783
913.158
913.532
913.907
914.282
914.656
915.031
915.406
915.780
916.155
916.530
916.904
917.279
917.654
918.028
918.403
918.778
919.153
919.527
919.902
920.650
921.399
922.147
922.895
923.644
924.392
925.140
925.889
926.637
927.385
928.134
928.882
929.630
930.379
931.127
931.875
932.624
933.372
934.120
934.869
935.617
936.365
937.114
937.862
939.365
940.868
942.371
943.873
945.376
946.879
948.382
953.502
954.427
955.352
956.277
957.202
958.127
959.052
959.977
960.902
961.827
962.752
963.677
964.602
965.527
966.452
967.377
968.302
968.763
969.225
969.686
970.148
970.609
971.071
971.532
971.993
972.455
972.916
973.378
973.839
974.301
974.762
975.223
975.685
976.146
976.608
977.069
977.531
977.992
978.453
978.915
979.376
979.838
980.299
980.761
981.222
1001.542
1002.465
1003.387
1004.310
1005.233
1006.155
1007.078
1008.001
1008.923
1009.846
1010.769
1011.691
1012.614
1013.537
1014.459
1015.382
1016.742
1017.668
1018.593
1019.519
1020.445
1021.371
1022.296
1023.222
1023.683
1024.144
1024.606
1025.067
1025.528
1025.989
1026.450
1026.911
1027.373
1027.834
1028.295
1028.756
1029.217
1029.678
1030.140
1030.601
1031.062
1031.293
1031.524
1031.756
1031.987
1032.218
1032.449
1032.681
1032.912
1033.143
1033.374
1033.606
1033.837
1034.068
1034.299
1034.531
1034.762
1034.993
1035.224
1035.456
1035.687
1035.918
1036.149
1036.381
1036.612
1036.843
1037.074
1037.306
1037.537
1037.768
1037.999
1038.231
1038.462
1038.693
1038.924
1039.156
1039.387
1039.618
1039.849
1040.081
1040.312
1040.543
1040.774
1041.006
1041.237
1041.468
1041.699
1041.931
1042.162
1042.393
1042.624
1042.856
1043.087
1043.318
1043.549
1043.781
1044.012
1044.243
1044.474
1044.706
1044.937
1045.168
1045.399
1045.631
1045.862
1046.323
1046.553
1046.783
1047.014
1047.244
1047.705
1048.166
1048.396
1048.626
1048.857
1049.087
1049.548
1050.009
1050.239
1050.469
1050.700
1050.930
1051.391
1051.852
1052.082
1052.312
1052.543
1052.773
1053.234
1053.695
1053.925
1054.155
1054.386
1054.616
1055.077
1055.538
1055.768
1055.998
1056.229
1056.459
1056.920
1057.381
1057.611
1057.841
1058.072
1058.302
1064.302
1065.225
1066.147
1067.070
1067.992
1068.915
1069.837
1070.760
1071.682
1072.605
1073.527
1074.450
1075.372
1076.295
1077.217
1078.140
1079.062
1079.525
1079.987
1080.450
1080.912
1081.375
1081.837
1082.300
1082.762
1083.225
1083.687
1084.150
1084.612
1085.075
1085.537
1086.000
1086.462
1086.925
1087.387
1087.850
1088.312
1088.775
1089.237
1089.700
1090.162
1090.625
1091.087
1091.550
1092.012
1092.475
1092.937
1093.400
1093.862
1094.782
1095.702
1096.622
1097.542
1098.462
1099.382
1100.302
1101.222
1101.682
1102.142
1102.602
1103.062
1103.522
1103.982
1104.442
1104.902
1105.134
1105.365
1105.597
1105.829
1106.060
1106.292
1106.523
1106.755
1106.987
1107.218
1107.450
1107.682
1107.913
1108.145
1108.376
1108.608
1108.840
1109.071
1109.303
1109.535
1109.766
1109.998
1110.229
1110.461
1110.693
1110.924
1111.156
1111.388
1111.619
1111.851
1112.082
1112.314
1112.546
1112.777
1113.009
1113.241
1113.472
1113.704
1113.935
1114.167
1114.399
1114.630
1114.862
1115.982
1116.215
1116.448
1116.681
1116.914
1117.147
1117.380
1117.613
1117.846
1118.079
1118.312
1118.545
1118.779
1119.012
1119.245
1119.478
1119.711
1119.944
1120.177
1120.410
1120.643
1120.876
1121.109
1121.342
1123.342
1123.804
1124.035
1124.266
1124.498
1124.729
1125.191
1125.653
1125.884
1126.115
1126.346
1126.578
1127.040
1127.502
1127.733
1127.964
1128.195
1128.426
1128.889
1129.351
1129.582
1129.813
1130.044
1130.275
1130.738
1131.200
1131.431
1131.662
1131.893
1132.124
1132.586
1133.049
1133.280
1133.511
1133.742
1133.973
1134.435
1134.898
1135.129
1135.360
1135.591
1135.822
1138.142
1138.604
1138.835
1139.066
1139.298
1139.529
1139.991
1140.453
1140.684
1140.915
1141.146
1141.378
1141.840
1142.302
1142.533
1142.764
1142.995
1143.226
1143.689
1144.151
1144.382
1144.613
1144.844
1145.075
1145.538
1146.000
1146.231
1146.462
1146.693
1146.924
1147.386
1147.849
1148.080
1148.311
1148.542
1148.773
1149.235
1149.698
1149.929
1150.160
1150.391
1150.622
1152.902
1153.365
1153.827
1154.290
1154.752
1155.215
1155.677
1156.140
1156.602
1157.065
1157.527
1157.990
1158.452
1158.915
1159.377
1159.840
1160.302
1161.228
1162.153
1163.079
1164.005
1164.931
1165.856
1166.782
1169.942
1170.785
1171.627
1172.470
1173.312
1174.155
1174.997
1175.840
1176.682
1177.525
1178.367
1179.210
1180.052
1180.895
1181.737
1182.580
1183.422
1183.844
1184.266
1184.688
1185.111
1185.533
1185.955
1186.377
1186.799
1187.221
1187.643
1188.066
1188.488
1188.910
1189.332
1189.754
1190.176
1190.598
1191.021
1191.443
1191.865
1192.287
1192.709
1193.131
1193.553
1193.975
1194.398
1194.820
1195.242
1195.664
1196.086
1196.508
1196.930
1197.353
1197.562
1197.771
1197.981
1198.190
1198.400
1198.609
1199.028
1199.237
1199.447
1199.656
1199.866
1200.075
1200.285
1200.704
1200.913
1201.122
1201.332
1201.541
1201.751
1201.960
1202.379
1202.588
1202.798
1203.007
1203.217
1203.426
1203.636
1204.054
1204.264
1204.473
1204.683
1204.892
1205.102
1205.311
1205.730
1205.939
1206.149
1206.358
1206.568
1206.777
1206.986
1207.405
1207.615
1207.824
1208.034
1208.243
1208.452
1208.662
1211.342
1212.008
1212.341
1212.673
1213.006
1213.339
1213.672
1214.005
1214.671
1215.003
1215.336
1215.669
1216.002
1216.335
1216.668
1217.333
1217.666
1217.999
1218.332
1218.665
1218.998
1219.331
1219.996
1220.329
1220.662
1220.995
1221.328
1221.661
1221.993
1222.659
1222.992
1223.325
1223.658
1223.991
1224.323
1224.656
1225.322
1225.655
1225.988
1226.321
1226.653
1226.986
1227.319
1227.985
1228.318
1228.651
1228.983
1229.316
1229.649
1229.982
1232.622
1233.293
1233.950
1234.614
1235.271
1235.942
1236.613
1237.270
1237.934
1238.590
1239.254
1239.910
1240.574
1241.230
1241.893
1242.541
1243.182
1243.821
1244.453
1245.070
1245.693
1246.300
1246.900
1247.490
1248.050
1248.579
1249.090
1249.568
1250.011
1250.430
1250.854
1251.270
1251.693
1252.102
1252.523
1252.945
1253.366
1253.787
1254.208
1254.630
1255.051
1255.472
1255.893
1256.315
1256.736
1257.157
1257.578
1258.000
1258.421
1258.842
1259.263
1259.685
1260.106
1260.527
1260.948
1261.370
1261.791
1262.212
1262.633
1263.055
1263.476
1263.897
1264.318
1264.740
1265.161
1265.582
1266.003
1266.425
1266.846
1267.267
1267.688
1268.110
1268.531
1268.952
1269.373
1269.795
1270.216
1270.637
1271.058
1271.480
1271.901
1272.322
1272.743
1273.165
1273.586
1274.007
1274.428
1274.850
1275.271
1275.692
1276.113
1276.535
1276.956
1277.377
1277.798
1278.220
1278.641
1279.062
1279.272
1279.483
1279.693
1279.903
1280.114
1280.324
1280.745
1280.955
1281.166
1281.376
1281.586
1281.797
1282.007
1282.428
1282.638
1282.849
1283.059
1283.269
1283.480
1283.690
1284.111
1284.321
1284.532
1284.742
1284.952
1285.163
1285.373
1285.794
1286.004
1286.215
1286.425
1286.635
1286.846
1287.056
1287.477
1287.687
1287.898
1288.108
1288.318
1288.529
1288.739
1289.160
1289.370
1289.581
1289.791
1290.001
1290.212
1290.422
1292.102
1292.523
1292.734
1292.945
1293.156
1293.366
1293.577
1293.788
1294.209
1294.420
1294.631
1294.841
1295.052
1295.263
1295.473
1295.895
1296.106
1296.316
1296.527
1296.738
1296.948
1297.159
1297.581
1297.791
1298.002
1298.213
1298.423
1298.634
1298.845
1299.266
1299.477
1299.688
1299.898
1300.109
1300.320
1300.531
1300.952
1301.163
1301.373
1301.584
1301.795
1302.006
1302.216
1302.638
1302.848
1303.059
1303.270
1303.481
1303.691
1303.902
1305.582
1306.003
1306.423
1306.844
1307.265
1307.685
1308.106
1308.527
1308.947
1309.368
1309.788
1310.209
1310.630
1311.050
1311.471
1311.892
1312.312
1312.733
1313.154
1313.574
1313.995
1314.416
1314.836
1315.257
1315.677
1316.098
1316.519
1316.939
1317.360
1317.781
1318.201
1318.622
1320.502
1322.377
1324.252
1326.127
1328.002
1329.877
1331.752
1333.627
1335.502
1337.377
1339.252
1341.127
1343.002
1344.877
1346.752
1348.627
1350.502
1351.440
1352.377
1353.315
1354.252
1355.190
1356.127
1357.065
1358.002
1358.940
1359.877
1360.815
1361.752
1362.690
1363.627
1364.565
1365.502
1365.971
1366.440
1366.909
1367.377
1367.846
1368.315
1368.784
1369.253
1369.722
1370.190
1370.659
1371.128
1371.597
1372.066
1372.535
1373.004
1373.472
1373.941
1374.410
1374.879
1375.348
1375.817
1376.285
1376.754
1377.223
1377.692
1378.161
1378.630
1379.099
1379.567
1380.036
1380.505
1380.974
1381.443
1381.912
1382.380
1382.849
1383.318
1383.787
1384.256
1384.725
1385.194
1385.662
1386.131
1386.600
1387.069
1387.538
1388.007
1388.475
1388.944
1389.413
1389.882
1390.351
1390.820
1391.289
1391.757
1392.226
1392.695
1393.164
1393.633
1394.102
1394.570
1395.039
1395.508
1395.977
1396.446
1396.915
1397.384
1397.852
1398.321
1398.790
1399.259
1399.728
1400.197
1400.665
1401.134
1401.603
1402.072
1402.541
1403.010
1403.479
1403.947
1404.416
1404.885
1405.354
1405.823
1406.292
1406.760
1407.229
1407.698
1408.167
1408.636
1409.105
1409.574
1410.042
1410.511
1410.980
1411.449
1411.918
1412.387
1412.855
1413.324
1413.793
1414.262
1414.496
1414.731
1414.965
1415.199
1415.434
1415.668
1415.903
1416.137
1416.371
1416.606
1416.840
1417.074
1417.309
1417.543
1417.778
1418.012
1418.246
1418.481
1418.715
1418.949
1419.184
1419.418
1419.653
1419.887
1420.121
1420.356
1420.590
1420.824
1421.059
1421.293
1421.528
1421.762
1421.996
1422.231
1422.465
1422.699
1422.934
1423.168
1423.403
1423.637
1423.871
1424.106
1424.340
1424.574
1424.809
1425.043
1425.278
1425.512
1425.746
1425.981
1426.215
1426.449
1426.684
1426.918
1427.153
1427.387
1427.621
1427.856
1428.090
1428.324
1428.559
1428.793
1429.028
1429.262
1444.262
1445.200
1446.138
1447.075
1448.013
1448.951
1449.889
1450.826
1451.764
1452.702
1453.640
1454.578
1455.515
1456.453
1457.391
1458.329
1459.266
1460.204
1461.142
1461.376
1461.609
1461.843
1462.077
1462.544
1463.012
1463.246
1463.479
1463.713
1463.947
1464.414
1464.882
1465.116
1465.349
1465.583
1465.817
1466.284
1466.752
1466.986
1467.219
1467.453
1467.687
1468.154
1468.622
1468.856
1469.089
1469.323
1469.557
1470.024
1470.492
1470.726
1470.959
1471.193
1471.427
1471.894
1472.362
1472.596
1472.829
1473.063
1473.297
1473.764
1474.232
1474.466
1474.699
1474.933
1475.167
1475.637
1476.107
1476.577
1477.046
1477.516
1477.986
1478.456
1478.926
1479.396
1479.866
1480.335
1480.805
1481.275
1481.745
1482.215
1482.685
1483.154
1483.624
1484.094
1484.564
1485.034
1485.504
1485.974
1486.443
1486.913
1487.383
1487.853
1488.323
1488.793
1489.263
1489.732
1490.202
1490.672
1491.142
1491.376
1491.609
1491.843
1492.077
1492.544
1493.012
1493.246
1493.479
1493.713
1493.947
1494.414
1494.882
1495.116
1495.349
1495.583
1495.817
1496.284
1496.752
1496.986
1497.219
1497.453
1497.687
1498.154
1498.622
1498.856
1499.089
1499.323
1499.557
1500.024
1500.492
1500.726
1500.959
1501.193
1501.427
1501.894
1502.362
1502.596
1502.829
1503.063
1503.297
1503.764
1504.232
1504.466
1504.699
1504.933
1505.167
1505.637
1506.106
1506.576
1507.045
1507.515
1507.984
1508.454
1508.923
1509.393
1509.862
1510.332
1510.802
1511.271
1511.741
1512.210
1512.680
1513.149
1513.619
1514.088
1514.558
1515.027
1515.497
1515.967
1516.436
1516.906
1517.375
1517.845
1518.314
1518.784
1519.253
1519.723
1520.192
1520.662
1524.862
1525.096
1525.330
1525.565
1525.799
1526.267
1526.736
1526.970
1527.204
1527.438
1527.672
1528.141
1528.609
1528.843
1529.077
1529.312
1529.546
1530.014
1530.483
1530.717
1530.951
1531.185
1531.419
1531.888
1532.356
1532.590
1532.825
1533.059
1533.293
1533.761
1534.230
1534.464
1534.698
1534.932
1535.167
1535.635
1536.103
1536.337
1536.572
1536.806
1537.040
1537.508
1537.977
1538.211
1538.445
1538.679
1538.914
1539.382
1539.902
1540.838
1541.775
1542.711
1543.648
1544.584
1545.521
1546.457
1547.394
1548.330
1549.267
1550.203
1551.140
1552.076
1553.013
1553.949
1554.886
1555.822
1556.758
1557.695
1558.631
1559.568
1560.504
1561.441
1562.377
1563.314
1564.250
1565.187
1566.123
1567.060
1567.996
1568.933
1569.869
1570.806
1571.742
1571.977
1572.211
1572.446
1572.681
1573.150
1573.619
1573.854
1574.088
1574.323
1574.558
1575.027
1575.496
1575.731
1575.966
1576.200
1576.435
1576.904
1577.373
1577.608
1577.843
1578.077
1578.312
1578.781
1579.251
1579.485
1579.720
1579.954
1580.189
1580.658
1581.128
1581.362
1581.597
1581.832
1582.066
1582.536
1583.005
1583.239
1583.474
1583.709
1583.943
1584.413
1584.882
1585.117
1585.351
1585.586
1585.821
1586.290
1586.759
1586.994
1587.228
1587.463
1587.698
1588.167
1588.636
1588.871
1589.106
1589.340
1589.575
1590.044
1590.513
1590.748
1590.983
1591.217
1591.452
1591.921
1592.391
1592.625
1592.860
1593.094
1593.329
1593.798
1594.268
1594.502
1594.737
1594.972
1595.206
1595.676
1596.145
1596.379
1596.614
1596.849
1597.083
1597.553
1598.022
1598.257
1598.491
1598.726
1598.961
1599.430
1599.899
1600.134
1600.368
1600.603
1600.838
1601.307
1601.776
1602.011
1602.246
1602.480
1602.715
1603.184
1603.653
1603.888
1604.123
1604.357
1604.592
1605.061
1605.531
1605.765
1606.000
1606.234
1606.469
1606.938
1607.408
1607.642
1607.877
1608.112
1608.346
1608.816
1609.285
1609.519
1609.754
1609.989
1610.223
1610.693
1611.162
1611.397
1611.631
1611.866
1612.101
1612.570
1613.039
1613.274
1613.508
1613.743
1613.978
1614.447
1614.916
1615.151
1615.386
1615.620
1615.855
1616.324
1616.793
1617.028
1617.263
1617.497
1617.732
1618.201
1618.671
1618.905
1619.140
1619.374
1619.609
1620.078
1620.548
1620.782
1621.017
1621.252
1621.486
1621.956
1622.425
1622.659
1622.894
1623.129
1623.363
1623.833
1624.302
1624.536
1624.771
1625.005
1625.240
1625.474
1625.709
1625.943
1626.178
1626.412
1626.646
1626.881
1627.115
1627.350
1627.584
1627.819
1628.053
1628.288
1628.522
1628.756
1628.991
1629.225
1629.460
1629.694
1629.929
1630.163
1630.398
1630.632
1630.866
1631.101
1631.335
1631.570
1631.804
1632.039
1632.273
1632.507
1632.741
1633.210
1633.679
1633.913
1634.147
1634.382
1634.616
1635.084
1635.553
1635.787
1636.022
1636.256
1636.490
1636.959
1637.428
1637.662
1637.896
1638.130
1638.365
1638.834
1639.302
1639.771
1640.240
1640.708
1641.177
1641.646
1642.115
1642.583
1643.052
1643.521
1643.990
1644.458
1644.927
1645.396
1645.865
1646.333
1646.802
1647.271
1647.740
1648.208
1648.677
1649.146
1649.615
1650.083
1650.552
1651.021
1651.490
1651.958
1652.427
1652.896
1653.365
1653.833
1654.302
1655.238
1656.174
1657.110
1658.046
1658.982
1662.742
1663.649
1664.555
1665.462
1666.369
1667.275
1668.182
1669.089
1669.995
1670.902
1671.809
1672.715
1673.622
1674.529
1675.435
1676.342
1677.702
1678.157
1678.613
1679.068
1679.524
1679.979
1680.435
1680.890
1681.346
1681.801
1682.257
1682.712
1683.168
1683.623
1684.079
1684.534
1684.990
1685.445
1685.901
1686.356
1686.812
1687.267
1687.723
1688.178
1688.634
1689.089
1689.545
1690.000
1690.456
1690.911
1691.367
1691.822
1692.732
1693.642
1694.552
1695.462
1696.372
1697.282
1698.192
1699.102
1700.012
1700.922
1701.832
1702.742
1703.652
1704.562
1705.472
1706.382
1706.835
1707.289
1707.742
1708.195
1708.649
1709.102
1709.555
1710.009
1710.462
1710.915
1711.369
1711.822
1712.275
1712.729
1713.182
1713.635
1714.089
1714.542
1714.995
1715.449
1715.902
1716.355
1716.809
1717.262
1717.715
1718.169
1718.622
1720.902
1721.357
1721.811
1722.266
1722.720
1723.175
1723.629
1724.084
1724.538
1724.993
1725.447
1725.902
1726.357
1726.811
1727.266
1727.720
1728.175
1728.629
1729.084
1729.538
1729.993
1730.447
1730.902
1731.357
1731.811
1732.266
1732.720
1733.175
1733.629
1734.084
1734.538
1734.993
1735.447
1735.902
1736.129
1736.357
1736.584
1736.811
1737.039
1737.266
1737.720
1737.948
1738.175
1738.402
1738.630
1738.857
1739.084
1739.539
1739.766
1739.993
1740.221
1740.448
1740.675
1740.903
1741.357
1741.585
1741.812
1742.039
1742.266
1742.494
1742.721
1743.176
1743.403
1743.630
1743.858
1744.085
1744.312
1744.539
1744.994
1745.221
1745.449
1745.676
1745.903
1746.131
1746.358
1746.812
1747.040
1747.267
1747.494
1747.722
1747.949
1748.176
1748.631
1748.858
1749.085
1749.313
1749.540
1749.767
1749.995
1750.449
1750.677
1750.904
1751.131
1751.359
1751.586
1751.813
1752.268
1752.495
1752.722
1752.950
1753.177
1753.404
1753.632
1754.086
1754.313
1754.541
1754.768
1754.995
1755.223
1755.450
1755.905
1756.132
1756.359
1756.586
1756.814
1757.041
1757.268
1757.723
1757.950
1758.178
1758.405
1758.632
1758.859
1759.087
1759.541
1759.769
1759.996
1760.223
1760.451
1760.678
1760.905
1761.360
1761.587
1761.814
1762.042
1762.269
1762.496
1762.724
1763.178
1763.405
1763.633
1763.860
1764.087
1764.315
1764.542
1765.462
1766.369
1767.275
1768.182
1769.089
1769.995
1770.902
1771.809
1772.715
1773.622
1774.529
1775.435
1776.342
1777.249
1778.155
1779.062
1779.517
1779.972
1780.427
1780.882
1781.337
1781.792
1782.247
1782.702
1783.157
1783.612
1784.067
1784.522
1784.977
1785.432
1785.887
1786.342
1786.797
1787.252
1787.707
1788.162
1788.617
1789.072
1789.527
1789.982
1790.437
1790.892
1791.347
1791.802
1792.257
1792.712
1793.167
1793.622
1794.077
1794.532
1794.987
1795.442
1795.897
1796.352
1796.807
1797.262
1797.717
1798.172
1798.627
1799.082
1799.537
1799.992
1800.447
1800.902
1801.357
1801.812
1802.267
1802.722
1803.177
1803.632
1804.087
1804.542
1804.997
1805.452
1805.907
1806.362
1806.817
1807.272
1807.727
1808.182
1808.409
1808.637
1808.864
1809.092
1809.319
1809.547
1809.774
1810.002
1810.229
1810.457
1810.684
1810.912
1811.139
1811.367
1811.594
1811.822
1812.049
1812.277
1812.504
1812.732
1812.959
1813.187
1813.414
1813.642
1813.869
1814.097
1814.324
1814.552
1814.779
1815.007
1815.234
1815.462
1815.689
1815.917
1816.144
1816.372
1816.599
1816.827
1817.054
1817.282
1817.509
1817.737
1817.964
1818.192
1818.419
1818.647
1818.874
1819.102
1819.329
1819.557
1819.784
1820.012
1820.239
1820.467
1820.694
1820.922
1821.149
1821.377
1821.604
1821.830
1822.057
1822.284
1822.511
1822.737
1823.191
1823.418
1823.644
1823.871
1824.098
1824.325
1824.551
1825.005
1825.232
1825.458
1825.685
1825.912
1826.138
1826.365
1826.819
1827.045
1827.272
1827.499
1827.726
1827.952
1828.179
1828.633
1828.859
1829.086
1829.313
1829.539
1829.766
1829.993
1830.446
1830.673
1830.900
1831.127
1831.353
1831.580
1831.807
1832.260
1832.487
1832.714
1832.941
1833.167
1833.394
1833.621
1834.074
1834.301
1834.528
1834.754
1834.981
1835.208
1835.435
1835.888
1836.115
1836.342
1836.568
1836.795
1837.022
1837.249
1837.703
1838.158
1838.613
1839.068
1839.523
1839.978
1840.433
1840.888
1841.343
1841.798
1842.253
1842.708
1843.163
1843.618
1844.073
1844.528
1844.983
1845.438
1845.893
1846.348
1846.803
1847.258
1847.712
1848.167
1848.622
1849.077
1849.532
1849.987
1850.442
1850.897
1851.352
1851.807
1852.262
1852.489
1852.717
1852.944
1853.172
1853.399
1853.627
1854.082
1854.309
1854.537
1854.764
1854.992
1855.219
1855.447
1855.902
1856.129
1856.357
1856.584
1856.812
1857.039
1857.267
1857.722
1858.177
1858.404
1858.632
1858.859
1859.087
1859.543
1859.998
1860.454
1860.909
1861.365
1861.820
1862.276
1862.731
1863.187
1863.642
1864.098
1864.553
1865.009
1865.464
1865.920
1866.375
1866.602
1866.829
1867.056
1867.283
1867.510
1867.737
1867.963
1868.190
1868.417
1868.644
1868.871
1869.098
1869.325
1869.552
1869.779
1870.005
1870.232
1870.459
1870.686
1870.913
1871.140
1871.367
1871.594
1871.821
1872.047
1872.274
1872.501
1872.728
1872.955
1873.182
1873.409
1873.636
1873.862
1874.089
1874.316
1874.543
1874.770
1874.997
1875.224
1875.451
1875.678
1875.904
1876.131
1876.358
1876.585
1876.812
1877.039
1877.266
1877.493
1877.720
1877.946
1878.173
1878.400
1878.627
1878.854
1879.081
1879.308
1879.535
1879.761
1879.988
1880.215
1880.442
1880.669
1880.896
1881.351
1881.579
1881.806
1882.034
1882.261
1882.489
1882.717
1883.172
1883.399
1883.627
1883.855
1884.082
1884.310
1884.537
1884.993
1885.220
1885.448
1885.675
1885.903
1886.131
1886.358
1886.813
1887.041
1887.269
1887.496
1887.724
1887.951
1888.179
1888.634
1888.862
1889.089
1889.317
1889.545
1889.772
1890.000
1890.455
1890.682
1890.910
1891.138
1891.365
1891.593
1891.820
1892.276
1892.503
1892.731
1892.958
1893.186
1893.414
1893.641
1894.096
1894.324
1894.552
1894.779
1895.007
1895.234
1895.462
1898.222
1900.155
1902.089
1904.022
1905.955
1907.889
1909.822
1911.755
1913.689
1915.622
1917.555
1919.489
1921.422
1923.355
1925.289
1927.222
1928.193
1929.165
1930.136
1931.108
1932.079
1933.051
1934.022
1934.993
1935.965
1936.936
1937.908
1938.879
1939.851
1940.822
1941.306
1941.789
1942.273
1942.757
1943.241
1943.724
1944.208
1944.692
1945.176
1945.659
1946.143
1946.627
1947.111
1947.594
1948.078
1948.562
1949.046
1949.529
1950.013
1950.497
1950.981
1951.464
1951.948
1952.432
1952.916
1953.399
1953.883
1954.367
1954.851
1955.334
1955.818
1956.302
1956.544
1956.786
1957.028
1957.269
1957.511
1957.753
1957.995
1958.237
1958.479
1958.721
1958.963
1959.204
1959.446
1959.688
1959.930
1960.172
1960.414
1960.656
1960.898
1961.139
1961.381
1961.623
1961.865
1962.107
1962.349
1962.591
1962.833
1963.074
1963.316
1963.558
1963.800
1964.042
1964.284
1964.526
1964.768
1965.009
1965.251
1965.493
1965.735
1965.977
1966.219
1966.461
1966.703
1966.944
1967.186
1967.428
1967.670
1967.912
1968.154
1968.396
1968.638
1968.879
1969.121
1969.363
1969.605
1969.847
1970.089
1970.331
1970.573
1970.814
1971.056
1971.298
1971.540
1971.782
1972.267
1972.752
1973.237
1973.722
1974.207
1974.692
1975.177
1975.662
1976.147
1976.632
1977.117
1977.602
1978.087
1978.572
1979.057
1979.542
1980.508
1981.473
1982.439
1983.405
1984.371
1985.336
1986.302
1987.302
1987.542
1987.782
1988.022
1988.262
1988.502
1988.742
1988.982
1989.222
1989.462
1989.702
1989.942
1990.182
1990.422
1990.662
1990.902
1991.142
1991.382
1991.622
1991.862
1992.102
1992.342
1992.582
1992.822
1993.062
1993.302
1993.542
1993.782
1994.022
1994.262
1994.502
1994.742
1994.982
1995.482
1995.969
1996.212
1996.455
1996.699
1996.942
1997.429
1997.915
1998.159
1998.402
1998.645
1998.889
1999.375
1999.862
2000.105
2000.349
2000.592
2000.835
2001.322
2001.809
2002.052
2002.295
2002.539
2002.782
2003.747
2004.713
2005.678
2006.643
2007.609
2008.574
2009.539
2010.504
2011.470
2012.435
2013.400
2014.366
2015.331
2016.296
2017.262
2018.227
2019.192
2020.158
2021.123
2022.088
2023.053
2024.019
2024.984
2025.949
2026.915
2027.880
2028.845
2029.811
2030.776
2031.741
2032.707
2033.672
2034.637
2035.602
2036.568
2037.533
2038.498
2039.464
2040.429
2041.394
2042.360
2043.325
2044.290
2045.256
2046.221
2047.186
2048.151
2049.117
2050.082
2051.047
2052.013
2053.134
2053.616
2054.099
2054.581
2055.064
2055.547
2056.029
2056.512
2056.994
2057.477
2057.960
2058.442
2058.925
2059.407
2059.890
2060.373
2060.855
2061.338
2061.820
2062.303
2062.786
2063.268
2063.751
2064.233
2064.716
2065.199
2065.681
2066.164
2066.646
2067.129
2067.612
2068.094
2068.577
2069.059
2069.543
2069.785
2070.027
2070.269
2070.511
2070.995
2071.479
2071.720
2071.962
2072.204
2072.446
2072.930
2073.414
2073.656
2073.898
2074.140
2074.381
2074.865
2075.349
2075.591
2075.833
2076.075
2076.317
2076.801
2077.284
2077.526
2077.768
2078.010
2078.252
2078.736
2079.220
2079.462
2079.703
2079.945
2080.187
2080.671
2081.155
2081.397
2081.639
2081.881
2082.123
2082.606
2083.090
2083.332
2083.574
2083.816
2084.058
2084.542
2085.026
2085.267
2085.509
2085.751
2085.993
2086.477
2086.961
2087.203
2087.445
2087.687
2087.928
2088.412
2088.896
2089.138
2089.380
2089.622
2089.864
2090.348
2090.831
2091.073
2091.315
2091.557
2091.799
2092.283
2092.767
2093.009
2093.251
2093.492
2093.734
2094.218
2094.702
2094.944
2095.185
2095.427
2095.669
2095.911
2096.152
2096.394
2096.636
2096.878
2097.119
2097.361
2097.603
2097.845
2098.086
2098.328
2098.570
2098.812
2099.053
2099.295
2099.537
2099.778
2100.020
2100.262
2100.504
2100.745
2100.987
2101.229
2101.471
2101.712
2101.954
2102.196
2102.438
2102.679
2102.921
2103.163
2103.405
2103.646
2103.888
2104.130
2104.371
2104.613
2104.855
2105.097
2105.338
2105.580
2105.822
2106.064
2106.305
2106.547
2106.789
2107.031
2107.272
2107.514
2107.756
2107.998
2108.239
2108.481
2108.723
2108.964
2109.206
2109.448
2109.690
2109.931
2110.173
2110.415
2110.657
2110.898
2111.140
2111.382
2111.624
2111.865
2112.107
2112.349
2112.591
2112.832
2113.074
2113.316
2113.557
2113.799
2114.041
2114.283
2114.524
2114.766
2115.008
2115.250
2115.491
2115.733
2115.975
2116.217
2116.458
2116.700
2116.942
2117.184
2117.425
2117.667
2117.909
2118.150
2118.392
2118.634
2118.876
2119.117
2119.359
2119.601
2119.843
2120.084
2120.326
2120.568
2120.810
2121.051
2121.293
2121.535
2121.777
2122.018
2122.260
2122.502
2122.743
2122.985
2123.227
2123.469
2123.710
2123.952
2124.194
2124.436
2124.677
2124.919
2125.161
2125.403
2125.644
2125.886
2126.128
2126.370
2126.611
2126.853
2127.095
2127.336
2127.578
2127.820
2128.062
2128.303
2128.545
2128.787
2129.029
2129.270
2129.512
2129.754
2129.996
2130.237
2130.479
2130.721
2130.962
2131.204
2131.446
2131.688
2131.929
2132.171
2132.413
2132.655
2132.896
2133.138
2133.380
2133.622
2133.863
2134.105
2134.347
2134.589
2134.830
2135.072
2135.314
2135.555
2135.797
2136.039
2136.281
2136.522
2136.764
2137.006
2137.248
2137.489
2137.731
2137.973
2138.215
2138.456
2138.698
2138.940
2139.182
2139.423
2139.665
2139.907
2140.148
2140.390
2140.632
2140.874
2141.115
2141.357
2141.599
2141.841
2142.082
2142.324
2142.566
2142.808
2143.049
2143.291
2143.533
2143.775
2144.016
2144.258
2144.500
2144.741
2144.983
2145.225
2145.467
2145.708
2145.950
2146.192
2146.434
2146.675
2146.917
2147.159
2147.401
2147.642
2147.884
2148.126
2148.368
2148.609
2148.851
2149.093
2149.334
2149.576
2149.818
2150.060
2150.301
2150.543
2150.785
2151.027
2151.268
2151.510
2151.752
2151.994
2152.235
2152.477
2152.719
2152.961
2153.202
2153.444
2153.686
2153.927
2154.169
2154.411
2154.653
2154.894
2155.136
2155.378
2155.620
2155.861
2156.103
2156.345
2156.587
2156.828
2157.070
2157.312
2157.554
2157.795
2158.037
2158.279
2158.520
2158.762
2159.004
2159.246
2159.487
2159.729
2159.971
2160.213
2160.454
2160.696
2160.938
2161.180
2161.421
2161.905
2162.388
2162.872
2163.355
2163.838
2164.322
2164.805
2165.289
2165.772
2166.256
2166.739
2167.222
2167.706
2168.189
2168.673
2169.156
2169.640
2170.123
