62.941
63.720
64.499
65.279
66.058
66.837
67.617
68.396
69.175
69.955
70.734
71.514
72.293
73.072
73.852
74.631
75.410
76.190
76.969
77.748
78.528
79.307
80.087
80.866
81.645
82.425
83.204
83.983
84.763
85.542
86.321
87.101
87.880
88.660
89.439
90.218
90.998
91.777
92.556
93.336
94.115
94.894
95.674
96.453
97.233
98.012
98.791
99.571
100.350
101.129
101.909
102.688
103.467
104.247
105.026
105.806
106.585
107.364
108.144
108.923
109.702
110.482
111.261
112.040
112.820
113.599
114.379
115.158
115.937
116.717
117.496
118.275
119.055
119.834
120.613
121.393
122.172
122.952
123.731
124.510
125.290
126.069
126.848
127.628
128.407
129.186
129.966
130.745
131.525
132.304
133.083
133.863
134.642
135.421
136.201
136.980
137.759
138.539
139.318
140.098
140.877
141.656
142.436
143.215
143.994
144.774
145.553
146.332
147.112
147.891
148.671
149.450
150.229
151.009
151.788
152.567
153.347
154.126
154.905
155.685
156.464
157.244
158.023
158.802
159.582
160.361
161.140
161.920
162.699
163.478
164.258
165.037
165.817
166.596
167.375
168.155
168.934
169.713
170.493
171.272
172.051
172.831
173.610
174.390
175.169
175.948
176.728
177.507
178.286
179.066
179.845
180.624
181.404
182.183
182.963
183.742
184.521
185.301
186.080
186.859
187.639
188.418
189.197
200.878
201.073
201.268
201.658
201.852
202.047
202.437
202.632
202.827
203.216
203.411
203.606
203.996
204.190
204.385
204.775
204.970
205.165
205.554
205.749
205.944
206.334
206.528
206.723
207.113
207.308
207.503
207.892
208.087
208.282
208.672
208.866
209.061
209.451
209.646
209.841
210.230
210.425
210.620
211.010
211.204
211.399
211.789
211.984
212.179
212.568
212.763
212.958
213.348
213.542
213.737
214.127
214.322
214.517
214.906
215.101
215.296
215.685
215.880
216.075
216.465
216.660
216.854
217.244
217.439
217.634
218.023
218.218
218.413
218.803
218.998
219.192
219.582
219.777
219.972
220.361
220.556
220.751
221.141
221.336
221.530
221.920
222.115
222.310
222.699
222.894
223.089
223.479
223.674
223.868
224.258
224.453
224.648
225.037
225.232
225.427
225.817
226.012
226.206
226.596
226.791
226.986
227.375
227.570
227.765
228.155
228.350
228.544
228.934
229.129
229.324
229.713
229.908
230.103
230.493
230.687
230.882
231.272
231.467
231.662
232.051
232.246
232.441
232.831
233.025
233.220
233.610
233.805
234.000
234.389
234.584
234.779
235.169
235.363
235.558
235.948
236.143
236.338
236.727
236.922
237.117
237.507
237.701
237.896
238.286
238.481
238.676
239.065
239.260
239.455
239.845
240.039
240.234
240.624
240.819
241.014
241.403
241.598
241.793
242.183
242.377
242.572
242.962
243.157
243.351
243.741
243.936
244.131
244.520
244.715
244.910
245.300
245.495
245.689
246.079
246.274
246.469
246.858
247.053
247.248
247.638
247.833
248.027
248.417
248.612
248.807
249.196
249.391
249.586
249.976
250.171
250.365
250.755
250.950
251.145
251.534
251.729
251.924
252.314
252.509
252.703
253.093
253.288
253.483
253.872
254.067
254.262
254.652
254.847
255.041
255.431
255.626
255.821
256.210
256.405
256.600
256.990
257.184
257.379
257.769
257.964
258.159
258.548
258.743
258.938
259.328
259.522
259.717
260.107
260.302
260.497
260.886
261.081
261.276
261.666
261.860
262.055
262.445
262.640
262.835
263.224
263.419
263.614
264.004
264.198
264.393
264.783
264.978
265.173
265.562
265.757
265.952
266.342
266.536
266.731
267.121
267.316
267.511
267.900
268.095
268.290
268.680
268.874
269.069
269.459
269.654
269.849
270.238
270.433
270.628
271.017
271.212
271.407
271.797
271.992
272.186
272.576
272.771
272.966
273.355
273.550
273.745
274.135
274.330
274.524
274.914
275.109
275.304
275.693
275.888
276.083
276.473
276.668
276.862
277.252
277.447
277.642
278.031
278.226
278.421
278.811
279.006
279.200
279.590
279.785
279.980
280.369
280.564
280.759
281.149
281.344
281.538
281.928
282.123
282.318
282.707
282.902
283.097
283.487
283.682
283.876
284.266
284.461
284.656
285.045
285.240
285.435
285.825
286.019
286.214
286.604
286.799
286.994
287.383
287.578
287.773
288.163
288.357
288.552
288.942
289.137
289.332
289.721
289.916
290.111
290.501
290.695
290.890
291.280
291.475
291.670
292.803
293.584
294.364
295.145
295.925
296.706
297.486
298.267
299.047
299.828
300.608
301.389
302.169
302.950
303.730
304.511
305.291
306.072
306.852
307.633
308.413
309.194
309.974
310.755
311.535
312.316
313.096
313.877
314.657
315.438
316.218
316.999
317.779
318.560
319.340
320.121
320.901
321.682
322.462
323.243
324.023
324.804
325.584
326.365
327.145
327.926
328.706
367.927
368.382
368.837
369.291
369.746
370.200
370.655
371.109
371.564
372.018
372.473
372.927
373.382
373.836
374.291
374.745
375.200
375.655
376.109
376.564
377.018
377.473
377.927
378.382
378.836
379.291
379.745
380.200
380.654
381.109
381.563
382.018
382.473
382.927
383.382
383.836
384.291
384.745
385.200
385.654
386.109
386.563
387.018
387.472
387.927
388.381
388.836
389.290
389.745
390.200
390.654
391.109
391.563
392.018
392.472
392.927
393.381
393.836
394.290
394.745
395.199
395.654
396.108
396.563
397.018
397.472
397.927
398.381
398.836
399.290
399.745
400.199
400.654
401.108
401.563
402.017
402.472
402.926
403.381
403.836
404.290
404.745
405.199
405.654
406.108
406.563
407.017
407.472
407.926
408.381
408.835
409.290
409.744
410.199
410.654
411.108
411.563
412.017
412.472
412.926
413.381
413.835
414.290
414.744
415.199
415.653
416.108
416.562
417.017
417.472
417.926
418.381
418.835
419.290
419.744
420.199
420.653
421.108
421.562
422.017
422.471
422.926
423.380
423.835
424.290
424.744
425.199
425.653
426.108
426.562
427.017
427.471
427.926
428.380
428.835
429.289
429.744
430.198
430.653
431.107
431.562
432.017
432.471
432.926
433.380
433.835
434.289
434.744
435.198
435.653
436.107
436.562
437.016
437.471
437.925
438.380
438.835
439.289
439.744
440.198
440.653
441.107
441.562
442.016
442.471
442.925
443.380
443.834
444.289
444.743
445.198
445.653
446.107
446.562
447.016
447.471
447.925
448.380
448.834
449.289
449.743
450.198
450.652
451.107
451.561
452.016
452.471
452.925
453.380
453.834
454.289
454.743
455.198
455.652
456.107
456.561
457.016
457.470
457.925
458.379
458.834
459.289
459.743
460.198
460.652
461.107
461.561
462.016
462.470
462.925
463.379
463.834
464.288
464.743
465.197
465.652
466.107
466.561
467.016
467.470
467.925
468.379
468.834
469.288
469.743
470.197
470.652
471.106
471.561
472.015
472.470
472.924
473.379
473.834
474.288
474.743
475.197
475.652
476.106
476.561
477.015
477.470
477.924
478.379
478.833
479.288
479.742
480.197
480.652
481.106
481.561
482.015
482.470
482.924
483.379
483.833
484.288
484.742
485.197
485.651
486.106
486.560
487.015
487.470
487.924
488.379
488.833
489.288
489.742
490.197
490.651
491.106
491.560
492.015
492.469
492.924
493.378
493.833
494.288
494.742
495.197
495.651
496.106
496.560
497.015
497.469
497.924
498.378
498.833
499.287
499.742
500.196
500.651
501.106
501.560
502.015
502.469
502.924
503.378
503.833
504.287
504.742
505.196
505.651
506.105
506.560
507.014
507.469
507.924
508.378
508.833
509.287
509.742
510.196
510.651
511.105
511.560
512.014
512.469
512.923
516.994
517.222
517.449
517.904
518.132
518.359
518.814
519.042
519.269
519.724
519.952
520.179
520.634
520.862
521.089
521.544
521.772
521.999
522.454
522.682
522.909
523.364
523.592
523.819
524.274
524.502
524.730
525.185
525.412
525.640
526.095
526.322
526.550
527.005
527.232
527.460
527.915
528.142
528.370
528.825
529.052
529.280
529.735
529.962
530.190
530.645
530.872
531.100
531.555
531.782
532.010
532.465
532.692
532.920
533.375
533.602
533.830
534.285
534.512
534.740
535.195
535.423
535.650
536.105
536.333
536.560
537.015
537.243
537.470
537.925
538.153
538.380
538.835
539.063
539.290
539.745
539.973
540.200
540.655
540.883
541.110
541.565
541.793
542.020
542.475
542.703
542.930
543.385
543.613
543.840
544.295
544.523
544.750
545.206
545.433
545.661
546.116
546.343
546.571
547.026
547.253
547.481
547.936
548.163
548.391
548.846
549.073
549.301
549.756
549.983
550.211
550.666
550.893
551.121
551.576
551.803
552.031
552.486
552.713
552.941
553.396
553.623
553.851
554.306
554.533
554.761
555.216
555.444
555.671
556.126
556.354
556.581
557.036
557.264
557.491
557.946
558.174
558.401
558.856
559.084
559.311
559.766
559.994
560.221
560.676
560.904
561.131
561.586
561.814
562.041
562.496
562.724
562.951
563.406
563.634
563.861
564.316
564.544
564.771
565.227
565.454
565.682
566.137
566.364
566.592
567.047
567.274
567.502
567.957
568.184
568.412
568.867
569.094
569.322
569.777
570.004
570.232
570.687
570.914
571.142
571.597
571.824
572.052
572.507
572.734
572.962
573.417
573.644
573.872
574.327
574.554
574.782
575.237
575.465
575.692
576.147
576.375
576.602
577.057
577.285
577.512
577.967
578.195
578.422
589.767
589.994
590.221
590.449
590.676
590.903
591.130
591.358
591.585
591.812
592.039
592.266
592.494
592.721
592.948
593.175
593.403
593.630
593.857
594.084
594.312
594.539
594.766
594.993
595.221
595.448
595.675
595.902
596.130
596.357
596.584
596.811
597.039
597.266
597.493
597.720
597.948
598.175
598.402
598.629
598.856
599.084
599.311
599.538
599.765
599.993
600.220
600.447
600.674
600.902
601.129
601.356
601.583
601.811
602.038
602.265
602.492
602.720
602.947
603.174
603.401
603.629
603.856
604.083
604.310
604.538
604.765
604.992
605.219
605.446
605.674
605.901
606.128
606.355
606.583
606.810
607.037
607.264
607.492
607.719
607.946
608.173
608.401
608.628
608.855
609.082
609.310
609.537
609.764
609.991
610.219
610.446
610.673
610.900
611.128
611.355
611.582
611.809
612.037
612.264
612.491
612.718
612.945
613.173
613.400
613.627
613.854
614.082
614.309
614.536
614.763
614.991
615.218
615.445
615.672
615.900
616.127
616.354
616.581
616.809
617.036
617.263
617.490
617.718
617.945
618.172
618.399
618.627
618.854
619.081
619.308
619.535
619.763
619.990
620.217
620.444
620.672
620.899
621.126
621.353
621.581
621.808
622.035
622.262
622.490
622.717
622.944
623.171
623.399
623.626
623.853
624.080
624.308
624.535
624.762
624.989
625.217
625.444
625.671
625.898
626.125
626.353
626.580
626.807
627.034
627.262
627.489
627.716
627.943
628.171
628.398
628.625
628.852
629.080
629.307
629.534
629.761
629.989
630.216
630.443
630.670
630.898
631.125
631.352
631.579
631.807
632.034
632.261
632.488
632.715
632.943
633.170
633.397
633.624
633.852
634.079
634.306
634.533
634.761
634.988
635.215
635.442
635.670
635.897
636.124
636.351
636.579
636.806
637.033
637.260
637.488
637.715
637.942
638.169
638.397
638.624
638.851
639.078
639.305
639.533
639.760
639.987
640.214
640.442
640.669
640.896
641.123
641.351
641.578
641.805
642.032
642.260
642.487
642.714
642.941
643.169
643.396
643.623
643.850
644.078
644.305
644.532
644.759
644.987
645.214
645.441
645.668
645.895
646.123
646.350
646.577
646.804
647.032
647.259
647.486
647.713
647.941
648.168
648.395
648.622
648.850
649.077
649.304
649.531
649.759
649.986
650.213
650.440
650.668
650.895
651.122
651.349
651.577
651.804
652.031
652.258
652.485
652.713
652.940
653.167
653.394
653.622
653.849
654.076
654.303
654.531
654.758
654.985
655.212
655.440
655.667
655.894
656.121
656.349
656.576
656.803
657.030
657.258
657.485
657.712
657.939
658.167
658.394
658.621
658.848
659.075
659.303
659.530
659.757
659.984
660.212
660.439
660.666
660.893
661.121
661.348
661.575
661.802
662.030
662.257
662.484
662.711
662.939
663.166
663.393
663.620
663.848
664.075
664.302
664.529
664.757
664.984
665.211
665.438
665.665
665.893
666.120
666.347
666.574
666.802
667.029
667.256
667.483
667.711
667.938
668.165
668.392
668.620
668.847
669.074
669.301
669.529
669.756
669.983
670.210
670.438
670.665
670.892
671.119
671.347
671.574
671.801
672.028
672.255
672.483
672.710
672.937
673.164
673.392
673.619
673.846
674.073
674.301
674.528
674.755
674.982
675.210
675.437
675.664
675.891
676.119
676.346
676.573
676.800
677.028
677.255
677.482
677.709
677.937
678.164
678.391
678.618
678.846
679.073
679.300
679.527
679.754
679.982
680.209
680.436
680.663
680.891
681.118
681.345
681.572
681.800
682.027
682.254
682.481
682.709
682.936
683.163
683.390
683.618
683.845
684.072
684.299
684.527
684.754
684.981
685.208
685.436
685.663
685.890
686.117
686.344
686.572
686.799
687.026
687.253
687.481
687.708
687.935
688.162
688.390
688.617
688.844
689.071
689.299
689.526
689.753
689.980
690.208
690.435
690.662
690.889
691.117
691.344
691.571
691.798
692.026
692.253
692.480
692.707
692.934
693.162
693.389
693.616
693.843
694.071
694.298
694.525
694.752
694.980
695.207
695.434
695.661
695.889
696.116
696.343
696.570
696.798
697.025
697.252
697.479
697.707
697.934
698.161
698.388
698.616
698.843
699.070
699.297
699.524
699.752
699.979
700.206
700.433
700.661
700.888
701.115
701.342
701.570
701.797
702.024
702.251
702.479
702.706
702.933
703.160
703.388
703.615
703.842
704.069
704.297
704.524
704.751
704.978
705.206
705.433
705.660
705.887
706.114
706.342
706.569
706.796
707.023
707.251
707.478
707.705
707.932
708.160
708.387
708.614
708.841
709.069
709.296
709.523
709.750
709.978
710.205
710.432
710.659
710.887
711.114
711.341
711.568
711.796
712.023
712.250
712.477
712.704
712.932
713.159
713.386
713.613
713.841
714.068
714.295
714.522
714.750
714.977
715.204
715.431
715.659
715.886
716.113
716.340
716.568
716.795
717.022
717.249
717.477
717.704
717.931
718.158
718.386
718.613
718.840
719.067
719.294
719.522
719.749
719.976
720.203
720.431
721.131
721.586
722.040
722.495
722.949
723.404
723.858
724.312
724.767
725.221
725.676
726.130
726.584
727.039
727.493
727.948
728.402
728.857
729.311
729.765
730.220
730.674
731.129
731.583
732.038
732.492
732.946
733.401
733.855
734.310
734.764
735.218
735.673
736.127
736.582
737.036
737.491
737.945
738.399
738.854
739.308
739.763
740.217
740.672
741.126
741.580
742.035
742.489
742.944
743.398
743.853
744.307
744.761
745.216
745.670
746.125
746.579
747.033
747.488
747.942
748.397
748.851
749.306
749.760
789.466
789.935
790.404
790.872
791.341
791.809
792.278
792.746
793.215
793.684
794.152
794.621
795.089
795.558
796.027
796.495
796.964
797.432
797.901
798.369
798.838
799.307
799.775
800.244
800.712
801.181
801.650
802.118
802.587
803.055
803.524
803.992
804.461
804.930
805.398
805.867
806.335
806.804
807.273
807.741
808.210
808.678
809.147
809.615
810.084
810.553
811.021
811.490
811.958
812.427
812.896
813.364
813.833
814.301
814.770
815.238
815.707
816.176
816.644
817.113
817.581
818.050
818.519
818.987
819.456
819.924
820.393
820.861
821.330
821.799
822.267
822.736
823.204
823.673
824.142
824.610
825.079
825.547
826.016
826.484
826.953
827.422
827.890
828.359
828.827
829.296
829.765
830.233
830.702
831.170
831.639
832.107
832.576
833.045
833.513
833.982
834.450
834.919
835.388
835.856
836.325
836.793
837.262
837.730
838.199
838.668
839.136
839.605
840.073
840.542
841.011
841.479
841.948
842.416
842.885
843.353
843.822
844.291
844.759
845.228
845.696
846.165
846.634
847.102
847.571
848.039
848.508
848.977
849.445
849.914
850.382
850.851
851.319
851.788
852.257
852.725
853.194
853.662
854.131
854.600
855.068
855.537
856.005
856.474
856.942
857.411
857.880
858.348
858.817
859.285
859.754
860.223
860.691
861.160
861.628
862.097
862.565
863.034
863.503
863.971
864.440
864.908
865.377
865.846
866.314
866.783
867.251
867.720
868.188
868.657
869.126
869.594
870.063
870.531
871.000
871.469
871.937
872.406
872.874
873.343
873.811
874.280
874.749
875.217
875.686
879.423
879.658
879.892
880.362
880.597
880.831
881.301
881.536
881.770
882.240
882.475
882.709
883.179
883.414
883.649
884.118
884.353
884.588
885.057
885.292
885.527
885.996
886.231
886.466
886.935
887.170
887.405
887.874
888.109
888.344
888.813
889.048
889.283
889.752
889.987
890.222
890.691
890.926
891.161
891.630
891.865
892.100
892.569
892.804
893.039
893.508
893.743
893.978
894.447
894.682
894.917
895.386
895.621
895.856
896.325
896.560
896.795
897.264
897.499
897.734
898.204
898.438
898.673
899.143
899.377
899.612
900.082
900.316
900.551
901.021
901.255
901.490
901.960
902.194
902.429
902.899
903.133
903.368
903.838
904.072
904.307
904.777
905.012
905.246
905.716
909.453
909.687
909.922
910.156
910.391
910.625
910.860
911.094
911.329
911.563
911.797
912.032
912.266
912.501
912.735
912.970
913.204
913.439
913.673
913.908
914.142
914.377
914.611
914.845
915.080
915.314
915.549
915.783
916.018
916.252
916.487
916.721
916.956
917.190
917.425
917.659
917.893
918.128
918.362
918.597
918.831
919.066
919.300
919.535
919.769
920.004
920.238
920.473
920.707
920.941
921.176
921.410
921.645
921.879
922.114
922.348
922.583
922.817
923.052
923.286
923.520
923.755
923.989
924.224
924.458
924.693
924.927
925.162
925.396
925.631
925.865
926.100
926.334
926.568
926.803
927.037
927.272
927.506
927.741
927.975
928.210
928.444
928.679
928.913
929.148
929.382
929.616
929.851
930.085
930.320
930.554
930.789
931.023
931.258
931.492
931.727
931.961
932.196
932.430
932.664
932.899
933.133
933.368
933.602
933.837
934.071
934.306
934.540
934.775
935.009
935.244
935.478
935.712
939.483
939.717
939.952
940.186
940.421
940.655
940.890
941.124
941.359
941.593
941.827
942.062
942.296
942.531
942.765
943.000
943.234
943.469
943.703
943.938
944.172
944.407
944.641
944.875
945.110
945.344
945.579
945.813
946.048
946.282
946.517
946.751
946.986
947.220
947.455
947.689
947.923
948.158
948.392
948.627
948.861
949.096
949.330
949.565
949.799
950.034
950.268
950.503
950.737
950.971
951.206
951.440
951.675
951.909
952.144
952.378
952.613
952.847
953.082
953.316
953.550
953.785
954.019
954.254
954.488
954.723
954.957
955.192
955.426
955.661
955.895
956.130
956.364
956.598
956.833
957.067
957.302
957.536
957.771
958.005
958.240
958.474
958.709
958.943
959.178
959.412
959.646
959.881
960.115
960.350
960.584
960.819
961.053
961.288
961.522
961.757
961.991
962.226
962.460
962.694
962.929
963.163
963.398
963.632
963.867
964.101
964.336
964.570
964.805
965.039
965.274
965.508
965.742
969.480
969.714
969.948
970.416
970.650
970.885
971.353
971.587
971.821
972.290
972.524
972.758
973.226
973.460
973.695
974.163
974.397
974.631
975.100
975.334
975.568
976.036
976.271
976.505
976.973
977.207
977.441
977.910
978.144
978.378
978.846
979.081
979.315
979.783
980.017
980.251
980.720
980.954
981.188
981.657
981.891
982.125
982.593
982.827
983.062
983.530
983.764
983.998
984.467
984.701
984.935
985.403
985.637
985.872
986.340
986.574
986.808
987.277
987.511
987.745
988.213
988.448
988.682
989.150
989.384
989.618
990.087
990.321
990.555
991.023
991.258
991.492
991.960
992.194
992.428
992.897
993.131
993.365
993.834
994.068
994.302
994.770
995.004
995.239
1014.458
1014.926
1015.395
1015.864
1016.332
1016.801
1017.270
1017.738
1018.207
1018.675
1019.144
1019.613
1020.081
1020.550
1021.019
1021.487
1021.956
1022.425
1022.893
1023.362
1023.830
1024.299
1024.768
1025.236
1025.705
1026.174
1026.642
1027.111
1027.579
1028.048
1028.517
1028.985
1029.454
1029.923
1030.391
1030.860
1031.329
1031.797
1032.266
1032.734
1033.203
1033.672
1034.140
1034.609
1035.078
1035.546
1036.015
1036.484
1036.952
1037.421
1037.889
1038.358
1038.827
1039.295
1039.764
1040.233
1040.701
1041.170
1041.638
1042.107
1042.576
1043.044
1043.513
1043.982
1044.450
1044.919
1045.388
1045.856
1046.325
1046.793
1047.262
1047.731
1048.199
1048.668
1049.137
1049.605
1050.074
1050.542
1051.011
1051.480
1051.948
1052.417
1052.886
1053.354
1053.823
1054.292
1054.760
1055.229
1055.697
1056.166
1059.469
1059.704
1059.938
1060.173
1060.407
1060.642
1060.876
1061.111
1061.345
1061.580
1061.814
1062.048
1062.283
1062.517
1062.752
1062.986
1063.221
1063.455
1063.690
1063.924
1064.159
1064.393
1064.628
1064.862
1065.096
1065.331
1065.565
1065.800
1066.034
1066.269
1066.503
1066.738
1066.972
1067.207
1067.441
1067.676
1067.910
1068.144
1068.379
1068.613
1068.848
1069.082
1069.317
1069.551
1069.786
1070.020
1070.255
1070.489
1070.723
1070.958
1071.192
1071.427
1071.661
1071.896
1072.130
1072.365
1072.599
1072.834
1073.068
1073.303
1073.537
1073.771
1074.006
1074.240
1074.475
1074.709
1074.944
1075.178
1075.413
1075.647
1075.882
1076.116
1076.351
1076.585
1076.819
1077.054
1077.288
1077.523
1077.757
1077.992
1078.226
1078.461
1078.695
1078.930
1079.164
1079.399
1079.633
1079.867
1080.102
1080.336
1080.571
1080.805
1081.040
1081.274
1081.509
1081.743
1081.978
1082.212
1082.447
1082.681
1082.915
1083.150
1083.384
1083.619
1083.853
1084.088
1084.322
1084.557
1084.791
1085.026
1085.260
1085.495
1085.729
1089.466
1089.700
1089.935
1090.169
1090.404
1090.638
1090.873
1091.107
1091.342
1091.576
1091.811
1092.045
1092.280
1092.514
1092.748
1092.983
1093.217
1093.452
1093.686
1093.921
1094.155
1094.390
1094.624
1094.859
1095.093
1095.328
1095.562
1095.796
1096.031
1096.265
1096.500
1096.734
1096.969
1097.203
1097.438
1097.672
1097.907
1098.141
1098.376
1098.610
1098.844
1099.079
1099.313
1099.548
1099.782
1100.017
1100.251
1100.486
1100.720
1100.955
1101.189
1101.424
1101.658
1101.892
1102.127
1102.361
1102.596
1102.830
1103.065
1103.299
1103.534
1103.768
1104.003
1104.237
1104.471
1104.706
1104.940
1105.175
1105.409
1105.644
1105.878
1106.113
1106.347
1106.582
1106.816
1107.051
1107.285
1107.519
1107.754
1107.988
1108.223
1108.457
1108.692
1108.926
1109.161
1109.395
1109.630
1109.864
1110.099
1110.333
1110.567
1110.802
1111.036
1111.271
1111.505
1111.740
1111.974
1112.209
1112.443
1112.678
1112.912
1113.147
1113.381
1113.615
1113.850
1114.084
1114.319
1114.553
1114.788
1115.022
1115.257
1115.491
1115.726
1119.496
1119.730
1119.964
1120.432
1120.667
1120.901
1121.369
1121.603
1121.837
1122.305
1122.539
1122.773
1123.242
1123.476
1123.710
1124.178
1124.412
1124.646
1125.114
1125.348
1125.583
1126.051
1126.285
1126.519
1126.987
1127.221
1127.455
1127.923
1128.158
1128.392
1128.860
1129.094
1129.328
1129.796
1130.030
1130.264
1130.733
1130.967
1131.201
1131.669
1131.903
1132.137
1132.605
1132.840
1133.074
1133.542
1133.776
1134.010
1134.478
1134.712
1134.946
1135.415
1135.649
1135.883
1136.351
1136.585
1136.819
1137.287
1137.521
1137.756
1138.224
1138.458
1138.692
1139.160
1139.394
1139.628
1140.096
1140.331
1140.565
1141.033
1141.267
1141.501
1141.969
1142.203
1142.437
1142.906
1143.140
1143.374
1143.842
1144.076
1144.310
1144.778
1145.013
1145.247
1145.715
1145.949
1146.183
1146.651
1146.885
1147.119
1147.588
1147.822
1148.056
1148.524
1148.758
1148.992
1194.137
1194.606
1195.074
1195.543
1196.011
1196.480
1196.948
1197.417
1197.886
1198.354
1198.823
1199.291
1199.760
1200.228
1200.697
1201.165
1201.634
1202.102
1202.571
1203.039
1203.508
1203.977
1204.445
1204.914
1205.382
1205.851
1206.319
1206.788
1207.256
1207.725
1208.193
1208.662
1209.130
1209.599
1210.068
1210.536
1211.005
1211.473
1211.942
1212.410
1212.879
1213.347
1213.816
1214.284
1214.753
1215.221
1215.690
1216.159
1216.627
1217.096
1217.564
1218.033
1218.501
1218.970
1219.438
1219.907
1220.375
1220.844
1221.312
1221.781
1222.250
1222.718
1223.187
1223.655
1224.124
1224.592
1225.061
1225.529
1225.998
1226.466
1226.935
1227.403
1227.872
1228.341
1228.809
1229.278
1229.746
1230.215
1230.683
1231.152
1231.620
1232.089
1232.557
1233.026
1233.494
1233.963
1234.432
1234.900
1235.369
1235.837
1236.306
1236.774
1237.243
1237.711
1238.180
1238.648
1254.164
1254.631
1255.098
1255.565
1256.032
1256.500
1256.967
1257.434
1257.901
1258.368
1258.835
1259.302
1259.769
1260.237
1260.704
1261.171
1261.638
1262.105
1262.572
1263.039
1263.507
1263.974
1264.441
1264.908
1265.375
1265.842
1266.309
1266.776
1267.244
1267.711
1268.178
1268.645
1269.112
1269.347
1269.581
1270.050
1270.284
1270.518
1270.987
1271.221
1271.456
1271.924
1272.159
1272.393
1272.862
1273.096
1273.331
1273.799
1274.034
1274.268
1274.737
1274.971
1275.206
1275.674
1275.909
1276.143
1276.612
1276.846
1277.080
1277.549
1277.784
1278.018
1278.487
1278.721
1278.955
1279.424
1279.658
1279.893
1280.361
1280.596
1280.830
1281.299
1281.533
1281.768
1282.236
1282.471
1282.705
1283.174
1283.408
1283.643
1284.111
1284.346
1284.580
1285.049
1285.283
1285.517
1285.986
1286.221
1286.455
1286.924
1287.158
1287.392
1287.861
1288.095
1288.330
1288.798
1289.033
1289.267
1289.736
1289.970
1290.205
1290.673
1290.908
1291.142
1291.611
1291.845
1292.080
1292.548
1292.783
1293.017
1293.486
1293.720
1293.954
1294.423
1294.658
1294.892
1295.361
1295.595
1295.829
1296.298
1296.532
1296.767
1297.235
1297.470
1297.704
1298.173
1298.407
1298.642
1314.124
1314.593
1315.062
1315.531
1316.000
1316.469
1316.938
1317.407
1317.876
1318.345
1318.814
1319.283
1319.752
1320.221
1320.690
1321.159
1321.628
1322.097
1322.566
1323.035
1323.504
1323.973
1324.442
1324.911
1325.379
1325.848
1326.317
1326.786
1327.255
1327.724
1328.193
1328.662
1329.131
1329.600
1330.069
1330.538
1331.007
1331.476
1331.945
1332.414
1332.883
1333.352
1333.821
1334.290
1334.759
1335.228
1335.697
1336.166
1336.635
1337.104
1337.573
1338.042
1338.511
1338.980
1339.449
1339.918
1340.387
1340.856
1341.325
1341.794
1342.263
1342.732
1343.201
1343.670
1344.139
1344.608
1345.077
1345.546
1346.015
1346.484
1346.953
1347.422
1347.891
1348.125
1348.360
1348.594
1348.829
1349.063
1349.298
1349.532
1349.767
1350.001
1350.236
1350.470
1350.705
1350.939
1351.174
1351.408
1351.643
1351.877
1352.112
1352.346
1352.581
1352.815
1353.050
1353.284
1353.519
1353.753
1353.988
1354.222
1354.457
1354.691
1354.926
1355.160
1355.395
1355.629
1355.864
1356.098
1356.333
1356.567
1356.802
1357.036
1357.271
1357.505
1357.740
1357.974
1358.209
1358.443
1358.678
1358.912
1359.147
1359.381
1359.616
1359.850
1360.085
1360.319
1360.554
1360.788
1361.023
1361.257
1361.492
1361.726
1361.961
1362.195
1362.430
1362.664
1362.899
1363.133
1363.368
1363.602
1363.837
1364.071
1364.306
1364.540
1364.775
1365.009
1365.244
1365.478
1365.713
1365.947
1366.182
1366.416
1366.651
1366.885
1367.120
1367.354
1367.589
1367.823
1368.058
1368.292
1368.527
1368.761
1368.996
1369.230
1369.465
1369.699
1369.933
1370.168
1370.402
1370.637
1370.871
1371.106
1371.340
1371.575
1371.809
1372.044
1372.278
1372.513
1372.747
1372.982
1373.216
1373.451
1373.685
1373.920
1374.154
1374.389
1374.623
1374.858
1375.092
1375.327
1375.561
1375.796
1376.030
1376.265
1376.499
1376.734
1376.968
1377.203
1377.437
1377.672
1378.355
1378.824
1379.293
1379.762
1380.232
1380.701
1381.170
1381.640
1382.109
1382.578
1383.047
1383.517
1383.986
1384.455
1384.925
1385.394
1385.863
1386.332
1386.802
1387.271
1387.740
1388.210
1388.679
1389.148
1389.617
1390.087
1390.556
1391.025
1391.495
1391.964
1392.433
1392.902
1393.137
1393.371
1393.839
1394.073
1394.307
1394.775
1395.009
1395.243
1395.711
1395.946
1396.180
1396.648
1396.882
1397.116
1397.584
1397.818
1398.052
1398.520
1398.754
1398.989
1399.457
1399.691
1399.925
1400.393
1400.627
1400.861
1401.329
1401.563
1401.798
1402.266
1402.500
1402.734
1403.202
1403.436
1403.670
1404.138
1404.372
1404.606
1405.075
1405.309
1405.543
1406.011
1406.245
1406.479
1406.947
1407.181
1407.415
1407.884
1408.118
1422.899
1423.133
1423.368
1423.602
1423.837
1424.071
1424.305
1424.540
1424.774
1425.008
1425.243
1425.477
1425.711
1425.946
1426.180
1426.414
1426.649
1426.883
1427.117
1427.352
1427.586
1427.820
1428.055
1428.289
1428.523
1428.758
1428.992
1429.226
1429.461
1429.695
1429.930
1430.164
1430.398
1430.633
1430.867
1431.101
1431.336
1431.570
1431.804
1432.039
1432.273
1432.507
1432.742
1432.976
1433.210
1433.445
1433.679
1433.913
1434.148
1434.382
1434.616
1434.851
1435.085
1435.319
1435.554
1435.788
1436.023
1436.257
1436.491
1436.726
1436.960
1437.194
1437.429
1437.663
1437.897
1438.132
1438.366
1438.600
1438.835
1439.069
1439.303
1439.538
1439.772
1440.006
1440.241
1440.475
1440.709
1440.944
1441.178
1441.413
1441.647
1441.881
1442.116
1442.350
1442.584
1442.819
1443.053
1443.287
1443.522
1443.756
1443.990
1444.225
1444.459
1444.693
1444.928
1445.162
1445.396
1445.631
1445.865
1446.099
1446.334
1446.568
1446.802
1447.037
1447.271
1447.506
1447.740
1447.974
1448.209
1448.443
1448.677
1448.912
1449.146
1449.380
1449.615
1449.849
1450.083
1450.318
1450.552
1450.786
1451.021
1451.255
1451.489
1451.724
1451.958
1452.192
1452.427
1452.661
1452.895
1453.130
1453.364
1453.599
1453.833
1454.067
1454.302
1454.536
1454.770
1455.005
1455.239
1455.473
1455.708
1455.942
1456.176
1456.411
1456.645
1456.879
1457.114
1457.348
1457.582
1457.817
1458.051
1458.285
1458.520
1458.754
1458.988
1459.223
1459.457
1459.692
1459.926
1460.160
1460.395
1460.629
1460.863
1461.098
1461.332
1461.566
1461.801
1462.035
1462.269
1462.504
1462.738
1462.972
1463.207
1463.441
1463.675
1463.910
1464.144
1464.378
1464.613
1464.847
1465.082
1465.316
1465.550
1465.785
1466.019
1466.253
1466.488
1466.722
1466.956
1467.191
1467.425
1467.659
1467.894
1468.128
1468.362
1468.597
1468.831
1469.065
1469.300
1469.534
1469.768
1470.003
1470.237
1470.471
1470.706
1470.940
1471.175
1471.409
1471.643
1471.878
1472.112
1472.346
1472.581
1472.815
1473.049
1473.284
1473.518
1473.752
1473.987
1474.221
1474.455
1474.690
1474.924
1475.158
1475.393
1475.627
1475.861
1476.096
1476.330
1476.564
1476.799
1477.033
1477.268
1477.502
1477.736
1477.971
1478.205
1478.439
1478.674
1478.908
1479.142
1479.377
1479.611
1479.845
1480.080
1480.314
1480.548
1480.783
1481.017
1481.251
1481.486
1481.720
1481.954
1482.189
1482.423
1482.657
1482.892
1483.126
1483.361
1483.595
1483.829
1484.064
1484.298
1484.532
1484.767
1485.001
1485.235
1485.470
1485.704
1485.938
1486.173
1486.407
1486.641
1486.876
1487.110
1487.344
1487.579
1487.813
1488.047
1488.282
1488.516
1488.750
1488.985
1489.219
1489.454
1489.688
1489.922
1490.157
1490.391
1490.625
1490.860
1491.094
1491.328
1491.563
1491.797
1492.031
1492.266
1492.500
1492.734
1492.969
1493.203
1493.437
1493.672
1493.906
1494.140
1494.375
1494.609
1494.844
1495.078
1495.312
1495.547
1495.781
1496.015
1496.250
1496.484
1496.718
1496.953
1497.187
1497.421
1497.656
1497.890
1498.124
1498.359
1498.593
1498.827
1499.062
1499.296
1499.530
1499.765
1499.999
1500.233
1500.468
1500.702
1500.937
1501.171
1501.405
1501.640
1501.874
1502.108
1502.343
1502.577
1502.811
1503.046
1503.280
1503.514
1503.749
1503.983
1504.217
1504.452
1504.686
1504.920
1505.155
1505.389
1505.623
1505.858
1506.092
1506.326
1506.561
1506.795
1507.030
1507.264
1507.498
1507.733
1507.967
1508.201
1508.436
1508.670
1508.904
1509.139
1509.373
1509.607
1509.842
1510.076
1510.310
1510.545
1510.779
1511.013
1511.248
1511.482
1511.716
1511.951
1512.185
1512.419
1512.654
1512.888
1513.123
1513.357
1513.591
1513.826
1514.060
1514.294
1514.529
1514.763
1514.997
1515.232
1515.466
1515.700
1515.935
1516.169
1516.403
1516.638
1516.872
1517.106
1517.341
1517.575
1517.809
1518.044
1518.278
1518.513
1518.747
1518.981
1519.216
1519.450
1519.684
1519.919
1520.153
1520.387
1520.622
1520.856
1521.090
1521.325
1521.559
1521.793
1522.028
1522.262
1522.496
1522.731
1522.965
1523.199
1523.434
1523.668
1523.902
1524.137
1524.371
1524.606
1524.840
1525.074
1525.309
1525.543
1525.777
1526.012
1526.246
1526.480
1526.715
1526.949
1527.183
1527.418
1527.652
1527.886
1528.121
1528.355
1528.589
1528.824
1529.058
1529.292
1529.527
1529.761
1529.995
1530.230
1530.464
1530.699
1530.933
1531.167
1531.402
1531.636
1531.870
1532.105
1532.339
1532.573
1532.808
1533.042
1533.276
1533.511
1533.745
1533.979
1534.214
1534.448
1534.682
1534.917
1535.151
1535.385
1535.620
1535.854
1536.088
1536.323
1536.557
1536.792
1537.026
1537.260
1537.495
1537.729
1537.963
1538.198
1538.432
1538.666
1538.901
1539.135
1539.369
1539.604
1539.838
1540.072
1540.307
1540.541
1540.775
1541.010
1541.244
1541.478
1541.713
1541.947
1542.182
1542.416
1542.650
1542.885
1543.119
1543.353
1543.588
1543.822
1544.056
1544.291
1544.525
1544.759
1544.994
1545.228
1545.462
1545.697
1545.931
1546.165
1546.400
1546.634
1546.868
1547.103
1547.337
1547.571
1547.806
1548.040
1548.275
1548.509
1548.743
1548.978
1549.212
1549.446
1549.681
1549.915
1550.149
1550.384
1550.618
1550.852
1551.087
1551.321
1551.555
1551.790
1552.024
1552.258
1552.493
1552.727
1552.961
1553.196
1553.430
1553.664
1553.899
1554.133
1554.368
1554.602
1554.836
1555.071
1555.305
1555.539
1555.774
1556.008
1556.242
1556.477
1556.711
1556.945
1557.180
1557.414
1557.648
1557.883
1558.117
1558.351
1558.586
1558.820
1559.054
1559.289
1559.523
1559.757
1559.992
1560.226
1560.461
1560.695
1560.929
1561.164
1561.398
1561.632
1561.867
1562.101
1562.335
1562.570
1562.804
1563.038
1563.273
1627.904
1628.249
1628.593
1628.938
1629.282
1629.627
1629.972
1630.316
1630.661
1631.005
1631.350
1631.695
1632.039
1632.384
1632.729
1633.073
1633.418
1633.762
1634.107
1634.452
1634.796
1635.141
1635.485
1635.830
1636.175
1636.519
1636.864
1637.209
1637.553
1637.898
1638.242
1638.587
1638.932
1639.276
1639.621
1639.965
1640.310
1640.655
1640.999
1641.344
1641.689
1642.033
1642.378
1642.722
1643.067
1643.412
1643.756
1644.101
1644.445
1644.790
1645.135
1645.479
1645.824
1646.169
1646.513
1646.858
1647.202
1647.547
1647.892
1648.236
1648.581
1648.925
1649.270
1649.615
1649.959
1650.304
1650.649
1650.993
1651.338
1651.682
1652.027
1652.372
1652.716
1653.061
1653.405
1653.750
1654.095
1654.439
1654.784
1655.129
1655.473
1655.818
1656.162
1656.507
1656.852
1657.196
1657.541
1657.885
1658.230
1658.575
1658.919
1659.264
1659.609
1659.953
1660.298
1660.642
1660.987
1661.332
1661.676
1662.021
1662.365
1662.710
1663.055
1663.399
1663.744
1664.089
1664.433
1664.778
1665.122
1665.467
1665.812
1666.156
1666.501
1666.845
1667.190
1667.535
1667.879
1668.224
1668.569
1668.913
1669.258
1669.602
1669.947
1670.292
1670.636
1670.981
1671.325
1671.670
1672.015
1674.784
1674.957
1675.129
1675.474
1675.647
1675.819
1676.164
1676.337
1676.509
1676.854
1677.027
1677.200
1677.545
1677.717
1677.890
1678.235
1678.407
1678.580
1678.925
1679.097
1679.270
1679.615
1679.788
1679.960
1680.305
1680.478
1680.650
1680.995
1681.168
1681.340
1681.685
1681.858
1682.030
1682.376
1682.548
1682.721
1683.066
1683.238
1683.411
1683.756
1683.928
1684.101
1684.446
1684.618
1684.791
1685.136
1685.309
1685.481
1685.826
1685.999
1686.171
1686.516
1686.689
1686.861
1687.206
1687.379
1687.552
1687.897
1688.069
1688.242
1688.587
1688.759
1688.932
1689.277
1689.449
1689.622
1689.967
1690.140
1690.312
1690.657
1690.830
1691.002
1691.347
1691.520
1691.692
1692.037
1692.210
1692.382
1692.728
1692.900
1693.073
1693.418
1693.590
1693.763
1694.108
1694.280
1694.453
1694.798
1694.970
1695.143
1695.488
1695.661
1695.833
1696.178
1696.351
1696.523
1696.868
1697.041
1697.213
1697.558
1697.731
1697.904
1698.249
1698.421
1698.594
1698.939
1699.111
1699.284
1699.629
1699.801
1699.974
1700.319
1700.492
1700.664
1701.009
1701.182
1701.354
1701.699
1701.872
1702.044
1702.389
1702.562
1702.734
1703.080
1703.252
1703.425
1703.770
1703.942
1704.115
1704.460
1704.632
1704.805
1705.150
1705.322
1705.495
1705.840
1706.013
1706.185
1706.530
1706.703
1706.875
1707.220
1707.393
1707.565
1707.910
1708.083
1708.256
1708.601
1708.773
1708.946
1709.291
1709.463
1709.636
1709.981
1710.153
1710.326
1710.671
1710.844
1711.016
1711.361
1711.534
1711.706
1712.051
1712.224
1712.396
1712.741
1712.914
1713.086
1713.432
1713.604
1713.777
1714.122
1714.294
1714.467
1714.812
1714.984
1715.157
1715.502
1715.674
1715.847
1716.192
1738.248
1738.420
1738.592
1738.937
1739.110
1739.282
1739.627
1739.799
1739.972
1740.317
1740.489
1740.662
1741.006
1741.179
1741.351
1741.696
1741.869
1742.041
1742.386
1742.558
1742.731
1743.076
1743.248
1743.421
1743.765
1743.938
1744.110
1744.455
1744.628
1744.800
1745.145
1745.317
1745.490
1745.835
1746.007
1746.180
1746.524
1746.697
1746.869
1747.214
1747.387
1747.559
1747.904
1748.076
1748.249
1748.594
1748.766
1748.939
1749.283
1749.456
1749.628
1749.973
1750.146
1750.318
1750.663
1750.835
1751.008
1751.353
1751.525
1751.698
1752.042
1752.215
1752.387
1752.732
1752.905
1753.077
1753.422
1753.594
1753.767
1754.112
1754.284
1754.457
1754.801
1754.974
1755.146
1755.491
1755.664
1755.836
1756.181
1756.353
1756.526
1756.871
1757.043
1757.216
1757.560
1757.733
1757.905
1758.250
1758.423
1758.595
1758.940
1759.112
1759.285
1759.630
1759.802
1759.975
1760.319
1760.492
1760.664
1761.009
1761.182
1761.354
1761.699
1761.871
1762.044
1762.389
1762.561
1762.734
1763.078
1763.251
1763.423
1763.768
1763.941
1764.113
1764.458
1764.630
1764.803
1765.148
1765.320
1765.493
1765.837
1766.010
1766.182
1766.527
1766.700
1766.872
1767.217
1767.389
1767.562
1767.907
1768.079
1768.252
1768.596
1768.769
1768.941
1769.286
1769.459
1769.631
1769.976
1770.148
1770.321
1770.666
1770.838
1771.011
1771.355
1771.528
1771.700
1772.045
1772.218
1772.390
1772.735
1772.907
1773.080
1773.425
1773.597
1773.770
1774.114
1774.287
1774.459
1774.804
1774.977
1775.149
1775.494
1775.666
1775.839
1776.184
1776.356
1776.529
1776.873
1777.046
1777.218
1777.563
1777.736
1777.908
1778.253
1778.425
1778.598
1778.943
1779.115
1779.288
1779.632
1779.805
1779.977
1780.322
1780.495
1780.667
1781.012
1781.184
1781.357
1781.702
1781.874
1782.047
1782.391
1828.941
1829.410
1829.879
1830.348
1830.817
1831.286
1831.755
1832.224
1832.693
1833.161
1833.630
1834.099
1834.568
1835.037
1835.506
1835.975
1836.444
1836.913
1837.381
1837.850
1838.319
1838.788
1839.257
1839.726
1840.195
1840.664
1841.133
1841.601
1842.070
1842.539
1843.008
1843.477
1843.946
1844.415
1844.884
1845.353
1845.821
1846.290
1846.759
1847.228
1847.697
1848.166
1848.635
1849.104
1849.573
1850.041
1850.510
1850.979
1851.448
1851.917
1852.386
1852.855
1853.324
1853.793
1854.262
1854.730
1855.199
1855.668
1856.137
1856.606
1857.075
1857.544
1858.013
1858.482
1858.950
1859.419
1859.888
1860.357
1860.826
1861.295
1861.764
1862.233
1862.702
1863.170
1863.639
1864.108
1864.577
1865.046
1865.515
1865.984
1866.453
1866.922
1867.390
1867.859
1868.328
1868.797
1869.266
1869.735
1870.204
1870.673
1871.142
1871.610
1872.079
1872.548
1873.017
1873.486
1873.955
1874.424
1874.893
1875.362
1875.830
1876.299
1876.768
1877.237
1877.706
1878.175
1878.644
1879.113
1879.582
1880.050
1880.519
1880.988
1881.457
1881.926
1882.395
1882.864
1883.333
1883.802
1884.270
1884.739
1885.208
1885.677
1886.146
1886.615
1887.084
1887.553
1888.022
1888.490
1888.959
1889.428
1889.897
1890.366
1890.835
1891.304
1891.773
1892.242
1892.711
1893.179
1893.648
1894.117
1894.586
1895.055
1895.524
1895.993
1896.462
1896.931
1897.399
1897.868
1898.337
1898.806
1899.275
1899.744
1900.213
1900.682
1901.151
1901.619
1902.088
1902.557
1903.026
1903.495
1903.964
1904.433
1904.902
1905.371
1905.839
1906.308
1906.777
1907.246
1907.715
1908.184
1908.653
1909.122
1909.591
1910.059
1910.528
1910.997
1911.466
1911.935
1912.404
1912.873
1913.342
1913.811
1914.279
1914.748
1915.217
1915.686
1916.155
1916.624
1917.093
1918.961
1919.196
1919.430
1919.664
1919.899
1920.133
1920.367
1920.602
1920.836
1921.071
1921.305
1921.539
1921.774
1922.008
1922.242
1922.477
1922.711
1922.945
1923.180
1923.414
1923.648
1923.883
1924.117
1924.351
1924.586
1924.820
1925.055
1925.289
1925.523
1925.758
1925.992
1926.226
1926.461
1926.695
1926.929
1927.164
1927.398
1927.632
1927.867
1928.101
1928.335
1928.570
1928.804
1929.038
1929.273
1929.507
1929.742
1929.976
1930.210
1930.445
1930.679
1930.913
1931.148
1931.382
1931.616
1931.851
1932.085
1932.319
1932.554
1932.788
1933.022
1933.257
1933.491
1933.726
1933.960
1934.194
1934.429
1934.663
1934.897
1935.132
1935.366
1935.600
1935.835
1936.069
1936.303
1936.538
1936.772
1937.006
1937.241
1937.475
1937.710
1937.944
1938.178
1938.413
1938.647
1938.881
1939.116
1939.350
1939.584
1939.819
1940.053
1940.287
1940.522
1940.756
1940.990
1941.225
1941.459
1941.693
1941.928
1942.162
1942.397
1942.631
1942.865
1943.100
1943.334
1943.568
1943.803
1944.037
1944.271
1944.506
1944.740
1944.974
1945.209
1945.443
1945.677
1945.912
1946.146
1946.381
1946.615
1946.849
1947.084
1947.318
1947.552
1947.787
1948.021
1948.255
1948.490
1948.724
1948.958
1949.193
1949.427
1949.661
1949.896
1950.130
1950.364
1950.599
1950.833
1951.068
1951.302
1951.536
1951.771
1952.005
1952.239
1952.474
1952.708
1952.942
1953.177
1953.411
1953.645
1953.880
1954.114
1954.348
1954.583
1954.817
1955.052
1955.286
1955.520
1955.755
1955.989
1956.223
1956.458
1956.692
1956.926
1957.161
1957.395
1957.629
1957.864
1958.098
1958.332
1958.567
1958.801
1959.036
1959.270
1959.504
1959.739
1959.973
1960.207
1960.442
1960.676
1960.910
1961.145
1961.379
1961.613
1961.848
1962.082
1962.316
1962.551
1962.785
1963.019
1963.254
1963.488
1963.723
1963.957
1964.191
1964.426
1964.660
1964.894
1965.129
1965.363
1965.597
1965.832
1966.066
1966.300
1966.535
1966.769
1967.003
1967.238
1967.472
1967.707
1967.941
1968.175
1968.410
1968.644
1968.878
1969.113
1969.347
1969.581
1969.816
1970.050
1970.284
1970.519
1970.753
1970.987
1971.222
1971.456
1971.690
1971.925
1972.159
1972.394
1972.628
1972.862
1973.097
1973.331
1973.565
1973.800
1974.034
1974.268
1974.503
1974.737
1974.971
1975.206
1975.440
1975.674
1975.909
1976.143
1976.378
1976.612
1976.846
1977.081
1977.315
1977.549
1977.784
1978.018
1978.252
1978.487
1978.721
1993.970
1994.438
1994.906
1995.374
1995.843
1996.311
1996.779
1997.247
1997.715
1998.184
1998.652
1999.120
1999.588
2000.056
2000.525
2000.993
2001.461
2001.929
2002.398
2002.866
2003.334
2003.802
2004.270
2004.739
2005.207
2005.675
2006.143
2006.612
2007.080
2007.548
2008.016
2008.484
2008.953
2009.421
2009.889
2010.357
2010.825
2011.294
2011.762
2012.230
2012.698
2013.167
2013.635
2014.103
2014.571
2015.039
2015.508
2015.976
2016.444
2016.912
2017.381
2017.849
2018.317
2018.785
2019.253
2019.722
2020.190
2020.658
2021.126
2021.595
2022.063
2022.531
2022.999
2023.467
2023.936
2024.404
2024.872
2025.340
2025.808
2026.277
2026.745
2027.213
2027.681
2028.150
2028.618
2029.086
2029.554
2030.022
2030.491
2030.959
2031.427
2031.895
2032.364
2032.832
2033.300
2033.768
2034.236
2034.705
2035.173
2035.641
2036.109
2036.578
2037.046
2037.514
2037.982
2038.450
2038.919
2039.387
2039.855
2040.323
2040.791
2041.260
2041.728
2042.196
2042.664
2043.133
2043.601
2044.069
2044.537
2045.005
2045.474
2045.942
2046.410
2046.878
2047.347
2047.815
2048.283
2048.751
2049.219
2049.688
2050.156
2050.624
2051.092
2051.560
2053.963
2054.197
2054.432
2054.666
2054.900
2055.135
2055.369
2055.603
2055.838
2056.072
2056.306
2056.541
2056.775
2057.009
2057.244
2057.478
2057.713
2057.947
2058.181
2058.416
2058.650
2058.884
2059.119
2059.353
2059.587
2059.822
2060.056
2060.290
2060.525
2060.759
2060.993
2061.228
2061.462
2061.696
2061.931
2062.165
2062.400
2062.634
2062.868
2063.103
2063.337
2063.571
2063.806
2064.040
2064.274
2064.509
2064.743
2064.977
2065.212
2065.446
2065.680
2065.915
2066.149
2066.383
2066.618
2066.852
2067.087
2067.321
2067.555
2067.790
2068.024
2068.258
2068.493
2068.727
2068.961
2069.196
2069.430
2069.664
2069.899
2070.133
2070.367
2070.602
2070.836
2071.071
2071.305
2071.539
2071.774
2072.008
2072.242
2072.477
2072.711
2072.945
2073.180
2073.414
2073.648
2073.883
2074.117
2074.351
2074.586
2074.820
2075.054
2075.289
2075.523
2075.758
2075.992
2076.226
2076.461
2076.695
2076.929
2077.164
2077.398
2077.632
2077.867
2078.101
2078.335
2078.570
2078.804
2079.038
2079.273
2079.507
2079.741
2079.976
2080.210
2080.445
2080.679
2080.913
2081.148
2081.382
2081.616
2081.851
2082.085
2082.319
2082.554
2082.788
2083.022
2083.257
2083.491
2083.725
2083.960
2084.194
2084.428
2084.663
2084.897
2085.132
2085.366
2085.600
2085.835
2086.069
2086.303
2086.538
2086.772
2087.006
2087.241
2087.475
2087.709
2087.944
2088.178
2088.412
2088.647
2088.881
2089.116
2089.350
2089.584
2089.819
2090.053
2090.287
2090.522
2090.756
2090.990
2091.225
2091.459
2091.693
2091.928
2092.162
2092.396
2092.631
2092.865
2093.099
2093.334
2093.568
2093.803
2094.037
2094.271
2094.506
2094.740
2094.974
2095.209
2095.443
2095.677
2095.912
2096.146
2096.380
2096.615
2096.849
2097.083
2097.318
2097.552
2097.786
2098.021
2098.255
2098.490
2098.724
2098.958
2099.193
2099.427
2099.661
2099.896
2100.130
2100.364
2100.599
2100.833
2101.067
2101.302
2101.536
2101.770
2102.005
2102.239
2102.473
2102.708
2102.942
2103.177
2103.411
2103.645
2103.880
2104.114
2104.348
2104.583
2104.817
2105.051
2105.286
2105.520
2105.754
2105.989
2106.223
2106.457
2106.692
2106.926
2107.161
2107.395
2107.629
2107.864
2108.098
2108.332
2108.567
2108.801
2109.035
2109.270
2109.504
2109.738
2109.973
2110.207
2110.441
2110.676
2110.910
2111.144
2111.379
2111.613
2111.848
2112.082
2112.316
2112.551
2112.785
2113.019
2113.254
2113.488
2113.722
2113.957
2114.191
2114.425
2114.660
2114.894
2115.128
2115.363
2115.597
2115.831
2116.066
2116.300
2116.535
2116.769
2117.003
2117.238
2117.472
2117.706
2117.941
2118.175
2118.409
2118.644
2118.878
2119.112
2119.347
2119.581
2119.815
2120.050
2120.284
2120.518
2120.753
2120.987
2121.222
2121.456
2121.690
2121.925
2122.159
2122.393
2122.628
2122.862
2123.096
2123.331
2123.565
2123.799
2124.034
2124.268
2124.502
2124.737
2124.971
2125.206
2125.440
2125.674
2125.909
2126.143
2126.377
2126.612
2126.846
2127.080
2127.315
2127.549
2127.783
2128.018
2128.252
2128.486
2128.721
2128.955
2129.189
2129.424
2129.658
2129.893
2130.127
2130.361
2130.596
2130.830
2131.064
2131.299
2131.533
2131.767
2132.002
2132.236
2132.470
2132.705
2132.939
2133.173
2133.408
2133.642
2133.876
2134.111
2134.345
2134.580
2134.814
2135.048
2135.283
2135.517
2135.751
2135.986
2136.220
2136.454
2136.689
2136.923
2137.157
2137.392
2137.626
2137.860
2138.095
2138.329
2138.564
2138.798
2139.032
2139.267
2139.501
2139.735
2139.970
2140.204
2140.438
2140.673
2140.907
2141.141
2141.376
2141.610
2141.844
2142.079
2142.313
2142.547
2142.782
2143.016
2143.251
2143.485
2143.719
2195.171
2195.707
2196.243
2196.778
2197.314
2197.850
2198.386
2198.922
2199.458
2199.994
2200.530
2201.066
2201.602
2202.138
2202.674
2203.210
2203.746
2204.282
2204.818
2205.354
2205.890
2206.426
2206.962
2207.498
2208.033
2208.569
2209.105
2209.641
2210.177
2210.713
2211.249
2211.785
2212.321
2217.660
2223.032
2228.404
2233.743
2239.115
2244.453
2245.788
2247.123
2248.457
2249.825
2255.197
2255.465
2255.733
2256.001
2256.269
2256.537
2256.804
2257.072
2257.340
2257.608
2257.876
2258.144
2258.412
2258.679
2258.947
2259.215
2259.483
2259.751
2260.019
2260.287
2260.554
2260.822
2261.090
2261.358
2261.626
2261.894
2262.162
2262.429
2262.697
2262.965
2263.233
2263.501
2263.769
2264.037
2264.305
2264.572
2264.840
2265.108
2265.376
2265.644
2265.912
2266.180
2266.447
2266.715
2266.983
2267.251
2267.519
2267.787
2268.055
2268.322
2268.590
2268.858
2269.126
2269.394
2269.662
2269.930
2270.197
2270.465
2270.733
2271.001
2271.269
2271.537
2271.805
2272.072
2272.340
2272.608
2272.876
2273.144
2273.412
2273.680
2273.947
2274.215
2274.483
2274.751
2275.019
2275.287
2275.555
2275.822
2276.090
2276.358
2276.626
2276.894
2277.162
2277.430
2277.698
2277.965
2278.233
2278.501
2278.769
2279.037
2279.305
2279.573
2279.840
2280.108
2280.376
2280.644
2280.912
2281.180
2281.448
2281.715
2281.983
2282.251
2282.519
2282.787
2283.055
2283.323
2283.590
2283.858
2284.126
2284.394
2284.662
2284.930
2285.198
2285.465
2285.733
2286.001
2286.269
2286.537
2286.805
2287.073
2287.340
2287.608
2287.876
2288.144
2288.412
2288.680
2288.948
2289.215
2289.483
2289.751
2290.019
2290.287
2290.555
2290.823
2291.091
2291.358
2291.626
2291.894
2292.162
2292.430
2292.698
2292.966
2293.233
2293.501
2293.769
2294.305
2294.841
2295.377
2295.913
2296.449
2296.985
2297.521
2298.057
2298.592
2299.128
2299.664
2300.200
2300.736
2301.272
2301.808
2302.344
2302.880
2303.416
2303.952
2304.488
2305.024
2305.560
2306.095
2306.631
2307.167
2307.703
2308.239
2308.775
2309.311
2309.847
2310.383
2310.919
2311.455
2311.991
2312.527
2313.063
2313.598
2314.134
2314.670
2315.206
2315.742
2316.278
2316.814
2317.350
2317.886
2318.422
2318.958
2319.494
2320.030
2320.566
2321.101
2321.637
2322.173
2322.709
2323.245
2323.781
2324.317
2324.853
2325.088
2325.222
2325.356
2325.490
2325.624
2325.759
2325.893
2326.027
2326.161
2326.295
2326.429
2326.564
2326.698
2326.832
2326.966
2327.100
2327.235
2327.369
2327.503
2327.637
2327.771
2327.906
2328.040
2328.174
2328.308
2328.442
2328.576
2328.711
2328.845
2328.979
2329.113
2329.247
2329.382
2329.516
2329.650
2329.784
2329.918
2330.052
2330.187
2330.321
2330.455
2330.589
2330.723
2330.858
2330.992
2331.126
2331.260
2331.394
2331.529
2331.663
2331.797
2331.931
2332.065
2332.199
2332.334
2332.468
2332.602
2332.736
2332.870
2333.005
2333.139
2333.273
2333.407
2333.541
2333.676
2333.810
2333.944
2334.078
2334.212
2334.346
2334.481
2334.615
2334.749
2334.883
2335.017
2335.152
2335.286
2335.420
2335.554
2335.688
2335.822
2335.957
2336.091
2336.225
2336.359
2336.493
2336.628
2336.762
2336.896
2337.030
2337.164
2337.299
2337.433
2337.567
2337.701
2337.835
2337.969
2338.104
2338.238
2338.372
2338.506
2338.640
2338.775
2338.909
2339.043
2339.177
2339.311
2339.446
2339.580
2339.714
2339.848
2339.982
2340.116
2340.251
2340.385
2340.519
2340.653
2340.787
2340.922
2341.056
2341.190
2341.324
2341.458
2341.592
2341.727
2341.861
2341.995
2342.129
2342.263
2342.398
2342.532
2342.666
2342.800
2342.934
2343.069
2343.203
2343.337
2343.471
2343.605
2343.739
2343.874
2344.008
2344.142
2344.276
2344.410
2344.545
2344.679
2344.813
2344.947
2345.081
2345.216
2345.350
2345.484
2345.618
2345.752
2345.886
2346.021
2346.155
2346.289
2346.423
2346.557
2346.692
2346.826
2346.960
2347.094
2347.228
2347.362
2347.497
2347.631
2347.765
2347.899
2348.033
2348.168
2348.302
2348.436
2348.570
2348.704
2348.839
2348.973
2349.107
2349.241
2349.375
2349.509
2349.644
2349.778
2349.912
2350.046
2350.180
2350.315
2350.449
2350.583
2350.717
2350.851
2350.986
2351.120
2351.254
2351.388
2351.522
2351.656
2351.791
2351.925
2352.059
2352.193
2352.327
2352.462
2352.596
2352.730
2352.864
2352.998
2353.133
2353.267
2353.401
2353.535
2353.669
2353.803
2353.938
2354.072
2354.206
2354.340
2354.474
2354.609
2354.743
2354.877
2355.011
2355.145
2355.279
2355.414
2355.548
2355.682
2355.816
2355.950
2356.085
2356.219
2356.353
2356.487
2356.621
2356.756
2356.890
2357.024
2357.158
2357.292
2357.426
2357.561
2357.695
2357.829
2357.963
2358.097
2358.232
2358.366
2358.500
2358.634
2358.768
2358.903
2359.037
2359.171
2359.305
2359.439
2359.573
2359.708
2359.842
2359.976
2360.244
2360.511
2360.779
2361.046
2361.314
2361.582
2361.849
2362.117
2362.385
2362.652
2362.920
2363.187
2363.455
2363.723
2363.990
2364.258
2364.526
2364.793
2365.061
2365.328
2365.596
2365.864
2366.131
2366.399
2366.667
2366.934
2367.202
2367.469
2367.737
2368.005
2368.272
2368.540
2368.808
2369.075
2369.343
2369.610
2369.878
2370.146
2370.413
2370.681
2370.949
2371.216
2371.484
2371.751
2372.019
2372.287
2372.554
2372.822
2373.090
2373.357
2373.625
2373.892
2374.160
2374.428
2374.695
2374.963
2375.231
2375.498
2375.766
2376.033
2376.301
2376.569
2376.836
2377.104
2377.372
2377.639
2377.907
2378.174
2378.442
2378.710
2378.977
2379.245
2379.512
2379.780
2380.048
2380.315
2380.583
2380.851
2381.118
2381.386
2381.653
2381.921
2382.189
2382.456
2382.724
2382.992
2405.214
2405.348
2405.481
2405.615
2405.749
2405.883
2406.017
2406.151
2406.285
2406.418
2406.552
2406.686
2406.820
2406.954
2407.088
2407.221
2407.355
2407.489
2407.623
2407.757
2407.891
2408.024
2408.158
2408.292
2408.426
2408.560
2408.694
2408.827
2408.961
2409.095
2409.229
2409.363
2409.497
2409.630
2409.764
2409.898
2410.032
2410.166
2410.300
2410.433
2410.567
2410.701
2410.835
2410.969
2411.103
2411.237
2411.370
2411.504
2411.638
2411.772
2411.906
2412.040
2412.173
2412.307
2412.441
2412.575
2412.709
2412.843
2412.976
2413.110
2413.244
2413.378
2413.512
2413.646
2413.779
2413.913
2414.047
2414.181
2414.315
2414.449
2414.582
2414.716
2414.850
2414.984
2415.118
2415.252
2415.386
2415.519
2415.653
2415.787
2415.921
2416.055
2416.189
2416.322
2416.456
2416.590
2416.724
2416.858
2416.992
2417.125
2417.259
2417.393
2417.527
2417.661
2417.795
2417.928
2418.062
2418.196
2418.330
2418.464
2418.598
2418.731
2418.865
2418.999
2419.133
2419.267
2419.401
2419.534
2419.668
2419.802
2419.936
2420.070
2420.204
2420.338
2420.471
2420.605
2420.739
2420.873
2421.007
2421.141
2421.274
2421.408
2421.542
2421.676
2421.810
2421.944
2422.077
2422.211
2422.345
2422.479
2422.613
2422.747
2422.880
2423.014
2423.148
2423.282
2423.416
2423.550
2423.683
2423.817
2423.951
2424.085
2424.219
2424.353
2424.487
2424.620
2424.754
2424.888
2425.022
2425.156
2425.290
2425.423
2425.557
2425.691
2425.825
2425.959
2426.093
2426.226
2426.360
2426.494
2426.628
2426.762
2426.896
2427.029
2427.163
2427.297
2427.431
2427.565
2427.699
2427.832
2427.966
2428.100
2428.234
2428.368
2428.502
2428.636
2428.769
2428.903
2429.037
2429.171
2429.305
2429.439
2429.572
2429.706
2429.840
2429.974
2430.108
2430.242
2430.375
2430.509
2430.643
2430.777
2430.911
2431.045
2431.178
2431.312
2431.446
2431.580
2431.714
2431.848
2431.981
2432.115
2432.249
2432.383
2432.517
2432.651
2432.784
2432.918
2433.052
2433.186
2433.320
2433.454
2433.588
2433.721
2433.855
2433.989
2434.123
2434.257
2434.391
2435.210
2436.011
2437.379
