108.442
108.837
109.232
110.418
110.616
110.814
111.611
112.011
112.411
114.019
114.221
114.424
114.830
115.235
115.640
116.813
117.011
117.209
118.021
118.422
118.823
121.214
121.615
122.016
123.251
123.445
123.638
124.430
124.823
125.217
126.822
127.023
127.224
127.626
128.028
128.430
129.627
129.824
130.022
130.812
131.207
131.602
133.227
133.430
133.634
134.033
134.432
134.832
135.231
135.631
136.030
136.430
136.829
137.228
137.628
138.027
138.427
138.826
139.226
139.625
140.024
140.424
140.823
141.223
141.622
142.021
142.421
142.820
143.220
143.619
143.819
144.018
144.218
144.418
144.617
144.817
145.017
145.216
145.416
145.616
145.815
146.015
146.215
146.414
146.614
146.813
147.214
147.614
148.015
148.415
148.614
148.814
149.013
149.212
149.412
149.611
149.810
150.009
150.209
150.408
150.607
150.807
151.006
151.205
151.404
151.604
151.803
152.002
152.202
152.401
152.600
152.799
152.999
153.198
153.397
153.597
153.796
153.995
154.194
154.394
154.593
154.792
154.992
155.191
155.390
155.589
155.789
155.988
156.187
156.387
156.586
156.785
156.984
157.184
157.383
157.582
157.782
157.981
158.180
158.379
158.579
158.778
158.977
159.177
159.376
159.575
159.774
159.974
160.173
160.372
160.572
160.771
160.970
161.170
161.369
161.568
161.767
161.967
162.166
162.365
162.565
162.764
162.963
163.162
163.362
163.561
163.760
163.960
164.159
164.358
164.557
164.757
164.956
165.155
165.355
165.554
165.753
165.952
166.152
166.351
166.550
166.750
166.949
167.148
167.347
167.547
167.746
167.945
168.145
168.344
168.543
168.742
168.942
169.141
169.340
169.540
169.739
169.938
170.137
170.337
170.536
170.735
170.935
171.134
171.333
171.532
171.732
171.931
172.130
172.330
172.529
172.728
172.927
173.127
173.326
173.525
173.725
173.924
174.123
174.322
174.522
174.721
174.920
175.120
175.319
175.518
175.718
175.917
176.116
176.315
176.515
176.714
176.913
177.113
177.312
177.511
177.710
177.910
178.109
178.308
178.508
178.707
178.906
179.105
179.305
179.504
179.703
179.903
180.102
180.301
180.500
180.700
180.899
181.098
181.298
181.497
181.696
181.895
182.095
182.294
182.493
182.693
182.892
183.091
183.290
183.490
183.689
183.888
184.088
184.287
184.486
184.685
184.885
185.084
185.283
185.483
185.682
185.881
186.080
186.280
186.479
186.678
186.878
187.077
187.276
187.475
187.675
187.874
188.073
188.273
188.472
188.671
188.871
189.070
189.269
189.468
189.668
189.867
190.066
190.266
190.465
190.664
190.863
191.063
191.262
191.461
191.661
191.860
192.059
192.258
192.458
192.657
192.856
193.056
193.255
193.454
193.653
193.853
194.052
194.251
194.451
194.650
194.849
195.048
195.248
195.447
195.646
195.846
196.045
196.244
196.443
196.643
196.842
197.041
197.241
197.440
197.639
197.838
198.038
198.237
198.436
198.636
198.835
199.034
199.233
199.433
212.412
212.812
213.413
213.613
214.013
214.413
215.013
215.213
215.613
216.013
216.613
216.813
217.213
217.613
218.213
218.413
218.813
219.213
219.813
220.013
220.413
220.813
221.413
221.613
222.013
222.414
223.014
223.214
223.614
224.014
224.614
224.814
225.214
225.614
226.214
226.414
226.814
227.214
227.814
228.014
228.414
228.814
229.414
229.614
230.014
230.414
231.014
231.214
231.615
232.015
232.615
232.815
233.215
233.615
234.215
234.415
234.815
235.215
235.815
236.015
236.415
236.815
237.415
237.615
238.015
238.415
239.015
239.215
239.615
240.015
240.616
240.816
241.216
241.616
242.216
242.416
242.816
243.216
243.816
244.016
244.416
244.816
245.416
245.616
246.016
246.416
247.016
247.216
247.616
248.016
248.616
248.816
249.216
249.617
250.217
250.417
255.622
255.822
256.022
256.222
256.423
256.623
256.823
257.023
257.223
257.423
257.623
257.823
258.023
258.223
258.423
258.623
258.823
259.023
259.224
259.424
259.624
259.824
260.024
260.224
260.424
260.624
260.824
261.024
261.224
261.424
261.624
261.824
262.025
262.225
262.425
262.625
262.825
263.025
263.225
263.425
263.625
263.825
264.025
264.225
264.425
264.625
264.825
265.026
265.226
265.426
265.626
265.826
266.026
266.226
266.426
266.626
266.826
267.026
267.226
267.426
267.626
267.827
268.027
268.227
268.427
268.627
268.827
269.027
269.227
269.427
269.627
269.827
270.027
270.227
270.427
270.628
270.828
271.028
271.228
271.428
271.628
271.828
272.028
272.228
272.428
272.628
272.828
273.028
273.228
273.429
273.629
273.829
274.029
274.229
274.429
274.629
274.829
275.029
275.229
275.429
275.629
275.829
276.029
276.229
276.430
276.630
276.830
277.030
277.230
277.430
277.630
277.830
278.030
278.230
278.430
278.630
278.830
279.030
279.231
279.431
279.631
279.831
280.031
280.231
280.431
280.631
280.831
281.031
281.231
281.431
281.631
281.831
282.032
282.232
282.432
282.632
282.832
283.032
283.232
283.432
283.632
283.832
284.032
284.232
284.432
284.632
284.832
285.033
285.233
285.433
285.633
285.833
286.033
286.233
286.433
286.633
286.833
287.033
287.233
287.433
287.633
287.834
288.034
288.234
288.434
288.634
288.834
289.034
289.234
289.434
289.634
289.834
290.034
290.234
290.434
290.635
290.835
291.035
291.235
291.435
291.635
291.835
292.035
292.235
292.435
292.635
292.835
293.035
293.235
293.435
293.636
293.836
294.036
294.236
294.436
294.636
294.836
295.036
295.236
295.436
295.636
295.836
296.036
296.236
296.437
296.637
296.837
297.037
297.237
297.437
297.637
297.837
298.037
298.237
298.437
298.637
298.837
299.037
299.238
299.438
299.638
299.838
300.038
300.238
300.438
300.638
300.838
301.038
301.238
301.438
301.638
301.838
302.038
302.239
302.439
302.639
302.839
303.039
303.239
303.439
303.639
303.839
304.039
304.239
304.439
304.639
304.839
305.040
305.240
305.440
305.640
305.840
306.040
306.240
306.440
306.640
306.840
307.240
307.839
308.038
308.438
308.837
309.436
309.636
310.035
310.434
311.033
311.233
311.632
312.032
312.631
312.831
313.230
313.629
314.228
314.428
314.827
315.227
315.826
316.025
316.425
316.824
317.423
317.623
318.022
318.422
319.021
319.220
319.620
319.820
320.019
320.219
320.419
320.619
320.819
321.019
321.219
321.419
321.619
321.819
322.019
322.219
322.419
322.619
322.819
323.019
323.218
323.418
323.618
323.818
324.018
324.218
324.418
324.618
324.818
325.018
325.218
325.418
325.618
325.818
326.018
326.218
326.417
326.617
326.817
327.017
327.217
327.417
327.617
327.817
328.017
328.217
328.417
328.617
328.817
329.017
329.217
329.417
329.616
329.816
330.016
330.216
330.416
330.616
330.816
331.016
331.216
331.416
331.616
331.816
332.016
332.216
332.416
332.616
332.815
333.015
333.215
333.415
333.615
333.815
334.015
334.215
334.415
334.615
334.815
335.015
335.215
335.415
335.615
335.815
336.014
336.214
336.414
336.614
336.814
337.014
337.214
337.414
337.614
337.814
338.014
338.214
338.414
338.614
338.814
339.014
339.213
339.413
339.613
339.813
340.013
340.213
340.413
340.613
340.813
341.013
341.213
341.413
341.613
341.813
342.013
342.213
342.412
342.612
342.812
343.012
343.212
343.412
343.612
343.812
344.012
344.212
344.412
344.612
344.812
345.012
397.698
398.145
398.592
398.890
399.188
401.126
401.573
402.020
402.319
402.617
404.555
405.002
405.449
405.747
406.045
407.983
408.430
408.877
409.175
409.474
411.411
411.859
412.306
412.604
412.902
414.840
415.287
415.734
416.032
416.330
418.268
418.715
419.163
419.461
419.759
421.697
422.144
422.591
422.889
423.187
425.125
425.572
426.019
426.318
426.616
428.554
429.001
429.448
429.746
430.044
431.982
432.429
432.876
433.174
433.473
435.410
435.858
436.305
436.603
436.901
438.839
439.053
439.267
439.482
439.696
439.910
440.124
440.339
440.553
440.767
440.982
441.196
441.410
441.624
441.839
442.053
442.267
442.482
442.696
442.910
443.124
443.339
443.553
443.767
443.981
444.196
444.410
444.624
444.839
445.053
445.267
445.481
445.696
445.910
446.124
446.338
446.553
446.767
446.981
447.196
447.410
447.624
447.838
448.053
448.267
448.481
448.696
448.910
449.124
449.338
449.553
449.767
449.981
450.195
450.410
450.624
450.838
451.053
451.267
451.481
451.695
451.910
452.124
452.338
452.553
452.896
453.411
453.754
454.097
455.985
456.328
456.843
457.187
457.530
459.418
459.761
460.276
460.619
460.962
462.850
463.194
463.708
464.052
464.395
466.283
466.626
467.141
467.484
467.828
469.716
470.059
470.574
470.917
471.260
473.148
473.491
474.006
474.350
474.693
476.581
476.924
477.439
477.782
478.125
480.013
480.655
480.870
481.298
481.726
482.368
482.582
483.010
483.438
484.080
484.294
484.723
485.151
485.793
486.007
486.435
486.863
487.505
487.719
488.147
488.576
489.218
489.432
489.860
490.288
490.930
491.144
491.572
492.001
492.643
492.857
493.285
493.713
494.355
494.569
494.997
495.425
496.068
496.282
496.710
497.138
497.780
497.994
498.422
498.850
499.493
499.707
500.135
500.563
501.205
501.419
501.847
502.275
502.917
503.132
503.560
503.988
504.630
504.844
505.272
505.700
506.342
506.556
506.985
507.413
507.627
507.841
508.056
508.270
508.484
508.698
508.913
509.127
509.341
509.556
509.770
509.984
510.199
510.413
510.627
510.841
511.056
511.270
511.484
511.699
511.913
512.127
512.342
512.556
512.770
512.984
513.199
513.413
513.627
513.842
514.056
514.270
514.485
514.699
514.913
515.127
515.342
515.556
515.770
515.985
516.199
516.413
516.627
516.842
517.056
517.270
517.485
517.699
517.913
518.128
518.342
518.556
518.770
518.985
519.199
519.413
519.628
519.842
520.056
520.271
520.485
520.699
520.913
521.128
521.342
521.556
521.771
521.985
522.199
522.414
522.628
522.842
523.056
523.271
523.485
523.699
523.914
524.128
524.342
524.557
524.771
524.985
525.199
525.414
525.628
525.842
526.057
526.271
526.485
526.700
526.914
527.128
527.342
527.557
527.771
527.985
528.200
528.414
528.628
528.842
529.057
529.271
529.485
529.700
529.914
530.128
530.343
530.557
530.771
530.985
531.200
531.414
531.628
531.843
532.057
532.271
532.486
532.700
532.914
533.128
533.343
533.557
533.771
533.986
534.200
534.414
534.629
534.843
535.186
535.700
536.043
536.386
538.273
538.616
539.130
539.473
539.816
541.703
542.046
542.560
542.903
543.246
545.132
545.475
545.990
546.333
546.676
548.562
548.905
549.420
549.763
550.106
551.992
552.335
552.850
553.193
553.536
555.422
556.065
556.279
556.708
557.136
557.779
557.993
558.422
558.851
559.493
559.708
560.136
560.565
561.208
561.422
561.850
562.279
562.922
563.136
563.565
563.993
564.636
564.850
565.279
565.707
566.350
566.564
566.993
567.422
568.064
568.279
568.707
569.136
569.779
569.993
570.421
570.850
571.493
571.707
572.136
572.564
573.207
573.421
573.850
574.278
574.921
575.136
575.564
575.993
576.635
576.850
577.278
577.707
578.350
578.564
578.993
579.421
580.064
580.278
580.707
581.135
581.778
581.992
582.421
582.850
583.492
583.707
584.135
584.564
585.207
585.421
585.849
586.278
586.921
587.135
587.564
587.992
588.635
588.849
589.278
589.706
590.349
590.563
590.992
591.421
592.063
592.278
592.706
593.135
593.778
593.992
594.420
594.849
595.492
595.706
596.135
596.563
596.906
597.420
597.762
598.105
599.989
600.332
600.846
601.188
601.531
603.415
603.758
604.271
604.614
604.957
606.841
607.183
607.697
608.040
608.382
610.267
610.609
611.123
611.466
611.808
613.693
614.035
614.549
614.892
615.234
617.118
617.461
617.975
618.318
618.660
620.544
620.887
621.401
621.743
622.086
623.970
624.313
624.827
625.169
625.512
627.396
627.739
628.253
628.595
628.938
630.822
631.165
631.678
632.021
632.364
634.248
634.590
635.104
635.447
635.790
637.674
638.016
638.530
638.873
639.215
641.100
641.442
641.956
642.299
642.641
644.525
644.868
645.382
645.725
646.067
647.951
648.294
648.808
649.150
649.493
651.377
651.720
652.234
652.576
652.919
654.803
655.146
655.660
656.002
656.345
658.229
658.572
659.085
659.428
659.771
661.655
661.997
662.511
662.854
663.197
719.586
720.677
721.041
721.404
721.768
722.132
722.495
723.586
723.950
724.313
724.677
725.041
725.404
726.495
726.859
727.222
727.586
727.950
728.313
729.404
729.768
730.131
730.495
730.859
731.222
732.313
732.677
733.040
733.404
733.767
734.131
735.222
735.586
735.949
736.313
736.676
737.040
738.131
738.495
738.858
739.222
739.585
739.949
741.040
741.404
741.767
742.131
742.494
742.858
743.949
744.312
744.676
745.040
745.403
745.767
746.858
747.221
747.585
747.949
748.312
748.676
749.767
750.130
750.494
750.858
751.221
751.585
752.676
753.039
753.403
753.767
754.130
754.494
755.585
755.948
756.312
756.676
757.039
757.403
758.494
758.857
759.221
759.585
759.948
760.312
761.403
761.766
762.130
762.494
762.857
763.221
764.312
764.675
765.039
765.403
765.766
766.130
767.221
767.584
767.948
768.311
768.675
769.039
770.130
770.493
770.857
771.220
771.584
771.948
773.039
773.402
773.766
774.129
774.493
774.857
775.948
776.311
776.675
777.038
777.402
777.766
778.856
779.220
779.584
779.947
780.311
780.675
781.765
782.129
782.493
782.856
783.220
783.584
786.486
786.668
786.850
787.032
787.214
787.396
787.577
787.759
787.941
788.123
788.305
788.487
788.669
788.850
789.032
789.214
789.396
789.578
789.760
789.941
790.123
790.305
790.487
790.669
790.851
791.032
791.214
791.396
791.578
791.760
791.942
792.123
792.305
792.487
792.669
792.851
793.033
793.214
793.396
793.578
793.760
793.942
794.124
794.305
794.487
794.669
794.851
795.033
795.215
795.396
795.578
795.760
795.942
796.124
796.306
796.487
796.669
796.851
797.033
797.215
797.397
797.578
797.760
797.942
798.124
798.306
798.488
798.669
798.851
799.033
799.215
799.397
799.579
799.760
799.942
800.124
800.306
800.488
800.670
800.851
801.033
801.215
801.397
801.579
801.761
801.942
802.124
802.306
802.488
802.670
802.852
803.033
803.215
803.397
803.579
803.761
803.943
804.124
804.306
804.488
804.670
804.852
805.034
805.215
805.397
805.579
805.761
805.943
806.125
806.306
806.488
806.670
806.852
807.034
807.216
807.397
807.579
807.761
807.943
808.125
808.307
808.488
808.670
808.852
809.034
809.216
809.398
809.579
809.761
809.943
810.125
810.307
810.489
810.670
810.852
811.034
811.216
811.398
811.580
811.761
811.943
812.125
812.307
812.489
812.671
812.853
813.034
813.216
813.398
813.580
813.762
813.944
814.125
814.307
814.489
814.671
814.853
815.035
815.216
815.398
815.580
815.762
815.944
816.126
816.307
816.489
816.671
816.853
817.035
817.217
817.398
817.580
817.762
817.944
818.126
818.308
818.489
818.671
818.853
819.035
819.217
819.399
819.580
819.762
819.944
820.126
820.308
820.490
820.671
820.853
821.035
821.217
821.399
821.581
821.762
821.944
822.126
822.308
822.490
822.672
822.853
823.035
823.217
823.399
823.581
823.763
823.944
824.126
824.308
824.490
824.672
824.854
825.035
825.217
825.399
825.581
825.763
825.945
826.126
826.308
826.490
826.672
826.854
827.036
827.217
827.399
827.581
827.763
827.945
828.127
828.308
828.490
828.672
828.854
829.036
829.218
829.399
829.581
829.763
829.945
830.127
830.309
830.490
830.672
830.854
831.036
831.218
831.400
831.581
831.763
831.945
832.127
832.309
832.491
832.672
832.854
834.468
834.832
835.377
835.559
835.923
836.287
836.833
837.015
837.379
837.743
838.288
838.470
838.834
839.198
839.744
839.926
840.289
840.653
841.199
841.381
841.745
842.109
842.655
842.836
843.200
843.564
844.110
844.292
844.656
845.020
845.565
845.747
846.111
846.475
847.021
847.203
847.567
847.930
848.476
848.658
849.022
849.386
849.932
850.114
850.477
850.841
851.387
851.569
851.933
852.297
852.843
853.024
853.388
853.752
854.298
854.480
854.844
855.208
855.753
855.935
856.299
856.663
857.209
857.391
857.755
858.118
858.664
858.846
859.210
859.574
860.120
860.302
860.665
861.029
861.575
861.757
862.121
862.485
863.030
863.212
863.576
863.940
864.486
864.668
865.032
865.566
865.929
866.111
866.475
866.839
867.203
867.566
867.930
868.476
868.840
869.021
869.385
869.749
870.113
870.476
870.840
871.386
871.750
871.932
872.295
872.659
873.023
873.387
873.750
874.296
874.660
874.842
875.205
875.569
875.933
876.297
876.661
877.206
877.570
877.752
878.116
878.479
878.843
879.207
879.571
880.116
880.480
880.662
881.026
881.390
881.753
882.117
882.481
883.027
883.390
883.572
883.936
884.300
884.664
885.027
885.391
885.937
886.300
886.482
886.846
887.210
887.574
887.937
888.301
888.847
889.211
889.393
889.756
890.120
890.484
890.848
891.211
891.757
892.121
892.303
892.666
893.030
893.394
893.758
894.122
894.667
895.031
895.213
895.577
895.940
896.304
896.668
897.032
897.577
897.941
898.123
898.487
898.851
899.214
899.578
899.942
900.488
900.851
901.033
901.397
901.761
902.125
902.488
902.852
903.398
903.761
903.943
904.307
904.671
905.035
905.398
905.762
906.308
906.672
906.854
907.217
907.581
907.945
908.309
908.672
909.218
909.582
909.764
910.127
910.491
910.855
911.219
911.583
912.128
912.492
912.674
913.038
913.401
913.765
914.129
914.493
915.038
915.402
915.584
915.948
916.312
916.675
917.039
917.403
917.949
918.312
918.494
918.858
919.222
919.585
919.949
920.313
920.859
921.222
921.404
921.768
922.132
922.496
922.859
923.223
924.291
924.655
925.019
925.382
925.746
926.110
927.201
927.565
927.929
928.293
928.657
929.020
930.112
930.476
930.839
931.203
931.567
931.931
933.022
933.386
933.750
934.114
934.477
934.841
935.933
936.297
936.660
937.024
937.388
937.752
938.843
939.207
939.571
939.935
940.298
940.662
941.754
942.117
942.481
942.845
943.209
943.573
944.664
945.028
945.392
945.755
946.119
946.483
947.574
947.938
948.302
948.666
949.030
949.393
950.485
950.849
951.212
951.576
951.940
952.304
953.395
953.759
954.123
954.487
954.851
955.214
956.306
956.670
957.033
957.397
957.761
958.125
959.216
959.580
959.944
960.308
960.671
961.035
962.127
962.490
962.854
963.218
963.582
963.946
965.037
965.401
965.765
966.128
966.492
966.856
967.948
968.311
968.675
969.039
969.403
972.673
973.036
973.582
973.763
974.127
974.490
975.036
975.218
975.581
975.945
976.490
976.672
977.035
977.399
977.944
978.126
978.490
978.853
979.398
979.580
979.944
980.307
980.853
981.035
981.398
981.762
982.307
982.489
982.852
983.216
983.761
983.943
984.307
984.670
985.215
985.397
985.761
986.124
986.670
986.851
987.215
987.579
988.124
988.306
988.669
989.033
989.578
989.760
990.123
990.487
991.032
991.214
991.578
991.941
992.487
992.668
993.032
993.395
993.941
994.123
994.486
994.850
995.395
995.577
995.940
996.304
996.849
997.031
997.395
997.758
998.304
998.485
998.849
999.212
999.758
999.940
1000.303
1000.667
1001.212
1001.394
1001.757
1002.121
1002.666
1002.848
1003.212
1003.575
1004.120
1004.302
1004.666
1005.029
1005.575
1005.756
1006.120
1006.484
1007.029
1007.211
1007.574
1007.938
1008.483
1008.665
1009.028
1009.392
1009.937
1010.119
1010.483
1010.846
1011.392
1011.573
1011.937
1012.300
1012.846
1013.028
1013.391
1013.755
1014.300
1014.482
1014.845
1015.209
1015.754
1015.936
1016.300
1016.663
1017.209
1017.390
1017.754
1018.117
1018.663
1018.845
1019.208
1019.572
1020.117
1020.299
1020.662
1021.026
1021.571
1021.753
1022.117
1022.480
1023.025
1023.207
1023.571
1023.934
1024.480
1024.661
1025.025
1025.389
1025.934
1026.116
1026.479
1026.843
1027.388
1027.570
1027.933
1028.297
1028.842
1029.024
1029.388
1029.751
1030.297
1030.478
1030.842
1031.206
1031.751
1031.933
1032.296
1032.660
1033.205
1033.387
1033.750
1034.114
1034.659
1034.841
1035.205
1035.568
1036.114
1036.295
1036.659
1037.022
1037.568
1037.750
1038.113
1038.477
1039.022
1039.204
1039.567
1039.931
1040.476
1040.658
1041.022
1041.385
1041.930
1042.112
1042.476
1042.658
1042.840
1043.021
1043.203
1043.385
1043.567
1043.749
1043.931
1044.113
1044.295
1044.477
1044.658
1044.840
1045.022
1045.204
1045.386
1045.568
1045.750
1045.932
1046.113
1046.295
1046.477
1046.659
1046.841
1047.023
1047.205
1047.387
1047.568
1047.750
1047.932
1048.114
1048.296
1048.478
1048.660
1048.842
1049.024
1049.205
1049.387
1049.569
1049.751
1049.933
1050.115
1050.297
1050.479
1050.660
1050.842
1051.024
1051.206
1051.388
1051.570
1051.752
1051.934
1052.116
1052.297
1052.479
1052.661
1052.843
1053.025
1053.207
1053.389
1053.571
1053.752
1053.934
1054.116
1054.298
1054.480
1054.662
1054.844
1055.026
1055.207
1055.389
1055.571
1055.753
1055.935
1056.117
1056.299
1056.481
1056.663
1056.844
1057.026
1057.208
1057.390
1057.572
1057.754
1057.936
1058.118
1058.299
1058.481
1058.663
1058.845
1059.027
1059.209
1059.391
1059.573
1059.755
1059.936
1060.118
1060.300
1060.482
1060.664
1060.846
1061.028
1061.210
1061.391
1061.573
1061.755
1061.937
1062.119
1062.301
1062.483
1062.665
1062.847
1063.028
1063.210
1063.392
1063.574
1063.756
1063.938
1064.120
1064.302
1064.483
1064.665
1064.847
1065.029
1065.211
1065.393
1065.575
1065.757
1065.938
1066.120
1066.302
1066.484
1066.666
1066.848
1067.030
1067.212
1067.394
1067.575
1067.757
1067.939
1068.121
1068.303
1068.485
1068.667
1068.849
1069.030
1069.212
1069.394
1069.576
1069.758
1069.940
1070.122
1070.304
1070.486
1070.667
1070.849
1071.031
1071.213
1071.395
1071.577
1071.759
1071.941
1072.122
1072.304
1072.486
1072.668
1072.850
1073.032
1073.214
1073.396
1073.577
1073.759
1073.941
1074.123
1074.305
1074.487
1074.669
1074.851
1075.033
1075.214
1075.396
1075.578
1075.760
1075.942
1076.124
1076.306
1076.488
1076.669
1076.851
1077.033
1077.215
1077.397
1077.579
1077.761
1077.943
1078.125
1078.306
1078.488
1078.670
1078.852
1079.034
1079.216
1079.398
1079.580
1079.761
1079.943
1080.125
1080.307
1080.489
1080.671
1080.853
1081.035
1081.217
1081.398
1081.580
1081.762
1081.944
1082.126
1082.308
1082.490
1082.672
1082.853
1083.035
1083.217
1083.399
1083.581
1083.763
1083.945
1084.127
1084.308
1084.490
1084.672
1084.854
1085.036
1085.218
1085.400
1085.582
1085.764
1085.945
1086.127
1086.309
1086.491
1086.673
1086.855
1087.037
1087.219
1087.400
1087.582
1087.764
1087.946
1088.128
1088.310
1088.492
1088.674
1088.856
1190.557
1190.921
1191.284
1191.648
1192.012
1192.375
1192.739
1193.103
1193.466
1193.830
1194.194
1194.557
1194.921
1195.285
1195.648
1196.012
1196.375
1196.739
1197.103
1197.466
1197.830
1198.194
1198.557
1198.921
1199.285
1199.648
1200.012
1200.376
1200.739
1201.103
1201.466
1201.830
1202.194
1202.557
1202.921
1203.285
1203.648
1204.012
1204.376
1204.739
1205.103
1205.467
1205.830
1206.194
1206.557
1206.921
1207.285
1207.648
1208.012
1208.376
1208.739
1209.103
1209.467
1209.830
1210.194
1210.558
1210.921
1211.285
1211.649
1212.012
1212.376
1212.739
1213.103
1213.467
1213.830
1214.194
1214.558
1214.921
1215.285
1215.649
1216.012
1216.376
1216.740
1217.103
1217.467
1217.830
1218.194
1218.558
1218.921
1219.285
1219.649
1220.012
1220.376
1220.740
1221.103
1221.467
1221.831
1222.194
1222.558
1222.922
1223.285
1223.649
1224.012
1224.376
1224.740
1225.103
1225.467
1225.831
1226.194
1226.558
1226.922
1227.285
1227.649
1228.013
1228.376
1228.740
1229.103
1229.467
1229.831
1230.194
1230.558
1230.922
1231.285
1231.649
1232.013
1232.376
1232.740
1233.104
1233.467
1233.831
1234.194
1234.558
1234.922
1235.285
1235.649
1236.013
1236.376
1236.740
1237.104
1237.285
1237.467
1237.649
1237.831
1238.013
1238.195
1238.558
1238.740
1238.922
1239.104
1239.286
1239.467
1239.649
1240.013
1240.195
1240.376
1240.558
1240.740
1240.922
1241.104
1241.467
1241.649
1241.831
1242.013
1242.195
1242.377
1242.558
1242.922
1243.104
1243.286
1243.467
1243.649
1243.831
1244.013
1244.377
1244.558
1244.740
1244.922
1245.104
1245.286
1245.467
1245.831
1246.013
1246.195
1246.377
1246.558
1246.740
1246.922
1247.286
1247.468
1247.649
1247.831
1248.013
1248.195
1248.377
1248.740
1248.922
1249.104
1249.286
1249.468
1249.649
1249.831
1250.195
1250.377
1250.559
1250.740
1250.922
1251.104
1251.286
1251.649
1251.831
1252.013
1252.195
1252.377
1252.559
1252.740
1253.104
1253.286
1253.468
1253.649
1253.831
1254.013
1254.195
1254.559
1254.740
1254.922
1255.104
1255.286
1255.468
1255.650
1256.013
1256.195
1256.377
1256.559
1256.740
1256.922
1257.104
1257.468
1257.650
1257.831
1258.013
1258.195
1258.377
1258.559
1258.922
1259.104
1259.286
1259.468
1259.650
1259.831
1260.013
1260.377
1260.559
1260.741
1260.922
1261.104
1261.286
1261.468
1261.832
1262.013
1262.195
1262.377
1262.559
1262.741
1262.922
1263.286
1263.468
1263.650
1263.832
1264.013
1264.195
1264.377
1264.741
1264.922
1265.104
1265.286
1265.468
1265.650
1265.832
1266.195
1266.377
1266.559
1266.741
1266.923
1267.104
1267.286
1267.650
1267.832
1268.013
1268.195
1268.377
1268.559
1268.741
1269.104
1269.286
1269.468
1269.650
1269.832
1270.014
1270.195
1270.559
1270.741
1270.923
1271.104
1271.286
1271.468
1271.650
1272.014
1272.195
1272.377
1272.559
1272.741
1272.923
1273.104
1273.468
1273.650
1273.832
1274.014
1274.195
1274.377
1274.559
1274.923
1275.105
1275.286
1275.468
1275.650
1275.832
1276.014
1276.377
1276.559
1276.741
1276.923
1277.105
1277.286
1277.468
1277.832
1278.014
1278.196
1278.377
1278.559
1278.741
1278.923
1279.286
1279.468
1279.650
1279.832
1280.014
1280.196
1280.377
1280.741
1280.923
1281.105
1281.287
1281.468
1281.650
1281.832
1282.196
1282.377
1282.559
1282.741
1282.923
1283.105
1283.287
1283.650
1283.832
1284.014
1284.196
1284.378
1284.560
1284.741
1284.923
1285.105
1285.287
1285.469
1285.651
1285.833
1286.015
1286.197
1286.378
1286.560
1286.742
1286.924
1287.106
1287.288
1287.470
1287.652
1287.833
1288.015
1288.197
1288.379
1288.561
1288.743
1288.925
1289.107
1289.289
1289.470
1289.652
1289.834
1290.016
1290.198
1290.380
1290.562
1290.744
1290.925
1291.107
1291.289
1291.471
1291.653
1291.835
1292.017
1292.199
1292.380
1292.562
1292.744
1292.926
1293.108
1293.290
1293.472
1293.654
1293.836
1294.017
1294.199
1294.381
1294.563
1294.745
1294.927
1295.109
1295.291
1295.472
1295.654
1295.836
1296.018
1296.200
1296.382
1296.564
1296.746
1296.928
1297.109
1297.291
1297.473
1297.655
1297.837
1298.019
1298.201
1298.383
1298.564
1298.746
1298.928
1299.110
1299.292
1299.474
1299.656
1299.838
1300.020
1300.201
1300.383
1300.565
1300.747
1300.929
1301.111
1301.293
1301.475
1301.656
1301.838
1302.020
1302.202
1302.384
1302.566
1302.748
1302.930
1303.111
1303.293
1303.475
1303.657
1303.839
1304.021
1304.203
1304.385
1304.567
1304.748
1304.930
1305.112
1305.294
1305.476
1305.658
1305.840
1306.022
1306.203
1306.385
1306.567
1306.749
1306.931
1307.113
1307.295
1307.477
1307.659
1307.840
1308.022
1308.204
1308.386
1308.568
1308.750
1308.932
1309.114
1309.295
1309.477
1309.659
1309.841
1310.023
1310.205
1310.387
1310.569
1310.750
1310.932
1311.114
1311.296
1311.478
1311.660
1311.842
1312.024
1312.206
1312.387
1312.569
1312.751
1312.933
1313.115
1313.297
1313.479
1313.661
1313.842
1314.024
1314.206
1314.388
1314.570
1314.752
1314.934
1315.116
1315.298
1315.479
1315.661
1315.843
1316.025
1316.207
1316.389
1316.571
1316.753
1316.934
1317.116
1317.298
1317.480
1317.662
1317.844
1318.026
1318.208
1318.390
1318.571
1318.753
1318.935
1319.117
1319.299
1319.481
1319.663
1319.845
1320.026
1320.208
1320.390
1320.572
1320.754
1320.936
1321.118
1321.300
1321.481
1321.663
1321.845
1322.027
1322.209
1322.391
1322.573
1322.755
1322.937
1323.118
1323.300
1323.482
1323.664
1323.846
1324.028
1324.210
1324.392
1324.573
1324.755
1324.937
1325.119
1325.301
1325.483
1325.665
1325.847
1326.029
1326.210
1326.392
1326.574
1326.756
1326.938
1327.120
1327.302
1327.484
1327.665
1327.847
1328.029
1328.211
1328.393
1328.575
1328.757
1328.939
1329.120
1329.302
1329.484
1329.666
1329.848
1330.030
1341.842
1342.205
1342.569
1342.932
1343.296
1343.659
1344.023
1344.386
1344.750
1345.113
1345.477
1345.840
1346.204
1346.567
1346.931
1347.294
1347.658
1348.021
1348.385
1348.748
1349.112
1349.475
1349.839
1350.202
1350.566
1350.930
1351.293
1351.657
1352.020
1352.384
1352.747
1353.111
1353.474
1353.838
1354.201
1354.565
1354.928
1355.292
1355.655
1356.019
1356.382
1356.746
1357.109
1357.473
1357.836
1358.200
1358.563
1358.927
1359.290
1359.654
1360.017
1360.381
1360.744
1361.108
1361.471
1361.835
1362.198
1362.562
1362.925
1363.289
1363.652
1364.016
1364.379
1364.743
1365.106
1365.470
1365.833
1366.197
1366.560
1366.924
1367.287
1367.651
1368.015
1368.378
1368.742
1369.105
1369.469
1369.832
1370.196
1370.559
1370.923
1371.286
1371.650
1372.013
1372.377
1372.740
1373.104
1373.467
1373.831
1374.194
1374.558
1374.921
1375.285
1375.648
1376.012
1376.375
1376.739
1377.102
1377.466
1377.829
1378.193
1378.556
1378.920
1379.283
1379.647
1380.010
1380.374
1380.737
1381.101
1381.464
1381.828
1382.191
1382.555
1382.918
1383.282
1383.645
1384.009
1384.372
1384.736
1385.100
1385.463
1385.827
1386.190
1386.554
1386.917
1387.281
1387.644
1388.008
1388.370
1388.552
1388.733
1388.915
1389.097
1389.279
1389.460
1389.824
1390.006
1390.188
1390.369
1390.551
1390.733
1390.915
1391.278
1391.460
1391.642
1391.824
1392.006
1392.187
1392.369
1392.733
1392.914
1393.096
1393.278
1393.460
1393.642
1393.823
1394.187
1394.369
1394.551
1394.732
1394.914
1395.096
1395.278
1395.641
1395.823
1396.005
1396.187
1396.368
1396.550
1396.732
1397.096
1397.277
1397.459
1397.641
1397.823
1398.004
1398.186
1398.550
1398.732
1398.913
1399.095
1399.277
1399.459
1399.641
1400.004
1400.186
1400.368
1400.549
1400.731
1400.913
1401.095
1401.458
1401.640
1401.822
1402.004
1402.186
1402.367
1402.549
1402.913
1403.095
1403.276
1403.458
1403.640
1403.822
1404.003
1404.367
1404.549
1404.731
1404.912
1405.094
1405.276
1405.458
1405.821
1406.003
1406.185
1406.367
1406.548
1406.730
1406.912
1407.276
1407.457
1407.639
1407.821
1408.003
1408.185
1408.366
1408.730
1408.912
1409.093
1409.275
1409.457
1409.639
1409.821
1410.184
1410.366
1410.548
1410.730
1410.911
1411.093
1411.275
1411.638
1411.820
1412.002
1412.184
1412.366
1412.547
1412.729
1413.093
1413.275
1413.456
1413.638
1413.820
1414.002
1414.184
1414.547
1414.729
1414.911
1415.092
1415.274
1415.456
1415.638
1416.001
1416.183
1416.365
1416.547
1416.729
1416.910
1417.092
1417.456
1417.637
1417.819
1418.001
1418.183
1418.365
1418.546
1418.910
1419.092
1419.274
1419.455
1419.637
1419.819
1420.001
1420.364
1420.546
1420.728
1420.910
1421.091
1421.273
1421.455
1421.819
1422.000
1422.182
1422.364
1422.546
1422.727
1422.909
1423.273
1423.455
1423.636
1423.818
1424.000
1424.182
1424.364
1424.727
1424.909
1425.091
1425.273
1425.454
1425.636
1425.818
1426.181
1426.363
1426.545
1426.727
1426.909
1427.090
1427.272
1427.636
1427.818
1427.999
1428.181
1428.363
1428.545
1428.726
1429.090
1429.272
1429.454
1429.635
1429.817
1429.999
1430.181
1430.544
1430.726
1430.908
1431.090
1431.271
1431.453
1431.635
1431.999
1432.180
1432.362
1432.544
1432.726
1432.908
1433.089
1433.453
1433.667
1433.834
1434.001
1434.201
1434.368
1434.568
1434.935
1435.117
1435.298
1435.480
1435.662
1435.843
1436.025
1436.207
1436.388
1436.570
1436.752
1436.933
1437.115
1437.297
1437.478
1437.660
1437.842
1438.023
1438.205
1438.387
1438.568
1438.750
1438.932
1439.114
1439.295
1439.477
1439.659
1439.840
1440.022
1440.204
1440.385
1440.567
1440.749
1440.930
1441.112
1441.294
1441.475
1441.657
1441.839
1442.020
1442.202
1442.384
1442.565
1442.747
1442.929
1443.111
1443.292
1443.474
1443.656
1443.837
1444.019
1444.201
1444.382
1444.564
1444.746
1444.927
1445.109
1445.291
1445.472
1445.654
1445.836
1446.017
1446.199
1446.381
1446.563
1446.744
1446.926
1447.108
1447.289
1447.471
1447.653
1447.834
1448.016
1448.198
1448.379
1448.561
1448.743
1448.924
1449.106
1449.288
1449.469
1449.651
1449.833
1450.014
1450.196
1450.378
1450.560
1450.741
1450.923
1451.105
1451.286
1451.468
1451.650
1451.831
1452.013
1452.195
1452.376
1452.558
1452.740
1452.921
1453.103
1453.285
1453.466
1453.648
1453.830
1454.011
1454.193
1454.375
1454.557
1454.738
1454.920
1455.102
1455.283
1455.465
1455.647
1455.828
1456.010
1456.192
1456.373
1456.555
1456.737
1456.918
1457.100
1457.282
1457.463
1457.645
1457.827
1458.008
1458.190
1458.372
1458.554
1458.735
1458.917
1459.099
1459.280
1459.462
1459.644
1459.825
1460.007
1460.189
1460.370
1460.552
1460.734
1460.915
1461.097
1461.279
1461.460
1461.642
1461.824
1462.006
1462.187
1462.369
1462.551
1462.732
1462.914
1463.096
1463.277
1463.459
1463.641
1463.822
1464.004
1464.186
1464.367
1464.549
1464.731
1464.912
1465.094
1465.276
1465.457
1465.639
1465.821
1466.003
1466.184
1466.366
1466.548
1466.729
1466.911
1467.093
1467.274
1467.456
1467.638
1467.819
1468.001
1468.183
1468.364
1468.546
1468.728
1468.909
1469.091
1469.273
1469.454
1469.636
1582.582
1582.946
1583.310
1583.673
1584.037
1584.401
1584.765
1585.128
1585.492
1585.856
1586.219
1586.583
1586.947
1587.310
1587.674
1588.038
1588.401
1588.765
1589.129
1589.492
1589.856
1590.220
1590.583
1590.947
1591.311
1591.674
1592.038
1592.402
1592.765
1593.129
1593.493
1593.856
1594.220
1594.584
1594.947
1595.311
1595.675
1596.038
1596.402
1596.766
1597.129
1597.493
1597.857
1598.220
1598.584
1598.948
1599.311
1599.675
1600.039
1600.402
1600.766
1601.130
1601.493
1601.857
1602.221
1602.584
1602.948
1603.312
1603.675
1604.039
1604.403
1604.766
1605.130
1605.494
1605.857
1606.221
1606.585
1606.948
1607.312
1607.676
1608.039
1608.403
1608.767
1609.130
1609.494
1609.858
1610.221
1610.585
1610.949
1611.312
1611.676
1612.040
1612.403
1612.767
1613.131
1613.494
1613.858
1614.222
1614.585
1614.949
1615.313
1615.676
1616.040
1616.404
1616.768
1617.131
1617.495
1617.859
1618.222
1618.586
1618.950
1619.313
1619.677
1620.041
1620.404
1620.768
1621.132
1621.495
1621.859
1622.223
1622.586
1622.950
1623.314
1623.677
1624.041
1624.405
1624.768
1625.132
1625.496
1625.859
1626.223
1626.587
1626.950
1627.314
1627.678
1628.041
1628.405
1628.769
1629.132
1629.496
1629.860
1630.223
1630.587
1630.951
1631.314
1631.678
1632.042
1632.405
1632.769
1633.133
1633.496
1633.860
1634.224
1634.587
1634.951
1635.315
1635.678
1636.042
1636.406
1636.769
1637.133
1637.497
1637.860
1638.224
1638.588
1638.951
1639.315
1639.679
1640.042
1640.406
1640.770
1641.133
1641.497
1641.861
1642.224
1642.588
1642.952
1643.315
1643.679
1644.043
1644.406
1644.770
1645.134
1645.497
1645.861
1646.225
1646.588
1646.952
1647.316
1647.680
1648.043
1648.407
1648.771
1649.134
1649.498
1649.862
1650.225
1650.589
1650.953
1651.316
1651.680
1652.044
1652.407
1652.771
1653.135
1653.498
1653.862
1654.226
1654.589
1654.953
1655.317
1655.680
1656.044
1656.408
1656.771
1657.135
1657.499
1657.862
1658.226
1658.590
1658.953
1659.317
1659.681
1660.044
1660.408
1660.772
1661.135
1661.499
1661.863
1662.226
1662.590
1662.954
1663.317
1663.681
1664.045
1664.408
1664.949
1665.131
1665.495
1665.859
1666.405
1666.586
1666.950
1667.314
1667.860
1668.041
1668.405
1668.769
1669.315
1669.496
1669.860
1670.224
1670.770
1670.951
1671.315
1671.679
1672.225
1672.407
1672.770
1673.134
1673.680
1673.862
1674.225
1674.589
1675.135
1675.317
1675.680
1676.044
1676.590
1676.772
1677.135
1677.499
1678.045
1678.227
1678.590
1678.954
1679.500
1679.682
1680.045
1680.409
1680.955
1681.137
1681.500
1681.864
1682.410
1682.592
1682.955
1683.319
1683.865
1684.047
1684.410
1684.774
1685.320
1685.502
1685.866
1686.229
1686.775
1686.957
1687.321
1687.502
1687.684
1687.866
1688.048
1688.230
1688.411
1688.593
1688.775
1688.957
1689.139
1689.320
1689.502
1689.684
1689.866
1690.048
1690.229
1690.411
1690.593
1690.775
1690.957
1691.139
1691.320
1691.502
1691.684
1691.866
1692.048
1692.229
1692.411
1692.593
1692.775
1692.957
1693.138
1693.320
1693.502
1693.684
1693.866
1694.047
1694.229
1694.411
1694.593
1694.775
1694.957
1695.138
1695.320
1695.502
1695.684
1695.866
1696.047
1696.229
1696.411
1696.593
1696.775
1696.956
1697.138
1697.320
1697.502
1697.684
1697.865
1698.047
1698.229
1698.411
1698.593
1698.775
1698.956
1699.138
1699.320
1699.502
1699.684
1699.865
1700.047
1700.229
1700.411
1700.593
1700.774
1700.956
1701.138
1701.320
1701.502
1701.683
1701.865
1702.047
1702.229
1702.411
1702.593
1702.774
1702.956
1703.138
1703.320
1703.502
1703.683
1703.865
1704.047
1704.229
1704.411
1704.592
1704.774
1704.956
1705.138
1705.320
1705.501
1705.683
1705.865
1706.047
1706.229
1706.410
1706.592
1706.774
1706.956
1707.138
1707.320
1707.501
1707.683
1707.865
1708.047
1708.229
1708.410
1708.592
1708.774
1708.956
1709.138
1709.319
1709.501
1709.683
1709.865
1710.047
1710.228
1710.410
1733.867
1734.230
1734.594
1734.957
1735.321
1735.684
1736.047
1736.411
1736.774
1737.138
1737.501
1737.864
1738.228
1738.591
1738.954
1739.318
1739.681
1740.045
1740.408
1740.771
1741.135
1741.498
1741.861
1742.225
1742.588
1742.952
1743.315
1743.678
1744.042
1744.405
1744.768
1745.132
1745.495
1745.859
1746.222
1746.585
1746.949
1747.312
1747.675
1748.039
1748.402
1748.766
1749.129
1749.492
1749.856
1750.219
1750.582
1750.946
1751.309
1751.673
1752.036
1752.399
1752.763
1753.126
1753.490
1753.853
1754.216
1754.580
1754.943
1755.306
1755.670
1756.033
1756.397
1756.760
1757.123
1757.487
1758.032
1758.213
1758.577
1758.940
1759.485
1759.667
1760.030
1760.394
1760.939
1761.120
1761.484
1761.847
1762.392
1762.574
1762.937
1763.301
1763.846
1764.027
1764.391
1764.754
1765.299
1765.481
1765.844
1766.208
1766.753
1766.934
1767.298
1767.661
1768.206
1768.388
1768.751
1769.115
1769.478
1769.842
1770.205
1770.568
1770.932
1771.295
1771.658
1772.022
1772.385
1772.749
1773.112
1773.475
1773.839
1774.202
1774.565
1774.929
1775.292
1775.656
1776.019
1776.382
1776.746
1777.109
1777.472
1777.836
1778.199
1778.563
1778.926
1779.289
1779.653
1780.016
1780.379
1780.743
1781.315
1781.496
1781.860
1782.224
1782.769
1782.951
1783.315
1783.678
1784.224
1784.406
1784.769
1785.133
1785.679
1785.860
1786.224
1786.588
1787.133
1787.315
1787.679
1788.042
1788.588
1788.770
1789.133
1789.497
1790.042
1790.224
1790.588
1790.952
1791.497
1791.679
1792.042
1792.406
1792.769
1793.132
1793.496
1793.859
1794.223
1794.586
1794.949
1795.313
1795.676
1796.039
1796.403
1796.766
1797.130
1797.493
1797.856
1798.220
1798.583
1798.946
1799.310
1799.673
1800.037
1800.400
1800.763
1801.127
1801.490
1801.853
1802.217
1802.580
1802.943
1803.307
1803.670
1803.852
1804.033
1804.215
1804.397
1804.578
1804.760
1804.941
1805.123
1805.305
1805.486
1805.668
1805.849
1806.031
1806.213
1806.394
1806.576
1806.757
1806.939
1807.121
1807.302
1807.484
1807.665
1807.847
1808.029
1808.210
1808.392
1808.573
1808.755
1808.937
1809.118
1809.300
1809.481
1809.663
1809.845
1810.026
1810.208
1810.389
1810.571
1810.753
1810.934
1811.116
1811.297
1811.479
1811.661
1811.842
1812.024
1812.205
1812.387
1812.568
1812.750
1812.932
1813.113
1813.295
1813.476
1813.658
1813.840
1814.021
1814.203
1814.384
1814.566
1814.748
1814.929
1815.111
1815.292
1815.474
1815.656
1815.837
1816.019
1816.200
1816.382
1816.564
1816.745
1816.927
1817.108
1817.290
1817.472
1817.653
1817.835
1818.016
1818.198
1818.380
1818.561
1818.743
1818.924
1819.106
1819.288
1819.469
1819.651
1819.832
1820.014
1820.196
1820.377
1820.559
1820.740
1820.922
1821.104
1821.285
1821.467
1821.648
1821.830
1822.012
1822.193
1822.375
1822.556
1822.738
1822.920
1823.101
1823.283
1823.464
1823.646
1823.828
1824.009
1824.191
1824.372
1824.554
1824.736
1824.917
1825.099
1825.280
1825.462
1825.643
1825.825
1826.007
1826.188
1826.370
1826.551
1826.733
1826.915
1827.279
1827.644
1828.009
1828.373
1828.738
1829.102
1829.467
1829.832
1830.196
1830.561
1830.925
1831.290
1831.655
1832.019
1832.384
1832.749
1833.113
1833.478
1833.842
1834.207
1834.572
1834.936
1835.301
1835.665
1836.030
1836.395
1836.759
1837.124
1837.489
1837.853
1838.218
1897.431
1897.795
1898.159
1898.523
1898.887
1899.251
1899.615
1899.979
1900.343
1900.708
1901.072
1901.436
1901.800
1902.164
1902.528
1902.892
1903.256
1903.620
1903.984
1904.348
1904.713
1905.077
1905.441
1905.805
1906.169
1906.533
1906.897
1907.261
1907.625
1907.989
1908.353
1908.718
1909.082
1909.446
1909.810
1909.991
1910.173
1910.537
1910.900
1911.263
1911.445
1911.627
1911.990
1912.353
1912.717
1912.899
1913.080
1913.444
1913.807
1914.170
1914.352
1914.534
1914.897
1915.261
1915.624
1915.806
1915.987
1916.351
1916.714
1917.077
1917.259
1917.441
1917.804
1918.168
1918.531
1918.713
1918.894
1919.258
1919.621
1919.985
1920.166
1920.348
1920.711
1921.075
1921.438
1921.620
1921.801
1922.165
1922.528
1922.892
1923.073
1923.255
1923.618
1923.982
1924.345
1924.527
1924.709
1925.072
1925.435
1925.799
1925.980
1926.162
1926.525
1926.889
1927.252
1927.434
1927.616
1927.979
1928.342
1928.706
1928.887
1929.069
1929.433
1929.796
1930.159
1930.341
1930.523
1930.886
1931.249
1931.613
1931.795
1931.976
1932.340
1932.703
1933.066
1933.430
1933.793
1934.156
1934.519
1934.883
1935.246
1935.609
1935.972
1936.336
1936.699
1937.062
1937.426
1937.789
1938.152
1938.515
1938.879
1939.242
1939.605
1939.968
1940.332
1940.695
1941.058
1941.421
1941.785
1942.148
1942.511
1942.875
1943.238
1943.601
1943.964
1944.328
1944.691
1944.873
1945.055
1945.420
1945.784
1946.148
1946.331
1946.513
1946.877
1947.242
1947.606
1947.788
1947.970
1948.335
1948.699
1949.063
1949.246
1949.428
1949.792
1950.157
1950.521
1950.703
1950.885
1951.250
1951.614
1951.978
1952.161
1952.343
1952.707
1953.072
1953.436
1953.618
1953.800
1954.165
1954.529
1954.894
1955.076
1955.258
1955.622
1955.804
1955.986
1956.168
1956.350
1956.531
1956.713
1956.895
1957.077
1957.259
1957.441
1957.622
1957.804
1957.986
1958.168
1958.350
1958.531
1958.713
1958.895
1959.077
1959.259
1959.441
1959.622
1959.804
1959.986
1960.168
1960.350
1960.531
1960.713
1960.895
1961.077
1961.259
1961.441
1961.622
1961.804
1961.986
1962.168
1962.350
1962.532
1962.713
1962.895
1963.077
1963.259
1963.441
1963.622
1963.804
1963.986
1964.168
1964.350
1964.532
1964.713
1964.895
1965.077
1965.259
1965.441
1965.623
1965.804
1965.986
1966.168
1966.350
1966.532
1966.713
1966.895
1967.077
1967.259
1967.441
1967.623
1967.804
1967.986
1968.168
1968.350
1968.532
1968.713
1968.895
1969.077
1969.259
1969.441
1969.623
1969.804
1969.986
1970.168
1970.350
1970.532
1970.714
1970.895
1971.077
1971.259
1971.441
1971.623
1971.804
1971.986
1972.168
1972.350
1972.532
1972.714
1972.895
1973.077
1973.259
1973.441
1973.623
1973.805
1973.986
1974.168
1974.350
1974.532
1974.714
1974.895
1975.077
1975.259
1975.441
1975.623
1975.805
1975.986
1976.168
1976.350
1976.532
1976.714
1976.895
1977.077
1977.259
1977.441
1977.623
1977.805
1977.986
1978.168
1978.350
1978.532
1978.714
1978.896
1979.077
1979.259
1979.441
1979.623
1979.805
1979.986
1980.168
1980.350
1980.532
1980.714
1980.896
1981.077
1981.259
1981.441
1981.623
1981.805
1981.987
1982.168
1982.350
1982.532
1982.714
1982.896
1983.077
1983.259
1983.441
1983.623
1983.805
1983.987
1984.168
1984.350
1984.532
1984.714
1984.896
1985.077
1985.259
1985.441
1985.623
1985.805
1985.987
1986.168
1986.350
1986.532
1986.714
1986.896
1987.078
1987.259
1987.441
1987.623
1987.805
1987.987
1988.168
1988.350
1988.532
1988.714
1988.896
1989.078
1989.259
1989.441
1989.623
1989.805
1989.987
1990.169
1990.350
1990.532
1990.714
1990.896
1991.078
1991.259
1991.441
1991.623
1991.805
1991.987
1992.169
1992.350
1992.532
1992.714
1992.896
1993.078
1993.260
1993.441
1993.623
1993.805
1993.987
1994.169
1994.350
1994.532
1994.714
1994.896
1995.078
1995.260
1995.441
1995.623
1995.805
1995.987
1996.169
1996.350
1996.532
1996.714
1996.896
1997.078
1997.260
1997.441
1997.623
1997.805
1997.987
1998.169
1998.351
1998.532
1998.714
1998.896
1999.078
1999.260
1999.441
1999.623
1999.805
1999.987
2000.169
2000.351
2000.532
2000.714
2000.896
2001.078
2001.260
2001.442
2001.623
2001.805
2001.987
2002.169
2002.536
2002.903
2003.085
2003.266
2003.630
2003.993
2004.357
2004.539
2004.720
2005.084
2005.447
2005.811
2005.992
2006.174
2006.538
2006.901
2007.265
2007.446
2007.628
2007.991
2008.355
2008.718
2008.900
2009.082
2009.445
2009.809
2010.172
2010.354
2010.536
2010.899
2011.263
2011.626
2011.808
2011.990
2012.353
2012.717
2013.080
2013.262
2013.443
2013.807
2014.170
2014.534
2014.716
2014.897
2015.261
2015.624
2015.988
2016.169
2016.351
2016.715
2017.078
2017.442
2017.623
2017.805
2018.169
2018.532
2018.895
2019.077
2019.259
2019.622
2019.986
2020.349
2020.531
2020.713
2021.076
2021.440
2021.803
2021.985
2022.167
2022.530
2022.894
2023.257
2023.439
2023.621
2023.984
2024.348
2024.711
2024.893
2025.074
2037.070
2037.434
2037.797
2037.979
2038.161
2038.525
2038.888
2039.252
2039.433
2039.615
2039.979
2040.342
2040.706
2040.888
2041.069
2041.433
2041.796
2042.160
2042.342
2042.524
2042.887
2043.251
2043.614
2043.796
2043.978
2044.341
2044.705
2045.068
2045.250
2045.432
2045.795
2046.159
2046.523
2046.704
2046.886
2047.250
2047.613
2047.977
2048.158
2048.340
2048.704
2049.067
2049.431
2049.613
2049.794
2050.158
2050.521
2050.885
2051.067
2051.249
2051.612
2051.976
2052.339
2052.521
2052.703
2053.066
2053.430
2053.793
2053.975
2054.157
2054.520
2054.884
2055.248
2055.429
2055.611
2055.975
2056.338
2056.702
2056.883
2057.065
2057.429
2057.792
2058.156
2058.338
2058.519
2058.883
2059.247
2059.610
2059.792
2059.974
2060.337
2060.701
2061.064
2061.428
2061.792
2062.155
2062.519
2062.882
2063.246
2063.609
2063.973
2064.337
2064.700
2065.064
2065.427
2065.791
2066.155
2066.518
2066.882
2067.245
2067.609
2067.973
2068.336
2068.700
2069.063
2069.427
2069.790
2070.154
2070.518
2070.881
2071.245
2071.608
2071.972
2072.154
2072.336
2072.518
2072.699
2072.881
2073.063
2073.245
2073.427
2073.609
2073.791
2073.972
2074.154
2074.336
2074.518
2074.700
2074.882
2075.064
2075.245
2075.427
2075.609
2075.791
2075.973
2076.155
2076.337
2076.519
2076.700
2076.882
2077.064
2077.246
2077.428
2077.610
2077.792
2077.973
2078.155
2078.337
2078.519
2078.701
2078.883
2079.065
2079.246
2079.428
2079.610
2079.792
2079.974
2080.156
2080.338
2080.519
2080.701
2080.883
2081.065
2081.247
2081.429
2081.611
2081.793
2081.974
2082.156
2082.338
2082.520
2082.702
2082.884
2083.066
2083.247
2083.429
2083.611
2083.793
2083.975
2084.157
2084.339
2084.520
2084.702
2084.884
2085.066
2085.248
2085.430
2085.612
2085.793
2085.975
2086.157
2086.339
2086.521
2086.703
2086.885
2087.067
2087.248
2087.430
2087.612
2087.794
2087.976
2088.158
2088.340
2088.521
2088.703
2088.885
2089.067
2089.249
2089.431
2089.613
2089.794
2089.976
2090.158
2090.340
2090.522
2090.704
2090.886
2091.068
2091.249
2091.431
2091.613
2091.795
2091.977
2092.159
2092.341
2092.522
2092.704
2092.886
2093.068
2093.250
2093.432
2093.614
2093.795
2093.977
2094.159
2094.341
2094.523
2094.705
2094.887
2095.068
2095.250
2095.432
2095.614
2095.796
2095.978
2096.160
2096.342
2096.523
2096.705
2096.887
2097.069
2097.251
2097.433
2097.615
2097.796
2097.978
2098.160
2098.342
2098.524
2098.706
2098.888
2099.069
2099.251
2099.433
2099.615
2099.797
2099.979
2100.161
2100.342
2100.524
2100.706
2100.888
2101.070
2101.252
2101.434
2101.616
2101.797
2101.979
2102.161
2102.343
2102.525
2102.707
2102.889
2103.070
2103.252
2103.434
2103.616
2103.798
2103.980
2104.162
2104.343
2104.525
2104.707
2104.889
2105.071
2105.253
2105.435
2105.616
2105.798
2105.980
2106.162
2106.344
2106.526
2106.708
2106.890
2107.071
2107.253
2107.435
2107.617
2107.799
2107.981
2108.163
2108.344
2108.526
2108.708
2108.890
2109.072
2109.254
2109.436
2109.617
2109.799
2109.981
2110.163
2110.345
2110.527
2110.709
2110.890
2111.072
2111.254
2111.436
2111.618
2111.800
2111.982
2112.164
2112.345
2112.527
2112.709
2112.891
2113.073
2113.255
2113.437
2113.618
2113.800
2113.982
2114.164
2114.346
2114.528
2114.710
2114.891
2115.073
2115.255
2115.437
2115.619
2115.801
2115.983
2116.164
2116.346
2116.528
2116.710
2116.892
2117.074
2117.256
2117.438
2117.619
2117.801
2117.983
2118.165
2118.347
2118.529
2118.891
2119.253
2119.434
2119.616
2119.980
2120.344
2120.707
2120.889
2121.071
2121.435
2121.798
2122.162
2122.344
2122.526
2122.889
2123.253
2123.617
2123.799
2123.980
2124.344
2124.708
2125.071
2125.253
2125.435
2125.799
2126.162
2126.526
2126.708
2126.890
2127.254
2127.617
2127.981
2128.163
2128.345
2128.708
2129.072
2129.436
2129.617
2129.799
2130.163
2130.527
2130.890
2131.072
2131.254
2131.618
2131.981
2132.345
2132.527
2132.709
2133.072
2133.436
2133.800
2133.982
2134.163
2134.527
2134.891
2135.254
2135.436
2135.618
2135.982
2136.346
2136.709
2136.891
2137.073
2137.437
2137.800
2138.164
2138.346
2138.528
2138.891
2139.255
2139.619
2139.800
2139.982
2140.346
2140.710
2141.073
2141.255
2141.437
2141.801
2142.164
2142.528
2142.710
2142.892
2143.255
2143.619
2143.983
2144.165
2144.346
2144.710
2145.074
2145.437
2145.619
2145.801
2146.165
2146.529
2146.892
2147.074
2147.256
2147.620
2147.983
2148.347
2148.529
2148.711
2149.074
2149.438
2149.802
2149.983
2150.165
2150.529
2150.893
2151.256
2151.438
2151.620
2151.984
2152.347
2152.711
2152.893
2153.075
2153.438
2153.802
2154.166
2154.348
2154.529
2154.893
2155.257
2155.621
2155.802
2155.984
2156.348
2156.712
2157.075
2157.257
2157.439
2157.803
2158.166
2158.530
2158.712
2158.894
2159.257
2159.621
2159.985
2160.166
2160.348
2160.712
2161.076
2161.439
2161.621
2161.803
2162.167
2162.530
2162.894
2163.076
2163.258
2163.621
2163.985
2164.349
2164.531
2164.712
2165.076
2165.440
2165.804
2165.985
2166.167
2166.531
2166.895
2167.258
2167.440
2167.622
2167.986
2168.349
2168.713
2168.895
2169.077
2169.440
2169.804
2170.168
2170.350
2170.531
2170.895
2171.259
2171.622
2171.804
2171.986
2172.350
2172.713
2173.077
2173.259
2173.441
2173.804
2174.168
2174.532
2174.714
2174.896
2175.259
2175.623
2175.987
2176.168
2176.350
2176.714
2177.078
2177.441
2177.623
2177.805
2178.169
2178.532
2178.896
2179.078
2179.260
2179.623
2179.987
2180.351
2180.533
2180.714
2181.078
2181.442
2181.805
2181.987
2182.169
2182.533
2182.896
2183.260
2183.442
2183.624
2183.987
2184.351
2184.715
2184.897
2185.079
2185.442
2185.806
2186.170
2186.351
2186.533
2186.897
2187.261
2187.624
2187.806
2187.988
2292.025
2292.389
2292.753
2292.934
2293.116
2293.480
2293.843
2294.207
2294.389
2294.571
2294.934
2295.298
2295.662
2295.843
2296.025
2296.389
2296.753
2297.116
2297.298
2297.480
2297.843
2298.207
2298.571
2298.752
2298.934
2299.298
2299.662
2300.025
2300.207
2300.389
2300.752
2301.116
2301.480
2301.661
2301.843
2302.207
2302.571
2302.934
2303.116
2303.298
2303.661
2304.025
2304.389
2304.570
2304.752
2305.116
2305.480
2305.843
2306.025
2306.207
2306.570
2306.934
2307.298
2307.479
2307.661
2308.025
2308.389
2308.752
2308.934
2309.116
2309.479
2309.843
2310.207
2310.389
2310.570
2310.934
2311.298
2311.661
2311.843
2312.025
2312.388
2312.752
2313.116
2313.298
2313.479
2313.843
2314.207
2314.570
2314.752
2314.934
2315.298
2315.479
2315.661
2316.025
2316.207
2316.389
2316.752
2316.934
2317.116
2317.480
2317.661
2317.843
2318.207
2318.389
2318.571
2318.934
2319.116
2319.298
2319.661
2319.843
2320.025
2320.389
2320.571
2320.752
2321.116
2321.298
2321.480
2321.843
2322.025
2322.207
2322.571
2322.753
2322.934
2323.298
2323.480
2323.662
2324.025
2324.207
2324.389
2324.753
2324.935
2325.116
2325.480
2325.662
2325.844
2326.207
2326.389
2326.571
2326.935
2327.117
2327.298
2327.662
2327.844
2328.026
2328.389
2328.571
2328.753
2329.117
2329.299
2329.480
2329.844
2330.026
2330.208
2330.571
2330.753
2330.935
2331.299
2331.480
2331.662
2332.026
2332.208
2332.390
2332.753
2332.935
2333.117
2333.481
2333.662
2333.844
2334.208
2334.390
2334.572
2334.935
2335.117
2335.299
2335.663
2335.844
2336.026
2336.390
2336.572
2336.754
2337.117
2337.299
2337.481
2337.845
2338.026
2338.208
2338.572
2338.936
2339.299
2339.663
2340.026
2340.390
2340.754
2341.117
2341.481
2341.845
2342.208
2342.572
2342.936
2343.299
2343.663
2344.027
2344.390
2344.754
2345.118
2345.481
2345.845
2346.209
2346.572
2346.936
2347.300
2347.663
2348.027
2348.390
2348.754
2349.118
2349.481
2349.845
2350.209
2350.572
2350.936
2351.300
2351.663
2352.027
2352.391
2352.754
2353.118
2353.482
2353.845
2354.209
2354.573
2354.936
2355.300
2355.663
2356.027
2356.391
2356.754
2357.118
2357.482
2357.845
2358.209
2358.573
2358.936
2359.300
2359.664
2360.027
2360.391
2360.755
2361.118
2361.482
2361.846
2362.027
2362.209
2362.391
2362.573
2362.755
2362.936
2363.118
2363.300
2363.482
2363.663
2363.845
2364.027
2364.209
2364.391
2364.572
2364.754
2364.936
2365.118
2365.300
2365.481
2365.663
2365.845
2366.027
2366.209
2366.390
2366.572
2366.754
2366.936
2367.117
2367.299
2367.481
2367.663
2367.845
2368.026
2368.208
2368.390
2368.572
2368.754
2368.935
2369.117
2369.299
2369.481
2369.663
2369.844
2370.026
2370.208
2370.390
2370.571
2370.753
2370.935
2371.117
2371.299
2371.480
2371.662
2371.844
2372.026
2372.208
2372.389
2372.571
2372.753
2372.935
2373.117
2373.298
2373.480
2373.662
2373.844
2374.025
2374.207
2374.389
2374.571
2374.753
2374.934
2375.116
2375.298
2375.480
2375.662
2375.843
2376.025
2376.207
2376.389
2376.570
2376.752
2376.934
2377.116
2377.298
2377.479
2377.661
2377.843
2378.025
2378.207
2378.388
2378.570
2378.752
2378.934
2379.116
2379.297
2379.479
2379.661
2379.843
2380.024
2380.206
2380.388
2380.570
2380.752
2380.933
2381.115
2381.297
2381.479
2381.661
2381.842
2382.024
2382.206
2382.388
2382.570
2382.751
2382.933
2383.115
2383.297
2383.478
2383.660
2383.842
2384.024
2384.206
2384.387
2384.569
2384.751
2384.933
2396.763
2396.945
2397.127
2397.672
2397.854
2398.217
2398.399
2398.580
2399.125
2399.307
2399.671
2399.852
2400.034
2400.579
2400.761
2401.124
2401.306
2401.487
2402.033
2402.214
2402.578
2402.759
2402.941
2403.486
2403.668
2404.031
2404.213
2404.394
2404.940
2405.121
2405.485
2405.666
2405.848
2406.393
2406.575
2406.938
2407.120
2407.302
2407.847
2408.028
2408.392
2408.573
2408.755
2409.300
2409.482
2409.845
2410.027
2410.209
2410.754
2410.935
2411.299
2411.480
2411.662
2412.207
2412.389
2412.752
2412.934
2413.116
2413.661
2413.842
2414.206
2414.388
2414.569
2415.114
2415.296
2415.659
2415.841
2416.023
2416.568
2416.750
2417.113
2417.295
2417.476
2418.021
2418.203
2418.566
2418.748
2418.930
2419.475
2419.657
2420.020
2420.202
2420.383
2420.565
2420.747
2420.928
2421.110
2421.292
2421.473
2421.655
2421.837
2422.018
2422.200
2422.382
2422.563
2422.745
2422.927
2423.108
2423.290
2423.472
2423.653
2423.835
2424.017
2424.198
2424.380
2424.562
2424.743
2424.925
2425.107
2425.288
2425.470
2425.652
2425.833
2426.015
2426.197
2426.378
2426.560
2426.742
2426.923
2427.105
2427.287
2427.468
2427.650
2427.832
2428.013
2428.195
2428.377
2428.558
2428.740
2428.922
2429.103
2429.285
2429.467
2429.648
2429.830
2430.011
2430.193
2430.375
2430.556
2430.738
2430.920
2431.101
2431.283
2431.465
2443.310
2443.673
2444.037
2444.400
2444.763
2445.127
2445.490
2445.853
2446.217
2446.580
2446.943
2447.307
2447.670
2448.033
2448.397
2448.760
2449.123
2449.487
2449.850
2450.213
2450.577
2450.940
2451.303
2451.666
2452.030
2452.393
2452.756
2453.120
2453.483
2453.846
2454.210
2454.573
2454.936
2455.300
2455.663
2456.026
2456.390
2456.753
2457.116
2457.480
2457.843
2458.206
2458.570
2458.933
2459.296
2459.660
2460.023
2460.386
2460.750
2461.113
2461.476
2461.840
2462.203
2462.566
2462.930
2463.293
2463.656
2464.020
2464.383
2464.746
2465.110
2465.473
2465.836
2466.200
2478.178
2478.360
2478.542
2479.088
2479.270
2479.634
2479.816
2479.998
2480.544
2480.726
2481.091
2481.273
2481.455
2482.001
2482.183
2482.547
2482.729
2482.911
2483.457
2483.639
2484.003
2484.185
2484.367
2484.913
2485.095
2485.459
2485.641
2485.823
2486.369
2486.551
2486.915
2487.097
2487.279
2487.825
2488.007
2488.371
2488.553
2488.735
2489.282
2489.464
2489.828
2490.010
2490.192
2490.738
2490.920
2491.284
2491.466
2491.648
2492.194
2492.376
2492.740
2492.922
2493.104
2493.650
2493.832
2494.196
2494.378
2494.560
2495.106
2495.288
2495.652
2495.834
2496.016
2496.562
2496.744
2497.108
2497.290
2497.473
2498.019
2498.201
2498.565
2498.747
2498.929
2499.475
2499.657
2500.021
2500.203
2500.385
2500.931
2501.113
2501.477
2501.659
2501.840
2502.022
2502.204
2502.385
2502.567
2502.749
2502.930
2503.112
2503.294
2503.475
2503.657
2503.838
2504.020
2504.202
2504.383
2504.565
2504.747
2504.928
2505.110
2505.292
2505.473
2505.655
2505.837
2506.018
2506.200
2506.382
2506.563
2506.745
2506.927
2507.108
2507.290
2507.472
2507.653
2507.835
2508.016
2508.198
2508.380
2508.561
2508.743
2508.925
2509.106
2509.288
2509.470
2509.651
2509.833
2510.015
2510.196
2510.378
2510.560
2510.741
2510.923
2511.105
2511.286
2511.468
2511.650
2511.831
2512.013
2512.194
2512.376
2512.558
2512.739
2512.921
2513.103
2513.284
2513.466
2513.648
2513.829
2514.011
2514.193
2514.374
2514.556
2514.738
2514.919
2515.101
2515.283
2515.464
2515.646
2515.828
2516.009
2516.191
2516.372
2516.554
2516.736
2516.917
2517.099
2517.281
2517.462
2517.644
2517.826
2518.007
2518.189
2518.371
2518.552
2518.734
2518.916
2519.097
2519.279
2519.461
2519.642
2519.824
2520.005
2520.187
2520.369
2520.550
2520.732
2520.914
2521.095
2521.277
2521.459
2521.640
2521.822
2522.004
2522.185
2522.367
2522.549
2522.730
2522.912
2523.094
2523.275
2523.457
2523.639
2523.820
2524.002
2524.183
2524.365
2524.547
2524.728
2524.910
2525.092
2525.459
2525.641
2525.823
2526.187
2526.369
2526.551
2526.915
2527.097
2527.279
2527.643
2527.825
2528.007
2528.371
2528.553
2528.735
2529.099
2529.281
2529.463
2529.827
2530.009
2530.191
2530.555
2530.737
2530.919
2531.283
2531.465
2531.647
2532.011
2532.193
2532.375
2532.740
2532.922
2533.104
2533.468
2533.650
2533.832
2534.196
2534.378
2534.560
2534.924
2535.106
2535.288
2535.652
2535.834
2536.016
2536.380
2536.562
2536.744
2537.108
2537.290
2537.472
2537.836
2538.018
2538.200
2538.564
2538.746
2538.928
2539.292
2539.474
2539.656
2540.020
2540.202
2540.384
2540.748
2540.930
2541.112
2541.476
2541.658
2541.840
2542.204
2542.386
2542.568
2542.933
2543.115
2543.297
2543.661
2543.843
2544.025
2544.389
2544.571
2544.753
2545.117
2545.299
2545.481
2545.845
2546.027
2546.209
2546.573
2546.755
2546.937
2547.301
2547.483
2547.665
2672.840
2673.203
2673.567
2673.931
2674.295
2674.659
2675.023
2675.387
2675.751
2676.115
2676.479
2676.842
2677.206
2677.570
2677.934
2678.298
2678.662
2679.026
2679.390
2679.754
2680.118
2680.482
2680.845
2681.209
2681.573
2681.937
2682.301
2682.665
2683.029
2683.393
2683.757
2684.121
2684.484
2684.666
2684.848
2685.030
2685.211
2685.393
2685.575
2685.757
2685.938
2686.120
2686.302
2686.483
2686.665
2686.847
2687.029
2687.210
2687.392
2687.574
2687.755
2687.937
2688.119
2688.301
2688.482
2688.664
2688.846
2689.027
2689.209
2689.391
2689.573
2689.754
2689.936
2690.118
2690.300
2690.481
2690.663
2690.845
2691.026
2691.208
2691.390
2691.572
2691.753
2691.935
2692.117
2692.298
2692.480
2692.662
2692.844
2693.025
2693.207
2693.389
2693.570
2693.752
2693.934
2694.116
2694.297
2694.479
2694.661
2694.843
2695.024
2695.206
2695.388
2695.569
2695.751
2695.933
2696.115
2696.296
2696.478
2696.660
2696.841
2697.023
2697.205
2697.387
2697.568
2697.750
2697.932
2698.113
2698.295
2698.477
2698.659
2698.840
2699.022
2699.204
2699.386
2699.567
2699.749
2699.931
2700.112
2700.294
2700.476
2700.658
2700.839
2701.021
2701.203
2701.384
2701.566
2701.748
2701.930
2702.111
2702.293
2702.475
2702.656
2702.838
2703.020
2703.202
2703.383
2703.565
2703.747
2703.929
2704.110
2704.292
2704.474
2704.655
2704.837
2705.019
2705.201
2705.382
2705.564
2705.746
2705.927
2706.109
2706.291
2706.473
2706.654
2706.836
2707.018
2707.199
2707.381
2707.563
2707.745
2707.926
2708.108
2708.654
2708.835
2709.199
2709.381
2709.563
2710.108
2710.290
2710.653
2710.835
2711.017
2711.563
2711.744
2712.108
2712.290
2712.472
2713.017
2713.199
2713.562
2713.744
2713.926
2714.471
2714.653
2715.017
2715.199
2715.380
2715.926
2716.108
2716.471
2716.653
2716.835
2717.380
2717.562
2717.926
2718.107
2718.289
2718.835
2719.016
2719.380
2719.562
2719.744
2720.289
2720.471
2720.834
2721.016
2721.198
2721.743
2721.925
2722.289
2722.471
2722.652
2723.198
2723.380
2723.743
2723.925
2724.107
2724.652
2724.834
2725.198
2725.380
2725.561
2726.107
2726.289
2726.652
2726.834
2727.016
2727.561
2727.743
2728.107
2728.288
2728.470
2729.016
2729.197
2729.561
2729.743
2729.925
2730.470
2730.652
2731.015
2731.197
2731.379
2731.924
2732.106
2732.470
2732.652
2732.833
2733.379
2733.561
2733.924
2734.106
2734.288
2734.833
2735.015
2735.379
2735.560
2735.742
2736.288
2736.469
2736.833
2737.015
2737.197
2737.742
2737.924
2738.288
2738.469
2738.651
2739.197
2739.378
2739.742
2739.924
2740.106
2740.651
2740.833
2741.196
2741.378
2741.560
2742.105
2742.287
2742.651
2742.833
2743.014
2743.560
2743.742
2744.105
2744.287
2744.469
2745.014
2745.196
2745.560
2745.741
2745.923
2746.469
2746.650
2747.014
2747.196
2747.378
2747.923
2748.105
2748.468
2748.650
2748.832
2749.377
2749.559
2749.923
2750.105
2750.286
2750.832
2751.014
2751.377
2751.559
2751.741
2752.286
2752.468
2752.832
2753.014
2753.195
2753.741
2753.923
2754.286
2754.468
2754.650
2755.195
2755.377
2755.741
2755.922
2756.104
2756.650
2756.831
2757.195
2757.377
2757.559
2758.104
2758.286
2758.649
2758.831
2759.013
2759.558
2759.740
2760.104
2760.286
2760.467
2761.013
2761.195
2761.558
2761.740
2761.922
2762.467
2762.649
2763.013
2763.194
2763.376
2763.922
2764.103
2764.467
2764.649
2764.831
2765.376
2765.558
2765.922
2766.103
2766.285
2766.831
2767.012
2767.376
2767.558
2767.740
2768.285
2768.467
2768.830
2769.012
2769.194
2769.739
2769.921
2770.285
2770.467
2770.648
2771.194
2771.376
2771.739
2771.921
2772.103
2772.648
2772.830
2773.194
2773.375
2773.557
2774.103
2774.284
2774.648
2774.830
2775.012
2775.557
2775.739
2776.102
2776.284
2776.466
2777.011
2777.193
2777.557
2777.739
2777.920
2778.466
2778.648
2779.011
2779.193
2779.375
2779.920
2780.102
2780.466
2780.648
2780.829
2781.375
2781.557
2781.920
2782.102
2782.284
2782.829
2783.011
2783.375
2783.556
2783.738
2784.284
2784.465
2784.829
2785.011
2785.193
2785.738
2785.920
2786.283
2786.465
2786.647
2787.192
2787.374
2787.738
2787.920
2788.101
2788.647
2788.829
2789.192
2789.374
2789.556
2790.101
2790.283
2790.647
2790.828
2791.010
2791.556
2791.738
2792.101
2792.283
2792.465
2793.010
2793.192
2793.556
2793.737
2793.919
2794.465
2794.646
2795.010
2795.192
2795.374
2795.919
2796.101
2796.464
2796.646
2796.828
2797.373
2797.555
2797.919
2798.101
2798.282
2798.828
2799.010
2799.373
2799.555
2799.737
2800.282
2800.464
2800.828
2801.191
2801.555
2801.918
2802.282
2802.646
2803.009
2803.373
2803.736
2804.100
2804.463
2804.827
2805.191
2805.554
2805.918
2806.281
2806.645
2807.008
2807.372
2807.736
2808.099
2808.463
2808.826
2809.190
2809.553
2809.917
2810.281
2810.644
2811.008
2811.371
2811.735
2812.098
2812.462
2812.826
2813.189
2813.553
2813.916
2814.280
2814.643
2815.007
2815.371
2815.734
2816.098
2816.461
2816.825
2817.188
2817.552
2817.916
2818.279
2818.643
2819.006
2819.370
2819.733
2820.097
2820.461
2820.824
2821.188
2821.551
2821.915
2822.278
2822.642
2823.006
2823.369
2823.733
2824.096
2824.460
2824.824
2825.187
2825.551
2825.914
2826.278
2826.641
2827.005
2827.369
2827.732
2828.096
2828.459
2828.823
2829.186
2829.550
2829.914
2830.277
2830.641
2831.004
2831.368
2831.731
2832.095
2832.459
2832.822
2833.186
2833.549
2833.913
2834.276
2834.640
2835.004
2835.367
2835.731
2836.094
2836.458
2836.821
2837.185
2837.549
2837.912
2838.276
2838.639
2839.003
2839.366
2839.730
2840.094
2840.457
2840.821
2841.184
2841.548
2841.911
2842.275
2842.639
2843.002
2843.366
2843.729
2844.093
2844.457
2844.820
2845.184
2845.547
2845.911
2846.274
2846.638
2847.002
2847.365
2847.729
2848.092
2848.456
2848.819
2849.183
2849.547
2849.910
2850.274
2850.637
2851.001
2851.364
2851.728
2852.092
2852.455
2852.819
2853.182
2853.546
2853.909
2854.273
2854.637
2855.000
2855.364
2855.727
2856.091
2856.454
2856.818
2857.182
2857.545
2857.909
2858.272
2858.636
2858.999
2859.363
2859.727
2860.090
2860.454
2860.817
2861.181
2861.544
2861.908
2862.272
2862.635
2862.999
2863.362
2863.726
2864.089
2864.453
2864.817
2865.180
2865.544
2865.907
2866.271
2866.635
2866.998
2867.362
2867.725
2868.089
2868.452
2868.816
2869.180
2869.543
2869.907
2870.270
2893.894
2894.076
2894.258
2894.440
2894.622
2894.804
2894.986
2895.168
2895.350
2895.532
2895.714
2895.896
2896.078
2896.260
2896.442
2896.624
2896.807
2896.989
2897.171
2897.353
2897.535
2897.717
2897.899
2898.081
2898.263
2898.445
2898.627
2898.809
2898.991
2899.173
2899.355
2899.537
2899.719
2899.901
2900.083
2900.265
2900.447
2900.629
2900.811
2900.993
2901.175
2901.357
2901.539
2901.722
2901.904
2902.086
2902.268
2902.450
2902.632
2902.814
2902.996
2903.178
2903.360
2903.542
2903.724
2903.906
2904.088
2904.270
2904.452
2904.634
2904.816
2904.998
2905.180
2905.362
2905.544
2905.726
2905.908
2906.090
2906.272
2906.455
2906.637
2906.819
2907.001
2907.183
2907.365
2907.547
2907.729
2907.911
2908.093
2908.275
2908.457
2908.639
2908.821
2909.003
2909.185
2909.367
2909.549
2909.731
2909.913
2910.095
2910.277
2910.459
2910.641
2910.823
2911.005
2911.188
2911.370
2911.552
2911.734
2911.916
2912.098
2912.280
2912.462
2912.644
2912.826
2913.008
2913.190
2913.372
2913.554
2913.736
2913.918
2914.100
2914.282
2914.464
2914.646
2914.828
2915.010
2915.192
2915.374
2915.556
2915.738
2915.921
2916.103
2916.285
2916.467
2916.649
2916.831
2917.013
2917.195
2917.377
2917.559
2917.741
2917.923
2918.105
2918.287
2918.469
2918.651
2918.833
2919.015
2919.197
2919.379
2919.561
2919.743
2919.925
2920.107
2920.289
2920.471
2920.653
2920.836
2921.018
2921.200
2921.382
2921.564
2921.746
2921.928
2922.110
2922.292
2922.474
2922.656
2922.838
2923.020
2923.202
2923.384
2923.566
2923.748
2923.930
2924.112
2924.294
2924.476
2924.658
2924.840
2925.022
2925.204
2925.386
2925.569
2925.751
2925.933
2926.115
2926.297
2926.479
2926.661
2926.843
2927.025
2927.207
2927.389
2927.571
2927.753
2927.935
2928.117
2928.299
2928.481
2928.663
2928.845
2929.027
2929.209
2929.391
2929.573
2929.755
2929.937
2930.119
2930.302
2930.484
2930.666
2930.848
2931.030
2931.212
2931.394
2931.576
2931.758
2931.940
2932.122
2932.304
2932.486
2932.668
2932.850
2933.032
2933.214
2933.396
2933.578
2933.760
2933.942
2934.124
2934.306
2934.488
2934.670
2934.852
2935.035
2935.217
2935.399
2935.581
2935.763
2935.945
2936.127
2936.309
2936.491
2936.673
2936.855
2937.037
2937.219
2937.401
2937.583
2937.765
2937.947
2938.129
2938.311
2938.493
2938.675
2938.857
2939.039
2939.221
2939.403
2939.585
2939.767
2939.950
2940.132
2940.314
2940.496
2940.677
2940.858
2941.947
2942.128
2942.310
2943.398
2943.579
2943.761
2944.849
2945.031
2945.212
2946.301
2946.482
2946.663
2947.752
2947.933
2948.115
2949.203
2949.384
2949.566
2950.654
2950.836
2951.017
2952.105
2952.287
2952.468
2953.557
2953.738
2953.919
2955.008
2955.189
2955.371
2956.459
2956.640
2956.822
2957.910
2958.092
2958.273
2959.362
2959.543
2959.724
2960.813
2960.994
2961.176
2962.264
2962.445
2962.627
3028.562
3028.744
3028.926
3029.108
3029.289
3029.471
3029.653
3029.835
3030.017
3030.199
3030.381
3030.563
3030.744
3030.926
3031.108
3031.290
3031.472
3031.654
3031.836
3032.018
3032.200
3032.381
3032.563
3032.745
3032.927
3033.109
3033.291
3033.473
3033.655
3033.836
3034.018
3034.200
3034.382
3034.564
3034.746
3034.928
3035.110
3035.291
3035.473
3035.655
3035.837
3036.019
3036.201
3036.383
3036.565
3036.747
3036.928
3037.110
3037.292
3037.474
3037.656
3037.838
3038.020
3038.202
3038.383
3038.565
3038.747
3038.929
3039.111
3039.293
3039.475
3039.657
3039.839
3040.020
3040.202
3040.384
3040.566
3040.748
3040.930
3041.112
3041.294
3041.475
3041.657
3041.839
3042.021
3042.203
3042.385
3042.567
3042.749
3042.931
3043.112
3043.294
3043.476
3043.658
3043.840
3044.022
3044.204
3044.386
3044.567
3044.749
3044.931
3045.113
3045.295
3045.477
3045.659
3045.841
3046.022
3046.204
3046.386
3046.568
3046.750
3046.932
3047.114
3047.296
3047.478
3047.659
3047.841
3048.023
3048.205
3048.387
3048.569
3048.751
3048.933
3049.114
3049.296
3049.478
3049.660
3049.842
3050.024
3050.206
3050.388
3050.570
3050.751
3050.933
3051.115
3051.297
3051.479
3051.661
3051.843
3052.025
3052.206
3052.388
3052.570
3052.752
3052.934
3053.116
3053.298
3053.480
3053.662
3053.843
3054.025
3054.207
3054.389
3054.571
3054.753
3054.935
3055.117
3055.298
3055.480
3055.662
3055.844
3056.026
3056.208
3056.390
3056.572
3056.753
3056.935
3057.117
3057.299
3057.481
3057.663
3057.845
3058.027
3058.209
3058.390
3058.572
3058.754
3058.936
3059.118
3059.300
3059.482
3059.664
3059.845
3060.027
3060.209
3060.391
3060.573
3060.755
3060.937
3061.119
3061.301
3061.482
3061.664
3061.846
3062.028
3062.210
3062.392
3062.574
3062.756
3062.937
3063.119
3063.301
3063.483
3063.665
3063.847
3064.029
3064.211
3064.392
3064.574
3064.756
3064.938
3065.120
3065.302
3065.484
3065.666
3065.848
3066.029
3066.211
3066.393
3066.575
3066.757
3066.939
3067.121
3067.303
3067.484
3067.666
3067.848
3068.030
3068.212
3068.394
3068.576
3068.758
3068.940
3069.121
3069.303
3069.485
3069.667
3069.849
3070.031
3070.213
3070.395
3070.576
3070.758
3070.940
3071.122
3071.304
3071.486
3071.668
3071.850
3072.032
3072.213
3072.395
3072.577
3072.759
3072.941
3073.123
3073.305
3073.487
3073.668
3073.850
3074.032
3074.214
3074.396
3074.578
3074.760
3074.942
3076.577
3076.940
3077.485
3077.667
3078.030
3078.394
3078.939
3079.121
3079.484
3079.848
3080.393
3080.575
3080.938
3081.302
3081.847
3082.028
3082.392
3082.755
3083.301
3083.482
3083.846
3084.209
3084.754
3084.936
3085.300
3085.663
3086.208
3086.390
3086.753
3087.117
3087.662
3087.844
3088.207
3088.571
3089.116
3089.298
3089.661
3090.025
3090.570
3090.751
3091.115
3091.478
3092.024
3092.205
3092.569
3092.932
3093.477
3093.659
3094.023
3094.386
3094.931
3095.113
3095.476
3095.840
3096.385
3096.567
3096.930
3097.294
3097.839
3098.021
3098.384
3098.748
3099.293
3099.474
3099.838
3100.201
3100.747
3100.928
3101.292
3101.655
3102.200
3102.382
3102.746
3103.109
3103.654
3103.836
3104.199
3104.563
3105.108
3105.290
3105.653
3106.017
3106.562
3106.744
3107.107
3107.641
3108.005
3108.187
3108.550
3108.914
3109.278
3109.642
3110.005
3110.551
3110.915
3111.097
3111.461
3111.824
3112.188
3112.552
3112.916
3113.461
3113.825
3114.007
3114.371
3114.735
3115.098
3115.462
3115.826
3116.371
3116.735
3116.917
3117.281
3117.645
3118.008
3118.372
3118.736
3119.282
3119.645
3119.827
3120.191
3120.555
3120.919
3121.282
3121.646
3122.192
3122.556
3122.737
3123.101
3123.465
3123.829
3124.193
3124.556
3125.102
3125.466
3125.648
3126.011
3126.375
3126.739
3127.103
3127.466
3128.012
3128.376
3128.558
3128.922
3129.285
3129.649
3130.013
3130.377
3130.922
3131.286
3131.468
3131.832
3132.195
3132.559
3132.923
3133.287
3133.832
3134.196
3134.378
3134.742
3135.106
3135.469
3135.833
3136.197
3136.743
3137.106
3137.288
3137.652
3138.016
3138.380
3138.743
3139.107
3139.653
3140.017
3140.198
3140.562
3140.926
3141.290
3141.654
3142.017
3142.563
3142.927
3143.109
3143.472
3143.836
3144.200
3144.564
3144.927
3145.473
3145.837
3146.019
3146.383
3146.746
3147.110
3147.474
3147.838
3148.383
3148.747
3148.929
3149.293
3149.656
3150.020
3150.384
3150.748
3151.293
3151.657
3151.839
3152.203
3152.567
3152.930
3153.294
3153.658
3154.204
3154.567
3154.749
3155.113
3155.477
3155.841
3156.204
3156.568
3157.114
3157.478
3157.659
3158.023
3158.387
3158.751
3159.115
3159.478
3160.024
3160.388
3160.570
3160.933
3161.297
3161.661
3162.025
3162.388
3162.934
3163.298
3163.480
3163.844
3164.207
3164.571
3164.935
3165.299
3166.366
3166.730
3167.093
3167.457
3167.820
3168.184
3169.274
3169.637
3170.001
3170.364
3170.728
3171.091
3172.182
3172.545
3172.908
3173.272
3173.635
3173.999
3175.089
3175.453
3175.816
3176.180
3176.543
3176.906
3177.997
3178.360
3178.724
3179.087
3179.451
3179.814
3180.904
3181.268
3181.631
3181.995
3182.358
3182.722
3183.812
3184.175
3184.539
3184.902
3185.266
3185.629
3186.720
3187.083
3187.447
3187.810
3188.173
3188.537
3189.627
3189.991
3190.354
3190.718
3191.081
3191.444
3192.535
3192.898
3193.262
3193.625
3193.989
3194.352
3195.442
3195.806
3196.169
3196.533
3196.896
3197.260
3198.350
3198.714
3199.077
3199.440
3199.804
3200.167
3201.258
3201.621
3201.985
3202.348
3202.711
3203.075
3204.165
3204.529
3204.892
3205.256
3205.619
3205.983
3207.073
3207.436
3207.800
3208.163
3208.527
3208.890
3209.980
3210.344
3210.707
3211.071
3211.434
3214.748
3215.112
3215.657
3215.839
3216.202
3216.566
3217.111
3217.293
3217.656
3218.020
3218.565
3218.747
3219.110
3219.474
3220.019
3220.201
3220.564
3220.928
3221.473
3221.655
3222.019
3222.382
3222.927
3223.109
3223.473
3223.836
3224.382
3224.563
3224.927
3225.290
3225.836
3226.017
3226.381
3226.744
3227.290
3227.471
3227.835
3228.199
3228.744
3228.926
3229.289
3229.653
3230.198
3230.380
3230.743
3231.107
3231.652
3231.834
3232.197
3232.561
3233.106
3233.288
3233.651
3234.015
3234.560
3234.742
3235.106
3235.469
3236.014
3236.196
3236.560
3236.923
3237.468
3237.650
3238.014
3238.377
3238.923
3239.104
3239.468
3239.831
3240.377
3240.558
3240.922
3241.285
3241.831
3242.013
3242.376
3242.740
3243.285
3243.467
3243.830
3244.194
3244.739
3244.921
3245.284
3245.648
3246.193
3246.375
3246.738
3247.102
3247.647
3247.829
3248.192
3248.556
3249.101
3249.283
3249.647
3250.010
3250.555
3250.737
3251.101
3251.464
3252.009
3252.191
3252.555
3252.918
3253.464
3253.645
3254.009
3254.372
3254.918
3255.099
3255.463
3255.827
3256.372
3256.554
3256.917
3257.281
3257.826
3258.008
3258.371
3258.735
3259.280
3259.462
3259.825
3260.189
3260.734
3260.916
3261.279
3261.643
3262.188
3262.370
3262.734
3263.097
3263.642
3263.824
3264.188
3264.551
3265.096
3265.278
3265.642
3266.005
3266.551
3266.732
3267.096
3267.459
3268.005
3268.186
3268.550
3268.913
3269.459
3269.641
3270.004
3270.368
3270.913
3271.095
3271.458
3271.822
3272.367
3272.549
3272.912
3273.276
3273.821
3274.003
3274.366
3274.730
3275.275
3275.457
3275.820
3276.184
3276.729
3276.911
3277.275
3277.638
3278.183
3278.365
3278.729
3279.092
3279.637
3279.819
3280.183
3280.546
3281.092
3281.273
3281.637
3282.000
3282.546
3282.727
3283.091
3283.454
3284.000
3284.182
3284.545
3284.727
3284.909
3285.091
3285.273
3285.455
3285.637
3285.818
3286.000
3286.182
3286.364
3286.546
3286.728
3286.910
3287.092
3287.274
3287.456
3287.637
3287.819
3288.001
3288.183
3288.365
3288.547
3288.729
3288.911
3289.093
3289.275
3289.457
3289.638
3289.820
3290.002
3290.184
3290.366
3290.548
3290.730
3290.912
3291.094
3291.276
3291.457
3291.639
3291.821
3292.003
3292.185
3292.367
3292.549
3292.731
3292.913
3293.095
3293.277
3293.458
3293.640
3293.822
3294.004
3294.186
3294.368
3294.550
3294.732
3294.914
3295.096
3295.277
3295.459
3295.641
3295.823
3296.005
3296.187
3296.369
3296.551
3296.733
3296.915
3297.097
3297.278
3297.460
3297.642
3297.824
3298.006
3298.188
3298.370
3298.552
3298.734
3298.916
3299.097
3299.279
3299.461
3299.643
3299.825
3300.007
3300.189
3300.371
3300.553
3300.735
3300.917
3301.098
3301.280
3301.462
3301.644
3301.826
3302.008
3302.190
3302.372
3302.554
3302.736
3302.918
3303.099
3303.281
3303.463
3303.645
3303.827
3304.009
3304.191
3304.373
3304.555
3304.737
3304.918
3305.100
3305.282
3305.464
3305.646
3305.828
3306.010
3306.192
3306.374
3306.556
3306.738
3306.919
3307.101
3307.283
3307.465
3307.647
3307.829
3308.011
3308.193
3308.375
3308.557
3308.738
3308.920
3309.102
3309.284
3309.466
3309.648
3309.830
3310.012
3310.194
3310.376
3310.558
3310.739
3310.921
3311.103
3311.285
3311.467
3311.649
3311.831
3312.013
3312.195
3312.377
3312.558
3312.740
3312.922
3313.104
3313.286
3313.468
3313.650
3313.832
3314.014
3314.196
3314.378
3314.559
3314.741
3314.923
3315.105
3315.287
3315.469
3315.651
3315.833
3316.015
3316.197
3316.379
3316.560
3316.742
3316.924
3317.106
3317.288
3317.470
3317.652
3317.834
3318.016
3318.198
3318.379
3318.561
3318.743
3318.925
3319.107
3319.289
3319.471
3319.653
3319.835
3320.017
3320.199
3320.380
3320.562
3320.744
3320.926
3321.108
3321.290
3321.472
3321.654
3321.836
3322.018
3322.199
3322.381
3322.563
3322.745
3322.927
3323.109
3323.291
3323.473
3323.655
3323.837
3324.019
3324.200
3324.382
3324.564
3324.746
3324.928
3325.110
3325.292
3325.474
3325.656
3325.838
3326.019
3326.201
3326.383
3326.565
3326.747
3326.929
3327.111
3327.293
3327.475
3327.657
3327.839
3328.020
3328.202
3328.384
3328.566
3328.748
3328.930
3329.112
3329.294
3329.476
3329.658
3329.839
3330.021
3330.203
3330.385
3330.567
3330.749
3330.931
3354.721
3355.267
3355.449
3355.813
3355.995
3356.541
3356.904
3357.268
3357.632
3358.178
3358.360
3358.724
3358.905
3359.451
3359.815
3360.179
3360.543
3361.088
3361.270
3361.634
3361.816
3362.362
3362.726
3363.089
3363.453
3363.999
3364.181
3364.545
3364.727
3365.272
3365.636
3366.000
3366.364
3366.910
3367.092
3367.455
3367.637
3368.183
3368.547
3368.911
3369.275
3369.820
3370.002
3370.366
3370.548
3371.094
3371.458
3371.821
3372.185
3372.731
3372.913
3373.277
3373.459
3374.004
3374.368
3374.732
3375.096
3375.642
3375.824
3376.187
3376.369
3376.915
3377.279
3377.643
3378.007
3378.552
3378.734
3379.098
3379.280
3379.826
3380.190
3380.553
3380.917
3381.463
3381.645
3382.009
3382.191
3382.736
3383.100
3383.464
3383.828
3384.374
3384.555
3384.919
3385.101
3385.647
3386.011
3386.375
3386.738
3387.284
3387.466
3387.830
3388.012
3388.558
3388.921
3389.285
3389.649
3390.195
3390.377
3390.741
3390.922
3391.468
3391.832
3392.196
3392.560
3393.105
3393.287
3393.651
3393.833
3394.379
3394.743
3395.107
3395.470
3396.016
3396.198
3396.562
3396.744
3397.290
3397.653
3398.017
3398.381
3398.927
3399.109
3399.473
3399.654
3400.200
3400.564
3400.927
3401.291
3401.654
3402.018
3402.381
3402.745
3403.108
3403.471
3403.835
3404.198
3404.562
3404.925
3405.289
3405.652
3406.016
3406.379
3406.743
3407.106
3407.470
3407.833
3408.197
3408.560
3408.924
3409.287
3409.651
3410.014
3410.378
3410.741
3411.105
3411.468
3411.832
3412.195
3412.558
3412.922
3413.285
3413.649
3414.012
3414.376
3414.739
3415.103
3415.466
3415.830
3416.193
3416.557
3416.920
3417.284
3417.647
3418.011
3418.374
3418.738
3419.101
3419.465
3419.828
3420.192
3420.555
3420.919
3421.282
3421.645
3422.009
3422.372
3422.736
3423.099
3423.463
3423.826
3424.190
3435.669
3435.851
3436.032
3436.214
3436.395
3436.577
3436.758
3438.574
3438.756
3438.937
3439.119
3439.301
3439.482
3439.664
3441.479
3441.661
3441.843
3442.024
3442.206
3442.387
3442.569
3444.385
3444.566
3444.748
3444.929
3445.111
3445.293
3445.474
3447.290
3447.472
3447.653
3447.835
3448.016
3448.198
3448.379
3450.195
3450.377
3450.558
3450.740
3450.921
3451.103
3451.285
3458.392
3458.574
3458.757
3458.939
3459.121
3459.304
3459.486
3459.669
3459.851
3460.033
3460.216
3460.398
3460.581
3460.763
3460.945
3461.128
3543.245
3544.336
3544.700
3545.064
3545.427
3545.791
3546.154
3547.245
3547.609
3547.973
3548.336
3548.700
3549.063
3550.154
3550.518
3550.881
3551.245
3551.609
3551.972
3553.063
3553.427
3553.790
3554.154
3554.518
3554.881
3555.972
3556.336
3556.699
3557.063
3557.427
3557.790
3558.881
3559.245
3559.608
3559.972
3560.336
3560.699
3561.790
3562.154
3562.517
3562.881
3563.245
3563.608
3564.699
3565.063
3565.426
3565.790
3566.154
3566.517
3567.608
3567.972
3568.335
3568.699
3569.063
3569.426
3570.517
3570.881
3571.244
3571.608
3571.972
3572.335
3573.426
3573.790
3574.153
3574.517
3574.880
3575.244
3576.335
3576.699
3577.062
3577.426
3577.789
3578.153
3579.244
3579.608
3579.971
3580.335
3580.698
3581.062
3582.153
3582.517
3582.880
3583.244
3583.607
3583.971
3585.062
3585.425
3585.789
3586.153
3586.516
3586.880
3587.971
3588.334
3588.698
3589.062
3589.425
3589.789
3590.880
3591.243
3591.607
3591.971
3592.334
3592.698
3593.789
3594.152
3594.516
3594.880
3595.243
3595.607
3596.698
3597.061
3597.425
3597.789
3598.152
3598.516
3599.607
3599.970
3600.334
3600.698
3601.061
3601.425
3602.516
3602.879
3603.243
3603.607
3603.970
3604.334
3605.425
3605.788
3606.152
3606.516
3606.879
3607.243
3610.146
3610.328
3610.509
3610.691
3610.873
3611.055
3611.237
3611.419
3611.601
3611.783
3611.964
3612.146
3612.328
3612.510
3612.692
3612.874
3613.056
3613.238
3613.420
3613.601
3613.783
3613.965
3614.147
3614.329
3614.511
3614.693
3614.875
3615.056
3615.238
3615.420
3615.602
3615.784
3615.966
3616.148
3616.330
3616.512
3616.693
3616.875
3617.057
3617.239
3617.421
3617.603
3617.785
3617.967
3618.148
3618.330
3618.512
3618.694
3618.876
3619.058
3619.240
3619.422
3619.603
3619.785
3619.967
3620.149
3620.331
3620.513
3620.695
3620.877
3621.059
3621.240
3621.422
3621.604
3621.786
3621.968
3622.150
3622.332
3622.514
3622.695
3622.877
3623.059
3623.241
3623.423
3623.605
3623.787
3623.969
3624.151
3624.332
3624.514
3624.696
3624.878
3625.060
3625.242
3625.424
3625.606
3625.787
3625.969
3626.151
3626.333
3626.515
3626.697
3626.879
3627.061
3627.243
3627.424
3627.606
3627.788
3627.970
3628.152
3628.334
3628.516
3628.698
3628.879
3629.061
3629.243
3629.425
3629.607
3629.789
3629.971
3630.153
3630.334
3630.516
3630.698
3630.880
3631.062
3631.244
3631.426
3631.608
3631.790
3631.971
3632.153
3632.335
3632.517
3632.699
3632.881
3633.063
3633.245
3633.426
3633.608
3633.790
3633.972
3634.154
3634.336
3634.518
3634.700
3634.882
3635.063
3635.245
3635.427
3635.609
3635.791
3635.973
3636.155
3636.337
3636.518
3636.700
3636.882
3637.064
3637.246
3637.428
3637.610
3637.792
3637.973
3638.155
3638.337
3638.519
3638.701
3638.883
3639.065
3639.247
3639.429
3639.610
3639.792
3639.974
3640.156
3640.338
3640.520
3640.702
3640.884
3641.065
3641.247
3641.429
3641.611
3641.793
3641.975
3642.157
3642.339
3642.521
3642.702
3642.884
3643.066
3643.248
3643.430
3643.612
3643.794
3643.976
3644.157
3644.339
3644.521
3644.703
3644.885
3645.067
3645.249
3645.431
3645.612
3645.794
3645.976
3646.158
3646.340
3646.522
3646.704
3646.886
3647.068
3647.249
3647.431
3647.613
3647.795
3647.977
3648.159
3648.341
3648.523
3648.704
3648.886
3649.068
3649.250
3649.432
3649.614
3649.796
3649.978
3650.160
3650.341
3650.523
3650.705
3650.887
3651.069
3651.251
3651.433
3651.615
3651.796
3651.978
3652.160
3652.342
3652.524
3652.706
3652.888
3653.070
3653.251
3653.433
3653.615
3653.797
3653.979
3654.161
3654.343
3654.525
3654.707
3654.888
3655.070
3655.252
3655.434
3655.616
3655.798
3655.980
3656.162
3656.343
3656.525
3658.160
3658.524
3659.069
3659.251
3659.614
3659.978
3660.523
3660.705
3661.068
3661.431
3661.977
3662.158
3662.522
3662.885
3663.431
3663.612
3663.976
3664.339
3664.884
3665.066
3665.430
3665.793
3666.338
3666.520
3666.883
3667.247
3667.792
3667.974
3668.337
3668.701
3669.246
3669.428
3669.791
3670.154
3670.700
3670.881
3671.245
3671.608
3672.154
3672.335
3672.699
3673.062
3673.607
3673.789
3674.153
3674.516
3675.061
3675.243
3675.606
3675.970
3676.515
3676.697
3677.060
3677.424
3677.969
3678.151
3678.514
3678.878
3679.423
3679.604
3679.968
3680.331
3680.877
3681.058
3681.422
3681.785
3682.330
3682.512
3682.876
3683.239
3683.784
3683.966
3684.329
3684.693
3685.238
3685.420
3685.783
3686.147
3686.692
3686.874
3687.237
3687.601
3688.146
3688.327
3688.691
3689.225
3689.589
3689.770
3690.134
3690.498
3690.862
3691.225
3691.589
3692.135
3692.499
3692.681
3693.044
3693.408
3693.772
3694.136
3694.499
3695.045
3695.409
3695.591
3695.955
3696.318
3696.682
3697.046
3697.410
3697.955
3698.319
3698.501
3698.865
3699.228
3699.592
3699.956
3700.320
3700.865
3701.229
3701.411
3701.775
3702.139
3702.502
3702.866
3703.230
3703.776
3704.139
3704.321
3704.685
3705.049
3705.413
3705.776
3706.140
3706.686
3707.050
3707.231
3707.595
3707.959
3708.323
3708.686
3709.050
3709.596
3709.960
3710.142
3710.505
3710.869
3711.233
3711.597
3711.960
3712.506
3712.870
3713.052
3713.416
3713.779
3714.143
3714.507
3714.871
3715.416
3715.780
3715.962
3716.326
3716.689
3717.053
3717.417
3717.781
3718.326
3718.690
3718.872
3719.236
3719.600
3719.963
3720.327
3720.691
3721.237
3721.600
3721.782
3722.146
3722.510
3722.874
3723.237
3723.601
3724.147
3724.511
3724.692
3725.056
3725.420
3725.784
3726.147
3726.511
3727.057
3727.421
3727.603
3727.966
3728.330
3728.694
3729.058
3729.421
3729.967
3730.331
3730.513
3730.876
3731.240
3731.604
3731.968
3732.332
3732.877
3733.241
3733.423
3733.787
3734.150
3734.514
3734.878
3735.242
3735.787
3736.151
3736.333
3736.697
3737.061
3737.424
3737.788
3738.152
3738.698
3739.061
3739.243
3739.607
3739.971
3740.335
3740.698
3741.062
3741.608
3741.971
3742.153
3742.517
3742.881
3743.245
3743.608
3743.972
3744.518
3744.882
3745.064
3745.427
3745.791
3746.155
3746.519
3746.882
3747.950
3748.314
3748.678
3749.042
3749.405
3749.769
3750.861
3751.224
3751.588
3751.952
3752.316
3752.680
3753.771
3754.135
3754.499
3754.862
3755.226
3755.590
3756.681
3757.045
3757.409
3757.773
3758.137
3758.500
3759.592
3759.956
3760.320
3760.683
3761.047
3761.411
3762.502
3762.866
3763.230
3763.594
3763.958
3764.321
3765.413
3765.777
3766.140
3766.504
3766.868
3767.232
3768.323
3768.687
3769.051
3769.415
3769.778
3770.142
3771.234
3771.597
3771.961
3772.325
3772.689
3773.053
3774.144
3774.508
3774.872
3775.235
3775.599
3775.963
3777.055
3777.418
3777.782
3778.146
3778.510
3778.874
3779.965
3780.329
3780.693
3781.056
3781.420
3781.784
3782.875
3783.239
3783.603
3783.967
3784.331
3784.694
3785.786
3786.150
3786.513
3786.877
3787.241
3787.605
3788.696
3789.060
3789.424
3789.788
3790.151
3790.515
3791.607
3791.971
3792.334
3792.698
3793.062
3796.332
3796.695
3797.241
3797.423
3797.786
3798.150
3798.695
3798.877
3799.240
3799.604
3800.149
3800.331
3800.695
3801.058
3801.603
3801.785
3802.149
3802.512
3803.058
3803.239
3803.603
3803.967
3804.512
3804.694
3805.057
3805.421
3805.966
3806.148
3806.511
3806.875
3807.420
3807.602
3807.966
3808.329
3808.875
3809.056
3809.420
3809.784
3810.329
3810.511
3810.874
3811.238
3811.783
3811.965
3812.328
3812.692
3813.237
3813.419
3813.783
3814.146
3814.692
3814.873
3815.237
3815.600
3816.146
3816.328
3816.691
3817.055
3817.600
3817.782
3818.145
3818.509
3819.054
3819.236
3819.600
3819.963
3820.508
3820.690
3821.054
3821.417
3821.963
3822.144
3822.508
3822.872
3823.417
3823.599
3823.962
3824.326
3824.871
3825.053
3825.417
3825.780
3826.325
3826.507
3826.871
3827.234
3827.780
3827.961
3828.325
3828.689
3829.234
3829.416
3829.779
3830.143
3830.688
3830.870
3831.233
3831.597
3832.142
3832.324
3832.688
3833.051
3833.597
3833.778
3834.142
3834.505
3835.051
3835.233
3835.596
3835.960
3836.505
3836.687
3837.050
3837.414
3837.959
3838.141
3838.505
3838.868
3839.413
3839.595
3839.959
3840.322
3840.868
3841.049
3841.413
3841.777
3842.322
3842.504
3842.867
3843.231
3843.776
3843.958
3844.322
3844.685
3845.230
3845.412
3845.776
3846.139
3846.685
3846.866
3847.230
3847.594
3848.139
3848.321
3848.684
3849.048
3849.593
3849.775
3850.138
3850.502
3851.047
3851.229
3851.593
3851.956
3852.502
3852.683
3853.047
3853.410
3853.956
3854.138
3854.501
3854.865
3855.410
3855.592
3855.955
3856.319
3856.864
3857.046
3857.410
3857.773
3858.319
3858.500
3858.864
3859.227
3859.773
3859.955
3860.318
3860.682
3861.227
3861.409
3861.772
3862.136
3862.681
3862.863
3863.227
3863.590
3864.135
3864.317
3864.681
3865.044
3865.590
3865.771
3866.135
3866.317
3866.499
3866.681
3866.863
3867.044
3867.226
3867.408
3867.590
3867.772
3867.954
3868.136
3868.318
3868.499
3868.681
3868.863
3869.045
3869.227
3869.409
3869.591
3869.773
3869.955
3870.136
3870.318
3870.500
3870.682
3870.864
3871.046
3871.228
3871.410
3871.591
3871.773
3871.955
3872.137
3872.319
3872.501
3872.683
3872.865
3873.046
3873.228
3873.410
3873.592
3873.774
3873.956
3874.138
3874.320
3874.502
3874.683
3874.865
3875.047
3875.229
3875.411
3875.593
3875.775
3875.957
3876.138
3876.320
3876.502
3876.684
3876.866
3877.048
3877.230
3877.412
3877.594
3877.775
3877.957
3878.139
3878.321
3878.503
3878.685
3878.867
3879.049
3879.230
3879.412
3879.594
3879.776
3879.958
3880.140
3880.322
3880.504
3880.685
3880.867
3881.049
3881.231
3881.413
3881.595
3881.777
3881.959
3882.141
3882.322
3882.504
3882.686
3882.868
3883.050
3883.232
3883.414
3883.596
3883.777
3883.959
3884.141
3884.323
3884.505
3884.687
3884.869
3885.051
3885.233
3885.414
3885.596
3885.778
3885.960
3886.142
3886.324
3886.506
3886.688
3886.869
3887.051
3887.233
3887.415
3887.597
3887.779
3887.961
3888.143
3888.324
3888.506
3888.688
3888.870
3889.052
3889.234
3889.416
3889.598
3889.780
3889.961
3890.143
3890.325
3890.507
3890.689
3890.871
3891.053
3891.235
3891.416
3891.598
3891.780
3891.962
3892.144
3892.326
3892.508
3892.690
3892.872
3893.053
3893.235
3893.417
3893.599
3893.781
3893.963
3894.145
3894.327
3894.508
3894.690
3894.872
3895.054
3895.236
3895.418
3895.600
3895.782
3895.964
3896.145
3896.327
3896.509
3896.691
3896.873
3897.055
3897.237
3897.419
3897.600
3897.782
3897.964
3898.146
3898.328
3898.510
3898.692
3898.874
3899.055
3899.237
3899.419
3899.601
3899.783
3899.965
3900.147
3900.329
3900.511
3900.692
3900.874
3901.056
3901.238
3901.420
3901.602
3901.784
3901.966
3902.147
3902.329
3902.511
3902.693
3902.875
3903.057
3903.239
3903.421
3903.603
3903.784
3903.966
3904.148
3904.330
3904.512
3904.694
3904.876
3905.058
3905.239
3905.421
3905.603
3905.785
3905.967
3906.149
3906.331
3906.513
3906.694
3906.876
3907.058
3907.240
3907.422
3907.604
3907.786
3907.968
3908.150
3908.331
3908.513
3908.695
3908.877
3909.059
3909.241
3909.423
3909.605
3909.786
3909.968
3910.150
3910.332
3910.514
3910.696
3910.878
3911.060
3911.242
3911.423
3911.605
3911.787
3911.969
3912.151
3912.333
3912.515
