10.753
11.201
11.649
12.097
12.544
12.992
13.440
13.888
14.336
14.784
15.231
15.679
16.127
16.575
17.023
17.471
17.918
18.366
18.814
19.262
19.710
20.158
20.606
21.053
21.501
21.949
22.397
22.845
23.293
23.740
24.188
24.636
25.084
25.532
25.980
26.428
26.875
27.323
27.771
28.219
28.667
29.115
29.562
30.010
30.458
30.906
31.354
31.802
32.249
32.697
33.145
33.593
34.041
34.489
34.937
35.384
35.832
36.280
36.728
37.176
37.624
38.071
39.406
39.630
39.854
40.302
40.526
40.750
41.198
41.421
41.645
42.093
42.317
42.541
42.989
43.213
43.437
43.885
44.108
44.332
44.780
45.004
45.228
45.676
45.900
46.124
46.572
46.796
47.019
47.467
47.691
47.915
48.363
48.587
48.811
49.259
49.483
49.707
50.154
50.378
50.602
51.050
51.274
51.498
51.946
52.170
52.394
52.841
53.065
53.289
53.737
53.961
54.185
54.633
54.857
55.081
55.528
55.752
55.976
56.424
56.648
56.872
57.320
57.544
57.768
58.216
58.439
58.663
59.111
59.335
59.559
60.007
60.231
60.455
60.903
61.127
61.350
61.798
62.022
62.246
62.694
62.918
63.142
63.590
63.814
64.038
64.485
64.709
64.933
65.381
65.605
65.829
66.277
66.501
66.725
67.172
67.396
67.620
68.068
68.515
68.962
69.410
69.857
70.304
70.752
71.199
71.647
72.094
72.541
72.989
73.436
73.883
74.331
74.778
75.226
75.673
76.120
76.568
77.015
77.462
77.910
78.357
78.804
79.252
79.699
80.147
80.594
81.041
81.489
81.936
82.383
82.831
83.278
83.726
84.173
84.620
85.068
85.515
85.962
86.410
86.857
87.305
87.752
88.199
88.647
89.094
89.541
89.989
90.436
90.883
91.331
91.778
92.226
92.450
92.675
92.900
93.125
93.349
93.574
93.799
94.024
94.249
94.473
94.698
94.923
95.148
95.373
95.597
95.822
96.047
96.272
96.496
98.599
100.300
102.035
103.837
105.672
107.474
109.243
110.978
112.679
114.515
116.316
118.118
119.920
121.622
123.357
125.392
125.839
126.286
126.733
127.180
127.628
128.075
128.522
128.969
129.416
129.863
130.310
130.757
131.205
131.652
132.099
132.546
132.993
133.440
133.887
134.334
134.781
135.229
135.676
136.123
136.570
137.017
137.464
137.911
138.358
138.805
139.253
139.700
140.147
140.594
141.041
141.488
141.935
142.382
142.829
143.277
143.724
144.171
144.618
145.065
145.512
145.959
146.406
146.853
147.301
147.748
148.195
148.642
149.089
149.536
149.983
150.430
150.877
151.325
151.772
152.219
152.666
153.113
153.560
154.007
154.454
155.515
156.577
157.638
158.699
159.760
161.194
161.641
162.087
162.533
162.979
163.425
163.871
164.317
164.763
165.209
165.655
166.102
166.548
166.994
167.440
167.886
168.332
168.778
169.224
169.670
170.116
170.563
171.009
171.455
171.901
172.347
172.793
173.239
173.685
174.131
174.577
175.023
175.470
175.916
176.362
176.808
177.254
177.700
178.146
178.592
179.038
179.484
179.931
180.377
180.823
181.269
181.715
182.382
182.606
182.831
183.055
183.279
183.503
183.727
183.952
184.176
184.400
184.624
184.848
185.072
185.297
185.521
185.745
185.969
186.193
186.418
186.642
186.866
187.090
187.314
187.538
187.763
187.987
188.211
188.435
188.659
188.884
189.108
189.332
189.556
189.780
190.004
190.229
190.453
190.677
190.901
191.125
191.350
191.574
191.798
192.022
192.246
192.470
192.695
192.919
193.143
193.367
193.591
193.816
194.040
194.264
194.488
194.712
194.937
195.161
195.385
195.609
195.833
196.057
196.282
196.506
196.730
197.464
197.912
198.360
198.584
198.808
199.256
199.704
200.152
200.376
200.599
201.047
201.495
201.943
202.167
202.391
202.839
203.287
203.735
203.959
204.183
204.631
205.079
205.527
205.751
205.975
206.422
206.870
207.318
207.542
207.766
208.214
208.662
209.110
209.334
209.558
210.006
210.454
210.902
211.126
211.350
211.798
212.245
212.693
212.917
213.141
213.589
214.037
214.485
214.709
214.933
215.381
215.829
216.277
216.501
216.725
217.173
217.621
218.068
218.292
218.516
218.964
219.412
219.860
220.084
220.308
220.756
221.204
221.652
221.876
222.100
222.548
222.996
223.444
223.667
223.891
224.339
224.787
225.235
225.459
225.683
226.131
226.578
227.026
227.474
227.922
228.369
228.817
229.265
229.712
230.160
230.608
231.055
231.503
231.951
232.398
232.846
233.294
233.741
234.189
234.637
235.084
235.532
235.980
236.427
236.875
237.323
237.770
238.218
238.666
239.113
239.561
240.009
240.456
240.904
241.352
241.800
242.247
242.695
243.143
243.590
244.038
244.486
244.933
245.381
245.829
246.276
246.724
247.172
247.619
248.067
248.515
248.962
249.410
249.858
250.305
250.753
251.201
251.648
252.096
252.544
252.991
253.439
253.887
254.334
254.782
255.230
255.677
256.125
256.573
257.021
257.468
257.916
258.364
258.811
259.259
259.707
260.154
260.602
261.050
261.497
261.945
262.393
262.840
263.288
263.736
264.183
264.631
265.079
265.526
265.974
266.422
266.869
267.317
267.765
268.212
268.660
269.108
269.555
270.003
272.272
272.496
272.719
272.943
273.166
273.613
273.837
274.061
274.508
274.731
274.955
275.178
275.402
275.849
276.073
276.296
276.743
276.967
277.190
277.414
277.637
278.085
278.308
278.532
278.979
279.202
279.426
279.649
279.873
280.320
280.544
280.767
281.214
281.438
281.661
281.885
282.109
282.556
282.779
283.003
283.450
283.673
283.897
284.121
284.344
284.791
285.015
285.238
285.685
285.909
286.133
286.356
286.580
287.027
287.250
287.474
287.921
288.145
288.368
288.592
288.815
289.262
289.486
289.709
290.157
290.380
290.604
290.827
291.051
291.498
291.721
291.945
292.392
292.616
292.839
293.063
293.286
293.733
293.957
294.181
294.628
294.851
295.075
295.298
295.522
295.969
296.193
296.416
296.863
297.087
297.310
297.534
297.757
298.205
298.428
298.652
299.099
299.322
299.546
299.769
299.993
300.440
300.664
300.887
301.334
301.557
301.781
302.004
302.227
302.450
302.673
302.896
303.119
303.342
303.565
303.788
304.011
304.235
304.458
304.681
304.904
305.127
305.350
305.573
305.796
306.019
306.242
306.465
306.689
306.912
307.135
307.358
307.581
307.804
308.027
308.250
308.473
308.696
308.919
309.143
309.366
309.589
309.812
310.035
310.258
310.481
310.704
310.927
311.041
311.154
311.268
311.381
311.495
311.608
311.722
311.835
311.949
312.062
312.176
312.289
312.403
312.516
312.630
312.743
312.857
312.970
313.084
313.197
313.311
313.424
313.538
313.651
313.765
313.878
313.992
315.215
315.663
316.111
316.559
317.006
317.454
317.902
318.350
318.798
319.246
319.693
320.141
320.589
321.037
321.485
321.933
322.380
322.828
323.276
323.724
324.172
324.620
325.068
325.515
325.963
326.411
326.859
327.307
327.755
328.202
328.650
329.098
329.546
329.994
330.442
330.890
331.337
331.785
332.233
332.681
333.129
333.577
334.024
334.472
334.920
335.368
335.816
336.264
336.711
337.159
337.607
338.055
338.503
338.951
339.399
339.846
340.294
340.742
341.190
341.638
342.086
342.533
342.981
343.429
343.877
344.101
344.325
344.549
344.773
345.222
345.670
345.894
346.118
346.342
346.566
347.014
347.463
347.687
347.911
348.135
348.359
348.807
349.255
349.480
349.704
349.928
350.152
350.600
351.048
351.272
351.497
351.721
351.945
352.393
352.841
353.065
353.289
353.513
353.738
354.186
354.634
354.858
355.082
355.306
355.530
355.979
356.427
356.651
356.875
357.099
357.323
357.771
358.220
358.444
358.668
358.892
359.116
359.564
360.012
360.237
360.461
360.685
360.909
361.357
361.805
362.029
362.254
362.478
362.702
363.150
363.598
363.822
364.046
364.270
364.495
364.943
365.391
365.615
365.839
366.063
366.287
366.736
367.184
367.408
367.632
367.856
368.080
368.528
368.977
369.201
369.425
369.649
369.873
370.321
370.769
370.994
371.218
371.442
371.666
372.114
372.562
372.786
373.011
373.235
373.459
373.907
374.608
375.073
375.538
376.004
376.469
376.934
377.399
377.865
378.330
378.795
379.260
379.726
380.191
380.656
381.122
381.587
382.052
382.517
382.983
383.448
383.913
384.379
384.844
385.309
385.774
386.240
386.705
387.170
387.635
388.101
388.566
389.031
389.497
389.962
390.427
390.892
391.358
391.823
392.288
392.754
393.219
393.684
394.149
394.615
395.080
395.545
396.011
396.476
396.941
397.406
397.872
398.337
398.802
399.267
399.733
400.198
400.663
401.129
401.594
402.059
402.524
402.990
403.455
403.920
404.386
404.851
405.316
405.781
406.247
406.712
407.177
407.643
408.108
408.573
409.038
409.504
409.969
410.434
410.899
411.365
411.830
412.295
412.761
413.226
413.691
414.156
414.622
415.087
415.552
416.018
416.483
417.450
417.683
417.916
418.382
418.615
418.848
419.314
419.547
419.780
420.246
420.479
420.711
421.177
421.410
421.643
422.109
422.342
422.575
423.041
423.274
423.507
423.972
424.205
424.438
424.904
425.137
425.370
425.836
426.069
426.302
426.768
427.000
427.233
427.699
427.932
428.165
428.631
428.864
429.097
429.563
429.796
430.029
430.494
430.727
430.960
431.426
431.659
431.892
432.358
432.591
432.824
433.290
433.522
433.755
434.221
434.454
434.687
435.153
435.386
435.619
436.085
436.318
436.551
437.016
437.249
437.482
437.948
438.181
438.414
438.880
439.113
439.346
439.811
440.044
440.277
440.743
440.976
441.209
441.675
441.908
442.141
442.607
442.840
443.072
443.474
443.705
443.937
444.168
444.400
444.631
444.862
445.094
445.325
445.557
445.788
446.019
446.251
446.482
446.714
446.945
447.177
447.408
447.639
447.871
447.986
448.102
448.217
448.333
448.448
448.564
448.679
448.795
448.910
449.026
449.141
449.257
449.372
449.488
449.603
449.719
449.834
449.950
451.885
453.668
455.450
457.233
459.016
460.799
462.581
464.364
466.132
466.800
467.265
467.729
468.194
468.659
469.124
469.589
470.054
470.518
470.983
471.448
471.913
472.378
472.843
473.307
473.772
474.237
474.702
475.167
475.632
476.096
476.561
477.026
477.491
477.956
478.421
478.885
479.350
479.815
480.280
481.681
481.914
482.146
482.611
483.076
483.541
483.774
484.006
484.471
484.936
485.402
485.634
485.867
486.332
486.797
487.262
487.494
487.727
488.192
488.657
489.122
489.354
489.587
490.052
490.517
490.982
491.214
491.447
491.912
492.377
492.842
493.074
493.307
493.772
494.237
494.702
494.935
495.167
495.632
496.097
496.562
496.795
497.027
497.492
497.957
498.422
498.655
498.887
499.352
499.817
500.282
500.515
500.747
501.212
501.677
502.142
502.375
502.607
503.072
503.538
504.003
504.235
504.468
504.933
505.398
505.863
506.095
506.328
506.793
507.258
507.723
507.955
508.188
508.653
509.118
509.583
509.815
510.048
510.513
510.978
511.443
511.675
511.908
512.373
512.838
513.303
513.536
513.768
514.233
514.698
515.163
515.396
515.628
516.093
516.558
517.023
517.256
517.488
517.953
518.418
518.883
519.116
519.348
519.813
520.278
520.743
520.976
521.208
521.674
522.139
522.604
522.836
523.069
523.534
523.999
524.464
524.696
524.929
525.394
525.859
527.360
527.827
528.295
528.762
529.229
529.696
530.360
531.025
531.689
532.353
533.017
533.682
534.346
535.010
535.675
536.339
537.003
537.668
538.332
538.996
539.660
540.325
540.989
541.653
542.318
542.982
543.646
544.311
544.975
545.639
546.303
546.968
547.632
548.296
548.961
549.625
550.289
550.954
551.618
552.198
552.779
553.360
553.940
554.521
555.101
555.682
556.262
556.843
557.424
558.004
558.585
559.165
559.746
560.327
560.792
561.258
561.724
562.189
562.655
563.121
563.586
564.052
564.518
564.983
565.449
565.915
566.380
566.846
567.312
567.777
568.243
568.709
569.175
569.640
570.106
570.572
571.037
572.038
572.271
572.504
572.736
572.969
573.434
573.900
574.133
574.365
574.598
574.831
575.296
575.761
575.994
576.227
576.459
576.692
577.158
577.623
577.856
578.088
578.321
578.554
579.019
579.485
579.717
579.950
580.183
580.415
580.881
581.346
581.579
581.812
582.044
582.277
582.742
583.208
583.440
583.673
583.906
584.139
584.604
585.069
585.302
585.535
585.767
586.000
586.465
586.931
587.164
587.396
587.629
587.862
588.327
588.792
589.025
589.258
589.491
589.723
590.189
590.654
590.887
591.119
591.352
591.585
592.050
592.516
592.748
592.981
593.214
593.446
593.912
594.377
594.610
594.843
595.075
595.308
595.773
596.239
596.471
596.704
596.937
597.170
597.635
598.100
598.333
598.566
598.798
599.031
599.497
599.962
600.195
600.427
600.660
600.893
601.358
601.824
602.056
602.289
602.522
602.754
603.220
603.685
603.918
604.151
604.383
604.616
605.081
605.547
605.779
606.012
606.245
606.477
606.943
607.408
607.641
607.874
608.106
608.339
608.804
609.270
609.503
609.735
609.968
610.201
610.666
611.131
611.364
611.597
611.830
612.062
612.528
612.993
613.226
613.458
613.691
613.924
614.389
614.855
615.087
615.320
615.553
615.785
616.250
616.715
617.180
617.645
618.110
618.575
619.040
619.505
619.970
620.435
620.900
621.365
621.830
622.295
622.760
623.225
623.690
624.155
624.620
625.085
625.550
626.015
626.480
626.945
627.410
627.875
628.340
628.805
629.270
629.735
630.200
630.665
631.130
631.595
632.060
632.525
632.990
633.455
633.920
634.385
634.850
635.315
635.780
636.245
636.710
637.175
637.640
638.105
638.570
639.035
639.500
639.965
640.430
640.895
641.360
641.825
642.290
642.755
643.220
643.685
644.150
644.615
645.080
645.545
646.513
646.746
646.979
647.211
647.444
647.677
647.910
648.143
648.376
648.609
648.842
649.075
649.308
649.541
649.774
650.007
650.240
650.473
650.706
650.939
651.172
651.405
651.638
651.870
652.103
652.336
652.569
652.802
653.035
653.268
653.501
653.734
653.967
654.200
654.433
654.666
654.899
655.132
655.365
655.598
655.831
656.064
656.296
656.529
656.762
656.995
657.228
657.461
657.694
657.927
658.160
658.393
658.626
658.859
659.092
661.526
661.988
662.450
662.911
663.373
663.835
664.297
664.759
665.221
665.683
666.145
666.607
667.069
667.531
667.993
668.455
668.917
669.379
669.841
670.303
670.765
671.227
671.689
672.151
672.613
673.075
673.537
673.999
674.461
674.923
675.385
675.847
676.309
676.540
676.770
677.232
677.463
677.693
678.155
678.385
678.616
679.077
679.308
679.539
680.000
680.231
680.462
680.923
681.154
681.384
681.846
682.077
682.307
682.769
682.999
683.230
683.691
683.922
684.153
684.614
684.845
685.076
685.537
685.768
685.998
686.460
686.691
686.921
687.383
687.613
687.844
688.305
688.536
688.767
689.228
689.459
689.690
690.151
690.382
690.612
691.074
691.305
691.535
691.997
692.227
692.458
692.919
693.150
693.381
693.842
694.073
694.304
694.765
694.996
695.226
695.688
695.918
696.149
696.611
696.841
697.072
697.533
697.764
697.995
698.456
698.687
698.918
699.379
699.610
699.840
700.302
700.532
700.763
701.225
701.455
701.686
702.147
702.378
702.609
703.070
703.301
703.532
703.993
704.224
704.454
704.916
705.146
705.377
705.839
706.069
706.300
706.531
706.762
706.993
707.224
707.455
707.686
707.917
708.148
708.378
708.609
708.840
709.071
709.302
709.533
709.764
709.995
710.226
710.457
710.687
710.918
711.149
711.380
711.611
713.165
713.859
714.321
714.784
716.865
717.559
718.022
718.484
720.566
721.259
721.722
722.185
724.266
724.960
725.422
725.885
727.966
728.660
729.123
729.585
731.667
732.361
732.823
733.286
735.367
736.061
736.524
736.986
739.068
739.761
740.224
740.687
742.768
743.462
743.924
744.387
746.468
747.162
747.625
748.087
750.169
750.863
751.325
751.788
753.869
754.563
755.026
755.488
757.590
757.820
758.050
758.279
758.509
758.739
758.968
759.198
759.428
759.657
759.887
760.117
760.346
760.576
760.806
761.035
761.265
761.495
761.724
761.954
762.184
762.413
762.643
762.873
763.102
763.332
763.562
763.791
764.021
764.251
764.480
764.710
764.827
764.944
765.061
765.178
765.295
765.412
765.529
765.646
765.762
765.879
765.996
766.113
766.230
766.347
766.464
766.581
766.698
766.815
766.932
767.049
767.165
767.282
767.399
767.516
767.633
767.750
767.867
767.984
768.101
768.218
768.335
768.452
768.569
772.272
772.734
773.195
773.657
774.119
774.581
775.043
775.505
775.967
776.429
776.891
777.353
777.815
778.277
778.738
779.200
779.662
780.124
780.586
781.048
781.510
781.972
782.434
782.896
783.358
783.820
784.282
784.743
785.205
785.667
786.129
786.591
787.053
787.284
787.515
787.976
788.207
788.438
788.899
789.130
789.361
789.822
790.053
790.284
790.746
790.976
791.207
791.669
791.900
792.130
792.592
792.823
793.053
793.515
793.746
793.977
794.438
794.669
794.900
795.361
795.592
795.823
796.284
796.515
796.746
797.208
797.438
797.669
798.131
798.591
799.051
799.511
799.971
800.432
800.892
801.352
801.812
802.272
802.733
803.193
803.653
804.113
804.573
805.033
805.494
805.954
806.414
806.874
807.334
807.795
808.255
808.715
809.175
809.870
810.334
810.797
812.883
813.578
814.042
814.505
816.591
817.286
817.750
818.213
820.299
820.994
821.458
821.921
823.990
824.221
824.452
824.683
824.914
825.145
825.377
825.608
825.839
826.070
826.301
826.532
826.763
826.994
827.225
827.456
827.687
827.919
828.150
828.381
828.612
828.843
829.074
829.305
829.536
829.767
829.998
830.229
831.364
831.593
831.823
832.282
832.511
832.740
833.199
833.430
833.661
833.892
834.123
834.584
834.815
835.046
835.508
835.739
835.970
836.431
836.662
836.893
837.124
837.355
837.817
838.048
838.278
838.740
838.971
839.202
839.664
839.895
840.125
840.356
840.587
841.049
841.280
841.511
841.972
842.203
842.434
842.896
843.127
843.358
843.589
843.819
844.281
844.512
844.743
845.205
845.436
845.666
846.128
846.359
846.590
846.820
847.051
847.512
847.974
848.204
848.435
848.666
848.896
849.358
849.819
850.050
850.281
850.511
850.742
851.203
851.665
851.895
852.126
852.357
852.587
853.049
853.510
853.741
853.972
854.202
854.433
854.894
855.356
855.586
855.817
856.048
856.279
856.740
857.201
857.427
857.653
857.880
858.106
858.332
858.449
858.566
858.683
858.800
858.917
859.034
859.151
859.268
859.385
859.502
859.619
859.736
859.853
859.970
860.087
860.204
860.321
860.438
860.555
860.672
860.789
860.906
861.023
861.140
861.257
861.374
861.491
861.608
861.725
861.842
861.959
862.076
862.193
