23.481
23.902
24.324
24.745
25.167
25.588
26.010
26.431
30.265
30.687
31.109
31.531
31.953
32.376
32.798
33.220
33.642
34.064
34.487
34.909
35.331
35.753
36.175
36.598
37.020
37.442
37.864
38.286
38.708
39.131
39.553
39.975
40.397
40.819
41.242
41.664
42.086
42.508
42.930
43.352
43.775
44.197
44.619
45.041
45.463
45.886
46.308
46.730
47.152
47.574
47.996
48.419
48.841
49.263
49.685
50.107
50.530
50.952
51.374
51.796
52.218
52.640
53.063
53.485
53.907
54.329
54.751
55.174
55.596
56.018
56.440
56.862
57.284
64.052
64.896
65.740
66.583
67.427
68.271
69.115
69.959
70.803
71.224
71.644
72.065
72.486
72.907
73.328
73.749
74.170
74.591
75.011
75.432
75.853
76.274
76.695
77.116
77.537
77.958
78.379
78.799
79.220
79.641
80.062
80.483
80.904
81.325
81.746
82.166
82.587
83.008
83.429
83.850
84.271
85.088
85.308
85.529
85.750
85.971
86.394
86.816
87.238
87.661
88.083
88.506
88.928
89.351
89.773
90.196
90.618
91.041
91.463
91.886
92.308
92.730
93.153
93.575
93.998
94.420
94.843
95.265
95.688
96.110
96.533
96.955
97.378
97.800
98.222
98.645
99.067
99.490
99.912
100.335
100.757
101.180
101.602
102.025
102.447
102.870
103.292
103.714
104.137
104.559
104.982
105.404
105.827
106.249
106.672
107.094
107.517
107.939
108.362
108.784
109.206
109.629
110.051
110.474
110.685
110.896
111.318
111.740
112.162
112.373
112.584
113.007
113.429
113.851
114.062
114.273
114.695
115.117
115.539
115.750
115.961
116.383
116.806
117.228
117.439
117.650
118.072
118.494
118.916
119.127
119.338
119.760
120.182
120.605
120.816
121.027
121.449
124.825
125.248
125.671
126.093
126.516
126.938
127.361
127.783
128.206
128.628
129.051
129.473
129.896
130.318
130.741
131.164
131.586
132.009
132.431
132.854
133.276
133.699
134.121
134.544
134.966
135.389
135.811
136.234
136.657
137.079
137.502
137.924
138.347
138.558
138.769
139.192
139.615
140.037
140.249
140.460
140.883
141.305
141.728
141.939
142.151
142.573
142.996
143.418
143.630
143.841
144.264
144.686
145.109
145.320
145.532
145.954
146.377
146.800
147.011
147.222
147.645
148.068
148.490
148.702
148.913
149.336
149.758
150.181
150.392
150.603
151.026
151.449
151.871
152.083
152.294
152.717
153.139
153.562
153.773
153.985
154.196
154.407
154.618
154.830
155.041
155.252
155.463
155.675
155.886
156.097
156.308
156.520
156.731
156.942
157.153
157.365
157.576
157.787
157.998
158.210
158.421
158.632
158.844
159.055
159.266
159.477
159.689
159.900
160.111
160.322
160.534
160.745
160.956
161.167
161.379
161.590
161.801
162.012
162.224
162.435
162.646
162.857
163.069
163.280
163.491
163.703
163.914
164.125
164.336
164.548
164.759
164.970
165.181
165.393
165.604
165.815
166.026
166.238
166.449
166.660
166.871
167.083
168.358
168.569
168.780
168.992
169.203
169.414
169.625
169.836
170.047
170.258
170.470
170.681
170.892
171.103
171.314
171.525
171.736
171.947
172.159
172.370
172.581
172.792
173.003
173.214
173.425
173.637
173.848
174.059
174.270
174.481
174.692
174.903
175.114
175.326
175.537
175.748
175.959
176.170
176.381
176.592
176.804
177.015
177.226
177.437
177.648
177.859
178.070
178.281
178.493
178.704
178.915
179.126
179.337
179.548
180.615
180.826
181.249
181.461
181.883
182.306
182.729
183.151
183.574
183.997
184.208
184.631
184.842
185.265
185.688
186.111
186.533
186.956
187.379
187.590
188.013
188.224
188.647
189.070
189.492
189.915
190.338
190.761
190.972
191.395
191.606
192.029
192.452
192.874
193.297
193.720
194.143
194.354
194.777
194.988
195.411
195.833
202.601
204.290
205.979
207.667
209.356
211.045
212.734
214.423
216.112
216.535
216.958
217.381
217.805
218.228
218.651
219.074
219.497
219.921
220.344
220.767
221.190
221.613
222.036
222.460
222.883
223.306
223.729
224.152
224.576
224.999
225.422
225.845
226.268
226.692
227.115
227.538
227.961
228.384
228.808
229.231
229.654
229.865
230.076
230.498
230.920
231.342
231.553
231.764
232.186
232.608
233.031
233.242
233.453
233.875
234.297
234.719
235.141
235.563
235.985
236.407
236.618
236.829
237.251
237.673
238.095
238.306
238.517
238.940
239.362
239.784
239.995
240.206
240.628
241.050
241.472
241.895
242.317
242.739
243.162
243.584
244.006
244.428
244.851
245.273
245.695
246.117
246.540
246.962
247.384
247.806
248.229
248.651
249.073
249.495
249.918
250.340
250.762
251.184
251.607
252.029
252.451
252.873
253.296
253.718
254.140
254.562
254.985
255.407
255.829
256.251
256.674
256.885
257.097
258.368
258.580
258.792
260.063
260.275
260.487
261.758
262.178
262.599
263.020
263.441
263.652
263.863
265.130
265.341
265.552
266.819
267.030
267.242
268.508
268.929
269.350
269.771
270.192
270.403
270.615
271.038
271.460
271.883
272.095
272.306
272.729
273.152
273.575
273.786
273.997
274.420
274.843
275.266
275.689
276.111
276.534
276.957
277.169
277.380
277.803
278.226
278.648
278.860
279.071
279.494
279.917
280.340
280.551
280.763
281.186
281.609
282.032
282.455
282.878
283.301
283.724
284.148
284.571
284.994
285.417
285.840
286.263
286.686
287.109
287.532
287.955
288.379
288.802
289.225
289.648
290.071
290.494
290.704
290.914
291.124
291.334
291.544
291.753
291.963
292.173
292.383
292.593
292.803
293.013
293.223
293.433
293.642
293.852
293.959
294.066
294.173
294.280
294.386
294.493
294.600
294.707
294.814
294.921
295.027
295.134
295.241
295.348
295.455
295.561
297.245
297.456
297.667
298.089
298.511
298.933
299.144
299.355
299.777
300.199
300.621
300.833
301.044
301.466
301.888
302.310
302.732
303.154
303.576
303.998
304.209
304.420
304.842
305.264
305.686
305.897
306.108
306.530
306.953
307.375
307.586
307.797
308.220
308.644
309.068
309.492
309.916
310.339
310.763
310.975
311.186
311.398
311.610
311.821
312.033
312.457
312.668
312.880
313.092
313.303
313.515
313.727
314.150
314.362
314.573
314.785
314.997
315.208
315.420
315.844
316.268
316.692
317.116
317.539
317.750
317.961
318.172
318.382
318.593
318.804
319.225
319.436
319.647
319.858
320.068
320.279
320.490
320.911
321.122
321.333
321.544
321.754
321.965
322.176
322.598
323.021
323.443
323.865
324.288
324.710
325.133
325.555
325.978
326.400
326.823
327.245
327.667
328.090
328.512
328.935
329.357
329.780
330.202
330.624
331.047
331.469
331.892
332.314
332.737
333.159
333.581
334.004
334.426
334.849
335.271
335.694
336.116
337.811
338.233
338.655
339.078
339.500
339.922
340.344
340.767
341.189
341.611
342.033
342.456
342.878
343.300
343.723
344.145
344.567
344.989
345.412
345.834
346.256
346.678
347.101
347.523
347.945
348.367
348.790
349.212
349.634
351.334
351.546
351.757
352.179
352.602
353.024
353.235
353.447
353.869
354.291
354.714
354.925
355.136
355.559
355.981
356.404
356.826
357.249
357.671
358.093
358.305
358.516
358.938
359.361
359.783
359.994
360.206
360.628
361.051
361.473
361.684
361.895
362.318
362.740
363.163
363.585
364.008
364.430
364.853
378.354
378.566
378.778
380.049
380.261
380.472
381.743
381.955
382.167
383.438
383.859
384.280
384.701
385.122
385.333
385.545
386.816
387.028
387.240
388.511
388.723
388.935
390.206
390.629
391.051
391.473
391.895
392.317
392.739
393.162
393.584
394.006
394.428
394.850
395.272
395.694
396.117
396.539
396.961
397.383
397.805
398.227
398.650
398.862
399.075
399.287
399.499
399.712
399.924
400.137
400.349
400.562
400.774
400.987
401.199
401.411
401.624
401.836
402.049
402.155
402.260
402.366
402.472
402.577
402.683
402.789
402.895
403.000
403.106
403.212
403.317
403.423
403.529
403.635
403.740
405.407
405.619
405.831
406.043
406.254
406.466
406.678
407.102
407.314
407.525
407.737
407.949
408.161
408.373
408.796
409.008
409.220
409.432
409.644
409.856
410.067
410.485
410.904
411.322
411.740
412.158
412.369
412.580
412.791
413.002
413.214
413.425
413.847
414.058
414.269
414.480
414.692
414.903
415.114
415.536
415.747
415.958
416.169
416.381
416.592
416.803
417.224
417.645
418.066
418.487
418.909
419.120
419.331
419.543
419.754
419.965
420.177
420.388
420.599
420.811
421.022
421.234
421.445
421.656
421.868
422.079
422.290
422.502
422.713
422.924
423.136
423.347
423.558
423.770
423.981
424.192
424.404
424.615
424.827
425.038
425.249
425.461
425.672
425.883
426.095
426.306
426.517
426.729
426.940
427.151
427.363
427.574
427.785
427.997
428.208
428.419
428.631
428.842
429.054
429.265
429.476
429.688
429.899
430.110
430.322
430.533
430.744
430.956
431.167
431.378
431.590
431.801
432.012
432.224
432.435
432.647
432.858
433.069
433.281
433.492
433.703
433.915
434.126
434.337
434.549
434.760
434.971
435.183
435.394
435.605
435.817
436.028
436.240
436.451
436.662
436.874
437.085
437.296
437.508
437.719
437.930
438.142
438.353
438.564
438.776
438.987
439.198
439.410
439.621
439.832
440.044
440.255
440.467
440.678
440.889
441.101
441.312
441.523
441.735
441.946
442.157
442.369
442.580
442.791
443.003
443.214
443.425
443.637
443.848
444.060
444.271
444.482
444.694
444.905
445.116
445.328
445.539
445.750
445.962
446.384
446.807
447.230
447.653
448.075
448.498
448.921
449.344
449.766
450.189
450.612
451.034
451.457
451.880
452.303
452.725
453.148
453.571
453.994
454.416
454.839
455.262
455.684
456.107
456.530
456.953
457.375
457.798
458.221
458.644
459.066
459.489
459.912
460.334
460.757
461.180
461.603
462.025
462.448
462.871
463.293
463.716
464.139
464.562
464.984
465.407
465.830
466.253
466.675
467.098
467.521
467.943
468.366
468.789
469.212
469.634
470.057
470.480
470.903
471.325
471.748
472.171
472.593
473.016
473.439
473.862
474.284
474.707
475.130
475.553
475.975
476.398
476.821
477.243
477.666
478.089
478.512
478.934
479.357
479.780
480.203
480.625
481.048
481.471
481.893
482.316
482.739
483.162
483.584
484.007
484.430
484.853
485.275
485.698
486.121
486.543
489.900
493.284
496.667
500.051
503.435
505.125
506.814
508.504
510.194
511.884
513.574
515.263
516.953
517.376
517.799
518.222
518.645
519.068
519.491
519.914
520.337
520.760
521.183
521.606
522.029
522.452
522.875
523.298
523.720
524.143
524.566
524.989
525.412
525.835
526.258
526.681
527.104
527.527
527.950
528.373
528.796
529.219
529.642
530.065
530.488
530.699
530.910
531.333
531.544
531.755
532.177
532.388
532.600
533.022
533.233
533.444
533.867
534.078
534.289
534.711
534.922
535.133
535.556
535.767
535.978
536.400
536.612
536.823
537.245
537.456
537.667
538.090
538.301
538.512
538.934
539.146
539.357
539.779
539.990
540.201
540.624
540.835
541.046
541.468
541.680
541.891
542.313
542.524
542.735
543.158
543.369
543.580
544.002
552.440
552.863
553.286
553.709
554.131
554.554
554.977
555.399
555.822
556.245
556.668
557.090
557.513
557.936
558.358
558.781
559.204
559.627
560.049
560.472
560.895
561.317
561.740
562.163
562.585
563.008
563.431
563.854
564.276
564.699
565.122
565.544
565.967
566.390
566.813
567.235
567.658
568.081
568.503
568.926
569.349
569.772
570.194
570.617
571.040
571.462
571.885
572.308
572.731
572.942
573.153
573.365
573.576
573.788
573.999
574.211
574.422
574.634
574.845
575.057
575.268
575.479
575.691
575.902
576.114
576.325
576.537
576.748
576.960
577.171
577.383
577.594
577.805
578.017
578.228
578.440
578.651
578.863
579.074
579.286
579.497
579.709
579.920
580.131
580.343
580.554
580.766
580.977
581.189
581.400
581.612
581.823
582.035
582.246
582.457
582.669
582.880
583.092
583.303
583.515
583.726
583.938
584.149
584.360
584.572
584.783
584.995
585.206
585.418
585.831
586.244
586.456
586.667
586.879
587.090
587.302
587.513
587.725
587.936
588.148
588.359
588.571
588.782
588.993
589.205
589.416
589.628
589.839
590.051
590.262
590.474
590.685
590.897
591.108
591.320
591.531
591.743
591.954
592.166
592.377
592.589
592.800
593.012
593.223
593.435
593.646
593.858
594.069
594.281
594.492
594.703
594.915
595.126
595.338
595.549
595.761
595.972
596.184
596.395
596.607
596.818
597.030
597.241
597.453
597.664
597.876
598.087
598.299
598.510
598.722
598.933
599.145
599.356
599.568
599.779
600.202
600.625
601.048
601.471
601.895
602.318
602.741
603.164
603.587
604.010
604.433
604.856
605.279
605.702
606.125
606.548
606.972
607.395
607.818
608.241
608.664
609.087
609.510
609.933
610.356
610.779
611.202
611.626
612.049
612.472
612.895
613.318
613.741
614.164
614.375
614.586
615.009
615.431
615.853
616.064
616.275
616.698
617.120
617.542
617.753
617.964
618.387
618.809
619.231
619.442
619.654
620.076
620.498
620.920
621.131
621.343
621.765
622.187
622.609
622.821
623.032
623.454
623.876
624.299
624.510
624.721
625.143
625.565
625.988
626.199
626.410
626.832
628.522
630.212
631.901
633.591
635.281
636.971
638.661
640.350
640.562
640.773
640.984
641.196
641.407
641.618
641.830
642.041
642.252
642.464
642.675
642.887
643.098
643.309
643.521
643.732
643.943
644.155
644.366
644.577
644.789
645.000
645.211
645.423
645.634
645.845
646.057
646.268
646.480
646.691
646.902
647.114
647.325
647.536
647.748
647.959
648.170
648.382
648.593
648.804
649.016
649.227
649.438
649.650
649.861
650.073
650.284
650.495
650.707
650.918
651.129
651.341
651.552
651.763
651.975
652.186
652.397
652.609
652.820
653.031
653.243
653.454
653.665
653.877
654.088
654.300
654.511
654.722
654.934
655.145
655.356
655.568
655.779
655.990
656.202
656.413
656.624
656.836
657.047
657.258
657.470
657.681
657.893
658.104
658.315
658.527
658.738
658.949
659.161
659.372
659.583
659.795
660.006
660.217
660.429
660.640
660.851
661.063
661.274
661.486
661.697
661.908
662.120
662.331
662.542
662.754
662.965
663.176
663.388
663.599
663.810
664.022
664.233
664.444
664.656
664.867
665.078
665.290
665.501
665.713
665.924
666.135
666.347
666.558
666.769
666.981
667.192
667.403
669.070
669.493
669.916
670.339
670.762
671.185
671.608
672.032
672.455
672.878
673.301
673.724
674.147
674.570
674.993
675.416
675.839
676.262
676.685
677.108
677.531
677.954
678.377
678.800
679.223
679.646
680.069
680.492
680.915
681.339
681.762
682.185
682.608
682.819
683.030
683.241
683.452
683.664
683.875
684.086
684.297
684.508
684.720
684.931
685.142
685.353
685.564
685.776
685.987
686.198
686.409
686.620
686.832
687.043
687.254
687.465
687.676
687.888
688.099
688.310
688.521
688.732
688.944
689.155
689.366
689.577
689.788
690.000
690.211
690.422
690.633
690.845
691.056
691.267
691.478
691.689
691.901
692.112
692.323
692.534
692.745
692.957
693.168
693.379
693.590
693.801
694.013
694.224
694.435
694.646
694.857
695.069
695.280
695.491
695.702
695.913
696.125
696.336
696.547
696.758
696.969
697.181
697.392
697.603
697.814
698.025
698.237
698.448
698.659
698.870
699.081
699.293
699.504
699.715
699.926
700.137
700.349
700.560
700.771
700.982
701.193
701.405
701.616
701.827
702.038
702.249
702.461
702.672
702.883
703.094
703.305
703.517
703.728
703.939
704.150
704.361
704.573
704.784
704.995
705.206
705.417
705.629
705.840
706.051
706.262
706.473
706.685
706.896
707.107
707.318
707.529
707.741
707.952
708.163
708.374
708.585
708.797
709.008
709.219
709.430
709.641
710.064
710.487
710.910
711.333
711.756
712.178
712.601
713.024
713.447
713.870
714.293
714.715
715.138
715.561
715.984
716.407
716.830
717.252
717.675
718.098
718.521
718.944
719.366
719.789
720.212
720.635
721.058
721.481
721.903
722.326
722.749
723.172
723.595
724.018
724.440
724.863
725.286
725.709
726.132
726.554
726.977
727.400
727.823
728.246
728.669
729.091
729.514
729.937
730.360
730.783
731.206
731.628
732.051
732.474
732.897
733.320
733.743
734.165
734.588
735.011
735.219
735.428
735.636
735.844
736.053
736.261
751.913
752.336
752.758
753.181
753.604
754.026
754.449
754.872
755.294
755.717
756.140
756.562
756.985
757.408
757.830
758.253
758.676
759.098
759.521
759.944
760.366
760.789
761.212
761.634
762.057
762.480
762.902
763.325
763.748
765.448
765.870
766.292
766.503
766.714
767.136
767.558
767.980
768.191
768.402
768.824
769.246
769.668
769.880
770.091
770.513
770.935
771.357
771.568
771.779
772.201
772.623
773.045
773.256
773.467
773.889
774.311
774.733
774.944
775.155
775.577
776.000
776.422
776.633
776.844
777.266
778.933
779.356
779.779
779.991
780.202
780.626
781.049
781.472
781.684
781.895
782.319
782.742
783.165
783.377
783.589
784.012
784.435
784.858
785.070
785.282
785.705
786.128
786.551
786.763
786.975
787.398
787.821
788.244
788.456
788.668
789.091
789.514
789.937
790.149
790.361
790.784
792.467
794.157
795.847
797.537
799.227
800.916
802.606
804.296
805.986
806.410
806.834
807.258
807.682
808.106
808.530
808.955
809.379
809.803
810.227
810.651
811.075
811.499
811.923
812.347
812.772
812.983
813.194
813.405
813.616
813.827
814.038
814.249
814.460
814.671
814.882
815.093
815.304
815.515
815.726
815.937
816.149
816.360
816.571
816.782
816.993
817.204
817.415
817.626
817.837
819.521
819.732
819.943
820.154
820.366
820.577
820.788
821.211
821.422
821.633
821.845
822.056
822.267
822.478
822.901
823.112
823.323
823.535
823.746
823.957
824.169
824.591
824.802
825.014
825.225
825.436
825.647
825.859
826.281
826.493
826.704
826.915
827.126
827.338
827.549
827.972
828.183
828.394
828.605
828.817
829.028
829.239
829.662
829.873
830.084
830.296
830.507
830.718
830.929
831.352
831.563
831.774
831.986
832.197
832.408
832.620
833.042
833.253
833.465
833.676
833.887
834.098
834.310
834.732
834.944
835.155
835.366
835.577
835.789
836.000
836.422
836.634
836.845
837.056
837.268
837.479
837.690
838.113
838.324
838.535
838.746
838.958
839.169
839.380
839.803
840.014
840.225
840.437
840.648
840.859
841.070
841.493
841.704
841.916
842.127
842.338
842.549
842.761
843.183
843.394
843.606
843.817
844.028
844.240
844.451
844.873
848.257
849.949
851.641
853.333
855.025
856.716
858.408
860.100
861.792
862.214
862.636
863.058
863.479
863.901
864.323
864.745
865.167
865.308
865.450
865.591
865.733
865.874
866.016
866.157
866.299
866.440
866.864
867.006
867.147
867.289
867.430
867.572
867.713
867.855
867.996
868.138
868.559
868.980
869.401
869.822
870.243
870.664
871.085
871.505
871.926
872.067
872.207
872.347
872.488
872.628
872.768
872.909
873.049
873.189
873.329
873.470
873.610
875.277
875.700
876.123
876.547
876.970
877.393
877.816
878.240
878.663
879.086
879.509
879.933
880.356
880.779
881.203
881.626
882.049
882.472
882.896
883.319
883.742
884.165
884.589
885.012
885.435
885.858
886.282
886.705
887.128
888.812
889.235
889.658
889.870
890.081
890.505
890.928
891.351
891.563
891.775
892.198
892.621
893.044
893.256
893.468
893.891
894.314
894.737
894.949
895.161
895.584
896.007
896.430
896.642
896.854
897.277
897.700
898.123
898.335
898.547
898.970
899.393
899.817
900.028
900.240
900.663
902.363
902.780
903.197
904.030
904.241
904.453
904.664
904.875
905.087
905.298
905.509
905.721
905.932
906.143
906.355
906.566
906.777
906.989
907.200
907.411
907.623
907.834
908.045
908.257
908.468
908.679
908.891
909.102
909.313
909.525
909.736
909.947
910.159
910.370
910.581
910.793
911.004
911.215
911.427
911.638
911.849
912.061
912.272
912.483
912.695
912.906
913.117
913.329
913.540
913.751
913.963
914.174
914.385
914.597
914.808
915.019
915.231
915.442
915.653
915.865
916.076
916.287
916.499
916.710
916.921
917.133
917.344
917.555
917.767
917.978
918.189
918.401
918.612
918.823
919.035
919.246
919.457
919.669
919.880
920.091
920.303
920.514
920.725
920.937
921.148
921.359
921.571
921.782
921.993
922.205
922.416
922.627
922.839
923.050
923.261
923.473
923.684
923.895
924.107
924.318
924.529
924.741
924.952
925.163
925.375
925.586
925.797
926.009
926.220
926.431
926.643
926.854
927.065
927.277
927.488
927.699
929.383
929.806
930.229
930.440
930.651
931.074
931.497
931.920
932.131
932.342
932.765
933.188
933.611
933.822
934.033
934.456
934.879
935.302
935.513
935.725
936.147
936.570
936.993
937.204
937.416
937.838
938.261
938.684
938.895
939.107
939.530
939.952
940.375
940.586
940.798
941.221
941.643
942.066
942.278
942.489
942.912
943.335
943.757
943.969
944.180
944.603
945.026
945.448
945.660
945.871
946.294
946.717
947.140
947.351
947.562
947.985
948.408
948.831
949.042
949.253
949.676
950.099
950.522
950.733
950.944
951.367
951.790
952.213
952.424
952.636
953.058
953.481
953.904
954.115
954.327
954.749
955.172
955.595
955.806
956.018
956.440
956.863
957.285
957.707
958.130
958.552
958.975
959.397
959.820
960.242
960.664
961.087
961.509
961.932
962.354
962.776
963.199
963.621
964.044
964.466
964.888
965.311
965.733
966.156
966.578
967.001
967.423
967.845
968.268
968.690
969.113
971.640
972.486
973.333
973.757
974.180
975.027
975.874
976.721
977.144
977.567
978.414
979.261
980.108
980.531
980.955
981.801
982.648
983.495
983.918
984.342
985.189
985.400
985.611
985.822
986.034
986.456
986.879
987.090
987.301
987.513
987.724
988.147
988.569
988.780
988.992
989.203
989.414
989.837
990.259
990.471
990.682
990.893
991.105
991.527
991.950
992.161
992.372
992.584
992.795
993.217
993.640
993.851
994.063
994.274
994.485
994.908
995.330
995.542
995.753
995.964
996.176
996.598
997.021
997.232
997.443
997.655
997.866
998.288
998.711
998.922
999.134
999.345
999.556
999.979
1000.401
1000.613
1000.824
1001.035
1001.246
1001.669
1002.092
1002.303
1002.514
1002.725
1002.937
1003.359
1003.782
1003.993
1004.204
1004.416
1004.627
1005.050
1005.472
1005.683
1005.895
1006.106
1006.317
1006.740
1007.162
1007.374
1007.585
1007.796
1008.008
1008.430
1008.853
1009.064
1009.275
1009.487
1009.698
1010.120
1010.543
1010.754
1010.966
1011.177
1011.388
1011.811
1012.233
1012.444
1012.655
1012.866
1013.077
1013.288
1013.499
1013.921
1014.132
1014.343
1014.554
1014.765
1014.976
1015.187
1015.609
1015.820
1016.031
1016.242
1016.453
1016.664
1016.875
1017.297
1017.508
1017.719
1017.929
1018.140
1018.351
1018.562
1018.984
1019.195
1019.406
1019.617
1019.828
1020.039
1020.250
1020.672
1020.883
1021.094
1021.305
1021.516
1021.727
1021.938
1022.360
1022.571
1022.782
1022.993
1023.204
1023.415
1023.626
1024.048
1024.259
1024.470
1024.680
1024.891
1025.102
1025.313
1025.736
1026.158
1026.581
1027.004
1027.426
1027.849
1028.271
1028.694
1029.116
1029.539
1029.961
1030.384
1030.806
1031.229
1031.651
1032.074
1032.496
1032.919
1033.341
1033.764
1034.187
1034.609
1035.032
1035.454
1035.877
1036.299
1036.722
1037.144
1037.567
1037.989
1038.412
1039.279
1039.490
1039.701
1039.912
1040.124
1040.335
1040.546
1040.969
1041.180
1041.391
1041.602
1041.813
1042.025
1042.236
1042.658
1042.870
1043.081
1043.292
1043.503
1043.714
1043.926
1044.348
1044.559
1044.771
1044.982
1045.193
1045.404
1045.616
1046.038
1046.249
1046.460
1046.672
1046.883
1047.094
1047.305
1047.728
1047.939
1048.150
1048.362
1048.573
1048.784
1048.995
1049.418
1049.629
1049.840
1050.051
1050.263
1050.474
1050.685
1051.107
1051.319
1051.530
1051.741
1051.952
1052.164
1052.375
1052.797
1061.231
1062.079
1062.927
1063.351
1063.775
1064.623
1065.471
1066.319
1066.743
1067.167
1068.015
1068.437
1068.859
1069.281
1069.704
1070.126
1070.548
1070.970
1071.392
1071.814
1072.236
1072.658
1073.080
1073.502
1073.924
1074.346
1074.768
1075.190
1075.613
1076.035
1076.457
1076.879
1077.301
1077.723
1078.145
1078.567
1078.989
1079.411
1079.833
1081.531
1081.742
1081.953
1082.165
1082.376
1082.587
1082.798
1083.221
1083.432
1083.643
1083.854
1084.066
1084.277
1084.488
1084.911
1085.122
1085.333
1085.544
1085.755
1085.967
1086.178
1086.600
1086.812
1087.023
1087.234
1087.445
1087.656
1087.868
1088.290
1088.501
1088.713
1088.924
1089.135
1089.346
1089.557
1089.980
1090.191
1090.402
1090.614
1090.825
1091.036
1091.247
1091.670
1091.881
1092.092
1092.303
1092.515
1092.726
1092.937
1093.360
1093.571
1093.782
1093.993
1094.204
1094.416
1094.627
1095.049
1095.261
1095.472
1095.683
1095.894
1096.105
1096.317
1096.739
1096.950
1097.162
1097.373
1097.584
1097.795
1098.006
1098.429
1098.640
1098.851
1099.063
1099.274
1099.485
1099.696
1100.119
1100.330
1100.541
1100.752
1100.964
1101.175
1101.386
1101.808
1102.020
1102.231
1102.442
1102.653
1102.865
1103.076
1103.498
1103.709
1103.921
1104.132
1104.343
1104.554
1104.766
1105.188
1105.399
1105.610
1105.822
1106.033
1106.244
1106.455
1106.878
1107.089
1107.300
1107.511
1107.723
1107.934
1108.145
1108.568
1110.274
1111.118
1111.963
1112.385
1112.808
1113.652
1114.497
1115.342
1115.764
1116.186
1117.031
1117.876
1118.720
1119.143
1119.565
1120.410
1121.254
1122.099
1122.521
1122.944
1123.788
1123.929
1124.070
1124.211
1124.352
1124.493
1124.633
1124.774
1124.915
1125.056
1125.197
1125.338
1125.479
1125.620
1125.760
1125.901
1126.042
1126.183
1126.324
1126.465
1126.606
1126.746
1126.887
1127.028
1127.169
1127.310
1127.451
1127.592
1127.733
1127.873
1128.014
1128.155
1128.296
1128.437
1128.578
1128.719
1128.859
1129.000
1129.141
1129.282
1129.423
1129.564
1129.705
1129.846
1129.986
1130.127
1130.268
1130.409
1130.550
1130.691
1130.832
1130.972
1131.113
1131.254
1131.395
1131.536
1131.677
1131.818
1131.959
1132.099
1132.240
1132.381
1132.522
1132.663
1132.804
1132.945
1133.085
1133.226
1133.367
1133.508
1133.649
1133.790
1133.931
1134.072
1134.212
1134.353
1134.494
1134.635
1134.776
1134.917
1135.058
1135.198
1135.339
1135.480
1135.621
1135.762
1135.903
1136.044
1136.185
1136.325
1136.466
1136.607
1136.748
1136.889
1137.311
1137.452
1137.593
1137.734
1137.875
1138.016
1138.157
1138.298
1138.438
1138.579
1138.720
1138.861
1139.002
1139.143
1139.284
1139.424
1139.565
1139.706
1139.847
1139.988
1140.129
1140.270
1140.411
1140.551
1140.692
1140.833
1140.974
1141.115
1141.256
1141.397
1141.537
1141.678
1141.819
1141.960
1142.101
1142.242
1142.383
1142.524
1142.664
1142.805
1142.946
1143.087
1143.228
1143.369
1143.510
1143.650
1143.791
1143.932
1144.073
1144.214
1144.355
1144.496
1144.637
1144.777
1144.918
1145.059
1145.200
1145.341
1145.482
1145.623
1145.763
1145.904
1146.045
1146.186
1146.327
1146.468
1146.609
1146.750
1146.890
1147.031
1147.172
1147.313
1147.454
1147.595
1147.736
1147.876
1148.017
1148.158
1148.299
1148.440
1148.581
1148.722
1148.863
1149.003
1149.144
1149.285
1149.426
1149.567
1149.708
1149.849
1149.989
1150.130
1150.271
1150.412
1150.834
1151.257
1151.679
1152.102
1152.524
1152.946
1153.369
1153.791
1154.214
1154.636
1155.058
1155.481
1155.903
1156.325
1156.748
1157.170
1157.593
1158.015
1158.437
1158.860
1159.282
1159.705
1160.127
1160.549
1160.972
1161.394
1161.816
1162.239
1162.661
1163.084
1163.506
1163.928
1164.351
1164.773
1165.196
1165.618
1166.040
1166.463
1166.885
1167.307
1167.730
1168.152
1168.575
1168.997
1169.419
1169.842
1170.264
1170.687
1171.109
1171.531
1171.954
1172.376
1172.798
1173.221
1173.643
1174.066
1174.488
1174.910
1175.333
1175.755
1176.177
1177.844
1178.268
1178.692
1179.116
1179.540
1179.964
1180.387
1180.811
1181.235
1181.659
1182.083
1182.507
1182.931
1183.354
1183.778
1184.628
1185.051
1185.473
1185.895
1186.318
1186.740
1187.162
1187.584
1188.007
1188.429
1188.851
1189.273
1189.696
1191.396
1191.819
1192.241
1192.453
1192.664
1193.087
1193.509
1193.932
1194.143
1194.355
1194.777
1195.200
1195.623
1195.834
1196.045
1196.468
1196.891
1197.313
1197.525
1197.736
1198.159
1198.581
1199.004
1199.215
1199.427
1199.849
1200.272
1200.695
1200.906
1201.117
1201.540
1201.963
1202.385
1202.597
1202.808
1203.231
1204.867
1211.664
1213.357
1215.050
1216.743
1218.437
1220.130
1221.823
1223.516
1225.209
1226.054
1226.898
1227.320
1227.742
1228.587
1229.431
1230.275
1230.698
1231.120
1231.964
1232.808
1233.653
1234.075
1234.497
1235.341
1236.186
1237.030
1237.452
1237.874
1238.719
1239.141
1239.564
1239.775
1239.986
1240.409
1240.831
1241.253
1241.465
1241.676
1242.098
1242.521
1242.943
1243.155
1243.366
1243.788
1244.211
1244.633
1244.844
1245.056
1245.478
1245.901
1246.323
1246.534
1246.746
1247.168
1247.590
1248.013
1248.224
1248.435
1248.858
1249.280
1249.703
1249.914
1250.125
1250.548
1250.970
1251.393
1251.604
1251.815
1252.238
1252.660
1253.083
1253.294
1253.505
1253.927
1254.350
1254.772
1254.984
1255.195
1255.617
1256.040
1256.462
1256.674
1256.885
1257.307
1257.730
1258.152
1258.363
1258.575
1258.997
1259.420
1259.842
1260.053
1260.265
1260.687
1261.109
1261.532
1261.743
1261.954
1262.377
1262.799
1263.222
1263.433
1263.644
1264.067
1264.489
1264.912
1265.123
1265.334
1265.757
1267.438
1267.860
1268.072
1268.283
1268.495
1268.706
1269.129
1269.551
1269.763
1269.974
1270.185
1270.397
1270.819
1271.242
1271.453
1271.665
1271.876
1272.088
1272.510
1272.933
1273.144
1273.356
1273.567
1273.778
1274.201
1274.624
1274.835
1275.046
1275.258
1275.469
1275.892
1276.315
1276.526
1276.737
1276.949
1277.160
1277.583
1278.005
1278.217
1278.428
1278.639
1278.851
1279.273
1279.696
1279.908
1280.119
1280.330
1280.542
1280.964
1281.387
1281.598
1281.810
1282.021
1282.232
1282.655
1283.078
1283.289
1283.501
1283.712
1283.923
1284.346
1284.769
1284.980
1285.191
1285.403
1285.614
1286.037
1286.459
1286.671
1286.882
1287.094
1287.305
1287.728
1288.150
1288.362
1288.573
1288.784
1288.996
1289.418
1289.841
1290.052
1290.264
1290.475
1290.687
1291.109
1291.532
1291.743
1291.955
1292.166
1292.377
1292.800
1293.223
1293.434
1293.645
1293.857
1294.068
1294.491
1296.172
1296.384
1296.595
1296.806
1297.018
1297.229
1297.441
1297.863
1298.075
1298.286
1298.497
1298.709
1298.920
1299.132
1299.554
1299.766
1299.977
1300.189
1300.400
1300.611
1300.823
1301.245
1301.457
1301.668
1301.880
1302.091
1302.302
1302.514
1302.937
1303.148
1303.359
1303.571
1303.782
1303.993
1304.205
1304.628
1304.839
1305.050
1305.262
1305.473
1305.685
1305.896
1306.319
1306.530
1306.741
1306.953
1307.164
1307.376
1307.587
1308.010
1308.221
1308.433
1308.644
1308.855
1309.067
1309.278
1309.701
1309.909
1310.117
1310.325
1310.533
1310.741
1310.949
1311.157
1311.365
1311.573
1311.781
1311.989
1312.197
1312.405
1312.613
1312.822
1313.030
1313.238
1313.446
1313.654
1313.862
1314.070
1314.278
1314.486
1314.694
1314.902
1315.110
1315.318
1315.526
1315.734
1315.942
1316.150
1316.358
1316.566
1316.774
1316.982
1317.191
1317.399
1317.607
1317.815
1318.023
1318.231
1318.439
1318.647
1318.855
1319.063
1319.271
1319.479
1319.687
1319.895
1320.103
1320.311
1320.519
1320.727
1320.935
1321.143
1321.351
1321.559
1321.768
1321.976
1322.184
1322.392
1322.600
1322.808
1323.225
1323.643
1324.061
1324.272
1324.484
1324.906
1325.329
1325.752
1325.963
1326.175
1326.598
1327.020
1327.443
1327.655
1327.866
1328.289
1328.712
1329.134
1329.346
1329.557
1329.980
1330.403
1330.826
1331.037
1331.248
1331.671
1332.094
1332.517
1332.728
1332.940
1333.362
1333.785
1334.208
1334.419
1334.631
1335.054
1335.476
1335.899
1336.111
1336.322
1336.745
1337.168
1337.590
1337.802
1338.013
1338.436
1338.859
1339.282
1339.493
1339.704
1340.127
1340.550
1340.973
1341.184
1341.396
1341.818
1342.241
1342.664
1342.875
1343.087
1343.510
1343.932
1344.355
1344.567
1344.778
1345.201
1345.624
1346.046
1346.258
1346.469
1346.892
1347.315
1347.738
1347.949
1348.160
1348.583
1349.006
1349.429
1349.640
1349.852
1350.274
1350.697
1350.908
1351.120
1351.331
1351.542
1351.965
1352.387
1352.598
1352.809
1353.021
1353.232
1353.654
1354.077
1354.288
1354.499
1354.710
1354.922
1355.344
1355.767
1355.978
1356.189
1356.400
1356.611
1357.034
1357.456
1357.668
1357.879
1358.090
1358.301
1358.724
1359.146
1359.357
1359.569
1359.780
1359.991
1360.414
1360.836
1361.047
1361.258
1361.470
1361.681
1362.103
1362.526
1362.737
1362.948
1363.159
1363.371
1363.793
1364.216
1364.427
1364.638
1364.849
1365.060
1365.483
1365.905
1366.117
1366.328
1366.539
1366.750
1367.173
1367.595
1367.806
1368.018
1368.229
1368.440
1368.863
1369.285
1369.496
1369.707
1369.919
1370.130
1370.552
1370.975
1371.186
1371.397
1371.608
1371.820
1372.242
1372.665
1372.876
1373.087
1373.298
1373.509
1373.932
1374.354
1374.566
1374.777
1374.988
1375.199
1375.622
1376.044
1376.255
1376.467
1376.678
1376.889
1377.312
1379.003
1379.214
1379.425
1379.636
1379.847
1380.058
1380.269
1380.691
1380.901
1381.112
1381.323
1381.534
1381.745
1381.956
1382.378
1382.589
1382.800
1383.011
1383.222
1383.432
1383.643
1384.065
1384.276
1384.487
1384.698
1384.909
1385.120
1385.331
1385.753
1385.963
1386.174
1386.385
1386.596
1386.807
1387.018
1387.440
1387.651
1387.862
1388.073
1388.284
1388.494
1388.705
1389.127
1389.338
1389.549
1389.760
1389.971
1390.182
1390.393
1390.815
1391.025
1391.236
1391.447
1391.658
1391.869
1392.080
1392.502
1392.713
1392.924
1393.136
1393.347
1393.558
1393.770
1393.981
1394.192
1394.404
1394.615
1394.826
1395.037
1395.249
1395.460
1395.671
1395.883
1396.094
1396.305
1396.516
1396.728
1396.939
1397.150
1397.362
1397.573
1397.784
1397.996
1398.207
1398.418
1398.629
1398.841
1399.052
1399.263
1399.475
1399.686
1399.897
1400.108
1400.320
1400.531
1400.742
1400.954
1401.165
1401.376
1401.587
1401.799
1402.010
1402.221
1402.433
1402.644
1402.855
1403.067
1403.278
1403.489
1403.700
1403.912
1404.123
1404.334
1404.546
1404.757
1404.968
1405.179
1405.391
1405.602
1406.025
1406.447
1406.870
1407.292
1407.715
1408.137
1408.560
1408.982
1409.405
1409.828
1410.250
1410.673
1411.095
1411.518
1411.940
1412.363
1412.785
1413.208
1413.631
1414.053
1414.476
1414.898
1415.321
1415.743
1416.166
1416.588
1417.011
1417.434
1417.856
1418.279
1418.701
1419.124
1419.546
1419.969
1420.392
1420.814
1421.237
1421.659
1422.082
1422.504
1422.927
1423.349
1423.772
1424.195
1424.617
1425.040
1425.462
1425.885
1426.307
1426.730
1427.152
1427.575
1427.998
1428.420
1428.843
1429.265
1429.688
1430.110
1430.533
1430.955
1431.378
1431.801
1432.223
1433.072
1433.921
1435.614
1437.307
1439.000
1440.694
1442.387
1444.080
1445.774
1446.196
1446.619
1447.041
1447.463
1447.886
1448.308
1448.731
1449.153
1449.576
1449.998
1450.421
1450.843
1451.266
1451.688
1452.111
1452.533
1452.956
1453.378
1453.800
1454.223
1454.645
1455.068
1455.490
1455.913
1456.335
1456.758
1457.180
1457.603
1458.025
1458.448
1458.870
1459.293
1459.715
1460.138
1460.560
1460.982
1461.405
1461.827
1462.250
1462.672
1463.095
1463.517
1463.940
1464.362
1464.785
1465.207
1465.630
1466.052
1466.475
1466.897
1467.319
1467.742
1468.164
1468.587
1469.009
1469.432
1469.854
1470.277
1470.699
1471.122
1471.544
1471.967
1472.389
1472.812
1473.234
1473.656
1474.079
1474.501
1474.924
1475.346
1475.769
1476.191
1476.614
1477.036
1477.459
1477.881
1478.304
1478.726
1479.149
1479.571
1479.993
1480.416
1480.838
1481.050
1481.472
1481.684
1481.895
1482.318
1482.529
1482.740
1482.952
1483.163
1483.374
1483.586
1483.797
1484.220
1484.431
1484.854
1485.276
1485.699
1486.122
1486.333
1486.544
1486.756
1486.967
1487.178
1487.601
1487.812
1488.235
1488.446
1488.658
1489.080
1489.292
1489.503
1489.714
1489.926
1490.137
1490.348
1490.560
1490.982
1491.194
1491.616
1492.039
1492.462
1492.884
1493.096
1493.307
1493.518
1493.730
1493.941
1494.364
1494.575
1494.998
1495.209
1495.420
1495.843
1496.054
1496.266
1496.477
1496.688
1496.900
1497.111
1497.322
1497.745
1497.956
1498.379
1498.802
1499.224
1499.647
1499.858
1500.070
1500.281
1500.492
1500.704
1501.126
1501.338
1501.760
1501.972
1502.183
1502.606
1502.817
1503.028
1503.240
1503.451
1503.662
1503.874
1504.085
1504.508
1504.719
1505.142
1505.564
1505.987
1506.410
1506.621
1506.832
1507.044
1507.255
1507.466
1507.888
1508.309
1508.731
1509.153
1509.574
1509.996
1510.417
1510.839
1511.261
1511.682
1512.104
1512.525
1512.947
1513.369
1513.790
1514.212
1514.633
1515.055
1515.477
1515.898
1516.320
1516.741
1517.163
1517.585
1518.006
1518.428
1518.850
1520.966
1522.234
1522.445
1524.135
1524.346
1525.402
1525.825
1527.515
1527.726
1528.993
1529.204
1530.894
1531.105
1532.162
1532.584
1534.274
1534.485
1534.697
1534.908
1535.119
1535.331
1535.542
1535.753
1535.964
1536.176
1536.387
1536.598
1536.810
1537.021
1537.232
1537.444
1537.655
1537.866
1538.078
1538.289
1538.500
1538.712
1538.923
1539.134
1539.346
1539.557
1539.768
1539.980
1540.191
1540.402
1540.614
1540.825
1541.036
1541.248
1541.459
1541.670
1541.882
1542.093
1542.304
1542.516
1542.727
1542.938
1543.150
1543.361
1543.572
1543.784
1543.995
1544.206
1544.418
1544.629
1544.840
1545.052
1545.263
1545.474
1545.686
1545.897
1546.108
1546.320
1546.531
1546.742
1546.954
1547.165
1547.376
1547.588
1547.799
1548.010
1548.222
1548.433
1548.644
1548.856
1549.067
1549.278
1549.489
1549.701
1549.912
1550.123
1550.335
1550.546
1550.757
1550.969
1551.180
1551.391
1551.603
1551.814
1552.025
1552.237
1552.448
1552.659
1552.871
1553.082
1553.293
1553.505
1553.716
1553.927
1554.139
1554.350
1554.561
1554.773
1554.984
1555.195
1555.407
1555.618
1555.829
1556.041
1556.252
1556.463
1556.675
1556.886
1557.097
1557.309
1557.520
1557.731
1557.943
1558.154
1558.259
1558.364
1558.470
1558.575
1558.680
1558.785
1558.890
1558.996
1559.101
1559.206
1559.311
1559.417
1559.522
1559.627
1559.732
1559.837
1561.516
1561.939
1562.361
1562.784
1563.207
1563.630
1564.053
1564.476
1564.899
1565.322
1565.745
1566.168
1566.591
1567.014
1567.436
1567.859
1568.282
1568.705
1569.128
1569.551
1569.974
1570.397
1570.820
1571.243
1571.666
1572.089
1572.511
1572.934
1573.357
1573.780
1574.203
1574.626
1575.049
1575.472
1575.895
1576.318
1576.741
1577.163
1577.586
1578.009
1578.432
1578.855
1579.278
1579.701
1580.124
1580.547
1580.970
1581.393
1581.816
1582.238
1582.661
1583.084
1583.507
1583.930
1584.353
1584.776
1585.199
1585.622
1586.045
1586.468
1586.891
1588.580
1589.003
1589.214
1589.637
1589.848
1590.059
1590.482
1590.693
1590.904
1591.116
1591.327
1591.538
1591.749
1591.961
1592.383
1592.594
1593.017
1593.439
1593.862
1594.284
1594.496
1594.707
1594.918
1595.129
1595.341
1595.763
1595.974
1596.397
1596.608
1596.820
1597.242
1597.453
1597.665
1597.876
1598.087
1598.298
1598.510
1598.721
1599.143
1599.355
1599.777
1600.200
1600.622
1601.045
1601.256
1601.467
1601.678
1601.890
1602.101
1602.524
1602.947
1603.371
1603.794
1604.217
1604.640
1605.064
1605.487
1605.910
1606.333
1606.756
1607.180
1607.603
1608.026
1608.449
1608.873
1609.082
1609.292
1609.501
1609.711
1609.921
1610.130
1610.340
1610.550
1610.759
1610.969
1611.179
1611.388
1611.598
1611.807
1612.017
1612.227
1612.332
1612.437
1612.542
1612.648
1612.753
1612.858
1612.963
1613.068
1613.174
1613.279
1613.384
1613.489
1613.595
1613.700
1613.805
1613.910
1614.744
1615.185
1615.627
1615.838
1616.050
1616.261
1616.472
1616.683
1616.894
1617.106
1617.317
1617.528
1617.739
1617.951
1618.162
1618.373
1618.584
1618.795
1619.007
1619.218
1619.429
1619.640
1619.852
1620.063
1620.274
1620.485
1620.696
1620.908
1621.119
1621.330
1621.541
1621.753
1621.964
1622.175
1622.386
1622.597
1622.809
1623.020
1623.231
1623.442
1623.654
1623.865
1624.076
1624.287
1624.498
1624.710
1624.921
1625.132
1625.343
1625.555
1625.766
1625.977
1626.188
1626.399
1626.611
1626.822
1627.033
1627.244
1627.456
1627.667
1627.878
1628.089
1628.300
1628.512
1628.723
1628.934
1629.145
1629.357
1629.568
1629.779
1629.990
1630.201
1630.413
1630.624
1630.835
1631.046
1631.258
1631.469
1631.680
1631.891
1632.102
1632.314
1632.525
1632.736
1632.947
1633.159
1633.370
1633.581
1633.792
1634.003
1634.215
1634.426
1634.637
1634.848
1635.060
1635.271
1635.482
1635.693
1635.904
1636.116
1636.327
1636.538
1636.749
1636.960
1637.172
1637.383
1637.594
1637.805
1638.017
1638.228
1638.439
1638.650
1638.861
1639.073
1639.284
1639.495
1639.706
1639.918
1640.129
1640.340
1640.551
1640.762
1640.974
1641.185
1641.396
1641.607
1641.819
1642.030
1642.241
1642.452
1642.663
1642.875
1643.086
1643.297
1643.508
1643.720
1643.931
1644.142
1644.353
1644.564
1644.776
1644.987
1645.198
1645.409
1645.621
1645.832
1646.043
1646.254
1646.465
1646.677
1646.888
1647.099
1647.310
1647.522
1647.733
1647.944
1648.155
1648.366
1648.578
1648.789
1649.000
1649.211
1649.423
1649.634
1649.845
1650.056
1650.267
1650.479
1650.690
1650.901
1651.112
1651.324
1651.535
1651.746
1651.957
1652.168
1652.380
1652.591
1652.802
1653.013
1653.225
1653.436
1653.647
1653.858
1654.069
1654.281
1654.492
1654.703
1654.914
1655.126
1655.337
1655.548
1655.759
1655.970
1656.182
1656.604
1657.026
1657.448
1657.871
1658.293
1658.715
1659.138
1659.560
1659.982
1660.404
1660.827
1661.249
1661.671
1662.093
1662.516
1662.938
1663.360
1663.783
1664.205
1664.627
1665.049
1665.472
1665.894
1666.316
1666.738
1667.161
1667.583
1669.700
1670.122
1670.544
1670.966
1671.388
1671.810
1672.232
1672.654
1673.076
1673.499
1673.921
1674.343
1674.765
1675.187
1675.609
1676.031
1676.453
1676.875
1677.297
1677.719
1678.141
1678.563
1678.985
1679.408
1679.830
1680.252
1680.674
1681.096
1681.518
1683.235
1683.657
1684.080
1684.503
1684.925
1685.348
1685.771
1686.193
1686.616
1687.039
1687.461
1687.884
1688.307
1688.729
1689.152
1689.575
1689.997
1690.420
1690.843
1691.265
1691.688
1692.111
1692.533
1692.956
1693.379
1693.801
1694.224
1694.647
1695.069
1696.320
1696.536
1696.753
1697.176
1697.599
1698.022
1698.444
1698.867
1699.290
1699.713
1700.136
1700.559
1700.982
1701.405
1701.828
1702.250
1702.673
1703.096
1703.519
1703.942
1704.365
1704.788
1705.211
1705.634
1706.056
1706.479
1706.902
1707.325
1707.748
1708.171
1710.254
1710.677
1711.100
1711.312
1711.523
1711.946
1712.369
1712.792
1713.003
1713.215
1713.638
1714.061
1714.483
1714.695
1714.906
1715.329
1715.752
1716.175
1716.386
1716.598
1717.021
1717.444
1717.867
1718.078
1718.290
1718.712
1719.135
1719.558
1719.770
1719.981
1720.404
1720.827
1721.250
1721.461
1721.673
1722.096
1722.518
1722.941
1723.153
1723.364
1723.787
1724.210
1724.633
1724.844
1725.056
1725.479
1725.902
1726.325
1726.536
1726.747
1727.170
1727.593
1728.016
1728.228
1728.439
1728.862
1729.285
1729.708
1729.919
1730.131
1730.554
1730.976
1731.399
1731.611
1731.822
1732.245
1732.668
1733.091
1733.302
1733.514
1733.937
1734.360
1734.782
1734.994
1735.205
1735.626
1736.046
1736.467
1736.887
1737.308
1738.999
1740.691
1742.383
1744.075
1744.498
1744.709
1745.132
1745.343
1745.554
1745.977
1746.188
1746.400
1746.611
1746.823
1747.034
1747.457
1747.879
1748.091
1748.513
1748.725
1748.936
1749.359
1749.570
1749.781
1749.993
1750.204
1750.416
1750.838
1751.261
1751.472
1751.895
1752.106
1752.318
1752.740
1752.952
1753.163
1753.374
1753.586
1753.797
1754.220
1754.643
1755.065
1755.488
1755.911
1756.333
1756.756
1757.179
1757.601
1758.024
1758.236
1758.658
1758.870
1759.081
1759.504
1759.715
1759.926
1760.138
1760.349
1760.560
1760.983
1761.406
1761.617
1762.040
1762.251
1762.463
1762.885
1763.097
1763.308
1763.519
1763.731
1763.942
1764.365
1764.787
1764.999
1765.421
1765.633
1765.844
1766.267
1766.478
1766.690
1766.901
1767.112
1767.324
1767.746
1768.169
1768.592
1769.014
1769.437
1769.860
1770.283
1770.705
1771.128
1777.862
1778.286
1778.710
1779.134
1779.558
1779.982
1780.406
1780.830
1781.254
1781.678
1782.102
1782.526
1782.950
1783.374
1783.798
1784.222
1784.646
1784.858
1785.069
1785.280
1785.492
1785.703
1785.914
1786.337
1786.548
1786.760
1786.971
1787.182
1787.394
1787.605
1788.028
1788.239
1788.450
1788.662
1788.873
1789.084
1789.296
1789.718
1789.930
1790.141
1790.352
1790.564
1790.775
1790.986
1791.409
1791.620
1791.832
1792.043
1792.254
1792.466
1792.677
1793.100
1793.311
1793.522
1793.734
1793.945
1794.156
1794.368
1794.790
1795.002
1795.213
1795.424
1795.636
1795.847
1796.058
1796.481
1797.748
1797.959
1798.170
1798.381
1798.592
1798.803
1799.014
1799.226
1799.437
1799.648
1799.859
1800.070
1800.281
1800.492
1800.704
1800.915
1801.126
1801.337
1801.548
1801.759
1801.970
1802.182
1802.393
1802.604
1802.815
1803.026
1803.237
1803.448
1803.659
1803.871
1804.082
1804.293
1804.504
1804.715
1804.926
1805.137
1805.349
1805.560
1805.771
1805.982
1806.193
1806.404
1806.615
1806.826
1807.038
1807.249
1807.460
1807.671
1807.882
1808.093
1808.304
1808.516
1808.727
1808.938
1809.149
1809.360
1809.571
1809.782
1809.993
1810.205
1810.416
1810.627
1810.838
1811.049
1811.260
1811.471
1811.683
1811.894
1812.105
1812.316
1812.527
1812.738
1812.949
1813.161
1813.372
1813.583
1813.794
1814.005
1814.216
1814.427
1814.638
1814.850
1815.061
1815.272
1815.483
1815.694
1815.905
1816.116
1816.328
1816.539
1816.750
1816.961
1817.172
1817.383
1817.594
1817.805
1818.017
1818.228
1818.439
1818.650
1818.861
1819.072
1819.283
1819.495
1819.706
1819.917
1820.128
1820.339
1820.550
1820.761
1820.973
1821.184
1821.395
1821.606
1821.817
1822.028
1822.239
1822.450
1822.662
1822.873
1823.084
1825.184
1825.607
1826.031
1826.242
1826.454
1826.877
1827.300
1827.724
1827.935
1828.147
1828.570
1828.993
1829.417
1829.628
1829.840
1830.263
1830.687
1831.110
1831.321
1831.533
1831.956
1832.380
1832.803
1833.014
1833.226
1833.649
1834.073
1834.496
1834.707
1834.919
1835.342
1835.766
1836.189
1836.401
1836.612
1837.035
1838.736
1838.947
1839.158
1839.580
1839.791
1840.002
1840.424
1840.635
1840.846
1841.268
1841.479
1841.690
1842.112
1842.323
1842.534
1842.956
1843.167
1843.378
1843.800
1844.012
1844.223
1844.645
1844.856
1845.067
1845.489
1845.700
1845.911
1846.333
1846.544
1846.755
1847.177
1847.388
1847.599
1848.021
1848.232
1848.443
1848.865
1849.076
1849.287
1849.709
1849.921
1850.132
1850.554
1852.237
1852.659
1852.871
1853.293
1853.504
1853.715
1854.137
1854.349
1854.560
1854.771
1854.982
1855.193
1855.615
1856.038
1856.249
1856.671
1856.882
1857.093
1857.516
1857.727
1857.938
1858.149
1858.360
1858.571
1858.993
1859.416
1859.627
1860.049
1860.260
1860.471
1860.894
1861.105
1861.316
1861.527
1861.738
1861.949
1862.372
1862.795
1863.218
1863.640
1864.063
1864.486
1864.908
1865.331
1865.754
1866.177
1866.599
1867.022
1867.445
1867.867
1868.290
1868.713
1869.136
1869.558
1869.981
1870.404
1870.826
1871.249
1871.672
1872.095
1872.517
1872.940
1873.363
1873.786
1874.208
1874.631
1875.054
1875.476
1875.899
1876.322
1876.745
1877.167
1877.590
1879.274
1879.697
1879.908
1880.331
1880.542
1880.754
1881.177
1881.388
1881.600
1881.811
1882.023
1882.234
1882.657
1883.080
1883.292
1883.715
1883.926
1884.138
1884.561
1884.772
1884.984
1885.195
1885.407
1885.618
1886.041
1886.464
1886.675
1887.098
1887.310
1887.521
1887.944
1888.156
1888.367
1888.579
1888.790
1889.002
1889.425
1889.848
1890.271
1890.694
1891.117
1891.540
1891.962
1892.385
1892.808
1893.020
1893.231
1893.442
1893.759
1894.075
1896.192
1896.403
1896.615
1896.826
1897.037
1897.249
1897.460
1897.671
1897.882
1898.094
1898.305
1898.516
1898.728
1898.939
1899.150
1899.361
1899.573
1899.784
1899.995
1900.207
1900.418
1900.629
1900.840
1901.052
1901.263
1901.474
1901.686
1901.897
1902.108
1902.319
1902.531
1902.742
1902.953
1903.165
1903.376
1903.587
1903.798
1904.010
1904.221
1904.432
1904.644
1904.855
1905.066
1905.277
1905.489
1905.700
1905.911
1906.123
1906.334
1906.545
1906.756
1906.968
1907.179
1907.390
1907.601
1907.813
1908.024
1908.235
1908.447
1908.658
1908.869
1909.080
1909.292
1909.503
1909.714
1909.926
1910.137
1910.348
1910.559
1910.771
1910.982
1911.193
1911.405
1911.616
1911.827
1912.038
1912.250
1912.461
1912.672
1912.884
1913.095
1913.306
1913.517
1913.729
1913.940
1914.151
1914.363
1914.574
1914.785
1914.996
1915.208
1915.419
1915.630
1915.842
1916.053
1916.264
1916.475
1916.687
1916.898
1917.109
1917.321
1917.532
1917.743
1917.954
1918.166
1918.377
1918.588
1918.800
1919.011
1919.222
1919.433
1919.645
1919.856
1920.278
1920.701
1921.123
1921.545
1921.968
1922.390
1922.812
1923.235
1923.657
1924.079
1924.502
1924.924
1925.346
1925.769
1926.191
1926.613
1927.036
1927.458
1927.880
1928.303
1928.725
1929.147
1929.570
1929.992
1930.414
1930.837
1931.259
1931.681
1932.103
1932.526
1932.948
1933.370
1933.793
1934.215
1934.637
1935.060
1935.482
1935.904
1936.327
1936.749
1937.171
1937.594
1938.016
1938.438
1938.861
1939.283
1939.705
1940.128
1940.550
1940.972
1941.395
1941.817
1942.239
1942.662
1943.084
1943.506
1943.929
1944.351
1944.773
1945.196
1945.618
1946.040
1946.463
1946.885
1947.307
1947.730
1948.152
1948.574
1948.997
1949.419
1949.841
1950.264
1950.686
1951.108
1951.531
1951.953
1952.375
1952.797
1953.220
1953.642
1954.064
1954.487
1954.909
1955.331
1955.754
1956.176
1956.598
1957.021
1957.443
1957.865
1958.288
1958.710
1959.132
1959.555
1959.977
1960.399
1962.083
1962.506
1962.929
1963.140
1963.351
1963.774
1964.197
1964.620
1964.831
1965.043
1965.466
1965.889
1966.311
1966.523
1966.734
1967.157
1967.580
1968.003
1968.214
1968.426
1968.849
1969.271
1969.694
1969.906
1970.117
1970.540
1970.963
1971.386
1971.597
1971.809
1972.231
1972.654
1973.077
1973.288
1973.500
1973.923
1974.346
1974.768
1974.980
1975.191
1975.614
1992.520
1992.942
1993.365
1993.787
1994.209
1994.632
1995.054
1995.477
1995.899
1996.322
1996.744
1997.167
1997.589
1998.011
1998.434
1998.856
1999.279
1999.701
2000.124
2000.546
2000.969
2001.391
2001.813
2002.236
2002.658
2003.081
2003.503
2003.926
2004.348
2004.771
2005.193
2005.615
2006.038
2007.738
2007.949
2008.160
2008.372
2008.583
2008.794
2009.005
2009.216
2009.427
2009.639
2009.850
2010.061
2010.272
2010.483
2010.695
2010.906
2011.117
2011.328
2011.539
2011.750
2011.962
2012.173
2012.384
2012.595
2012.806
2013.018
2013.229
2013.440
2013.651
2013.862
2014.073
2014.285
2014.496
2014.707
2014.918
2015.129
2015.341
2015.552
2015.763
2015.974
2016.185
2016.396
2016.608
2016.819
2017.030
2017.241
2017.452
2017.663
2017.875
2018.086
2018.297
2018.508
2018.719
2018.931
2019.142
2019.353
2019.564
2019.775
2019.986
2020.198
2020.409
2020.620
2020.831
2021.042
2021.254
2021.465
2021.676
2021.887
2022.098
2022.309
2022.521
2022.732
2022.943
2023.154
2023.365
2023.577
2023.788
2023.999
2024.210
2024.421
2024.632
2024.844
2025.055
2025.266
2025.477
2025.688
2025.900
2026.111
2026.322
2026.533
2026.744
2026.955
2027.167
2027.378
2027.589
2027.800
2028.011
2028.222
2028.434
2028.645
2028.856
2029.067
2029.278
2029.490
2029.701
2029.912
2030.123
2030.334
2030.545
2030.757
2030.968
2031.179
2031.390
2031.601
2031.813
2032.024
2032.235
2032.446
2032.657
2032.868
2033.080
2033.291
2033.502
2033.713
2033.923
2034.556
2034.766
2036.475
2037.320
2038.164
2039.009
2039.854
2040.699
2041.544
2042.389
2043.234
2044.079
2044.923
2045.768
2046.613
2047.458
2048.303
2049.148
2049.993
2050.416
2050.839
2051.262
2051.685
2052.108
2052.531
2052.954
2053.377
2053.799
2054.222
2054.645
2055.068
2055.491
2055.914
2056.337
2056.760
2057.183
2057.606
2058.029
2058.452
2058.875
2059.298
2059.721
2060.144
2060.355
2060.566
2060.777
2060.989
2061.200
2061.411
2061.622
2061.833
2062.044
2062.255
2062.466
2062.678
2062.889
2063.100
2063.311
2063.522
2063.733
2063.944
2064.156
2064.367
2064.578
2064.789
2065.000
2065.211
2065.422
2065.633
2065.845
2066.056
2066.267
2066.478
2066.689
2066.900
2067.111
2067.323
2067.534
2067.745
2067.956
2068.167
2068.378
2068.589
2068.800
2069.012
2069.223
2069.434
2069.645
2069.856
2070.067
2070.278
2070.490
2070.701
2070.912
2071.123
2071.334
2071.545
2071.756
2071.968
2072.179
2072.390
2072.601
2072.812
2073.023
2073.234
2073.445
2073.657
2073.868
2074.079
2074.290
2074.501
2074.712
2074.923
2075.135
2075.346
2075.557
2075.768
2075.979
2076.190
2076.401
2076.612
2076.824
2077.035
2077.246
2077.457
2077.668
2077.879
2078.090
2078.302
2078.513
2078.724
2078.935
2079.146
2079.357
2079.568
2079.780
2079.991
2080.202
2080.413
2080.624
2080.835
2081.046
2081.257
2081.469
2081.680
2081.891
2082.102
2082.313
2082.524
2082.735
2082.947
2083.158
2083.369
2083.580
2083.791
2084.002
2084.213
2084.424
2084.636
2084.847
2085.058
2085.269
2085.480
2085.691
2085.902
2086.114
2086.325
2086.536
2086.747
2087.169
2087.592
2088.014
2088.436
2088.858
2089.281
2089.703
2090.125
2090.548
2090.970
2091.392
2091.815
2092.237
2092.659
2093.082
2093.504
2093.926
2094.348
2094.771
2095.193
2095.615
2096.038
2096.460
2096.882
2097.305
2097.727
2098.149
2098.572
2098.994
2099.416
2099.838
2100.261
2100.683
2101.106
2101.530
2101.741
2101.953
2102.376
2102.799
2103.222
2103.434
2103.646
2104.069
2104.492
2104.915
2105.127
2105.339
2105.762
2106.185
2106.608
2106.820
2107.032
2107.455
2107.878
2108.301
2108.513
2108.725
2109.148
2109.571
2109.994
2110.206
2110.417
2110.841
2111.264
2111.687
2111.899
2112.110
2112.534
2114.201
2114.412
2114.624
2114.835
2115.047
2115.258
2115.470
2115.893
2116.104
2116.315
2116.527
2116.738
2116.950
2117.161
2117.584
2117.796
2118.007
2118.219
2118.430
2118.642
2118.853
2119.276
2119.488
2119.699
2119.910
2120.122
2120.333
2120.545
2120.968
2121.179
2121.391
2121.602
2121.814
2122.025
2122.237
2122.660
2122.871
2123.083
2123.294
2123.505
2123.717
2123.928
2124.351
2124.563
2124.774
2124.986
2125.197
2125.409
2125.620
2126.043
2126.255
2126.466
2126.678
2126.889
2127.101
2127.312
2127.735
2129.425
2131.115
2132.806
2134.496
2136.186
2137.029
2137.873
2138.716
2139.559
2140.403
2141.246
2142.090
2142.933
2143.145
2143.356
2143.779
2143.991
2144.203
2144.626
2144.837
2145.049
2145.472
2145.684
2145.895
2146.318
2146.530
2146.742
2147.165
2147.376
2147.588
2148.011
2148.223
2148.434
2148.858
2149.069
2149.281
2149.704
2149.916
2150.127
2150.339
2150.550
2150.761
2150.973
2151.396
2151.607
2151.819
2152.030
2152.242
2152.453
2152.665
2153.088
2153.299
2153.511
2153.722
2153.934
2154.145
2154.357
2154.780
2154.991
2155.203
2155.414
2155.626
2155.837
2156.049
2156.472
2157.955
2158.166
2158.378
2158.589
2158.800
2159.011
2159.223
2159.434
2159.645
2159.856
2160.067
2160.279
2160.490
2160.701
2160.912
2161.124
2161.335
2161.546
2161.757
2161.968
2162.180
2162.391
2162.602
2162.813
2163.025
2163.236
2163.447
2163.658
2163.870
2164.081
2164.292
2164.503
2164.714
2164.926
2165.137
2165.348
2165.559
2165.771
2165.982
2166.193
2166.404
2166.615
2166.827
2167.038
2167.249
2167.460
2167.672
2167.883
2168.094
2168.305
2168.516
2168.728
2168.939
2169.150
2169.361
2169.573
2169.784
2169.995
2170.206
2170.418
2170.629
2170.840
2171.051
2171.262
2171.474
2171.685
2171.896
2172.107
2172.319
2172.530
2172.741
2172.952
2173.163
2173.375
2173.586
2173.797
2174.008
2174.220
2174.431
2174.642
2174.853
2175.064
2175.276
2175.487
2175.698
2175.909
2176.121
2176.332
2176.543
2176.754
2176.966
2177.177
2177.388
2177.599
2177.810
2178.022
2178.233
2178.444
2178.655
2178.867
2179.078
2179.289
2179.500
2179.711
2179.923
2180.134
2180.345
2180.556
2180.768
2180.979
2181.190
2181.401
2181.612
2181.824
2182.035
2182.246
2182.457
2182.669
2182.880
2183.091
2183.302
2183.514
2183.725
2183.936
2184.147
2184.358
2184.570
2184.781
2184.992
2185.203
2185.415
2185.626
2185.837
2186.048
2186.259
2186.471
2186.682
2186.893
2187.104
2187.316
2187.527
2187.738
2187.949
2188.160
2188.372
2188.583
2188.794
2189.005
2189.217
2189.428
2189.639
2189.850
2190.062
2190.273
2190.484
2190.695
2190.906
2191.118
2191.329
2191.540
2191.751
2191.963
2192.174
2192.385
2192.596
2192.807
2193.019
2193.230
2193.441
2193.652
2193.864
2194.075
2194.286
2194.497
2194.708
2194.920
2195.131
2195.342
2195.553
2195.765
2195.976
2196.187
2196.398
2196.610
2196.821
2197.032
2197.243
2197.454
2197.666
2197.877
2198.088
2198.299
2198.511
2198.722
2198.933
2199.144
2199.355
2199.567
2199.778
2199.989
2200.200
2200.412
2200.623
2200.834
2201.045
2201.256
2201.468
2201.679
2201.890
2202.101
2202.313
2202.524
2202.735
2202.946
2203.158
2203.369
2203.580
2203.791
2204.002
2204.214
2204.425
2204.636
2204.847
2205.059
2205.270
2205.481
2205.692
2205.903
2206.115
2206.326
2206.537
2206.748
2206.960
2207.171
2207.382
2207.593
2207.804
2208.016
2208.227
2208.438
2208.649
2208.861
2209.072
2209.283
2209.494
2209.706
2209.917
2210.128
2210.339
2210.550
2210.762
2210.973
2211.184
2211.395
2211.607
2211.818
2212.029
2212.240
2212.451
2212.663
2212.874
2213.085
2213.296
2213.508
2213.719
2213.930
2214.141
2214.352
2214.564
2214.775
2214.986
2215.197
2215.409
2215.620
2215.831
2216.042
2216.253
2216.465
2216.676
2216.887
2217.098
2217.310
2217.521
2217.732
2217.943
2218.155
2218.366
2218.577
2218.788
2218.999
2219.211
2219.422
2219.633
2219.844
2220.056
2220.267
2220.478
2220.689
2220.900
2221.112
2221.323
2221.534
2221.745
2221.957
2222.168
2222.379
2222.590
2222.801
2223.013
2223.224
2223.435
2223.646
2223.858
2224.069
2224.280
2224.491
2224.703
2224.914
2225.125
2225.336
2225.547
2225.759
2225.970
2226.181
2226.392
2226.604
2226.815
2227.026
2227.237
2227.448
2227.660
2227.871
2228.082
2228.293
2228.505
2228.716
2228.927
2229.138
2229.349
2229.561
2229.772
2229.983
2230.194
2230.406
2230.617
2230.828
2231.039
2231.251
2231.462
2231.673
2231.884
2232.095
2232.307
2232.518
2232.729
2232.940
2233.152
2233.363
2233.574
2233.785
2233.996
2234.208
2234.419
2234.630
2234.841
2235.053
2235.264
2235.475
2235.686
2235.897
2236.109
2236.320
2236.531
2236.742
2236.954
2237.165
2237.376
2237.587
