10.645
11.846
13.047
14.248
15.449
20.254
21.453
22.652
23.852
25.051
26.250
27.449
28.648
29.847
31.046
32.245
33.444
34.644
35.843
37.042
38.241
39.440
40.040
40.640
41.240
41.840
42.440
43.040
43.640
44.240
44.840
45.440
46.040
46.640
47.239
47.839
48.439
49.039
49.639
50.239
50.839
51.439
52.039
52.639
53.239
53.839
54.439
55.039
55.639
56.239
56.839
57.439
58.039
58.639
59.239
59.839
60.439
61.039
61.638
62.238
62.838
63.438
64.038
64.638
65.238
65.838
66.438
67.038
67.638
68.238
68.838
69.438
70.038
70.638
77.845
78.145
78.445
79.044
79.344
79.644
80.243
80.543
80.843
81.442
81.742
82.042
82.642
82.941
83.241
83.841
84.140
84.440
85.040
85.340
85.639
86.239
86.539
86.838
87.438
87.738
88.038
88.637
88.937
89.237
89.836
90.136
90.436
91.035
91.335
91.635
92.234
92.534
92.834
93.434
93.733
94.033
94.633
94.932
95.232
95.832
96.132
96.431
97.031
97.631
98.231
98.831
99.431
100.031
100.631
101.231
101.832
102.432
103.032
103.632
104.232
104.832
105.432
106.032
106.632
107.232
107.832
108.432
109.032
109.633
110.233
110.833
111.433
112.033
112.633
113.233
113.833
114.433
115.033
115.633
116.233
116.833
117.434
118.034
118.634
119.234
119.834
120.434
121.034
121.634
122.234
122.834
123.434
124.034
124.635
125.235
125.835
126.435
127.035
127.635
128.235
128.835
129.435
130.035
130.635
131.235
131.835
132.436
133.036
133.636
134.236
134.836
135.436
145.046
146.247
147.448
148.649
149.850
154.655
155.854
157.053
158.252
159.452
160.651
161.850
163.049
164.248
165.447
166.646
167.845
169.045
170.244
171.443
172.642
173.841
174.441
175.040
175.640
176.239
176.839
177.438
178.038
178.637
179.237
179.837
180.436
181.036
181.635
182.235
182.834
183.434
184.033
184.633
185.233
185.832
186.432
187.031
187.631
188.230
188.830
189.429
190.029
190.629
191.228
191.828
192.427
193.027
193.327
193.627
193.928
194.228
194.528
194.829
195.129
195.429
195.729
196.030
196.330
196.630
196.931
197.231
197.531
197.832
198.132
198.432
198.732
199.033
199.333
199.633
199.934
200.234
200.534
200.835
201.135
201.435
201.735
202.036
202.336
202.636
202.937
203.237
203.537
203.838
204.138
204.438
204.738
205.039
205.339
205.639
205.940
206.240
206.540
206.841
207.141
207.441
207.741
208.042
208.342
208.642
208.943
209.243
209.543
209.844
210.144
210.444
210.744
211.045
211.345
211.645
211.946
212.246
212.846
213.445
214.045
214.644
215.244
215.843
216.443
217.042
217.642
218.242
218.841
219.441
220.040
220.640
221.239
221.839
222.438
223.038
223.638
224.237
224.837
225.436
226.036
226.635
227.235
227.834
228.434
229.034
229.633
230.233
230.832
231.432
232.031
232.631
233.231
233.830
234.430
235.029
235.629
236.228
236.828
237.427
238.027
238.627
239.226
239.826
240.425
241.025
241.624
242.224
242.823
243.423
244.023
244.622
245.222
245.821
246.421
247.020
247.620
248.219
248.819
249.419
250.018
250.618
296.956
297.511
298.066
298.622
299.177
299.732
300.288
300.843
301.398
301.954
302.509
303.064
303.620
304.175
304.730
305.286
305.841
306.396
306.952
307.507
308.062
308.618
309.173
309.728
310.284
310.839
311.394
311.950
312.505
313.060
313.616
314.171
314.726
315.282
315.837
316.392
316.948
317.503
318.058
318.614
319.169
319.724
320.280
320.835
321.390
321.946
322.501
323.056
323.612
324.167
324.722
325.278
325.833
326.388
326.944
327.499
328.054
328.610
329.165
329.720
330.276
330.831
331.386
331.942
332.497
333.052
333.608
334.163
334.718
335.274
335.829
336.384
336.940
337.495
338.050
338.606
339.161
339.717
340.272
340.827
341.383
341.938
342.493
343.049
343.604
344.159
344.715
345.270
345.825
346.381
346.936
347.491
348.047
348.602
349.157
349.713
350.268
350.823
351.379
351.934
352.489
353.045
353.600
354.155
354.711
355.266
355.821
356.377
356.932
357.487
358.043
358.598
359.153
359.709
360.264
360.819
361.375
361.930
362.485
363.041
363.596
364.151
364.707
365.262
365.817
366.373
366.928
367.483
368.039
368.594
368.872
369.708
369.986
370.821
371.100
371.935
372.213
373.048
373.327
374.162
374.440
375.276
375.554
376.389
376.668
377.503
377.780
378.058
378.613
378.891
379.168
379.723
380.001
380.278
380.833
381.111
381.389
381.944
382.221
382.499
383.054
383.331
383.609
385.845
386.122
386.400
386.677
386.955
387.233
387.510
387.788
388.065
388.343
388.621
388.898
389.176
389.454
389.731
390.009
390.286
390.564
390.842
391.119
391.397
391.675
391.952
392.230
392.507
392.785
393.063
393.340
393.618
393.896
394.173
394.451
394.728
395.006
395.284
395.561
395.839
396.116
396.394
396.672
396.949
397.227
397.505
397.782
398.060
398.337
398.615
398.893
399.170
399.448
399.726
400.003
400.281
400.558
400.836
401.114
401.391
401.669
401.947
402.224
402.502
402.779
403.057
403.335
403.612
403.890
404.167
404.445
404.723
405.000
405.278
405.556
405.833
406.111
406.388
406.666
406.944
407.221
407.499
407.777
408.054
408.332
408.609
408.887
409.165
409.442
409.720
409.998
410.275
410.553
410.830
411.108
411.386
411.663
411.941
412.218
412.496
412.774
413.051
413.329
413.607
413.884
414.162
414.439
414.717
414.995
415.272
415.550
415.828
416.105
416.383
416.660
416.938
417.216
417.493
417.771
418.049
418.326
418.604
418.881
419.159
419.437
419.714
419.992
420.270
420.547
420.825
421.102
421.380
421.936
422.491
423.047
423.602
424.158
424.713
425.269
425.824
426.380
426.935
427.491
428.046
428.602
429.158
429.713
430.269
430.824
431.380
431.935
432.491
433.046
433.602
434.157
434.713
435.268
435.824
436.380
436.935
437.491
438.046
438.602
439.157
439.713
440.268
440.824
441.379
441.935
442.490
443.046
443.602
444.157
444.713
445.268
445.824
446.379
446.935
447.490
448.046
448.601
449.157
449.712
450.268
450.823
451.379
451.935
452.490
453.046
453.601
454.157
454.712
455.268
455.823
456.379
456.934
457.490
458.045
458.601
459.157
459.712
460.268
460.823
461.379
461.934
462.490
463.045
463.601
464.156
464.712
465.267
465.823
466.379
466.934
467.490
468.045
468.601
469.156
469.712
470.267
470.823
471.378
471.934
472.489
473.045
473.601
474.156
474.712
475.267
475.545
476.377
476.654
477.486
477.763
478.595
478.873
479.705
479.982
480.814
481.092
481.924
482.201
483.033
483.311
484.143
484.422
484.701
485.259
485.538
485.817
486.375
486.654
486.933
487.491
487.771
488.050
488.608
488.887
489.166
489.724
490.003
490.282
492.484
492.762
493.040
493.318
493.596
493.874
494.151
494.429
494.707
494.985
495.263
495.541
495.818
496.096
496.374
496.652
496.930
497.208
497.485
497.763
498.041
498.319
498.597
498.875
499.152
499.430
499.708
499.986
500.264
500.542
500.819
501.097
501.375
501.653
501.931
502.209
502.486
502.764
503.042
503.320
503.598
503.876
504.153
504.431
504.709
504.987
505.265
505.543
505.820
506.098
506.376
506.654
506.932
507.210
507.487
507.765
508.043
508.321
508.599
508.877
509.154
509.432
509.710
509.988
510.266
510.544
510.821
511.099
511.377
511.655
511.933
512.211
512.489
512.766
513.044
513.322
513.600
513.878
514.156
514.433
514.711
514.989
515.267
515.545
515.823
516.100
516.378
516.656
516.934
517.212
517.490
517.767
518.045
518.323
518.601
518.879
519.157
519.434
519.712
519.990
520.268
520.546
521.380
521.657
522.489
522.767
523.599
523.876
524.708
524.986
525.818
526.095
526.927
527.204
528.037
528.314
529.146
529.423
530.255
531.370
532.484
533.599
534.713
535.828
572.044
573.306
574.569
575.831
577.094
578.356
579.618
580.881
582.143
583.405
584.668
585.930
587.192
587.824
588.456
589.088
589.720
590.352
590.984
591.616
592.248
592.879
593.511
594.143
594.775
595.407
596.039
596.671
597.303
597.934
598.566
599.198
599.830
600.462
601.094
601.726
602.358
602.990
603.621
604.253
604.885
605.517
606.149
606.781
607.413
607.729
608.045
608.361
608.676
608.992
609.308
609.624
609.940
610.256
610.572
610.888
611.204
611.520
611.836
612.152
612.468
612.784
613.100
613.416
613.732
614.047
614.363
614.679
614.995
615.311
615.627
615.943
616.259
616.575
616.891
617.207
617.523
617.839
618.155
618.471
618.787
619.103
619.418
619.734
620.050
620.366
620.682
620.998
621.314
621.630
621.946
622.262
622.578
622.894
623.210
623.526
623.842
624.158
624.473
624.789
625.105
625.421
625.737
626.053
626.369
626.685
627.001
627.317
627.633
628.897
630.160
631.424
632.688
633.952
635.215
636.479
637.743
639.007
640.271
641.534
642.798
644.062
645.326
646.589
647.853
648.484
649.115
649.746
650.376
651.007
651.638
652.269
652.900
653.531
654.161
654.792
655.423
656.054
656.685
657.316
657.947
658.577
659.208
659.839
660.470
661.101
661.732
662.362
662.993
663.624
664.255
664.886
665.517
666.147
666.778
667.409
668.040
669.304
670.567
671.831
673.095
674.359
675.623
676.886
678.150
678.466
678.782
679.414
679.730
680.046
680.678
680.993
681.309
681.941
682.257
682.573
683.205
683.521
683.837
684.469
684.785
685.101
685.733
686.049
686.364
686.996
687.312
687.628
688.260
688.576
688.892
689.524
689.840
690.156
690.788
691.104
691.420
692.051
692.367
692.683
693.315
693.631
693.947
694.579
694.895
695.211
695.843
696.159
696.475
697.106
697.422
697.738
698.370
699.001
699.632
700.263
700.894
701.526
702.157
702.788
703.419
704.050
704.682
705.313
705.944
706.575
707.206
707.838
708.469
709.100
709.731
710.362
710.994
711.625
712.256
712.887
713.518
714.150
714.781
715.412
716.043
716.674
717.306
717.937
718.568
719.199
719.830
720.462
721.093
721.724
722.355
722.986
723.618
724.249
724.880
725.511
726.142
726.774
727.405
728.036
728.667
728.983
729.299
729.615
729.930
730.246
730.562
730.878
731.193
731.509
731.825
732.141
732.457
732.772
733.088
733.404
733.720
734.036
734.351
734.667
734.983
735.299
735.615
735.930
736.246
736.562
736.878
737.194
737.509
737.825
738.141
738.457
738.772
739.088
739.404
739.720
740.036
740.351
740.667
740.983
741.299
741.615
741.930
742.246
742.562
742.878
743.194
743.509
743.825
744.141
744.457
744.773
745.088
745.404
745.720
746.036
746.351
746.984
747.616
748.248
748.880
749.512
750.144
750.776
751.408
752.041
752.673
753.305
753.937
754.569
755.201
755.833
756.465
757.097
757.730
758.362
758.994
759.626
760.258
760.890
761.522
762.154
762.786
763.419
764.051
764.683
765.315
765.947
766.579
767.211
767.843
768.475
769.108
770.369
771.631
772.893
774.154
775.416
776.678
777.939
779.201
780.463
781.724
782.986
784.248
785.509
786.771
788.033
789.294
789.926
790.558
791.190
791.821
792.453
793.085
793.717
794.348
794.980
795.612
796.244
796.875
797.507
798.139
798.771
799.402
800.034
800.666
801.298
801.929
802.561
803.193
803.824
804.456
805.088
805.720
806.351
806.983
807.615
808.247
843.556
848.243
853.882
854.783
859.521
860.388
865.160
866.061
867.470
868.880
870.290
871.700
873.109
874.519
875.929
877.338
878.748
880.158
881.568
882.977
884.387
885.797
887.207
888.616
889.325
890.035
890.744
891.453
892.162
892.871
893.580
894.289
894.641
894.994
895.346
895.699
896.051
896.403
896.756
897.108
897.461
897.813
898.166
898.518
898.870
899.223
899.575
899.928
900.280
900.633
900.985
901.337
901.690
902.042
902.395
902.747
903.100
903.452
903.805
904.157
904.509
904.862
905.214
905.567
905.743
905.920
906.097
906.273
906.450
906.627
906.803
906.980
907.157
907.333
907.510
907.687
907.863
908.040
908.217
908.393
908.570
908.746
908.923
909.100
909.276
909.453
909.630
909.806
909.983
910.160
910.336
910.513
910.690
910.866
911.043
911.220
911.396
911.573
911.750
911.926
912.103
912.280
912.456
912.633
912.809
912.986
913.163
913.339
913.516
913.693
913.869
914.046
914.223
914.399
914.576
914.753
914.929
915.106
915.283
916.845
917.198
917.552
917.906
918.259
918.613
918.967
919.320
919.674
920.028
920.381
920.735
921.089
921.443
921.796
922.150
922.504
922.857
923.211
923.565
923.918
924.272
924.626
924.979
925.333
925.687
926.040
926.394
926.748
927.102
927.455
927.809
928.163
928.516
928.870
929.224
929.577
929.931
930.285
930.638
930.992
931.346
931.699
932.053
932.407
932.761
933.114
933.468
933.822
934.175
934.529
934.883
935.236
935.590
935.944
936.297
936.651
937.005
937.358
937.712
938.066
939.467
944.272
945.140
949.878
950.745
955.517
956.384
961.156
962.023
962.729
963.435
964.141
964.847
965.553
966.259
966.964
967.670
968.376
969.082
969.788
970.494
971.200
971.906
972.612
973.318
974.024
974.730
975.435
976.141
976.847
977.553
978.259
978.965
979.671
980.377
981.083
981.789
982.495
983.201
983.906
984.612
984.789
985.317
985.493
986.022
986.198
986.727
986.903
987.432
987.608
988.137
988.313
988.842
989.018
989.546
989.723
990.251
990.429
990.606
990.961
991.138
991.316
991.670
991.848
992.025
992.380
992.557
992.735
993.089
993.267
993.444
993.799
993.976
994.154
995.924
996.276
996.629
996.981
997.334
997.687
998.039
998.392
998.744
999.097
999.449
999.802
1000.155
1000.507
1000.860
1001.212
1001.565
1001.917
1002.270
1002.623
1002.975
1003.328
1003.680
1004.033
1004.385
1004.738
1005.091
1005.443
1005.796
1006.148
1006.501
1006.853
1007.206
1007.559
1007.911
1008.264
1008.616
1008.969
1009.321
1009.674
1010.027
1010.379
1010.732
1011.084
1011.437
1011.789
1012.142
1012.495
1012.847
1013.200
1013.552
1013.905
1014.258
1014.610
1014.963
1015.315
1015.668
1016.020
1016.373
1016.726
1017.078
1018.480
1018.832
1019.185
1019.538
1019.891
1020.244
1020.597
1020.950
1021.303
1021.656
1022.008
1022.361
1022.714
1023.067
1023.420
1023.773
1024.126
1024.479
1024.832
1025.184
1025.537
1025.890
1026.243
1026.596
1026.949
1027.302
1027.655
1028.008
1028.360
1028.713
1029.066
1029.419
1029.772
1030.125
1030.478
1030.831
1031.184
1031.536
1031.889
1032.242
1032.595
1032.948
1033.301
1033.654
1034.007
1034.360
1034.712
1035.065
1035.418
1035.771
1036.124
1036.477
1036.830
1037.183
1037.536
1037.888
1038.241
1038.594
1038.947
1039.300
1039.653
1076.736
1077.216
1077.696
1078.176
1078.656
1079.136
1079.616
1080.096
1080.576
1081.056
1081.536
1082.016
1082.496
1082.976
1083.456
1083.936
1084.416
1084.896
1085.376
1085.856
1086.336
1086.816
1087.296
1087.776
1088.256
1088.736
1089.216
1089.696
1090.176
1090.656
1091.136
1091.616
1092.096
1092.576
1093.056
1093.536
1094.016
1094.496
1094.976
1095.456
1095.936
1096.416
1096.896
1097.376
1097.856
1098.350
1098.657
1099.748
1100.227
1100.707
1101.186
1101.666
1102.146
1102.625
1103.105
1103.584
1104.064
1104.543
1105.023
1105.503
1105.982
1106.462
1106.941
1107.421
1107.900
1108.380
1108.860
1109.339
1109.819
1110.298
1110.778
1111.257
1111.737
1112.217
1112.696
1113.176
1113.655
1114.135
1114.614
1115.094
1115.573
1115.814
1116.054
1116.535
1116.775
1117.016
1117.497
1117.737
1117.977
1118.458
1118.698
1118.939
1119.420
1119.660
1119.900
1120.381
1120.621
1120.862
1121.343
1121.583
1121.823
1122.304
1122.544
1122.785
1123.266
1123.506
1123.746
1124.227
1124.467
1124.708
1125.189
1125.429
1125.669
1126.150
1126.390
1126.631
1127.112
1127.352
1127.592
1128.073
1128.314
1128.554
1129.035
1129.275
1129.515
1129.996
1130.237
1130.477
1137.662
1138.143
1138.624
1139.105
1139.586
1140.067
1140.548
1141.029
1141.511
1141.992
1142.473
1142.954
1143.435
1145.837
1146.317
1146.796
1147.276
1147.756
1148.235
1148.715
1149.195
1149.674
1150.154
1150.634
1151.113
1151.593
1152.072
1152.552
1153.032
1153.511
1153.991
1154.471
1154.950
1155.430
1155.910
1156.389
1156.869
1157.349
1157.828
1158.308
1158.788
1159.267
1159.747
1160.226
1160.706
1161.186
1161.665
1162.145
1162.625
1163.104
1163.584
1164.064
1164.543
1165.023
1165.503
1165.982
1166.462
1166.941
1167.421
1167.901
1168.380
1168.860
1169.340
1169.819
1170.299
1170.779
1171.258
1171.738
1172.218
1172.697
1173.177
1173.657
1174.136
1174.616
1175.095
1175.575
1176.055
1176.534
1177.014
1177.494
1177.973
1178.453
1178.933
1179.412
1179.892
1180.372
1180.851
1181.331
1181.811
1182.290
1182.770
1183.249
1183.729
1184.209
1184.688
1185.168
1185.648
1186.127
1186.607
1187.087
1187.566
1188.046
1188.526
1189.005
1189.485
1189.964
1190.444
1190.924
1191.403
1191.883
1192.846
1193.809
1194.772
1195.735
1196.697
1197.660
1198.623
1199.586
1200.549
1201.512
1202.475
1203.437
1204.400
1205.363
1207.265
1208.224
1209.184
1210.143
1211.102
1212.062
1213.021
1213.980
1214.939
1215.899
1216.858
1217.817
1218.777
1219.736
1220.695
1221.654
1222.614
1223.094
1223.574
1224.054
1224.534
1225.015
1225.495
1225.975
1226.455
1226.935
1227.415
1227.896
1228.376
1228.856
1229.336
1229.816
1230.296
1230.777
1231.257
1231.737
1232.217
1232.697
1233.177
1233.658
1234.138
1234.618
1235.098
1235.578
1236.058
1236.539
1237.019
1237.499
1237.979
1238.459
1238.939
1239.420
1239.900
1240.380
1240.860
1241.340
1241.820
1242.301
1242.781
1243.261
1243.741
1244.221
1244.701
1245.182
1245.662
1246.142
1246.622
1247.102
1247.582
1248.063
1248.543
1249.023
1249.503
1249.983
1250.463
1250.944
1251.424
1251.904
1252.384
1252.864
1253.344
1254.779
1255.280
1257.182
1258.616
1259.084
1261.019
1261.978
1262.937
1263.897
1264.856
1265.815
1266.775
1267.734
1268.693
1269.173
1269.653
1270.134
1270.614
1271.094
1271.574
1272.054
1272.534
1273.015
1273.495
1273.975
1274.455
1274.935
1275.415
1275.896
1276.376
1276.856
1277.336
1277.816
1278.296
1278.777
1279.257
1279.737
1280.217
1280.697
1281.177
1281.658
1282.138
1282.618
1283.098
1283.578
1284.058
1284.539
1285.019
1285.499
1285.979
1286.459
1286.939
1287.420
1287.900
1288.380
1288.860
1289.340
1289.820
1290.301
1290.781
1291.261
1291.741
1292.221
1292.701
1293.182
1293.662
1294.142
1294.622
1295.102
1295.582
1296.063
1296.543
1297.023
1297.503
1297.983
1298.463
1298.944
1299.424
1332.356
1332.709
1333.061
1333.413
1333.765
1334.117
1334.469
1334.822
1335.174
1335.526
1335.878
1336.230
1336.583
1336.935
1337.287
1337.639
1337.991
1338.343
1338.696
1339.048
1339.400
1339.752
1340.104
1340.456
1340.809
1341.161
1341.513
1341.865
1342.217
1342.570
1343.604
1343.957
1344.310
1344.663
1345.016
1345.369
1345.722
1346.075
1346.428
1346.781
1347.134
1347.487
1347.840
1348.193
1348.547
1348.900
1349.253
1349.606
1349.959
1350.312
1350.665
1351.018
1351.371
1351.724
1352.077
1352.430
1352.783
1353.136
1353.489
1353.842
1354.195
1354.548
1357.718
1360.554
1363.390
1366.193
1369.029
1371.866
1374.668
1377.471
1378.884
1380.296
1381.709
1383.121
1384.534
1385.946
1387.359
1388.771
1390.184
1391.596
1393.009
1394.421
1395.834
1397.246
1398.659
1400.094
1400.447
1400.800
1401.153
1401.506
1401.859
1402.212
1402.566
1402.919
1403.272
1403.625
1403.978
1404.331
1404.684
1405.037
1405.390
1405.744
1406.097
1406.450
1406.803
1407.156
1407.509
1407.862
1408.215
1408.568
1408.922
1409.275
1409.628
1409.981
1410.334
1410.687
1411.040
1411.393
1411.747
1412.100
1412.453
1412.806
1413.159
1413.512
1413.865
1414.218
1414.571
1414.925
1415.278
1415.631
1415.984
1416.337
1416.690
1417.043
1417.396
1417.750
1418.103
1418.456
1418.809
1419.162
1419.515
1419.868
1420.221
1420.574
1420.928
1421.281
1421.634
1421.987
1422.340
1422.693
1423.046
1423.222
1423.751
1423.927
1424.456
1424.632
1425.161
1425.337
1425.866
1426.042
1426.571
1426.747
1427.276
1427.452
1427.981
1428.157
1428.686
1428.862
1429.391
1429.567
1430.095
1430.272
1430.800
1430.977
1431.505
1431.682
1432.210
1432.386
1432.915
1433.091
1433.268
1433.620
1433.797
1433.973
1434.326
1434.502
1434.678
1435.031
1435.207
1435.383
1435.736
1435.912
1436.089
1436.441
1436.618
1436.794
1437.146
1437.323
1437.499
1437.852
1438.028
1438.204
1438.557
1438.733
1438.910
1439.262
1439.438
1439.615
1439.967
1440.144
1440.320
1440.673
1440.849
1441.025
1441.378
1441.554
1441.730
1442.083
1442.259
1442.436
1445.272
1445.625
1445.977
1446.330
1446.683
1447.035
1447.388
1447.741
1448.093
1448.446
1448.799
1449.151
1449.504
1449.857
1450.209
1450.562
1450.915
1451.267
1451.620
1451.973
1452.325
1452.678
1453.030
1453.383
1453.736
1454.088
1454.441
1454.794
1455.146
1455.499
1455.852
1456.204
1456.557
1456.910
1457.262
1457.615
1457.968
1458.320
1458.673
1459.026
1459.378
1459.731
1460.084
1460.436
1460.789
1461.141
1461.494
1461.847
1462.199
1462.552
1462.905
1463.257
1463.610
1463.963
1464.315
1464.668
1465.021
1465.373
1465.726
1465.902
1466.079
1466.255
1466.431
1466.608
1466.784
1466.960
1467.137
1467.313
1467.490
1467.666
1467.842
1468.196
1468.549
1468.902
1469.255
1469.609
1469.962
1470.315
1470.668
1471.022
1471.375
1471.728
1472.081
1472.435
1472.788
1473.141
1473.494
1473.848
1474.201
1474.554
1474.907
1475.261
1475.614
1475.967
1476.320
1476.674
1477.027
1477.380
1477.733
1478.087
1478.440
1478.793
1479.146
1479.500
1479.853
1480.206
1480.559
1480.913
1481.266
1481.619
1481.973
1482.326
1482.679
1483.032
1483.386
1483.739
1484.092
1484.445
1484.799
1485.152
1485.505
1485.858
1486.212
1486.565
1486.918
1487.271
1487.625
1487.978
1488.331
1488.684
1489.038
1489.391
1489.744
1490.097
1490.451
1493.253
1496.056
1498.892
1501.729
1504.531
1507.368
1510.204
1513.007
1514.418
1515.830
1517.242
1518.654
1520.066
1521.477
1522.889
1524.301
1525.713
1527.125
1528.537
1529.948
1531.360
1532.772
1534.184
1535.596
1535.950
1536.304
1536.658
1537.012
1537.366
1537.721
1538.075
1538.429
1538.783
1539.137
1539.491
1539.845
1540.200
1540.554
1540.908
1541.262
1541.616
1541.970
1542.324
1542.678
1543.033
1543.387
1543.741
1544.095
1544.271
1544.799
1544.975
1545.503
1545.679
1546.207
1546.383
1546.911
1547.087
1547.615
1547.791
1548.319
1548.495
1549.023
1549.199
1549.727
1549.904
1550.081
1550.435
1550.611
1550.788
1551.142
1551.319
1551.496
1551.849
1552.026
1552.203
1552.557
1552.734
1552.910
1553.264
1553.441
1553.618
1553.972
1554.148
1554.325
1554.679
1554.856
1555.033
1558.185
1558.538
1558.891
1559.244
1559.597
1559.950
1560.303
1560.656
1561.009
1561.362
1561.715
1562.068
1562.421
1562.774
1563.127
1563.480
1563.833
1564.186
1564.539
1564.892
1565.245
1565.598
1565.951
1566.304
1566.657
1567.010
1567.363
1567.716
1568.069
1568.422
1568.775
1569.128
1569.481
1569.834
1570.187
1570.540
1570.893
1571.246
1571.599
1571.953
1572.306
1572.659
1573.012
1573.365
1573.718
1574.071
1574.424
1574.777
1575.130
1575.483
1575.836
1576.189
1576.542
1576.895
1577.248
1577.601
1577.954
1578.307
1578.660
1579.013
1579.366
1579.719
1580.072
1580.425
1580.778
1581.131
1581.484
1581.837
1582.190
1582.543
1582.896
1583.249
1583.602
1583.955
1584.308
1584.661
1585.014
1585.367
1585.720
1586.073
1586.426
1586.779
1587.132
1587.485
1587.838
1588.191
1588.544
1588.897
1589.250
1589.603
1589.956
1590.309
1590.662
1591.015
1591.368
1591.721
1592.074
1592.427
1592.780
1593.133
1593.486
1593.839
1594.192
1594.545
1594.898
1595.251
1595.604
1595.957
1596.310
1596.663
1597.016
1597.369
1597.723
1598.076
1598.429
1598.782
1599.135
1599.488
1599.841
1600.194
1603.385
1603.738
1604.091
1604.444
1604.797
1605.150
1605.503
1605.856
1606.209
1606.562
1606.915
1607.268
1607.621
1607.974
1608.327
1608.680
1609.033
1609.386
1609.739
1610.092
1610.445
1610.798
1611.151
1611.504
1611.857
1612.210
1612.563
1612.916
1613.269
1613.622
1613.975
1614.328
1614.681
1615.034
1615.387
1615.740
1616.093
1616.446
1616.799
1617.152
1617.505
1617.858
1618.211
1618.564
1618.917
1619.270
1619.623
1619.976
1620.329
1620.682
1621.035
1621.388
1621.741
1622.094
1622.447
1622.800
1623.152
1623.505
1623.858
1624.211
1624.564
1624.917
1625.270
1625.623
1625.976
1626.329
1626.682
1627.035
1627.388
1627.741
1628.094
1628.447
1628.800
1629.153
1629.506
1629.859
1630.212
1630.565
1630.918
1631.271
1631.624
1631.977
1632.330
1632.683
1633.036
1633.389
1633.742
1634.095
1634.448
1634.801
1635.154
1635.507
1635.860
1636.213
1637.264
1637.616
1637.969
1638.322
1638.674
1639.027
1639.379
1639.732
1640.084
1640.437
1640.789
1641.142
1641.494
1641.847
1642.199
1642.552
1642.904
1643.257
1643.609
1643.962
1644.314
1644.667
1645.020
1645.372
1646.273
1686.341
1687.540
1688.739
1689.938
1691.136
1692.335
1693.534
1694.733
1695.932
1697.131
1698.329
1699.528
1700.727
1701.926
1703.125
1703.725
1704.326
1704.926
1705.527
1706.128
1706.728
1707.329
1707.929
1708.530
1709.131
1709.731
1710.332
1710.932
1711.533
1712.134
1712.734
1713.335
1713.935
1714.536
1715.137
1715.737
1716.338
1716.938
1717.539
1718.140
1718.740
1719.341
1719.941
1720.542
1721.143
1721.743
1722.344
1722.944
1723.545
1724.146
1724.746
1725.347
1725.947
1726.548
1727.149
1727.749
1728.350
1728.950
1729.551
1730.152
1730.752
1731.353
1731.953
1732.554
1733.155
1733.755
1734.356
1734.956
1735.557
1736.158
1736.758
1737.359
1737.959
1738.560
1739.161
1739.761
1740.362
1740.962
1741.563
1741.862
1742.760
1743.059
1743.957
1744.256
1745.154
1745.453
1746.351
1746.650
1747.548
1747.847
1748.745
1749.044
1749.942
1750.242
1751.139
1751.439
1751.739
1752.339
1752.639
1752.940
1753.540
1753.840
1754.140
1754.740
1755.040
1755.340
1755.940
1756.240
1756.540
1757.140
1757.440
1757.740
1758.340
1758.640
1758.940
1759.540
1759.840
1760.140
1760.741
1761.041
1761.341
1761.641
1761.941
1762.241
1762.541
1762.841
1763.141
1763.441
1763.741
1764.041
1764.341
1764.641
1764.941
1765.241
1765.541
1765.841
1766.141
1766.441
1766.741
1767.041
1767.341
1767.641
1767.941
1768.242
1768.542
1768.842
1769.142
1769.442
1769.742
1770.042
1770.342
1770.642
1770.942
1771.242
1771.542
1771.842
1772.142
1772.442
1772.742
1773.042
1773.342
1773.642
1773.942
1774.242
1774.542
1774.842
1775.142
1775.442
1775.742
1776.043
1776.343
1776.643
1776.943
1777.243
1777.543
1777.843
1778.143
1778.443
1778.743
1779.043
1779.343
1779.643
1779.943
1780.243
1780.543
1780.843
1781.143
1781.443
1781.743
1782.043
1782.343
1782.643
1782.943
1783.243
1783.543
1783.844
1784.144
1784.444
1784.744
1785.044
1785.344
1785.644
1785.944
1786.244
1786.544
1786.844
1787.144
1787.444
1787.744
1788.044
1788.344
1788.644
1788.944
1789.244
1789.544
1789.844
1790.144
1790.444
1790.744
1791.044
1791.344
1791.645
1791.945
1792.245
1792.545
1792.845
1793.145
1793.445
1793.745
1794.045
1794.345
1794.645
1794.945
1795.245
1795.545
1795.845
1796.145
1796.445
1796.745
1797.045
1797.345
1797.645
1797.945
1798.245
1798.545
1798.845
1799.145
1799.746
1800.346
1800.946
1801.546
1802.146
1802.746
1803.346
1803.946
1804.546
1805.146
1805.746
1806.346
1806.946
1807.547
1808.147
1808.747
1809.347
1809.947
1810.547
1811.147
1811.747
1812.347
1812.947
1813.547
1814.147
1814.748
1815.348
1815.948
1816.548
1817.148
1817.748
1818.348
1818.948
1819.548
1820.148
1820.748
1821.348
1821.948
1822.549
1823.149
1823.749
1824.349
1824.949
1825.549
1826.149
1826.749
1827.349
1827.949
1828.549
1829.149
1829.749
1830.350
1830.950
1831.550
1832.150
1832.750
1833.350
1833.950
1834.550
1835.150
1835.750
1836.350
1836.950
1837.550
1848.336
1849.536
1850.736
1851.936
1853.136
1854.336
1855.536
1856.736
1857.336
1857.936
1858.536
1859.136
1859.736
1860.336
1860.936
1861.536
1862.136
1862.736
1863.336
1863.936
1864.536
1865.136
1865.736
1866.336
1866.936
1867.536
1868.136
1868.736
1869.336
1869.936
1870.536
1871.136
1871.736
1872.336
1872.936
1873.536
1874.136
1874.736
1875.336
1875.936
1876.236
1876.536
1877.136
1877.436
1877.736
1878.336
1878.636
1878.936
1879.536
1879.836
1880.136
1880.736
1881.036
1881.336
1881.936
1882.236
1882.536
1883.136
1883.436
1883.736
1884.336
1884.636
1884.936
1885.536
1885.836
1886.136
1886.736
1887.036
1887.336
1887.936
1888.236
1888.536
1889.136
1889.436
1889.736
1890.336
1890.636
1890.936
1891.536
1891.836
1892.136
1892.736
1893.036
1893.336
1893.936
1894.236
1894.536
1895.136
1895.436
1895.736
1896.036
1896.336
1896.636
1896.936
1897.236
1897.536
1897.836
1898.136
1898.436
1898.736
1899.036
1899.336
1899.636
1899.936
1900.236
1900.536
1900.836
1901.136
1901.436
1901.736
1902.036
1902.336
1902.636
1902.936
1903.236
1903.536
1903.836
1904.136
1904.436
1904.735
1905.035
1905.335
1905.635
1905.935
1906.235
1906.535
1906.835
1907.135
1907.435
1907.735
1908.035
1908.335
1908.635
1908.935
1909.235
1909.535
1909.835
1910.135
1910.435
1910.735
1911.035
1911.335
1911.635
1911.935
1912.235
1912.535
1912.835
1913.135
1913.435
1913.735
1914.035
1953.221
1954.022
1954.822
1955.623
1956.424
1957.225
1958.026
1958.826
1959.627
1960.028
1960.428
1960.828
1961.229
1961.629
1962.030
1962.430
1962.830
1963.231
1963.631
1964.032
1964.432
1964.832
1965.233
1965.633
1966.034
1966.434
1966.834
1967.235
1967.635
1968.036
1968.436
1968.836
1969.237
1969.637
1970.038
1970.438
1970.838
1971.239
1971.639
1972.040
1972.440
1973.239
1974.037
1974.836
1975.635
1976.434
1977.232
1978.031
1978.830
1979.628
1980.427
1981.226
1982.025
1982.823
1983.622
1984.421
1985.219
1985.619
1986.018
1986.418
1986.817
1987.216
1987.616
1988.015
1988.414
1988.814
1989.213
1989.612
1990.012
1990.411
1990.810
1991.210
1991.609
1992.009
1992.408
1992.807
1993.207
1993.606
1994.005
1994.405
1994.804
1995.203
1995.603
1996.002
1996.401
1996.801
1997.200
1997.600
1997.999
1998.199
1998.800
1999.000
1999.600
1999.801
2000.401
2000.601
2001.202
2001.402
2002.003
2002.203
2002.804
2003.004
2003.604
2003.805
2004.405
2004.605
2005.206
2005.406
2006.007
2006.207
2006.808
2007.008
2007.608
2007.809
2008.409
2008.609
2009.210
2009.410
2010.011
2010.211
2010.812
2011.012
2011.212
2011.612
2011.813
2012.013
2012.413
2012.613
2012.814
2013.214
2013.414
2013.614
2014.015
2014.215
2014.415
2014.816
2015.016
2015.216
2015.616
2015.817
2016.017
2016.417
2016.617
2016.818
2017.218
2017.418
2017.618
2018.019
2018.219
2018.419
2018.820
2019.020
2019.220
2019.620
2019.821
2020.021
2020.421
2020.621
2020.822
2021.222
2021.422
2021.622
2022.023
2022.223
2022.423
2022.824
2023.024
2023.224
2023.624
2023.825
2024.025
2024.225
2024.425
2024.625
2024.825
2025.025
2025.225
2025.425
2025.625
2025.825
2026.025
2026.225
2026.425
2026.626
2026.826
2027.026
2027.226
2027.426
2027.626
2027.826
2028.026
2028.226
2028.426
2028.626
2028.826
2029.026
2029.226
2029.426
2029.627
2029.827
2030.027
2030.227
2030.427
2030.627
2030.827
2031.027
2031.227
2031.427
2031.627
2031.827
2032.027
2032.227
2032.427
2032.628
2032.828
2033.028
2033.228
2033.428
2033.628
2033.828
2034.028
2034.228
2034.428
2034.628
2034.828
2035.028
2035.228
2035.428
2035.629
2035.829
2036.029
2036.229
2036.429
2036.629
2036.829
2037.029
2037.229
2037.429
2037.629
2037.829
2038.029
2038.229
2038.429
2038.630
2038.830
2039.030
2039.230
2039.430
2039.630
2039.830
2040.030
2040.230
2040.430
2040.630
2040.830
2041.030
2041.230
2041.431
2041.631
2041.831
2042.031
2042.231
2042.431
2042.631
2042.831
2043.031
2043.231
2043.431
2043.631
2043.831
2044.031
2044.231
2044.432
2044.632
2044.832
2045.032
2045.232
2045.432
2045.632
2045.832
2046.032
2046.232
2046.432
2046.632
2046.832
2047.032
2047.232
2047.433
2047.633
2047.833
2048.033
2048.233
2048.433
2048.633
2048.833
2049.033
2049.233
2049.433
2049.633
2049.833
2050.033
2050.233
2050.434
2050.634
2050.834
2051.034
2051.234
2051.434
2051.634
2051.834
2052.034
2052.234
2052.434
2052.634
2052.834
2053.034
2053.235
2053.435
2053.635
2053.835
2054.035
2054.235
2054.435
2054.635
2054.835
2055.035
2055.235
2055.435
2055.635
2055.835
2056.035
2056.236
2056.436
2056.636
2056.836
2057.036
2057.236
2057.436
2057.636
2057.836
2058.036
2058.236
2058.436
2058.636
2058.836
2059.036
2059.237
2059.437
2059.637
2059.837
2060.037
2060.237
2060.437
2060.637
2060.837
2061.037
2061.237
2061.437
2061.637
2061.837
2062.037
2062.838
2063.638
2064.439
2065.239
2066.040
2066.840
2067.640
2068.441
2069.241
2070.042
2070.842
2071.642
2072.443
2073.243
2074.044
2074.844
2075.243
2075.643
2076.042
2076.441
2076.841
2077.240
2077.639
2078.039
2078.438
2078.837
2079.236
2079.636
2080.035
2080.434
2080.834
2081.233
2081.632
2082.032
2082.431
2082.830
2083.229
2083.629
2084.028
2084.427
2084.827
2085.226
2085.625
2086.025
2086.424
2086.823
2087.222
2087.622
2087.822
2088.423
2088.623
2089.223
2089.424
2090.024
2090.224
2090.825
2091.025
2091.626
2091.826
2092.427
2092.627
2093.227
2093.428
2094.028
2094.228
2094.829
2095.029
2095.630
2095.830
2096.431
2096.631
2097.231
2097.432
2098.032
2098.232
2098.833
2099.033
2099.634
2099.834
2100.435
2100.635
2100.835
2101.235
2101.435
2101.635
2102.035
2102.235
2102.435
2102.836
2103.036
2103.236
2103.636
2103.836
2104.036
2104.436
2104.636
2104.836
2105.237
2105.437
2105.637
2106.037
2106.237
2106.437
2106.837
2107.037
2107.237
2107.638
2107.838
2108.038
2108.438
2108.638
2108.838
2109.238
2109.438
2109.638
2110.038
2110.239
2110.439
2110.839
2111.039
2111.239
2111.639
2111.839
2112.039
2112.439
2112.640
2112.840
2113.240
2113.440
2113.640
2113.839
2114.039
2114.239
2114.439
2114.639
2114.839
2115.039
2115.239
2115.439
2115.639
2115.839
2116.038
2116.238
2116.438
2116.638
2116.838
2117.038
2117.238
2117.438
2117.638
2117.838
2118.037
2118.237
2118.437
2118.637
2118.837
2119.037
2119.237
2119.437
2119.637
2119.837
2120.036
2120.236
2120.436
2120.636
2120.836
2121.036
2121.236
2121.436
2121.636
2121.836
2122.035
2122.235
2122.435
2122.635
2122.835
2123.035
2123.235
2123.435
2123.635
2123.835
2124.034
2124.234
2124.434
2124.634
2124.834
2125.034
2125.234
2125.434
2125.634
2125.834
2126.033
2126.233
2126.433
2126.633
2126.833
2127.033
2127.233
2127.433
2127.633
2127.833
2128.032
2128.232
2128.432
2128.632
2128.832
2129.032
2129.232
2129.432
2129.632
2129.832
2130.031
2130.231
2130.431
2130.631
2130.831
2131.031
2131.231
2131.431
2131.631
2131.831
2132.030
2132.230
2132.430
2132.630
2132.830
2133.030
2133.230
2133.430
2133.630
2133.830
2134.029
2134.229
2134.429
2134.629
2134.829
2135.029
2135.229
2135.429
2135.629
2135.829
2136.029
2136.228
2136.428
2136.628
2136.828
2137.028
2137.228
2137.428
2137.628
2137.828
2138.028
2138.227
2138.427
2138.627
2138.827
2139.217
2139.607
2140.408
2140.608
2140.808
2141.008
2141.409
2142.009
2142.410
2142.810
2143.211
2143.611
2143.811
2144.212
2144.812
2145.213
2145.613
2146.013
2146.814
2147.014
2147.215
2147.415
2147.815
2148.416
2148.616
2148.816
2149.016
2149.217
2149.417
2149.617
2149.817
2150.017
2150.418
2151.219
2151.619
2152.019
2152.420
2153.221
2153.421
2153.621
2153.821
2154.222
2154.822
2155.223
2155.623
2156.023
2156.424
2156.624
2157.024
2157.625
2158.025
2158.426
2158.826
2159.627
2159.827
2160.027
2160.228
2160.628
2161.229
2161.629
2161.822
2162.015
2162.208
2162.401
2163.631
