83.543
84.026
84.510
84.994
85.478
85.962
86.445
86.929
87.413
87.897
88.380
88.864
89.348
89.832
90.315
90.799
91.283
91.767
92.250
92.734
93.218
93.702
94.186
94.669
95.153
95.637
96.121
96.604
97.088
97.572
98.056
98.539
99.023
99.507
99.991
100.475
100.958
101.442
101.926
102.410
102.893
103.377
103.861
104.345
104.828
105.312
105.796
106.280
106.764
107.247
107.731
108.215
108.699
109.182
109.666
110.150
110.634
111.117
111.601
112.085
112.569
113.053
113.536
114.020
114.504
114.988
115.471
115.713
115.955
116.439
116.923
117.406
117.648
117.890
118.374
118.858
119.342
119.583
119.825
120.309
120.793
121.277
121.518
121.760
122.244
122.728
123.212
123.454
123.695
124.179
124.663
125.147
125.389
125.631
126.114
126.598
127.082
127.324
127.566
129.984
130.468
130.952
131.194
131.436
131.919
132.403
132.887
133.129
133.371
133.855
134.338
134.822
135.064
135.306
135.790
136.273
136.757
136.999
137.241
137.725
138.208
138.692
138.934
139.176
139.660
140.144
140.627
140.869
141.111
141.595
142.079
142.562
142.804
143.046
145.465
145.707
145.949
146.191
146.433
146.916
147.400
147.642
147.884
148.126
148.368
148.851
149.335
149.577
149.819
150.061
150.303
150.786
151.270
151.512
151.754
151.996
152.238
152.722
153.205
153.447
153.689
153.931
154.173
154.657
155.140
155.382
155.624
155.866
156.108
156.592
157.075
157.317
157.559
157.801
158.043
158.527
159.011
159.252
159.494
159.736
159.978
160.462
160.946
161.187
161.429
161.671
161.913
162.397
162.881
163.123
163.364
163.606
163.848
164.332
164.816
165.058
165.300
165.541
165.783
166.267
166.751
166.993
167.235
167.476
167.718
168.202
168.686
168.928
169.170
169.412
169.653
170.137
170.621
170.863
171.105
171.347
171.588
172.072
172.556
172.798
173.040
173.282
173.524
174.007
174.491
174.733
174.975
175.217
175.459
175.942
176.426
176.668
176.910
177.394
177.636
177.877
178.361
178.603
178.845
179.329
179.571
179.813
180.296
180.538
180.780
181.264
181.506
181.748
182.231
182.473
182.715
183.199
183.441
183.683
184.166
184.408
184.650
185.134
185.376
185.618
186.102
186.343
186.585
187.069
187.311
187.553
188.037
188.278
188.520
189.004
189.246
189.488
189.972
190.214
190.455
190.939
191.181
191.423
191.907
192.149
192.391
192.874
193.116
193.358
193.842
194.084
194.326
194.809
195.051
195.293
195.777
196.019
196.261
196.744
196.986
197.228
197.712
197.954
198.196
198.680
198.921
199.163
199.647
199.889
200.131
200.615
200.856
201.098
201.582
201.824
202.066
202.550
202.792
203.033
203.517
203.759
204.001
204.485
204.727
204.969
205.452
205.694
205.936
206.420
206.662
206.904
207.387
207.629
207.871
208.355
208.597
208.839
216.095
217.063
218.030
218.998
219.965
220.933
221.900
222.868
223.835
224.803
225.771
226.738
227.706
228.673
229.641
230.608
231.576
232.543
233.511
234.478
235.446
236.413
237.381
238.349
239.316
240.284
241.251
242.219
243.186
244.154
245.121
246.089
247.056
248.024
248.991
249.959
250.926
251.894
252.862
253.829
254.797
255.764
256.732
257.699
258.667
259.634
260.602
261.569
262.537
263.504
264.472
265.440
266.407
267.375
268.342
269.310
269.793
270.277
270.761
271.245
271.729
272.212
272.696
273.180
273.664
274.147
274.631
275.115
275.599
276.082
276.566
277.050
277.534
278.018
278.501
278.985
279.469
279.953
280.436
280.920
281.404
281.888
282.371
282.855
283.339
283.823
284.307
284.790
285.274
285.758
286.242
286.725
287.209
287.693
288.177
288.660
289.144
289.628
290.112
290.595
291.079
291.563
292.047
292.531
293.014
293.498
293.982
294.466
294.949
295.433
295.917
296.401
296.884
297.368
297.852
298.336
298.820
299.303
299.787
300.271
308.064
308.306
308.548
308.790
309.032
309.274
309.516
309.758
310.000
310.242
310.484
310.725
310.967
311.209
311.451
311.693
311.935
312.177
312.419
312.661
312.903
313.145
313.387
313.629
313.871
314.113
314.355
314.597
314.839
315.081
315.323
315.565
315.807
316.049
316.291
316.533
316.775
317.017
317.259
317.501
317.743
317.985
318.227
318.469
318.711
318.953
319.195
319.437
319.679
319.921
320.162
320.404
320.646
320.888
321.130
321.372
321.614
321.856
322.098
322.340
322.582
322.824
323.066
323.308
323.550
323.792
324.034
324.276
324.518
324.760
325.002
325.244
325.486
325.728
325.970
326.212
326.454
326.696
326.938
327.180
327.422
327.664
327.906
328.148
328.390
328.632
328.874
331.293
331.777
332.261
332.503
332.745
333.229
333.713
334.197
334.439
334.681
335.165
335.649
336.133
336.375
336.617
337.101
337.585
338.069
338.311
338.553
339.036
339.520
340.004
340.246
340.488
340.972
341.456
341.940
342.182
342.424
342.908
343.392
343.876
344.118
344.360
344.844
345.328
345.812
346.054
346.296
346.780
347.264
347.748
347.989
348.231
348.715
349.199
349.683
349.925
350.167
350.651
351.135
351.619
351.861
352.103
352.587
353.071
353.555
353.797
354.039
354.523
355.007
355.491
355.733
355.975
356.459
356.943
357.426
357.668
357.910
358.394
358.878
359.362
359.604
359.846
360.330
360.814
361.298
361.540
361.782
362.266
362.508
362.750
362.992
363.234
363.718
364.202
364.444
364.686
364.928
365.170
365.654
366.138
366.380
366.621
366.863
367.105
367.589
368.073
368.315
368.557
368.799
369.041
369.525
370.009
370.251
370.493
370.735
370.977
371.461
371.945
372.187
372.429
372.671
372.913
373.397
373.881
374.123
374.365
374.607
374.849
375.333
375.817
376.058
376.300
376.542
376.784
377.268
377.752
377.994
378.236
378.478
378.720
379.204
379.688
379.930
380.172
380.414
380.656
381.140
381.624
381.866
382.108
382.350
382.592
383.076
383.560
383.802
384.044
384.286
384.528
385.012
385.495
385.737
385.979
386.221
386.463
386.947
387.431
387.673
387.915
388.157
388.399
388.883
389.367
389.609
389.851
390.093
390.335
390.819
391.303
391.545
391.787
392.029
392.271
392.755
393.239
393.723
394.207
394.690
395.174
395.658
396.142
396.626
397.110
397.594
398.078
398.562
399.046
399.530
400.014
400.498
400.982
401.466
401.950
402.434
402.918
403.402
403.885
404.369
404.853
405.337
405.821
406.305
406.789
407.273
407.757
408.241
408.725
409.209
409.693
410.177
410.661
411.145
411.629
412.113
412.597
413.080
413.564
414.048
414.532
415.016
415.500
415.984
416.468
416.952
417.436
417.920
418.404
418.888
419.372
419.856
420.340
420.824
421.308
421.792
422.276
422.759
423.243
423.727
424.211
424.695
425.179
425.423
425.667
426.155
426.643
427.131
427.375
427.619
428.107
428.595
429.083
429.327
429.571
430.059
430.547
431.035
431.279
431.523
432.011
432.499
432.986
433.230
433.474
433.962
434.450
434.938
435.182
435.426
435.914
436.402
436.890
437.134
437.378
437.866
438.354
438.842
439.086
439.330
439.818
440.306
440.794
441.038
441.282
441.770
442.258
442.746
442.990
443.234
443.722
444.209
444.697
444.941
445.185
445.673
446.161
446.649
446.893
447.137
447.625
448.113
448.601
448.845
449.089
449.577
450.065
450.553
450.797
451.041
451.529
452.017
452.505
452.749
452.993
453.481
453.969
454.457
454.701
454.944
470.054
471.030
472.006
472.981
473.957
474.933
475.908
476.884
477.859
478.835
479.811
480.786
481.762
482.737
483.713
484.689
485.664
486.640
486.884
487.128
487.372
487.616
487.859
488.103
488.347
488.591
488.835
489.079
489.323
489.567
489.811
490.055
490.299
490.542
490.786
491.030
491.274
491.518
491.762
492.006
492.250
492.494
492.738
492.981
493.225
493.469
493.713
493.957
494.201
494.445
494.689
494.933
495.177
495.421
495.664
495.908
496.152
496.396
496.640
496.884
497.128
497.372
497.616
497.860
498.103
498.347
498.591
498.835
499.079
499.323
499.567
499.811
500.055
500.299
500.543
500.786
501.030
501.274
501.518
501.762
502.006
502.250
502.494
502.738
502.982
503.225
503.469
503.713
503.957
504.201
504.445
504.689
504.933
505.177
505.421
505.665
505.908
506.152
506.396
506.640
506.884
507.128
507.372
507.616
507.860
508.104
508.347
508.591
508.835
509.079
509.323
509.567
509.811
510.055
517.860
518.348
518.835
519.079
519.323
519.811
520.299
520.787
521.031
521.274
521.762
522.250
522.738
522.982
523.226
523.713
524.201
524.689
524.933
525.177
525.665
526.153
526.640
526.884
527.128
527.616
528.104
528.592
528.835
529.079
529.567
530.055
530.543
530.787
531.031
531.518
532.006
532.494
532.738
532.982
533.470
533.958
534.445
534.689
534.933
535.421
535.909
536.397
536.640
536.884
537.372
537.860
538.348
538.592
538.836
539.323
539.811
540.299
540.543
540.787
541.275
541.762
542.250
542.494
542.738
543.226
543.714
544.202
544.445
544.689
545.177
545.665
546.153
546.397
546.641
547.128
547.616
548.104
548.348
548.592
549.080
549.567
550.055
550.543
551.031
551.519
552.006
552.494
552.982
553.470
553.958
554.446
554.933
555.421
555.909
556.397
556.885
557.372
557.860
558.348
558.836
559.324
559.811
560.299
560.787
561.275
561.763
562.250
562.738
563.226
563.714
564.202
564.690
565.177
565.665
566.153
566.641
567.129
567.616
568.104
568.592
569.080
569.568
570.055
570.543
571.031
571.519
572.007
572.494
572.982
573.470
573.958
574.446
574.934
575.421
575.909
576.397
576.885
577.373
577.860
578.348
578.836
579.324
580.299
580.543
580.787
581.275
581.519
581.763
582.251
582.495
582.738
583.226
583.470
583.714
584.202
584.446
584.690
585.178
585.421
585.665
586.153
586.397
586.641
587.129
587.373
587.617
588.104
588.348
588.592
589.080
589.324
589.568
590.056
590.300
590.543
591.031
591.275
591.519
592.007
592.251
592.495
592.982
593.226
593.470
593.958
594.202
594.446
594.934
595.178
595.422
595.909
596.153
596.397
596.885
597.129
597.373
597.861
598.104
598.348
598.836
599.080
599.324
599.812
600.056
600.300
600.787
601.031
601.275
601.763
602.007
602.251
602.739
602.983
603.226
603.714
603.958
604.202
604.690
604.934
605.178
605.666
605.909
606.153
606.641
606.885
607.129
607.617
607.861
608.105
608.592
608.836
609.080
609.568
609.812
610.056
610.544
610.788
611.031
611.519
612.007
612.251
612.495
612.739
612.983
613.470
613.958
614.202
614.446
614.690
614.934
615.422
615.910
616.153
616.397
616.641
616.885
617.373
617.861
618.105
618.349
618.592
618.836
619.324
619.812
620.056
620.300
620.544
620.788
621.275
621.763
622.007
622.251
622.495
622.739
623.227
623.714
623.958
624.202
624.446
624.690
625.178
625.666
625.910
626.154
626.397
626.641
627.129
627.617
627.861
628.105
628.349
628.593
629.080
629.568
629.812
630.056
630.300
630.544
631.032
631.519
631.763
632.007
632.251
632.495
632.983
633.471
633.715
633.958
634.202
634.446
634.934
635.422
635.666
635.910
636.154
636.398
636.885
637.373
637.617
637.861
638.105
638.349
638.837
639.324
639.568
639.812
640.056
640.300
640.788
641.276
641.520
641.763
642.007
642.251
642.739
643.227
643.471
643.715
643.959
644.202
644.690
645.178
645.422
645.666
645.910
646.154
646.642
647.129
647.373
647.617
647.861
648.105
648.593
649.081
649.324
649.568
649.812
650.056
650.544
651.032
651.276
651.520
651.764
652.007
652.495
652.983
653.227
653.471
653.715
653.959
654.446
654.934
655.178
655.422
655.666
655.910
656.398
656.886
657.129
657.373
657.617
657.861
658.349
658.593
658.837
659.325
659.568
659.812
660.300
660.544
660.788
661.276
661.520
661.764
662.251
662.495
662.739
663.227
663.471
663.715
664.203
664.447
664.691
665.178
665.422
665.666
666.154
666.398
666.642
667.130
667.373
667.617
668.105
668.349
668.593
669.081
669.325
669.569
670.056
670.300
670.544
671.032
671.276
671.520
672.008
672.252
672.495
672.983
673.227
673.471
673.959
674.203
674.447
674.935
675.178
675.422
675.910
676.154
676.398
676.886
677.130
677.374
677.861
678.105
678.349
678.837
679.081
679.325
679.813
680.057
680.300
680.788
681.032
681.276
681.764
682.008
682.252
682.739
682.983
683.227
683.715
683.959
684.203
684.691
684.935
685.179
685.666
685.910
686.154
686.642
686.886
687.130
687.618
687.861
688.105
688.593
688.837
689.081
689.569
689.813
690.057
690.544
690.788
691.032
691.520
691.764
692.008
692.496
692.740
692.983
693.471
693.715
693.959
694.447
694.691
694.935
695.423
695.666
695.910
696.398
696.642
696.886
697.374
697.618
697.862
698.349
698.593
698.837
699.325
699.569
699.813
700.301
700.545
700.788
701.276
701.520
701.764
702.252
702.496
702.740
703.227
703.471
703.715
704.203
704.447
704.691
705.179
705.423
705.667
706.154
706.398
706.642
707.130
707.374
707.618
708.106
708.349
708.593
709.081
709.325
709.569
710.057
710.301
710.545
711.032
711.276
711.520
712.008
712.252
712.496
712.984
713.228
713.471
713.959
714.203
714.447
714.935
715.179
715.423
715.911
716.154
716.398
716.886
717.130
717.374
717.862
718.106
718.350
718.837
719.081
719.325
719.813
720.057
720.301
720.789
721.033
721.276
721.764
722.008
722.252
722.740
722.984
723.228
723.715
723.959
724.203
724.691
724.935
725.179
725.667
725.911
726.155
726.642
726.886
727.130
727.618
727.862
728.106
728.594
728.837
729.081
729.569
729.813
730.057
730.545
730.789
731.033
731.520
731.764
732.008
732.496
732.740
732.984
733.472
733.716
733.959
734.447
734.691
734.935
735.423
735.667
735.911
736.399
736.642
736.886
737.374
737.618
737.862
738.350
738.594
738.838
739.325
739.569
739.813
740.301
740.545
740.789
741.277
741.521
741.764
742.252
742.496
742.740
743.228
743.472
743.716
744.203
744.447
744.691
745.179
745.423
745.667
746.155
746.399
746.643
747.130
747.374
747.618
748.106
748.350
748.594
749.082
749.325
749.569
750.057
750.301
750.545
803.367
803.813
804.259
804.705
805.151
805.597
806.044
806.490
806.936
807.382
807.828
808.274
808.720
809.167
809.613
810.059
810.505
810.951
811.397
811.843
812.290
812.736
813.182
813.628
814.074
814.520
814.966
815.412
815.859
816.305
816.751
817.197
817.643
818.089
818.535
818.982
819.428
819.874
820.320
820.766
821.212
821.658
822.105
822.551
822.997
823.443
823.889
824.335
824.781
825.228
825.674
826.120
826.566
827.012
827.458
827.904
828.351
828.797
829.243
829.689
830.135
830.581
831.027
831.474
831.920
832.143
832.366
832.812
833.258
833.704
833.927
834.150
834.597
835.043
835.489
835.712
835.935
836.381
836.827
837.273
837.496
837.720
838.166
838.612
839.058
839.281
839.504
839.950
840.396
840.842
841.066
841.289
841.735
842.181
842.627
842.850
843.073
843.519
843.965
844.412
844.635
844.858
845.304
845.750
846.196
846.419
846.642
847.088
847.535
847.981
848.204
848.427
848.873
849.319
849.765
849.988
850.211
850.658
851.104
851.550
851.773
851.996
852.442
852.888
853.334
853.557
853.781
854.227
854.673
855.119
855.342
855.565
856.011
856.457
856.904
857.127
857.350
857.796
858.242
858.688
858.911
859.134
859.580
860.027
860.696
860.919
861.142
861.365
861.588
861.811
862.034
862.480
862.703
862.926
863.150
863.373
863.596
863.819
864.265
864.488
864.711
864.934
865.157
865.380
865.603
866.049
866.273
866.496
866.719
866.942
867.165
867.388
867.834
868.057
868.280
868.503
868.726
868.949
869.172
869.619
869.842
870.065
870.288
870.511
870.734
870.957
871.403
871.626
871.849
872.072
872.295
872.518
872.742
873.188
873.411
873.634
873.857
874.080
874.303
874.526
874.972
875.195
875.418
875.641
875.865
876.088
876.311
876.757
876.980
877.203
877.426
877.649
877.872
878.095
878.541
878.764
878.988
879.211
879.434
879.657
879.880
880.326
880.549
880.772
880.995
881.218
881.441
881.664
882.110
882.334
882.557
882.780
883.003
883.226
883.449
883.895
884.118
884.341
884.564
884.787
885.010
885.233
885.680
885.903
886.126
886.349
886.572
886.795
887.018
887.464
887.687
887.910
888.133
888.356
888.580
888.803
889.249
889.472
889.695
889.918
890.141
890.364
890.587
891.033
891.256
891.479
891.703
891.926
892.149
892.372
892.818
893.041
893.264
893.487
893.710
893.933
894.156
894.602
894.825
895.049
895.272
895.495
895.718
895.941
896.387
896.610
896.833
897.056
897.279
897.502
897.725
898.172
898.395
898.618
898.841
899.064
899.287
899.510
899.956
900.179
900.402
900.625
900.848
901.071
901.295
901.741
901.964
902.187
902.410
902.633
902.856
903.079
903.525
903.748
903.971
904.194
904.418
904.641
904.864
905.310
905.533
905.756
905.979
906.202
906.425
906.648
907.094
907.317
907.540
907.764
907.987
908.210
908.433
908.879
909.102
909.325
909.548
909.771
909.994
910.217
910.663
910.887
911.110
911.333
911.556
911.779
912.002
912.448
912.671
912.894
913.117
913.340
913.563
913.786
914.233
914.456
914.679
914.902
915.125
915.348
915.571
916.017
916.240
916.463
916.686
916.909
917.133
917.356
917.802
918.248
918.694
919.140
919.586
920.032
920.479
920.925
921.371
921.817
922.263
922.709
923.155
923.602
924.048
924.494
924.940
925.386
925.832
926.278
926.725
927.171
927.617
928.063
928.509
928.955
929.401
929.848
930.294
930.740
931.186
931.632
932.078
932.301
932.524
932.970
933.417
933.863
934.086
934.309
934.755
935.201
935.647
935.870
936.093
936.540
936.986
937.432
937.655
937.878
938.324
938.770
939.216
939.440
939.663
940.109
940.555
941.001
941.224
941.447
941.893
942.339
942.786
943.009
943.232
943.678
944.124
944.570
944.793
945.016
945.462
945.909
946.355
946.578
946.801
947.247
947.693
948.139
948.362
948.585
949.032
949.478
949.924
950.147
950.370
950.816
951.262
951.708
951.931
952.155
952.601
953.047
953.493
953.716
953.939
954.385
954.831
955.278
955.501
955.724
956.170
956.616
957.062
957.285
957.508
957.954
958.400
958.847
959.070
959.293
959.739
960.185
960.631
960.854
961.077
961.300
961.523
961.970
962.416
962.639
962.862
963.085
963.308
963.754
964.200
964.423
964.646
964.870
965.093
965.539
965.985
966.208
966.431
966.654
966.877
967.323
967.769
967.993
968.216
968.439
968.662
969.108
969.554
969.777
970.000
970.223
970.446
970.892
971.339
971.562
971.785
972.008
972.231
972.677
973.123
973.346
973.569
973.792
974.015
974.462
974.908
975.131
975.354
975.577
975.800
976.246
976.692
976.915
977.138
977.361
977.585
978.031
978.477
978.700
978.923
979.146
979.369
979.815
980.261
980.484
980.708
980.931
981.154
981.600
982.046
982.269
982.492
982.715
982.938
983.384
983.830
984.054
984.277
984.500
984.723
985.169
985.615
985.838
986.061
986.284
986.507
986.953
987.400
987.623
987.846
988.069
988.292
988.738
989.184
989.407
989.630
989.853
990.076
990.523
990.969
991.192
991.415
991.638
991.861
992.307
992.753
992.976
993.199
993.423
993.646
994.092
994.538
994.761
994.984
995.207
995.430
995.876
996.322
996.545
996.769
996.992
997.215
997.661
998.107
998.330
998.553
998.776
998.999
999.445
999.892
1000.115
1000.338
1000.561
1000.784
1001.230
1001.676
1001.899
1002.122
1002.345
1002.568
1003.015
1003.461
1003.684
1003.907
1004.353
1004.576
1004.799
1005.245
1005.468
1005.691
1006.138
1006.361
1006.584
1007.030
1007.253
1007.476
1007.922
1008.145
1008.368
1008.814
1009.037
1009.260
1009.707
1009.930
1010.153
1010.599
1010.822
1011.045
1011.491
1011.714
1011.937
1012.383
1012.607
1012.830
1013.276
1013.499
1013.722
1014.168
1014.391
1014.614
1015.060
1015.283
1015.506
1015.953
1016.176
1016.399
1016.845
1017.068
1017.291
1017.737
1017.960
1018.183
1018.629
1018.853
1019.076
1019.522
1019.745
1019.968
1020.414
1020.637
1020.860
1021.306
1021.529
1021.752
1022.199
1022.422
1022.645
1023.091
1023.314
1023.537
1023.983
1024.206
1024.429
1024.875
1025.098
1025.322
1025.768
1025.991
1026.214
1026.660
1026.883
1027.106
1027.552
1027.775
1027.998
1031.956
1032.178
1032.401
1032.846
1033.068
1033.291
1033.735
1033.958
1034.180
1034.625
1034.847
1035.070
1035.515
1035.737
1035.960
1036.404
1036.627
1036.849
1037.294
1037.516
1037.739
1038.184
1038.406
1038.629
1039.073
1039.296
1039.518
1039.963
1040.185
1040.408
1040.853
1041.075
1041.297
1041.742
1041.965
1042.187
1042.632
1042.854
1043.077
1043.522
1043.744
1043.966
1044.411
1044.634
1044.856
1045.301
1045.523
1045.746
1046.191
1046.413
1046.635
1047.080
1047.303
1047.525
1047.970
1048.192
1048.415
1048.860
1049.082
1049.304
1049.749
1049.972
1050.194
1050.639
1050.861
1051.084
1051.529
1051.751
1051.973
1052.418
1052.641
1052.863
1053.308
1053.530
1053.753
1054.198
1054.420
1054.642
1055.087
1055.310
1055.532
1055.977
1056.199
1056.422
1056.867
1057.089
1057.311
1057.756
1057.979
1058.201
1058.646
1058.868
1059.091
1059.535
1059.758
1059.980
1060.425
1060.648
1060.870
1061.315
1061.537
1061.760
1062.204
1062.427
1062.649
1063.094
1063.317
1063.539
1063.984
1064.206
1064.429
1064.873
1065.096
1065.318
1065.763
1065.986
1066.208
1066.653
1066.875
1067.098
1067.542
1067.765
1067.987
1068.432
1068.654
1068.877
1069.322
1069.544
1069.767
1070.211
1070.434
1070.656
1071.101
1071.323
1071.546
1071.991
1072.213
1072.436
1072.880
1073.103
1073.325
1073.770
1073.992
1074.215
1074.660
1074.882
1075.105
1075.549
1075.772
1075.994
1076.439
1076.661
1076.884
1077.329
1077.551
1077.773
1078.218
1078.441
1078.663
1079.108
1079.330
1079.553
1079.998
1080.220
1080.442
1080.887
1081.110
1081.332
1081.777
1081.999
1082.222
1082.667
1082.889
1083.111
1083.556
1083.779
1084.001
1084.446
1084.668
1084.891
1085.336
1085.558
1085.780
1086.225
1086.448
1086.670
1087.115
1087.337
1087.560
1088.005
1088.227
1088.449
1131.611
1132.055
1132.499
1132.944
1133.388
1133.833
1134.277
1134.721
1135.166
1135.610
1136.055
1136.499
1136.943
1137.388
1137.832
1138.277
1138.721
1139.165
1139.610
1140.054
1140.499
1140.943
1141.387
1141.832
1142.276
1142.721
1143.165
1143.609
1144.054
1144.498
1144.943
1145.387
1145.832
1146.054
1146.276
1146.720
1147.165
1147.609
1147.831
1148.054
1148.498
1148.942
1149.387
1149.609
1149.831
1150.276
1150.720
1151.164
1151.387
1151.609
1152.053
1152.498
1152.942
1153.164
1153.386
1153.831
1154.275
1154.720
1154.942
1155.164
1155.608
1156.053
1156.497
1156.719
1156.942
1157.386
1157.830
1158.275
1158.497
1158.719
1159.164
1159.608
1160.052
1160.275
1160.497
1160.941
1161.386
1161.830
1162.052
1162.274
1162.719
1163.163
1163.608
1163.830
1164.052
1164.497
1164.941
1165.385
1165.608
1165.830
1166.274
1166.719
1167.163
1167.385
1167.607
1168.052
1168.496
1168.941
1169.163
1169.385
1169.829
1170.274
1170.718
1170.940
1171.163
1171.607
1172.051
1172.496
1172.718
1172.940
1173.385
1173.829
1174.273
1174.496
1174.718
1175.162
1175.384
1175.607
1176.051
1176.273
1176.495
1176.940
1177.162
1177.384
1177.829
1178.051
1178.273
1178.717
1178.940
1179.162
1179.606
1179.828
1180.051
1180.495
1180.717
1180.939
1181.384
1181.606
1181.828
1182.273
1182.495
1182.717
1183.162
1183.384
1183.606
1184.050
1184.273
1184.495
1184.939
1185.161
1185.384
1185.828
1186.050
1186.272
1186.717
1186.939
1187.161
1187.606
1187.828
1188.050
1188.494
1188.717
1188.939
1189.383
1189.605
1189.828
1190.272
1190.494
1190.716
1191.161
1191.383
1191.605
1192.050
1192.272
1192.494
1192.938
1193.161
1193.383
1193.827
1194.049
1194.272
1194.716
1194.938
1195.160
1195.605
1195.827
1196.049
1196.494
1196.716
1196.938
1197.382
1197.605
1197.827
1198.271
1198.493
1198.716
1199.160
1199.382
1199.604
1200.049
1200.271
1200.493
1200.938
1201.160
1201.382
1201.827
1202.049
1202.271
1202.715
1202.938
1203.160
1203.382
1203.604
1203.826
1204.049
1204.271
1204.493
1204.715
1204.937
1205.160
1205.382
1205.604
1205.826
1206.048
1206.271
1206.493
1206.715
1206.937
1207.159
1207.382
1207.604
1207.826
1208.048
1208.270
1208.493
1208.715
1208.937
1209.159
1209.381
1209.604
1209.826
1210.048
1210.270
1210.492
1210.715
1210.937
1211.159
1211.381
1211.603
1211.826
1212.048
1212.270
1212.492
1212.714
1212.937
1213.159
1213.381
1213.603
1213.825
1214.048
1214.270
1214.492
1214.714
1214.936
1215.159
1215.381
1215.603
1215.825
1216.047
1216.270
1216.492
1216.714
1216.936
1217.158
1217.381
1217.603
1217.825
1218.047
1218.269
1218.492
1218.714
1218.936
1219.158
1219.380
1219.603
1219.825
1220.047
1220.269
1220.492
1220.714
1220.936
1221.158
1221.380
1221.603
1221.825
1222.047
1222.269
1222.491
1222.714
1222.936
1223.158
1223.380
1223.602
1223.825
1224.047
1224.269
1224.491
1224.713
1224.936
1225.158
1225.380
1225.602
1225.824
1226.047
1226.269
1226.491
1226.713
1226.935
1227.158
1227.380
1227.602
1227.824
1228.046
1228.269
1228.491
1228.713
1228.935
1229.157
1229.380
1229.602
1229.824
1230.046
1230.268
1230.491
1230.713
1231.157
1231.602
1231.824
1232.046
1232.268
1232.490
1232.935
1233.379
1233.601
1233.824
1234.046
1234.268
1234.712
1235.157
1235.379
1235.601
1235.823
1236.046
1236.490
1236.934
1237.157
1237.379
1237.601
1237.823
1238.268
1238.712
1238.934
1239.156
1239.379
1239.601
1240.045
1240.490
1240.712
1240.934
1241.156
1241.379
1241.823
1242.267
1242.490
1242.712
1242.934
1243.156
1243.601
1244.045
1244.267
1244.489
1244.712
1244.934
1245.378
1245.823
1246.045
1246.267
1246.489
1246.711
1247.156
1247.600
1247.822
1248.045
1248.267
1248.489
1248.933
1249.378
1249.600
1249.822
1250.044
1250.267
1250.711
1251.155
1251.378
1251.600
1251.822
1252.044
1252.489
1252.933
1253.155
1253.377
1253.600
1253.822
1254.266
1254.711
1254.933
1255.155
1255.377
1255.599
1256.044
1256.488
1256.710
1256.933
1257.155
1257.377
1259.599
1259.821
1260.044
1260.266
1260.488
1260.710
1260.932
1261.377
1261.599
1261.821
1262.043
1262.266
1262.488
1262.710
1263.154
1263.377
1263.599
1263.821
1264.043
1264.265
1264.488
1264.932
1265.154
1265.376
1265.599
1265.821
1266.043
1266.265
1266.710
1266.932
1267.154
1267.376
1267.598
1267.821
1268.043
1268.487
1268.709
1268.932
1269.154
1269.376
1269.598
1269.820
1270.265
1270.487
1270.709
1270.931
1271.154
1271.376
1271.598
1272.042
1272.265
1272.487
1272.709
1272.931
1273.153
1273.376
1273.820
1274.042
1274.264
1274.487
1274.709
1274.931
1275.153
1275.598
1275.820
1276.042
1276.264
1276.486
1276.709
1276.931
1277.375
1277.598
1277.820
1278.042
1278.264
1278.486
1278.709
1279.153
1279.375
1279.597
1279.820
1280.042
1280.264
1280.486
1280.931
1281.153
1281.375
1281.597
1281.819
1282.042
1282.264
1282.708
1282.930
1283.153
1283.375
1283.597
1283.819
1284.041
1284.486
1284.708
1284.930
1285.152
1285.375
1285.597
1285.819
1286.263
1286.486
1286.708
1286.930
1287.152
1287.374
1287.597
1288.041
1288.263
1288.485
1288.708
1288.930
1289.152
1289.374
1289.819
1290.041
1290.263
1290.485
1290.707
1290.930
1291.152
1291.596
1291.818
1292.041
1292.263
1292.485
1292.707
1292.929
1293.374
1293.596
1293.818
1294.040
1294.263
1294.485
1294.707
1295.151
1295.374
1295.596
1295.818
1296.040
1296.263
1296.485
1296.929
1297.151
1297.374
1297.596
1297.818
1298.040
1298.262
1298.707
1298.929
1299.151
1299.373
1299.596
1299.818
1300.040
1300.484
1300.707
1300.929
1301.151
1301.373
1301.595
1301.818
1302.262
1302.484
1302.706
1302.929
1303.151
1303.373
1303.595
1304.040
1304.262
1304.484
1304.706
1304.928
1305.151
1305.373
1305.817
1306.039
1306.262
1306.484
1306.706
1306.928
1307.150
1307.595
1307.817
1308.039
1308.261
1308.484
1308.706
1308.928
1309.372
1309.595
1309.817
1310.039
1310.261
1310.483
1310.706
1311.150
1311.372
1311.594
1311.817
1312.039
1312.261
1312.483
1312.928
1313.150
1313.372
1313.594
1313.816
1314.039
1314.261
1314.705
1314.928
1315.150
1315.372
1315.594
1315.816
1316.039
1316.483
1316.705
1316.927
1317.150
1317.372
1317.594
1317.816
1318.261
1318.483
1318.705
1318.927
1319.149
1319.372
1319.594
1320.038
1320.260
1320.483
1320.705
1320.927
1321.149
1321.371
1321.816
1322.038
1322.260
1322.482
1322.705
1322.927
1323.149
1323.593
1323.816
1324.038
1324.260
1324.482
1324.704
1324.927
1325.371
1325.593
1325.815
1326.038
1326.260
1326.482
1326.704
1327.149
1327.371
1327.593
1327.815
1328.037
1328.260
1328.482
1328.926
1329.148
1329.371
1329.593
1329.815
1330.037
1330.259
1330.704
1330.926
1331.148
1331.370
1331.593
1331.815
1332.037
1332.481
1332.704
1332.926
1333.148
1333.370
1333.593
1333.815
1334.259
1334.481
1334.704
1334.926
1335.148
1335.370
1335.592
1336.037
1336.259
1336.481
1336.703
1336.926
1337.148
1337.370
1337.814
1338.037
1338.259
1338.481
1338.703
1338.925
1339.148
1339.592
1339.814
1340.036
1340.259
1340.481
1340.703
1340.925
1344.925
1345.814
1346.702
1347.591
1348.480
1349.369
1350.258
1351.146
1352.035
1352.924
1353.813
1354.702
1355.591
1356.479
1357.368
1358.257
1359.146
1359.590
1360.035
1360.479
1360.923
1361.368
1361.812
1362.257
1362.701
1363.145
1363.590
1364.034
1364.479
1364.923
1365.367
1365.812
1366.256
1366.701
1367.145
1367.589
1368.034
1368.478
1368.923
1369.367
1369.811
1370.256
1370.700
1371.145
1371.589
1372.034
1372.478
1372.922
1373.367
1373.811
1374.256
1374.700
1375.144
1375.589
1376.033
1376.478
1376.922
1377.366
1377.811
1378.255
1378.700
1379.144
1379.588
1380.033
1380.477
1380.922
1381.366
1381.810
1382.255
1382.699
1383.144
1383.588
1384.032
1384.477
1384.921
1385.366
1385.810
1387.588
1388.032
1388.476
1388.699
1388.921
1389.365
1389.810
1390.254
1390.476
1390.699
1391.143
1391.587
1392.032
1392.254
1392.476
1392.921
1393.365
1393.809
1394.032
1394.254
1394.698
1395.143
1395.587
1395.809
1396.031
1396.476
1396.920
1397.365
1397.587
1397.809
1398.253
1398.698
1399.142
1399.364
1399.587
1400.031
1400.475
1400.920
1401.142
1401.364
1401.809
1402.253
1402.697
1402.920
1403.142
1403.586
1404.031
1404.475
1404.697
1404.919
1405.364
1405.808
1406.253
1406.475
1406.697
1407.141
1407.586
1408.030
1408.252
1408.475
1408.919
1409.364
1409.808
1410.030
1410.252
1410.697
1411.141
1411.586
1411.808
1412.030
1412.474
1412.919
1413.363
1413.585
1413.808
1414.252
1414.696
1415.141
1415.363
1415.585
1416.030
1416.252
1416.474
1416.918
1417.141
1417.363
1417.807
1418.029
1418.252
1418.696
1418.918
1419.140
1419.585
1419.807
1420.029
1420.474
1420.696
1420.918
1421.362
1421.585
1421.807
1422.251
1422.473
1422.696
1423.140
1423.362
1423.584
1424.029
1424.251
1424.473
1424.918
1425.140
1425.362
1425.806
1426.029
1426.251
1426.695
1426.917
1427.140
1427.584
1427.806
1428.029
1428.473
1428.695
1428.917
1430.251
1430.473
1430.695
1431.139
1431.362
1431.584
1432.028
1432.250
1432.473
1432.917
1433.139
1433.361
1433.806
1434.028
1434.250
1434.695
1434.917
1435.139
1435.583
1435.806
1436.028
1436.472
1436.694
1436.917
1437.361
1437.583
1437.805
1438.250
1438.472
1438.694
1439.139
1439.361
1439.583
1440.027
1440.250
1440.472
1440.916
1441.138
1441.361
1441.805
1442.027
1442.249
1442.694
1442.916
1443.138
1443.583
1443.805
1444.027
1444.471
1444.694
1444.916
1445.138
1445.361
1445.583
1445.805
1446.027
1446.250
1446.472
1446.694
1446.917
1447.139
1447.361
1447.583
1447.806
1448.028
1448.250
1448.472
1448.695
1448.917
1449.139
1449.362
1449.584
1449.806
1450.028
1450.251
1450.473
1450.695
1450.917
1451.140
1451.362
1451.584
1451.807
1452.029
1452.251
1452.473
1452.696
1452.918
1453.140
1453.363
1453.585
1453.807
1454.029
1454.252
1454.474
1454.696
1454.918
1455.141
1455.363
1455.585
1455.808
1456.030
1456.252
1456.474
1456.697
1456.919
1457.141
1457.363
1457.586
1457.808
1458.030
1458.253
1458.475
1458.697
1458.919
1459.142
1459.364
1459.586
1459.809
1460.031
1460.253
1460.475
1460.698
1460.920
1461.142
1461.364
1461.587
1461.809
1462.031
1462.254
1462.476
1462.698
1462.920
1463.143
1463.365
1463.587
1463.810
1464.032
1464.254
1464.476
1464.699
1464.921
1465.143
1465.365
1465.588
1465.810
1466.032
1466.255
1466.477
1466.699
1466.921
1467.144
1467.366
1467.588
1467.810
1468.033
1468.255
1468.477
1468.700
1468.922
1469.144
1469.366
1469.589
1469.811
1470.033
1470.256
1470.478
1470.700
1470.922
1471.145
1471.367
1471.589
1471.811
1472.034
1472.256
1472.478
1472.701
1472.923
1473.145
1473.367
1473.590
1473.812
1474.034
1474.256
1474.479
1474.701
1474.923
1475.146
1475.368
1475.590
1475.812
1476.035
1476.257
1476.479
1476.702
1476.924
1477.146
1477.368
1477.591
1477.813
1478.035
1478.257
1478.480
1478.702
1478.924
1479.147
1479.369
1479.591
1479.813
1480.036
1480.258
1480.480
1480.702
1480.925
1481.147
1481.369
1481.592
1481.814
1482.036
1482.258
1482.481
1482.703
1482.925
1483.148
1483.370
1483.592
1483.814
1484.037
1484.259
1484.481
1484.703
1484.926
1485.148
1485.370
1485.593
1485.815
1486.037
1486.259
1486.482
1486.704
1486.926
1487.149
1515.720
1515.942
1516.164
1516.386
1516.608
1516.830
1517.052
1517.274
1517.496
1517.718
1517.940
1518.162
1518.384
1518.605
1518.827
1519.049
1519.271
1519.493
1519.715
1519.937
1520.159
1520.381
1520.603
1520.825
1521.047
1521.269
1521.491
1521.713
1521.935
1522.157
1522.379
1522.601
1522.823
1523.045
1523.267
1523.489
1523.711
1523.933
1524.155
1524.377
1524.599
1524.821
1525.043
1525.265
1525.487
1525.709
1525.931
1526.153
1526.375
1526.597
1526.819
1527.041
1527.263
1527.485
1527.707
1527.929
1528.151
1528.373
1528.595
1528.816
1529.038
1529.260
1529.482
1529.704
1529.926
1530.148
1530.370
1530.592
1530.814
1531.036
1531.258
1531.480
1531.702
1531.924
1532.146
1532.368
1532.590
1532.812
1533.034
1533.256
1533.478
1533.700
1533.922
1534.144
1534.366
1534.588
1534.810
1535.032
1535.254
1535.476
1535.698
1535.920
1536.142
1536.364
1536.586
1536.808
1537.030
1537.252
1537.474
1537.696
1537.918
1538.140
1538.362
1538.584
1538.806
1539.028
1539.249
1539.471
1539.693
1539.915
1540.137
1540.359
1540.581
1540.803
1541.025
1541.247
1541.469
1541.691
1541.913
1542.135
1542.357
1542.579
1542.801
1543.023
1543.245
1543.467
1543.689
1543.911
1544.133
1544.355
1544.577
1544.799
1545.021
1545.243
1545.465
1545.687
1545.909
1546.131
1546.353
1546.575
1546.797
1547.019
1547.241
1547.463
1547.685
1547.907
1548.129
1548.351
1548.573
1548.795
1549.017
1549.239
1549.461
1549.682
1549.904
1550.126
1550.348
1550.570
1550.792
1551.014
1551.236
1551.458
1551.680
1551.902
1552.124
1552.346
1552.568
1552.790
1553.012
1553.234
1553.456
1553.678
1553.900
1554.122
1554.344
1554.566
1554.788
1555.010
1555.232
1555.454
1555.676
1555.898
1556.120
1556.342
1556.564
1556.786
1557.008
1557.230
1557.452
1557.674
1557.896
1558.118
1558.340
1558.562
1558.784
1559.006
1559.228
1559.450
1559.672
1559.894
1560.115
1560.337
1560.559
1560.781
1561.003
1561.225
1561.447
1561.669
1561.891
1562.113
1562.335
1562.557
1562.779
1563.001
1563.223
1563.445
1563.667
1563.889
1564.111
1564.333
1564.555
1564.777
1564.999
1565.221
1565.443
1565.665
1565.887
1566.109
1566.331
1566.553
1566.775
1566.997
1567.219
1567.441
1567.663
1567.885
1568.107
1568.329
1568.551
1568.773
1568.995
1569.217
1569.439
1569.661
1569.883
1570.105
1570.326
1570.548
1570.770
1570.992
1571.214
1571.436
1571.658
1571.880
1572.102
1572.324
1572.546
1572.768
1572.990
1573.212
1573.434
1573.656
1573.878
1574.100
1574.322
1574.544
1574.766
1574.988
1575.210
1575.432
1575.654
1575.876
1576.098
1576.320
1576.542
1576.764
1576.986
1577.208
1577.430
1577.652
1577.874
1578.096
1578.318
1578.540
1578.762
1578.984
1579.206
1579.428
1579.650
1579.872
1580.094
1580.316
1580.538
1580.759
1580.981
1581.203
1581.425
1581.647
1581.869
1582.091
1582.313
1582.535
1582.757
1582.979
1583.201
1583.423
1583.645
1583.867
1584.089
1584.311
1584.533
1584.755
1584.977
1585.199
1585.421
1585.643
1585.865
1586.087
1586.309
1586.531
1586.753
1586.975
1587.197
1587.419
1587.641
1587.863
1588.085
1588.307
1588.529
1588.751
1588.973
1589.195
1589.417
1589.639
1589.861
1590.083
1590.305
1590.527
1590.749
1590.971
1591.192
1591.414
1591.636
1591.858
1592.080
1592.302
1592.524
1592.746
1592.968
1593.190
1593.412
1593.634
1593.856
1594.078
1594.300
1594.522
1594.744
1594.966
1595.188
1595.410
1595.632
1595.854
1596.076
1596.298
1596.520
1596.742
1596.964
1597.186
1597.408
1597.630
1597.852
1598.074
1598.296
1598.518
1598.740
1598.962
1599.184
1599.406
1599.628
1599.850
1600.072
1600.294
1600.516
1600.738
1600.960
1601.182
1601.403
1601.625
1601.847
1602.069
1602.291
1602.513
1602.735
1602.957
1603.179
1603.401
1603.623
1603.845
1604.067
1604.289
1604.511
1604.733
1604.955
1605.177
1605.399
1605.621
1605.843
1606.065
1606.287
1606.509
1606.731
1606.953
1607.175
1607.397
1607.619
1607.841
1608.063
1608.285
1608.507
1608.729
1608.951
1609.173
1609.395
1609.617
1609.839
1610.061
1610.283
1610.505
1610.727
1610.949
1611.171
1611.393
1611.615
1611.836
1612.058
1612.280
1612.502
1612.724
1612.946
1613.168
1613.390
1613.612
1613.834
1614.056
1614.278
1614.500
1614.722
1614.944
1615.166
1615.388
1615.610
1615.832
1616.054
1616.276
1616.498
1616.720
1616.942
1617.164
1617.386
1617.608
1617.830
1618.052
1618.274
1618.496
1618.718
1618.940
1619.162
1619.384
1619.606
1619.828
1620.050
1620.272
1620.494
1620.716
1620.938
1621.160
1621.382
1621.604
1621.826
1622.048
1622.269
1622.491
1622.713
1622.935
1623.157
1623.379
1623.601
1623.823
1624.045
1624.267
1624.489
1624.711
1624.933
1625.155
1625.377
1625.599
1625.821
1626.043
1626.265
1626.487
1626.709
1626.931
1627.153
1627.375
1627.597
1627.819
1628.041
1628.263
1628.485
1628.707
1628.929
1629.151
1629.373
1629.595
1629.817
1630.039
1630.261
1630.483
1630.705
1630.927
1631.149
1631.371
1631.593
1631.815
1632.037
1632.259
1632.481
1632.702
1632.924
1633.146
1633.368
1633.590
1633.812
1634.034
1634.256
1634.478
1634.700
1634.922
1635.144
1635.366
1635.588
1635.810
1636.032
1636.254
1636.476
1636.698
1636.920
1637.142
1637.364
1637.586
1637.808
1638.030
1638.252
1638.474
1638.696
1638.918
1639.140
1639.362
1639.584
1639.806
1640.028
1640.250
1640.472
1640.694
1640.916
1641.138
1641.360
1641.582
1641.804
1642.026
1642.248
1642.470
1642.692
1642.913
1643.135
1643.357
1643.579
1643.801
1644.023
1644.245
1644.467
1644.689
1644.911
1645.133
1645.355
1645.577
1645.799
1646.021
1646.243
1646.465
1646.687
1646.909
1647.131
1647.353
1647.575
1647.797
1648.019
1648.241
1648.463
1648.685
1648.907
1649.129
1649.351
1649.573
1649.795
1650.017
1650.239
1650.461
1650.683
1650.905
1651.127
1651.349
1651.571
1651.793
1652.015
1652.237
1652.459
1652.681
1652.903
1653.125
1653.346
1653.568
1653.790
1654.012
1654.234
1654.456
1654.678
1654.900
1655.122
1655.344
1655.566
1655.788
1656.010
1656.232
1656.454
1656.676
1656.898
1657.120
1657.342
1657.564
1657.786
1658.008
1658.230
1658.452
1658.674
1658.896
1659.118
1659.340
1659.562
1659.784
1660.006
1660.228
1660.450
1660.672
1660.894
1661.116
1661.338
1661.560
1661.782
1662.004
1662.226
1662.448
1662.670
1662.892
1663.114
1663.336
1663.558
1663.779
1664.001
1664.223
1664.445
1664.667
1664.889
1665.111
1665.333
1665.555
1665.777
1665.999
1666.221
1666.443
1666.665
1666.887
1667.109
1667.331
1667.553
1667.775
1667.997
1668.219
1668.441
1668.663
1668.885
1669.107
1669.329
1669.551
1669.773
1669.995
1670.217
1670.439
1670.661
1670.883
1671.105
1671.327
1671.549
1671.771
1671.993
1672.215
1672.437
1672.659
1672.881
1673.103
1673.325
1673.547
1673.769
1673.991
1674.212
1674.434
1674.656
1674.878
1675.100
1675.322
1675.544
1675.766
1675.988
1676.210
1676.432
1676.654
1676.876
1677.098
1677.320
1677.542
1677.764
1677.986
1678.208
1678.430
1678.652
1678.874
1679.096
1679.318
1679.540
1679.762
1679.984
1680.206
1680.428
1680.650
1680.872
1681.094
1681.316
1681.538
1681.760
1681.982
1682.204
1682.426
1682.648
1682.870
1683.092
1683.314
1683.536
1683.758
1683.980
1684.202
1684.423
1684.645
1684.867
1685.089
1685.311
1685.533
1685.755
1685.977
1686.199
1686.421
1686.643
1686.865
1687.087
1687.309
1687.531
1687.753
1687.975
1688.197
1688.419
1688.641
1688.863
1689.085
1689.307
1689.529
1689.751
1689.973
1690.195
1690.417
1690.639
1690.861
1691.083
1691.305
1691.527
1691.749
1691.971
1692.193
1692.415
1692.637
1692.859
1693.081
1693.303
1693.525
1693.747
1693.969
1694.191
1694.413
1694.635
1694.856
1695.078
1695.300
1695.522
1695.744
1695.966
1696.188
1696.410
1696.632
1696.854
1697.076
1697.298
1697.520
1697.742
1697.964
1698.186
1698.408
1698.630
1698.852
1699.074
1699.296
1699.518
1699.740
1699.962
1700.184
1700.406
1700.628
1700.850
1701.072
1701.294
1701.516
1701.738
1701.960
1702.182
1702.404
1702.626
1702.848
1703.070
1703.292
1703.514
1703.736
1703.958
1704.180
1704.402
1704.624
1704.846
1705.068
1705.289
1705.511
1705.733
1705.955
1706.177
1706.399
1706.621
1706.843
1707.065
1707.287
1707.509
1707.731
1707.953
1708.175
1708.397
1708.619
1708.841
1709.063
1709.285
1709.507
1709.729
1709.951
1710.173
1710.395
1710.617
1710.839
1711.061
1711.283
1711.505
1711.727
1711.949
1712.171
1712.393
1712.615
1712.837
1713.059
1713.281
1713.503
1713.725
1713.947
1714.169
1714.391
1714.613
1714.835
1715.057
1715.279
1715.500
1715.722
1715.944
1716.166
1716.388
1716.610
1716.832
1717.054
1717.276
1717.498
1717.720
