127.728
128.695
129.663
130.631
131.598
132.533
133.500
134.468
135.435
136.370
137.337
138.305
139.273
140.207
141.175
142.142
143.110
144.077
145.012
145.979
146.947
147.915
148.849
149.816
150.784
151.752
152.719
153.654
154.621
155.589
156.557
157.491
158.458
159.426
160.394
161.328
162.296
163.263
164.231
165.199
166.133
167.100
168.068
169.036
169.970
170.938
171.905
172.873
173.807
174.308
174.775
175.275
175.742
176.210
176.710
177.177
177.678
178.145
178.612
179.112
179.580
180.047
180.547
181.014
181.515
181.982
182.449
182.950
183.417
183.917
184.384
184.852
185.352
185.819
186.286
186.787
187.254
187.754
188.222
188.689
189.189
189.656
190.157
190.624
191.091
191.592
192.059
192.559
193.026
193.493
193.994
194.461
194.928
195.429
195.896
196.396
196.864
197.331
197.831
198.298
198.799
199.266
199.733
200.234
200.701
201.168
201.668
202.135
202.636
203.103
203.570
204.071
204.538
205.038
205.506
205.973
206.473
206.940
207.407
207.908
208.375
208.876
209.343
209.810
210.310
210.777
211.278
211.745
212.212
212.713
213.180
213.647
214.147
214.615
215.115
215.582
216.049
216.550
217.017
217.518
217.985
218.452
218.952
219.419
219.887
220.387
220.854
221.355
221.822
222.289
222.789
223.257
223.757
224.224
224.691
225.192
225.659
226.159
226.627
227.094
227.594
228.061
228.529
229.029
229.496
229.997
230.464
230.931
231.431
231.899
232.399
232.866
233.333
233.834
234.301
234.768
235.269
235.736
236.236
236.470
236.703
237.171
237.671
238.138
238.372
238.639
239.106
239.573
240.073
240.307
240.541
241.008
241.508
241.975
242.209
242.476
242.943
243.410
243.911
244.144
244.378
244.878
245.345
245.812
246.079
246.313
246.780
247.247
247.748
247.981
248.215
248.715
249.183
249.650
249.917
250.150
250.617
251.118
251.585
251.818
252.052
252.553
253.020
253.487
253.754
253.987
254.454
254.955
255.422
255.656
255.889
256.390
256.857
257.357
257.591
257.824
258.292
258.792
259.259
259.493
259.726
260.227
260.694
261.195
261.428
261.662
262.129
262.629
263.096
263.330
263.597
264.064
264.531
265.032
265.265
265.499
265.999
266.466
266.934
267.167
267.434
267.901
268.368
268.869
269.102
269.336
269.837
270.304
270.771
271.038
271.271
271.738
272.239
272.706
272.940
273.173
273.674
274.141
274.608
274.875
275.108
275.576
276.076
276.543
276.777
277.010
277.511
277.978
278.478
278.712
278.946
279.413
279.913
280.380
280.614
280.848
281.348
281.815
282.316
282.783
283.250
283.750
284.218
284.718
285.185
285.652
286.153
286.620
287.087
287.588
288.055
288.555
289.022
289.489
289.990
290.457
290.958
291.425
291.892
292.392
292.860
293.327
293.827
294.294
294.795
295.262
295.729
296.230
296.697
297.197
297.664
298.131
298.632
299.099
299.566
300.067
300.534
301.034
301.502
301.969
302.469
302.936
303.437
303.904
304.371
304.872
305.339
305.839
306.306
306.773
307.274
307.741
308.208
308.709
309.176
309.676
310.143
310.611
311.111
311.578
312.079
312.546
313.013
313.514
313.981
314.448
314.948
315.415
315.916
316.383
316.850
317.351
317.818
318.318
318.785
319.253
319.753
320.220
320.687
321.188
321.655
322.155
322.623
323.090
323.590
324.057
324.558
325.025
325.492
325.993
326.460
326.927
327.427
327.661
327.895
328.128
328.395
328.629
328.862
329.329
329.596
329.830
330.063
330.297
330.531
330.797
331.265
331.498
331.732
331.999
332.232
332.466
332.699
333.166
333.433
333.667
333.901
334.134
334.368
334.635
335.102
335.335
335.569
335.836
336.069
336.303
336.537
337.037
337.271
337.504
337.738
337.971
338.238
338.472
338.939
339.173
339.439
339.673
339.907
340.140
340.374
340.874
341.108
341.341
341.575
341.808
342.075
342.309
342.776
343.010
343.277
343.510
343.744
343.977
344.211
344.711
344.945
345.179
345.412
345.679
345.913
346.146
346.613
346.847
347.114
347.347
347.581
347.814
348.048
348.549
348.782
349.016
349.249
349.516
349.750
349.983
350.450
350.717
350.951
351.185
351.418
351.652
351.919
352.386
352.619
352.853
353.086
353.353
353.587
353.820
354.288
354.555
354.788
355.022
355.255
355.489
355.756
356.223
356.456
356.690
356.957
357.191
357.424
357.658
358.158
358.392
358.625
359.092
359.359
359.593
360.060
360.294
360.527
361.028
361.261
361.495
361.995
362.229
362.462
362.930
363.197
363.430
363.897
364.131
364.398
364.865
365.098
365.332
365.832
366.066
366.300
366.767
367.034
367.267
367.734
367.968
368.235
368.702
368.936
369.169
369.670
369.903
370.137
370.637
370.871
371.104
371.572
371.839
372.072
372.539
372.773
373.006
373.507
373.740
373.974
374.474
374.708
374.942
375.409
375.676
375.909
376.376
376.610
376.877
377.344
377.578
377.811
378.312
378.545
378.779
379.279
379.513
379.746
380.214
380.447
380.714
381.181
381.415
381.648
382.149
382.382
382.616
383.116
383.350
383.584
384.051
384.318
384.551
385.018
385.252
385.519
385.986
386.220
386.453
386.954
387.187
387.421
387.888
388.155
388.388
388.856
389.089
389.356
389.590
389.823
390.057
390.290
390.557
390.791
391.024
391.258
391.491
391.758
391.992
392.226
392.459
392.693
392.926
393.193
393.427
393.660
393.894
394.127
394.394
394.628
394.862
395.095
395.329
395.596
395.829
396.063
396.296
396.530
396.797
397.030
397.264
397.497
397.731
397.998
398.232
398.465
398.699
398.932
399.199
399.433
399.666
399.900
400.133
400.367
400.634
400.868
401.101
401.335
401.568
401.835
402.069
402.302
402.536
402.769
403.036
403.270
403.504
403.737
403.971
404.238
404.471
404.705
404.938
405.172
405.439
405.672
405.906
406.139
406.373
406.607
406.874
407.107
407.341
407.574
407.808
408.075
408.308
408.542
408.775
409.009
409.276
409.510
409.743
409.977
410.210
410.477
410.711
410.944
411.178
411.411
411.678
411.912
412.145
412.379
412.613
412.880
413.113
413.347
413.580
413.814
414.047
414.314
414.548
414.781
415.015
415.249
415.516
415.749
415.983
416.216
416.450
416.717
416.950
417.184
417.417
417.651
417.918
418.151
418.385
418.619
418.852
419.119
419.353
419.586
420.053
420.554
421.021
421.488
421.989
422.456
422.956
423.423
423.891
424.391
424.858
425.359
425.826
426.293
426.793
427.261
427.728
428.228
428.695
429.196
429.663
430.130
430.631
431.098
431.598
432.065
432.533
433.033
433.500
433.967
434.468
434.935
435.435
435.903
436.370
436.870
437.337
437.838
438.305
438.772
439.273
439.740
440.207
440.707
441.175
441.675
442.142
442.609
443.110
443.577
444.077
444.545
445.012
445.512
445.979
446.446
446.947
447.414
447.915
448.382
448.849
449.349
449.816
450.317
451.251
452.219
453.187
454.154
455.088
456.056
457.024
457.991
458.959
459.893
460.861
461.828
462.796
463.730
464.698
575.876
576.743
577.611
578.445
579.313
580.180
581.014
581.882
582.749
583.584
584.451
585.280
586.174
668.502
668.769
669.036
669.303
669.570
670.070
670.604
670.871
671.138
671.371
671.638
672.172
672.706
672.940
673.207
673.473
673.740
674.241
674.775
675.042
675.309
675.542
675.809
676.343
676.877
677.110
677.377
677.644
677.911
678.445
678.946
679.213
679.479
679.746
679.980
680.514
681.048
681.281
681.548
681.815
682.082
682.616
683.116
683.383
683.650
683.917
684.184
684.685
685.219
685.485
685.719
685.986
686.253
686.787
687.287
687.554
687.821
688.088
688.355
688.856
689.389
689.656
689.923
690.157
690.424
690.958
691.458
691.725
691.992
692.259
692.526
693.026
693.560
693.827
694.094
694.328
694.595
695.128
695.662
695.896
696.163
696.430
696.697
697.197
697.731
697.998
698.265
698.532
698.765
699.299
699.833
700.067
700.334
700.601
700.868
701.401
701.902
702.169
702.436
702.703
702.936
703.470
704.004
704.271
704.505
704.771
705.038
705.572
706.073
706.340
706.607
706.874
707.140
707.641
708.175
708.442
708.675
708.942
709.209
709.743
710.244
710.511
710.777
711.044
711.311
711.812
712.346
712.613
712.880
713.113
713.380
713.914
714.414
714.681
714.948
715.215
715.482
715.983
716.517
716.783
717.050
717.284
717.551
718.085
718.619
718.852
719.119
719.386
719.653
720.153
720.687
720.954
721.221
721.488
721.722
722.256
722.789
723.023
723.290
723.557
723.824
724.358
724.858
725.125
725.392
725.659
725.893
726.426
726.960
727.227
727.461
727.728
727.995
728.495
729.029
729.296
729.530
729.796
730.063
730.564
731.064
731.331
731.565
731.832
732.065
732.566
735.068
735.335
735.569
735.836
736.069
736.570
737.070
737.337
737.571
737.838
738.071
738.572
739.072
739.339
739.573
739.840
740.073
740.574
741.074
741.341
741.575
741.842
742.075
742.576
743.076
743.343
743.577
743.844
744.077
744.578
745.078
745.345
745.579
745.846
746.079
746.580
747.080
747.347
747.581
747.848
748.081
748.582
749.082
749.349
749.583
749.850
750.083
750.584
751.084
751.318
751.585
751.818
752.085
752.586
753.086
753.320
753.587
753.820
754.087
754.588
755.088
755.322
755.589
755.822
756.089
756.590
757.090
757.324
757.591
757.824
758.091
758.592
759.092
759.326
759.593
759.826
760.093
760.594
761.094
761.328
761.595
761.828
762.095
762.596
763.096
763.330
763.597
763.830
764.097
764.598
765.098
765.332
765.599
765.832
766.099
766.600
767.100
767.334
767.601
767.835
768.068
768.569
769.069
769.336
769.570
769.837
770.070
770.571
771.071
771.338
771.572
771.839
772.072
772.573
773.073
773.340
773.574
773.841
774.074
774.575
775.075
775.342
775.576
775.843
776.076
776.577
777.077
777.311
777.578
777.811
778.045
778.545
779.046
779.279
779.513
779.780
780.013
780.480
782.883
783.116
783.383
783.617
783.851
784.318
784.818
785.052
785.285
785.519
785.786
786.253
786.720
786.954
787.221
787.454
787.688
788.155
788.655
788.889
789.122
789.356
789.623
790.090
790.557
790.824
791.058
791.291
791.525
792.025
792.492
792.726
792.960
793.227
793.460
793.927
794.394
794.661
794.895
795.128
795.362
795.863
796.330
796.563
796.797
797.064
797.297
797.764
798.265
798.498
798.732
798.966
799.199
799.700
800.167
800.400
800.634
800.901
801.134
801.602
802.102
802.336
802.569
802.803
803.036
803.537
804.004
804.238
804.505
804.738
804.972
805.439
805.939
806.173
806.406
806.640
806.907
807.374
807.841
808.075
808.342
808.575
808.809
809.276
809.776
810.010
810.244
810.477
810.744
811.211
811.678
811.945
812.179
812.412
812.646
813.146
813.614
813.847
814.081
814.314
814.581
815.048
815.516
815.782
816.016
816.250
816.483
816.984
817.451
817.684
817.918
818.185
818.418
818.886
819.386
819.620
819.853
820.087
820.320
820.821
821.288
821.522
821.755
822.022
822.256
822.723
823.223
823.457
823.690
823.924
824.157
824.658
825.125
825.359
825.626
825.859
826.093
826.560
827.060
827.294
827.528
827.761
827.995
828.495
828.962
829.196
829.463
829.696
829.930
830.397
830.898
831.131
831.365
831.598
831.865
832.332
832.799
833.066
833.300
833.534
833.767
834.234
834.735
834.968
835.202
835.435
835.702
836.170
836.637
836.904
837.137
837.371
837.604
838.105
838.572
838.805
839.039
839.306
839.540
840.007
840.507
840.741
840.974
841.208
841.441
841.942
842.409
842.643
842.876
843.143
843.377
843.844
844.344
844.578
844.811
845.045
845.279
845.779
846.246
846.480
846.747
846.980
847.214
847.681
848.182
848.415
848.649
848.882
849.116
849.616
850.083
850.317
850.584
850.817
851.051
851.518
852.019
852.252
852.486
852.719
852.986
853.453
853.921
854.188
854.421
854.655
854.888
855.355
855.856
856.089
856.323
856.557
856.823
857.291
857.758
858.025
858.258
858.492
858.725
859.226
859.693
859.927
860.160
860.427
860.661
861.128
861.595
861.862
862.095
862.329
862.563
863.063
863.530
863.764
863.997
864.264
864.498
864.965
865.465
865.699
865.933
866.166
866.400
866.900
867.367
867.601
867.868
868.101
868.335
868.802
869.303
869.536
869.770
870.003
870.237
870.737
871.205
871.438
871.705
871.939
872.172
872.639
873.140
873.373
873.607
873.841
874.107
874.575
875.042
875.275
875.542
875.776
876.009
876.476
876.977
877.211
877.444
877.678
877.945
878.412
878.879
879.146
879.379
879.613
879.847
880.347
880.814
881.048
881.281
881.515
881.782
882.249
882.716
882.983
883.217
883.450
883.684
884.151
884.651
884.885
885.118
885.352
885.586
886.053
886.520
886.753
886.987
887.221
887.454
887.921
890.224
890.457
890.691
890.924
891.158
891.625
892.059
892.292
892.526
892.759
892.993
893.460
893.927
894.161
894.394
894.628
894.828
895.295
895.762
895.996
896.230
896.463
896.697
897.164
897.598
897.831
898.065
898.298
898.532
898.999
899.466
899.700
899.933
900.167
900.367
900.834
901.301
901.535
901.768
902.002
902.236
902.703
903.136
903.370
903.604
903.837
904.071
904.538
905.005
905.239
905.472
905.706
905.906
906.373
906.840
907.074
907.307
907.541
907.774
908.242
908.675
908.909
909.142
909.376
909.610
910.077
910.544
910.777
911.011
911.245
911.445
911.912
912.379
912.613
912.846
913.080
913.313
913.780
914.214
914.448
914.681
914.915
915.148
915.616
916.083
916.316
916.550
916.783
916.984
917.451
917.918
918.151
918.385
918.619
918.852
919.319
919.753
919.987
920.220
920.454
920.687
921.154
921.622
921.855
922.089
922.322
922.523
922.990
923.457
923.690
923.924
924.157
924.391
924.858
925.292
925.526
925.759
925.993
926.226
926.693
927.160
927.394
927.628
927.828
928.061
928.529
928.996
929.229
929.429
929.663
929.897
930.364
930.797
931.031
931.265
931.465
931.698
932.132
934.368
934.601
934.801
935.035
935.269
935.469
935.702
935.936
936.136
936.370
936.603
936.803
937.037
937.237
937.471
937.704
937.905
938.138
938.372
938.572
938.805
939.039
939.239
939.473
939.706
939.907
940.140
940.374
940.574
940.807
941.041
941.241
941.475
941.708
941.909
942.142
942.376
942.576
942.809
943.043
943.243
943.477
943.710
943.911
944.144
944.378
944.578
944.811
945.045
945.245
945.479
945.712
945.913
946.146
946.380
946.580
946.813
947.047
947.247
947.481
947.681
947.915
948.148
948.348
948.582
948.815
949.016
949.249
949.483
949.683
949.917
950.150
950.350
950.584
950.817
951.018
951.251
951.485
951.685
951.919
952.152
952.352
952.586
952.819
953.020
953.253
953.487
953.687
953.921
954.154
954.354
954.588
954.821
955.022
955.255
955.489
955.689
955.923
956.156
956.356
956.590
956.823
957.024
957.257
957.491
957.691
957.925
958.158
958.358
958.592
958.825
959.026
959.259
959.459
959.693
959.927
960.127
960.360
960.594
960.794
961.028
961.261
961.461
961.695
961.929
962.129
962.362
962.596
962.796
963.263
963.697
964.131
964.598
965.032
965.465
965.933
966.366
966.800
967.267
967.701
968.135
968.602
969.036
969.469
969.937
970.370
970.804
971.271
971.738
972.206
972.673
973.140
973.607
974.074
974.575
975.075
975.576
976.076
976.577
977.077
1060.994
1061.929
1062.896
1063.830
1064.798
1065.766
1066.700
1067.668
1068.602
1069.570
1070.504
1071.471
1072.406
1073.373
1074.308
1075.275
1076.210
1076.710
1077.177
1077.644
1078.145
1078.612
1079.079
1079.546
1080.047
1080.514
1080.981
1081.448
1081.949
1082.416
1082.883
1083.383
1083.851
1084.318
1084.785
1085.285
1085.752
1086.220
1086.687
1087.187
1087.654
1088.121
1088.622
1089.089
1089.556
1090.023
1090.524
1090.991
1091.458
1091.925
1092.426
1092.893
1093.360
1093.861
1094.328
1094.795
1095.262
1095.762
1096.230
1096.697
1097.164
1097.664
1098.131
1098.599
1099.099
1099.566
1100.033
1100.501
1101.001
1101.468
1101.935
1102.402
1102.903
1103.370
1103.837
1104.304
1104.805
1105.272
1105.739
1106.240
1106.707
1107.641
1108.609
1109.543
1110.511
1111.478
1112.412
1113.380
1114.314
1115.282
1116.216
1117.184
1118.118
1119.086
1120.020
1120.988
1121.955
1122.890
1123.857
1124.791
1125.759
1126.693
1127.661
1128.595
1129.563
1130.497
1131.465
1132.432
1133.367
1134.334
1135.269
1136.236
1137.171
1137.638
1138.138
1138.605
1139.072
1139.573
1140.040
1140.507
1140.974
1141.475
1141.942
1142.409
1142.876
1143.377
1143.844
1144.311
1144.811
1145.279
1145.746
1146.213
1146.713
1147.181
1147.648
1148.115
1148.615
1149.082
1149.550
1150.050
1150.517
1150.984
1151.451
1151.952
1152.419
1152.886
1153.353
1153.854
1154.321
1154.788
1155.289
1155.756
1156.223
1156.690
1157.191
1157.658
1158.125
1158.592
1159.092
1159.560
1160.027
1160.527
1160.994
1161.461
1161.929
1162.429
1162.896
1163.363
1163.830
1164.331
1164.798
1165.265
1165.766
1166.233
1166.700
1167.167
1167.668
1167.901
1168.135
1168.368
1168.602
1168.836
1169.069
1169.336
1169.570
1169.803
1170.037
1170.270
1170.504
1170.737
1170.971
1171.238
1171.471
1171.705
1171.939
1172.172
1172.406
1172.639
1172.906
1173.140
1173.373
1173.607
1173.841
1174.074
1174.308
1174.575
1174.808
1175.042
1175.275
1175.509
1175.742
1175.976
1176.210
1176.476
1176.710
1176.944
1177.177
1177.411
1177.644
1177.878
1178.145
1178.378
1178.612
1178.846
1179.079
1179.313
1179.546
1179.813
1180.047
1180.280
1180.514
1180.747
1180.981
1181.215
1181.448
1181.698
1181.949
1182.199
1182.449
1182.934
1183.084
1183.234
1183.384
1183.534
1183.684
1183.834
1183.984
1184.134
1184.284
1184.434
1184.584
1184.734
1184.884
1185.033
1185.183
1185.333
1185.483
1185.633
1185.783
1185.933
1186.083
1186.233
1186.383
1186.533
1186.683
1186.833
1186.983
1187.133
1187.283
1187.432
1187.582
1187.732
1187.882
1188.032
1188.182
1188.332
1188.482
1188.632
1188.782
1188.932
1189.082
1189.232
1189.382
1189.532
1189.682
1189.831
1189.981
1190.131
1190.281
1190.431
1190.581
1190.731
1190.881
1191.031
1191.181
1191.331
1191.481
1191.631
1191.781
1191.931
1192.081
1192.230
1192.380
1192.530
1192.680
1192.830
1192.980
1193.130
1193.280
1193.430
1193.580
1193.730
1193.880
1194.030
1194.180
1194.330
1194.480
1194.629
1194.779
1194.929
1195.079
1195.229
1195.379
1195.529
1195.679
1195.829
1195.979
1196.129
1196.279
1196.429
1196.579
1196.729
1196.879
1197.028
1197.178
1197.328
1197.478
1197.628
1197.778
1197.928
1198.078
1198.228
1198.378
1198.528
1198.678
1198.828
1198.978
1199.128
1199.278
1199.428
1199.577
1199.727
1199.877
1200.027
1200.177
1200.327
1200.477
1200.627
1200.777
1200.927
1201.077
1201.227
1201.377
1201.527
1201.677
1201.827
1201.976
1202.126
1202.276
1202.426
1202.576
1202.726
1202.876
1203.026
1203.176
1203.326
1203.476
1203.626
1203.776
1203.926
1204.076
1204.226
1204.375
1204.525
1204.675
1204.825
1204.975
1205.125
1205.275
1205.425
1205.575
1205.725
1205.875
1206.025
1206.175
1206.325
1206.475
1206.625
1206.774
1206.924
1207.074
1207.224
1207.374
1207.524
1207.674
1207.824
1207.974
1208.124
1208.274
1208.424
1208.574
1208.724
1208.874
1209.024
1209.173
1209.323
1209.473
1209.623
1209.773
1209.923
1210.073
1210.223
1210.373
1210.523
1210.673
1210.823
1210.973
1211.123
1211.273
1211.423
1211.572
1211.722
1211.872
1212.022
1212.172
1212.322
1212.472
1212.622
1212.772
1212.922
1213.380
1214.314
1215.282
1216.216
1217.184
1218.118
1219.086
1220.020
1220.988
1221.455
1221.955
1222.422
1222.890
1223.357
1223.857
1224.324
1224.791
1225.259
1225.759
1226.226
1226.693
1227.194
1227.661
1228.128
1228.595
1229.096
1229.563
1230.030
1230.497
1230.998
1231.465
1231.932
1232.432
1232.900
1233.367
1233.834
1234.334
1234.801
1235.269
1235.736
1236.236
1236.470
1236.703
1236.937
1237.171
1237.404
1237.638
1237.905
1238.138
1238.372
1238.605
1238.839
1239.072
1239.306
1239.573
1239.806
1240.040
1240.274
1240.507
1240.741
1240.974
1241.241
1241.475
1241.708
1241.942
1242.176
1242.409
1242.659
1242.910
1243.160
1243.410
1243.807
1243.957
1244.107
1244.258
1244.408
1244.558
1244.708
1244.859
1245.009
1245.159
1245.309
1245.459
1245.610
1245.760
1245.910
1246.060
1246.211
1246.361
1246.511
1246.661
1246.812
1246.962
1247.112
1247.262
1247.413
1247.563
1247.713
1247.863
1248.013
1248.164
1248.314
1248.464
1248.614
1248.765
1248.915
1249.065
1249.215
1249.366
1249.516
1249.666
1249.816
1249.966
1250.117
1250.267
1250.417
1250.567
1250.718
1250.868
1251.018
1251.168
1251.319
1251.469
1251.619
1251.769
1251.920
1252.070
1252.220
1252.370
1252.520
1252.671
1252.821
1252.971
1253.121
1253.272
1253.422
1253.572
1253.722
1253.873
1254.023
1254.173
1254.323
1254.474
1254.624
1254.774
1254.924
1255.074
1255.225
1255.375
1255.525
1255.675
1255.826
1255.976
1256.126
1256.276
1256.427
1256.577
1256.727
1256.877
1257.028
1257.178
1257.328
1257.478
1257.628
1257.779
1257.929
1258.079
1258.229
1258.380
1258.530
1258.680
1258.830
1258.981
1259.131
1259.281
1259.431
1259.582
1259.732
1259.882
1260.032
1260.182
1260.333
1260.483
1260.633
1260.783
1260.934
1261.084
1261.234
1261.384
1261.535
1261.685
1261.835
1261.985
1262.136
1262.286
1262.436
1262.586
1262.736
1262.887
1263.037
1263.187
1263.337
1263.488
1263.638
1263.788
1263.938
1264.089
1264.239
1264.389
1264.539
1264.690
1264.840
1264.990
1265.140
1265.290
1265.441
1265.591
1265.741
1265.891
1266.042
1266.192
1266.342
1266.492
1266.643
1266.793
1266.943
1267.093
1267.244
1267.394
1267.544
1267.694
1267.844
1267.995
1268.145
1268.295
1268.445
1268.596
1268.746
1268.896
1269.046
1269.197
1269.347
1269.497
1269.647
1269.798
1269.948
1270.098
1270.248
1270.398
1270.549
1270.699
1270.849
1270.999
1271.150
1271.300
1271.450
1271.600
1271.751
1271.901
1272.051
1272.201
1272.352
1272.502
1272.652
1272.802
1272.952
1273.103
1273.253
1273.403
1273.553
1273.704
1289.556
1290.524
1291.458
1292.426
1293.360
1294.328
1295.262
1296.230
1297.164
1298.131
1299.066
1300.033
1301.001
1301.935
1302.903
1303.837
1304.805
1305.739
1306.707
1307.641
1308.609
1309.543
1310.511
1311.478
1312.412
1312.913
1313.380
1313.847
1314.314
1314.815
1315.282
1315.749
1316.216
1316.717
1317.184
1317.651
1318.118
1318.619
1319.086
1319.553
1320.053
1320.521
1320.988
1321.455
1321.955
1322.422
1322.890
1323.357
1323.857
1324.324
1324.791
1325.292
1325.759
1326.226
1326.693
1327.194
1327.661
1328.128
1328.595
1329.096
1329.563
1330.030
1330.497
1330.998
1331.465
1331.932
1332.432
1332.900
1333.367
1333.834
1334.334
1334.801
1335.269
1335.736
1336.236
1336.703
1337.171
1337.671
1338.138
1338.605
1339.072
1339.573
1340.040
1340.507
1340.974
1341.475
1341.942
1342.409
1342.876
1343.143
1343.377
1343.610
1343.844
1344.077
1344.311
1344.545
1344.811
1345.045
1345.279
1345.512
1345.746
1345.979
1346.213
1346.480
1346.713
1346.947
1347.181
1347.414
1347.648
1347.881
1348.115
1348.382
1348.615
1348.849
1349.082
1349.316
1349.550
1349.783
1350.050
1350.284
1350.517
1350.751
1350.984
1351.218
1351.451
1351.718
1351.952
1352.186
1352.419
1352.653
1352.886
1353.120
1353.353
1353.620
1353.854
1354.087
1354.321
1354.555
1354.788
1355.022
1355.289
1355.522
1355.756
1355.989
1356.223
1356.456
1356.690
1356.940
1357.191
1357.441
1358.202
1358.352
1358.502
1358.652
1358.802
1358.952
1359.102
1359.252
1359.402
1359.552
1359.702
1359.852
1360.002
1360.152
1360.302
1360.452
1360.602
1360.752
1360.902
1361.052
1361.202
1361.352
1361.502
1361.652
1361.802
1361.952
1362.102
1362.252
1362.402
1362.552
1362.702
1362.852
1363.002
1363.152
1363.302
1363.452
1363.602
1363.752
1363.901
1364.051
1364.201
1364.351
1364.501
1364.651
1364.801
1364.951
1365.101
1365.251
1365.401
1365.551
1365.701
1365.851
1366.001
1366.151
1366.301
1366.451
1366.601
1366.751
1366.901
1367.051
1367.201
1367.351
1367.501
1367.651
1367.801
1367.951
1368.101
1368.251
1368.401
1368.551
1368.701
1368.851
1369.001
1369.151
1369.301
1369.451
1369.601
1369.751
1369.901
1370.051
1370.201
1370.351
1370.501
1370.651
1370.801
1370.950
1371.100
1371.250
1371.400
1371.550
1371.700
1371.850
1372.000
1372.150
1372.300
1372.450
1372.600
1372.750
1372.900
1373.050
1373.200
1373.350
1373.500
1373.650
1373.800
1373.950
1374.100
1374.250
1374.400
1374.550
1374.700
1374.850
1375.000
1375.150
1375.300
1375.450
1375.600
1375.750
1375.900
1376.050
1376.200
1376.350
1376.500
1376.650
1376.800
1376.950
1377.100
1377.250
1377.400
1377.550
1377.700
1377.850
1377.999
1378.149
1378.299
1378.449
1378.599
1378.749
1378.899
1379.049
1379.199
1379.349
1379.499
1379.649
1379.799
1379.949
1380.099
1380.249
1380.399
1380.549
1380.699
1380.849
1380.999
1381.149
1381.299
1381.449
1381.599
1381.749
1381.899
1382.049
1382.199
1382.349
1382.499
1382.649
1382.799
1382.949
1383.099
1383.249
1383.399
1383.549
1383.699
1383.849
1383.999
1384.149
1384.299
1384.449
1384.599
1384.749
1384.899
1385.048
1385.198
1385.348
1385.498
1385.648
1385.798
1385.948
1386.098
1386.248
1386.398
1386.548
1386.698
1386.848
1386.998
1387.148
1387.298
1387.448
1387.598
1387.748
1387.898
1388.048
1388.198
1388.622
1389.089
1389.556
1390.023
1390.524
1390.991
1391.458
1391.925
1392.426
1392.893
1393.360
1393.861
1394.328
1394.795
1395.262
1395.762
1396.230
1396.697
1397.164
1397.664
1398.131
1398.599
1399.066
1399.566
1400.033
1400.501
1401.001
1401.468
1401.935
1402.402
1402.903
1403.370
1403.837
1404.338
1404.805
1405.272
1405.739
1406.240
1406.707
1407.174
1407.641
1408.141
1408.609
1409.076
1409.576
1410.043
1410.511
1410.978
1411.478
1411.712
1411.945
1412.179
1412.412
1412.646
1412.880
1413.146
1413.380
1413.614
1413.847
1414.081
1414.314
1414.548
1414.781
1415.048
1415.282
1415.516
1415.749
1415.983
1416.216
1416.450
1416.717
1416.950
1417.184
1417.417
1417.651
1417.901
1418.151
1418.402
1418.652
1419.168
1419.318
1419.468
1419.618
1419.768
1419.918
1420.068
1420.219
1420.369
1420.519
1420.669
1420.819
1420.969
1421.119
1421.269
1421.419
1421.569
1421.719
1421.869
1422.019
1422.169
1422.319
1422.469
1422.619
1422.769
1422.919
1423.069
1423.219
1423.369
1423.519
1423.669
1423.819
1423.969
1424.119
1424.269
1424.419
1424.569
1424.719
1424.869
1425.019
1425.169
1425.319
1425.469
1425.619
1425.769
1425.919
1426.069
1426.219
1426.369
1426.519
1426.669
1426.819
1426.969
1427.119
1427.269
1427.419
1427.569
1427.719
1427.869
1428.019
1428.169
1428.319
1428.469
1428.619
1428.769
1428.919
1429.069
1429.219
1429.369
1429.520
1429.670
1429.820
1429.970
1430.120
1430.270
1430.420
1430.570
1430.720
1430.870
1431.020
1431.170
1431.320
1431.470
1431.620
1431.770
1431.920
1432.070
1432.220
1432.370
1432.520
1432.670
1432.820
1432.970
1433.120
1433.270
1433.420
1433.570
1433.720
1433.870
1434.020
1434.170
1434.320
1434.470
1434.620
1434.770
1434.920
1435.070
1435.220
1435.370
1435.520
1435.670
1435.820
1435.970
1436.120
1436.270
1436.420
1436.570
1436.720
1436.870
1437.020
1437.170
1437.320
1437.470
1437.620
1437.770
1437.920
1438.070
1438.220
1438.370
1438.520
1438.670
1438.821
1438.971
1439.121
1439.271
1439.421
1439.571
1439.721
1439.871
1440.021
1440.171
1440.321
1440.471
1440.621
1440.771
1440.921
1441.071
1441.221
1441.371
1441.521
1441.671
1441.821
1441.971
1442.121
1442.271
1442.421
1442.571
1442.721
1442.871
1443.021
1443.171
1443.321
1443.471
1443.621
1443.771
1443.921
1444.071
1444.221
1444.371
1444.521
1444.671
1444.821
1444.971
1445.121
1445.271
1445.421
1445.571
1445.721
1445.871
1446.021
1446.171
1446.321
1446.471
1446.621
1446.771
1446.921
1447.071
1447.221
1447.371
1447.521
1447.671
1447.821
1447.971
1448.122
1448.272
1448.422
1448.572
1448.722
1448.872
1449.550
1450.517
1451.451
1452.419
1453.353
1454.321
1455.289
1456.223
1457.191
1458.125
1459.092
1460.027
1460.994
1461.929
1462.896
1463.830
1464.798
1465.766
1466.700
1467.668
1468.602
1469.570
1470.504
1471.471
1472.406
1473.373
1474.308
1475.275
1476.210
1477.177
1478.145
1479.079
1480.047
1480.514
1480.981
1481.448
1481.949
1482.416
1482.883
1483.383
1483.851
1484.318
1484.785
1485.285
1485.752
1486.220
1486.687
1487.187
1487.654
1488.121
1488.622
1489.089
1489.556
1490.023
1490.524
1490.991
1491.458
1491.925
1492.426
1492.893
1493.360
1493.861
1494.328
1494.795
1495.262
1495.762
1496.230
1496.697
1497.164
1497.664
1498.131
1498.599
1499.099
1499.566
1500.033
1500.501
1501.001
1501.468
1501.935
1502.402
1502.903
1503.370
1503.837
1504.304
1504.805
1505.272
1505.739
1506.240
1506.707
1507.174
1507.641
1508.141
1508.609
1509.076
1509.543
1510.043
1510.511
1602.436
1602.803
1603.136
1603.804
1604.171
1604.505
1605.205
1605.539
1605.873
1606.573
1606.907
1607.241
1607.941
1608.275
1608.609
1609.309
1609.643
1609.977
1610.677
1611.011
1611.345
1612.045
1612.379
1612.746
1613.413
1613.747
1614.114
1614.781
1615.148
1615.482
1616.149
1616.517
1616.850
1617.518
1617.885
1618.218
1618.919
1619.253
1619.586
1620.287
1620.621
1620.954
1621.655
1621.989
1622.322
1623.023
1623.357
1623.690
1624.391
1625.092
1625.759
1626.460
1627.127
1627.828
1628.495
1629.196
1629.863
1630.564
1631.231
1631.932
1632.633
1633.300
1634.001
1634.668
1635.369
1636.036
1636.737
1637.404
1638.105
1638.805
1639.473
1640.174
1640.841
1641.542
1642.209
1642.910
1643.577
1644.278
1644.945
1645.646
1646.346
1646.513
1646.680
1646.847
1647.014
1647.181
1647.347
1647.548
1647.714
1647.881
1648.048
1648.215
1648.382
1648.549
1648.732
1648.916
1649.082
1649.249
1649.416
1649.583
1649.750
1649.917
1650.117
1650.284
1650.450
1650.617
1650.784
1650.951
1651.118
1651.318
1651.485
1651.652
1651.818
1651.985
1652.152
1652.319
1652.519
1652.686
1652.853
1653.020
1653.187
1653.353
1653.520
1653.704
1653.887
1654.054
1654.221
1654.388
1654.555
1654.721
1654.888
1655.088
1655.255
1655.422
1655.589
1655.756
1655.923
1656.089
1656.290
1656.456
1656.623
1656.790
1656.957
1657.124
1657.291
1657.491
1657.658
1657.824
1657.991
1658.158
1658.325
1658.492
1658.659
1658.859
1659.026
1659.193
1659.359
1659.526
1659.693
1659.860
1660.060
1660.227
1660.394
1660.561
1660.727
1660.894
1661.061
1661.261
1661.428
1661.595
1661.762
1661.929
1662.095
1662.262
1662.462
1662.629
1662.796
1662.963
1663.130
1663.297
1663.463
1663.630
1663.802
1663.973
1664.145
1664.317
1664.488
1664.660
1664.831
1665.032
1665.199
1665.365
1665.532
1665.699
1665.866
1666.033
1666.233
1666.400
1666.567
1666.733
1666.900
1667.067
1667.234
1667.434
1667.601
1667.768
1667.935
1668.101
1668.268
1668.602
1668.969
1669.136
1669.303
1669.636
1670.003
1670.337
1670.504
1670.671
1671.004
1671.371
1671.705
1671.872
1672.039
1672.406
1672.739
1673.073
1673.240
1673.407
1673.774
1674.107
1674.441
1674.608
1674.775
1675.142
1675.475
1675.809
1675.976
1676.176
1676.510
1676.844
1677.177
1677.344
1677.544
1677.878
1678.212
1678.545
1678.745
1678.912
1679.246
1679.580
1679.947
1680.113
1680.280
1680.614
1680.948
1681.315
1681.481
1681.648
1681.982
1682.316
1682.683
1682.850
1683.016
1683.350
1683.717
1684.051
1684.218
1684.384
1684.718
1685.085
1685.419
1685.586
1685.752
1686.119
1686.453
1686.787
1686.954
1687.120
1687.487
1687.821
1688.155
1688.322
1688.488
1688.856
1689.189
1689.523
1689.690
1689.890
1690.224
1690.891
1691.592
1692.259
1692.960
1693.660
1694.328
1695.028
1695.696
1696.396
1697.064
1697.764
1698.432
1699.132
1699.833
1700.501
1701.201
1701.869
1702.569
1703.237
1703.937
1704.605
1705.305
1706.006
1706.673
1707.374
1708.041
1708.742
1709.409
1710.110
1710.777
1711.478
1712.145
1712.513
1712.846
1713.180
1713.547
1713.881
1714.214
1714.548
1714.915
1715.249
1715.582
1715.916
1716.283
1716.617
1716.950
1717.317
1717.651
1717.985
1718.318
1718.685
1719.019
1719.353
1719.720
1720.053
1720.387
1720.721
1721.088
1721.421
1721.755
1722.089
1722.456
1722.789
1723.123
1723.490
1723.824
1724.157
1724.491
1724.858
1725.192
1725.526
1725.859
1726.226
1726.560
1726.894
1727.261
1727.594
1727.928
1728.262
1728.629
1728.962
1729.296
1729.663
1729.997
1730.330
1730.664
1731.031
1731.365
1731.698
1732.032
1732.399
1732.733
1733.066
1733.433
1733.767
1734.101
1734.801
1735.469
1736.170
1736.837
1737.538
1738.205
1738.906
1739.573
1740.274
1740.974
1741.642
1742.342
1743.010
1743.710
1744.378
1745.078
1745.746
1746.446
1747.147
1747.814
1748.515
1749.183
1749.883
1750.551
1751.251
1751.919
1752.619
1753.320
1753.987
1754.688
1755.355
1756.056
1756.223
1756.390
1756.557
1756.723
1756.890
1757.090
1757.257
1757.424
1757.591
1757.758
1757.925
1758.091
1758.275
1758.458
1758.625
1758.792
1758.959
1759.126
1759.293
1759.459
1759.660
1759.826
1759.993
1760.160
1760.327
1760.494
1760.661
1760.861
1761.028
1761.195
1761.361
1761.528
1761.695
1761.862
1762.062
1762.229
1762.396
1762.563
1762.729
1762.896
1763.063
1763.247
1763.430
1763.597
1763.764
1763.931
1764.097
1764.264
1764.431
1764.631
1764.798
1764.965
1765.132
1765.299
1765.465
1765.632
1765.832
1765.999
1766.166
1766.333
1766.500
1766.667
1766.834
1767.034
1767.201
1767.367
1767.534
1767.701
1767.868
1768.035
1768.218
1768.402
1768.569
1768.735
1768.902
1769.069
1769.236
1769.403
1769.603
1769.770
1769.937
1770.103
1770.270
1770.437
1770.604
1770.804
1770.971
1771.138
1771.305
1771.471
1771.638
1771.805
1772.005
1772.172
1772.339
1772.506
1772.673
1772.840
1773.006
1773.173
1773.373
1773.540
1773.707
1773.874
1774.041
1774.208
1774.374
1774.575
1774.741
1774.908
1775.075
1775.242
1775.409
1775.576
1775.776
1775.943
1776.109
1776.276
1776.443
1776.610
1776.777
1776.977
1777.144
1777.311
1777.477
1777.644
1777.811
1777.978
1778.345
1778.679
1778.846
1779.012
1779.179
1779.346
1779.713
1780.047
1780.214
1780.380
1780.547
1780.747
1781.081
1781.415
1781.582
1781.748
1781.932
1782.115
1782.449
1782.783
1782.950
1783.116
1783.317
1783.483
1783.817
1784.151
1784.318
1784.518
1784.685
1784.852
1785.185
1785.519
1785.719
1785.886
1786.053
1786.220
1786.553
1786.920
1787.087
1787.254
1787.421
1787.588
1787.921
1788.288
1788.455
1788.622
1788.789
1788.956
1789.289
1789.656
1789.823
1789.990
1790.157
1790.324
1790.691
1791.024
1791.191
1791.358
1791.525
1791.692
1792.059
1792.392
1792.559
1792.726
1792.893
1793.060
1793.427
1793.760
1793.927
1794.094
1794.261
1794.461
1794.795
1795.128
1795.295
1795.462
1795.662
1795.829
1796.163
1796.496
1796.663
1796.847
1797.030
1797.197
1797.531
1797.865
1798.031
1798.232
1798.398
1798.565
1798.899
1799.233
1799.433
1799.600
1799.766
1799.933
1800.267
1800.634
1800.968
1801.301
1801.635
1802.002
1802.336
1802.669
1803.003
1803.370
1803.704
1804.037
1804.404
1804.738
1805.072
1805.405
1805.772
1806.106
1806.440
1806.773
1807.140
1807.474
1807.808
1808.175
1808.509
1808.842
1809.176
1809.543
1809.877
1810.210
1810.577
1810.911
1811.245
1811.578
1811.945
1812.279
1812.613
1812.946
1813.313
1813.647
1813.981
1814.348
1814.681
1815.015
1815.349
1815.716
1816.049
1816.383
1816.717
1817.084
1817.417
1817.751
1818.118
1818.452
1818.785
1819.119
1819.486
1819.820
1820.153
1820.487
1820.854
1821.188
1821.522
1821.889
1822.556
1823.257
1823.924
1824.625
1825.292
1825.993
1826.660
1827.361
1828.061
1828.729
1829.429
1830.097
1830.797
1831.465
1832.165
1832.833
1833.534
1834.234
1834.902
1835.602
1836.270
1836.970
1837.638
1838.338
1839.006
1839.706
1840.374
1841.074
1841.775
1842.442
1843.143
1843.810
1887.988
1888.255
1888.488
1888.722
1888.956
1889.223
1889.456
1889.690
1889.923
1890.190
1890.424
1890.657
1890.891
1891.158
1891.391
1891.625
1891.859
1892.125
1892.359
1892.593
1892.826
1893.093
1893.327
1893.560
1893.794
1894.061
1894.294
1894.528
1894.761
1895.028
1895.262
1895.495
1895.729
1903.470
1903.971
1904.438
1904.938
1905.405
1905.672
1905.906
1906.139
1906.373
1906.640
1906.874
1907.107
1907.341
1907.463
1907.585
1907.708
1907.830
1907.952
1908.075
1908.197
1908.319
1908.442
1908.564
1908.686
1908.809
1908.931
1909.053
1909.176
1911.211
1911.712
1912.179
1912.446
1912.679
1913.146
1913.647
1914.114
1914.381
1914.615
1915.082
1915.582
1916.049
1916.316
1916.550
1917.017
1917.518
1917.985
1918.252
1918.485
1918.952
1919.453
1919.920
1920.187
1920.420
1920.888
1921.388
1921.855
1922.122
1922.356
1922.823
1923.323
1923.790
1924.057
1924.291
1924.758
1925.259
1925.726
1925.993
1926.226
1926.693
1927.194
1927.661
1927.928
1928.161
1928.629
1929.129
1929.596
1929.863
1930.097
1930.564
1931.064
1931.532
1931.798
1932.032
1932.499
1933.000
1933.467
1933.734
1933.967
1934.434
1934.935
1935.402
1935.669
1935.903
1936.370
1936.870
1937.337
1937.604
1937.838
1938.305
1938.805
1939.273
1939.540
1939.773
1940.240
1940.741
1941.208
1941.475
1941.708
1942.176
1942.676
1943.143
1943.410
1943.644
1944.144
1944.611
1945.112
1945.345
1945.579
1946.079
1946.547
1947.047
1947.281
1947.514
1948.015
1948.482
1948.982
1949.216
1949.449
1949.950
1950.417
1950.918
1951.151
1951.385
1951.885
1952.352
1952.853
1953.086
1953.320
1953.820
1954.288
1954.788
1955.022
1955.255
1955.756
1956.223
1956.723
1956.957
1957.191
1957.691
1958.659
1959.626
1960.594
1961.562
1962.529
1963.497
1964.464
1965.432
1966.400
1967.367
1968.335
1969.303
1970.270
1971.238
1972.206
1973.173
1973.294
1973.415
1973.536
1973.657
1973.777
1973.898
1974.019
1974.140
1974.261
1974.382
1974.502
1974.623
1974.744
1974.865
1974.986
1975.107
1975.227
1975.348
1975.469
1975.590
1975.711
1975.832
1975.953
1976.073
1976.194
1976.315
1976.436
1976.557
1976.678
1976.798
1976.919
1977.040
1977.161
1977.282
1977.403
1977.523
1977.644
1977.765
1977.886
1978.007
1978.128
1978.249
1978.369
1978.490
1978.611
1978.732
1978.853
1978.974
1979.094
1979.215
1979.336
1979.457
1979.578
1979.699
1979.819
1979.940
1980.061
1980.182
1980.303
1980.424
1980.545
1980.665
1980.786
1980.907
1981.028
1981.149
1981.270
1981.390
1981.511
1981.632
1981.753
1981.874
1981.995
1982.115
1982.236
1982.357
1982.478
1982.599
1982.720
1982.840
1982.961
1983.082
1983.203
1983.324
1983.445
1983.566
1983.686
1983.807
1983.928
1984.049
1984.170
1984.291
1984.411
1984.532
1984.653
1984.774
1984.895
1985.016
1985.136
1985.257
1985.378
1985.499
1985.620
1985.741
1985.862
1985.982
1986.103
1986.224
1986.345
1986.466
1986.587
1988.655
1989.122
1989.356
1989.623
1989.857
1990.090
1990.591
1991.058
1991.291
1991.558
1991.792
1992.025
1992.526
1992.993
1993.227
1993.493
1993.727
1993.961
1994.461
1994.928
1995.162
1995.429
1995.662
1995.896
1996.396
1996.864
1997.097
1997.364
1997.598
1997.831
1998.332
1998.799
1999.032
1999.299
1999.533
1999.766
2000.267
2000.734
2000.968
2001.235
2001.468
2001.702
2002.202
2002.669
2002.903
2003.170
2003.403
2003.637
2004.137
2004.605
2004.838
2005.105
2005.339
2005.572
2006.073
2006.540
2006.773
2007.040
2007.274
2007.508
2008.008
2008.475
2008.709
2008.976
2009.209
2009.443
2009.943
2010.410
2010.677
2010.911
2011.144
2011.378
2011.879
2012.346
2012.613
2012.846
2013.080
2013.313
2013.814
2014.281
2014.548
2014.781
2015.015
2015.249
2015.749
2016.216
2016.483
2016.717
2016.950
2017.184
2017.684
2018.151
2018.418
2018.652
2018.886
2019.119
2019.620
2054.521
2054.988
2055.489
2055.956
2056.423
2056.924
2057.391
2057.858
2058.358
2058.825
2059.326
2059.793
2060.260
2060.761
2061.228
2061.728
2062.196
2062.663
2063.163
2063.630
2064.097
2064.598
2065.065
2065.566
2066.033
2066.500
2067.000
2067.467
2067.968
2068.435
2068.902
2069.403
2069.870
2070.337
2070.838
2071.305
2071.805
2072.272
2072.739
2073.240
2073.707
2074.208
2074.675
2075.142
2075.642
2076.109
2076.610
2077.077
2077.544
2078.045
2078.512
2078.979
2079.479
2079.947
2080.447
2080.914
2081.381
2081.882
2082.349
2082.850
2085.219
2085.719
2085.953
2086.186
2086.687
2086.920
2087.154
2087.621
2087.888
2088.121
2088.589
2088.822
2089.089
2089.556
2089.790
2090.023
2090.524
2090.757
2090.991
2091.458
2091.725
2091.959
2092.426
2092.659
2092.926
2093.393
2093.627
2093.861
2094.361
2094.595
2094.828
2095.329
2095.562
2095.796
2096.263
2096.530
2096.763
2097.231
2097.464
2097.698
2098.198
2098.432
2098.665
2099.166
2099.399
2099.633
2100.100
2100.367
2100.601
2101.068
2101.301
2101.568
2102.035
2102.269
2102.503
2103.003
2103.237
2103.470
2103.937
2104.204
2104.438
2104.905
2105.138
2105.405
2105.873
2106.106
2106.340
2106.840
2107.074
2107.307
2107.808
2108.041
2108.275
2108.742
2109.009
2109.243
2109.710
2109.943
2110.177
2110.677
2110.911
2111.144
2111.645
2111.879
2112.112
2112.579
2112.846
2113.080
2113.547
2113.780
2114.047
2114.515
2114.748
2114.982
2115.482
2115.716
2115.949
2116.450
2116.683
2116.917
2117.384
2117.618
2117.885
2118.352
2118.585
2118.819
2119.319
2119.553
2119.786
2120.287
2120.521
2120.754
2121.221
2121.488
2121.722
2122.189
2122.422
2122.689
2123.156
2123.390
2123.624
2124.124
2124.358
2124.591
2125.058
2125.325
2125.559
2126.026
2126.260
2126.527
2126.994
2127.227
2127.461
2127.961
2128.195
2128.428
2128.929
2129.162
2129.396
2129.863
2130.097
2130.364
2130.831
2131.298
2132.266
2133.233
2134.201
2135.169
2136.103
2137.070
2138.038
2139.006
2139.940
2140.908
2141.875
2142.843
2143.777
2144.745
2145.712
2146.680
2147.648
2148.582
2149.550
2150.517
2151.485
2152.419
2153.387
2154.354
2155.322
2156.290
2157.224
2158.192
2159.159
2160.127
2161.061
2162.029
2162.529
2162.996
2163.463
2163.964
2164.431
2164.898
2165.399
2165.866
2166.366
2166.834
2167.301
2167.801
2168.268
2168.769
2169.236
2169.703
2170.204
2170.671
2171.138
2171.638
2172.105
2172.606
2173.073
2173.540
2174.041
2174.508
2175.008
2175.475
2175.943
2176.443
2176.910
2177.377
2177.878
2178.345
2178.846
2179.313
2179.780
2180.280
2180.747
2181.248
2181.715
2182.182
2182.683
2183.150
2183.617
2184.117
2184.585
2185.085
2185.552
2186.019
2186.520
2186.987
2187.487
2187.955
2188.422
2188.922
2189.389
2189.890
2190.357
2190.824
2191.325
2191.792
2192.259
2192.759
2192.993
2193.227
2193.727
2193.961
2194.194
2194.661
2194.928
2195.162
2195.629
2195.863
2196.129
2196.597
2196.830
2197.064
2197.564
2197.798
2198.031
2198.498
2198.765
2198.999
2199.466
2199.700
2199.967
2200.434
2200.667
2200.901
2201.401
2201.635
2201.869
2202.369
2202.603
2202.836
2203.303
2203.537
2203.804
2204.271
2204.505
2204.738
2205.239
2205.472
2205.706
2206.206
2206.440
2206.673
2207.140
2207.407
2207.641
2208.108
2208.342
2208.609
2208.842
2209.076
2209.309
2209.543
2209.810
2210.043
2210.277
2210.511
2210.744
2210.978
2211.245
2211.478
2211.712
2211.945
2212.179
2212.446
2212.679
2212.913
2213.146
2213.380
2213.647
2213.881
2214.114
2214.348
2214.581
2214.848
2215.082
2215.315
2215.549
2215.782
2216.049
2216.283
2216.517
2216.750
2216.984
2217.217
2217.484
2217.718
2217.951
2218.185
2218.418
2218.685
2218.919
2219.152
2219.386
2219.620
2219.887
2220.120
2220.354
2220.587
2220.821
2221.088
2221.321
2221.555
2221.788
2222.022
2222.289
2222.523
2222.756
2222.990
2223.223
2223.457
2225.392
2226.360
2227.327
2228.262
2229.229
2230.197
2231.164
2232.099
2233.066
2234.034
2235.002
2235.969
2236.904
2237.871
2238.839
2239.773
2240.707
2241.642
2242.576
2243.510
2244.444
2245.412
2246.346
2247.281
2248.215
2249.149
2250.083
2251.018
2251.952
2252.886
2253.820
2254.788
2255.722
2256.190
2256.657
2257.124
2257.591
2258.058
2258.525
2258.992
2259.459
2259.927
2260.394
2260.861
2261.328
2261.795
2262.262
2262.729
2263.197
2263.664
2264.164
2264.631
2265.098
2265.566
2266.033
2266.500
2266.967
2267.434
2267.901
2268.368
2268.836
2269.303
2269.770
2270.237
2270.704
2271.171
2271.638
2272.105
2272.573
2273.040
2273.540
2274.007
2274.474
2274.942
2275.409
2275.876
2276.343
2276.810
2277.277
2277.744
2278.212
2278.679
2279.146
2279.613
2280.080
2280.547
2281.014
2281.481
2281.949
2282.416
2282.883
2283.383
2283.851
2284.318
2284.785
2285.252
2285.719
2286.053
2286.420
2286.653
2286.887
2287.120
2287.354
2287.588
2287.921
2288.288
2288.522
2288.755
2288.989
2289.223
2289.456
2289.823
2290.157
2290.390
2290.624
2290.858
2291.091
2291.325
2291.692
2292.025
2292.259
2292.492
2292.726
2292.993
2293.227
2293.560
2293.927
2294.161
2294.394
2294.628
2294.862
2295.095
2295.429
2295.796
2296.029
2296.263
2296.496
2296.730
2296.964
2297.297
2297.664
2297.898
2298.131
2298.365
2298.599
2298.832
2299.199
2299.533
2299.766
2300.000
2300.234
2300.467
2300.701
2301.068
2301.401
2301.635
2301.869
2302.102
2302.336
2302.603
2302.936
2303.303
2303.537
2303.770
2304.004
2304.238
2304.471
2304.805
2305.172
2305.405
2305.639
2305.873
2306.106
2306.340
2306.673
2307.040
2307.274
2307.508
2307.741
2307.975
2308.208
2308.575
2308.909
2309.142
2309.376
2309.610
2309.843
2310.077
2310.444
2310.777
2311.011
2311.245
2311.478
2311.712
2311.945
2312.312
2312.679
2312.913
2313.146
2313.380
2313.614
2313.847
2314.181
2314.548
2314.781
2315.015
2315.249
2315.482
2315.716
2316.650
2317.584
2318.519
2319.453
2320.387
2321.321
2322.289
2323.223
2324.157
2325.092
2326.026
2326.960
2327.895
2328.829
2329.763
2330.697
2331.665
2332.599
2333.534
2334.468
2335.402
2336.336
2337.271
2338.205
2339.139
2340.073
2341.008
2341.975
2342.910
2343.844
2344.778
2345.712
2346.180
2346.647
2347.114
2347.581
2348.048
2348.515
2348.982
2349.449
2349.917
2350.384
2350.851
2351.351
2351.818
2352.286
2352.753
2353.220
2353.687
2354.154
2354.621
2355.088
2355.556
2356.023
2356.490
2356.957
2357.424
2357.891
2358.358
2358.825
2359.293
2359.760
2360.227
2360.727
2361.195
2361.662
2362.129
2362.596
2363.063
2363.530
2363.997
2364.464
2364.932
2365.399
2365.866
2366.333
2366.800
2367.267
2367.734
2368.202
2368.669
2369.136
2369.603
2370.070
2370.571
2371.038
2371.505
2371.972
2372.439
2372.906
2373.373
2373.841
2374.308
2374.775
2375.242
2375.709
2376.076
2376.410
2376.643
2376.877
2377.110
2377.344
2377.578
2377.945
2378.278
2378.512
2378.745
2378.979
2379.213
2379.446
2379.813
2380.180
2380.414
2380.647
2380.881
2381.114
2381.348
2381.682
2382.049
2382.282
2382.516
2382.749
2382.983
2383.217
2383.550
2383.917
2384.151
2384.384
2384.618
2384.852
2385.085
2385.452
2385.786
2386.019
2386.253
2386.486
2386.720
2386.954
2387.321
2387.654
2387.888
2388.121
2388.355
2388.589
2388.822
2389.189
2389.523
2389.790
2390.023
2390.257
2390.490
2390.724
2391.058
2391.425
2391.658
2391.892
2392.125
2392.359
2392.593
2392.926
2393.293
2393.527
2393.760
2393.994
2394.228
2394.461
2394.828
2395.162
2395.395
2395.629
2395.863
2396.096
2396.330
2396.697
2397.030
2397.264
2397.497
2397.731
2397.965
2398.198
2398.565
2398.899
2399.132
2399.399
2399.633
2399.867
2400.100
2400.434
2400.801
2401.034
2401.268
2401.502
2401.735
2401.969
2402.302
2402.669
2402.903
2403.136
2403.370
2403.604
2403.837
2404.204
2404.538
2404.771
2405.005
2405.239
2405.472
2405.706
2444.578
2444.912
2445.279
2445.946
2446.280
2446.647
2447.314
2447.648
2448.015
2448.682
2449.049
2449.383
2450.050
2450.417
2450.751
2451.418
2451.785
2452.119
2452.819
2453.153
2453.487
2454.188
2454.521
2454.855
2455.556
2455.889
2456.223
2456.924
2457.257
2457.591
2458.292
2458.625
2458.992
2459.660
2459.993
2460.360
2461.028
2461.361
2461.728
2462.396
2462.763
2463.096
2463.764
2464.131
2464.464
2465.132
2465.499
2465.832
2466.533
2466.867
2467.201
2467.534
2467.901
2468.235
2468.569
2468.936
2469.269
2469.603
2469.937
2470.304
2470.637
2470.971
2471.305
2471.672
2472.005
2472.339
2472.706
2473.040
2473.373
2473.707
2474.074
2474.408
2474.741
2475.075
2475.442
2475.776
2476.109
2476.476
2476.810
2477.144
2477.477
2477.845
2478.178
2478.512
2478.879
2479.213
2479.546
2479.880
2480.247
2480.581
2480.914
2481.248
2481.615
2481.949
2482.282
2482.649
2482.983
2483.317
2483.650
2484.017
2484.351
2484.685
2485.018
2485.385
2485.719
2486.053
2486.420
2486.753
2487.087
2487.421
2487.788
2488.121
2488.455
2488.789
2489.156
2489.323
2489.489
2489.823
2490.190
2490.524
2490.691
2490.858
2491.191
2491.558
2491.892
2492.059
2492.226
2492.593
2492.926
2493.260
2493.427
2493.594
2493.961
2494.294
2494.628
2494.795
2494.962
2495.329
2495.662
2495.996
2496.163
2496.363
2496.697
2497.030
2497.364
2497.564
2497.731
2498.065
2498.398
2498.732
2498.932
2499.099
2499.433
2499.766
2500.133
2500.300
2500.467
2500.801
2501.134
2501.502
2501.668
2501.835
2502.169
2502.536
2502.870
2503.036
2503.203
2503.537
2503.904
2504.238
2504.404
2504.571
2504.905
2505.272
2505.606
2505.772
2505.939
2506.306
2506.640
2506.974
2507.140
2507.307
2507.674
2508.008
2508.342
2508.509
2508.675
2509.042
2509.376
2509.710
2509.877
2510.077
2510.410
2511.078
2511.778
2512.479
2513.146
2513.847
2514.515
2515.215
2515.883
2516.583
2517.251
2517.951
2518.619
2519.319
2520.020
2520.687
2521.388
2522.055
2522.756
2523.423
2524.124
2524.791
2525.492
2526.193
2526.860
2527.561
2528.228
2528.929
2529.596
2530.297
2530.964
2531.665
2532.332
2532.699
2533.033
2533.367
2533.734
2534.067
2534.401
2534.735
2535.102
2535.435
2535.769
2536.136
2536.470
2536.803
2537.137
2537.504
2537.838
2538.172
2538.505
2538.872
2539.206
2539.540
2539.907
2540.240
2540.574
2540.908
2541.275
2541.608
2541.942
2542.276
2542.643
2542.976
2543.310
2543.677
2544.011
2544.344
2544.678
2545.045
2545.379
2545.712
2546.046
2546.413
2546.747
2547.080
2547.447
2547.781
2548.115
2548.448
2548.815
2549.149
2549.483
2549.850
2550.184
2550.517
2550.851
2551.218
2551.552
2551.885
2552.219
2552.586
2552.920
2553.253
2553.620
2553.954
2554.288
2554.621
2554.988
2555.322
2555.656
2555.989
2556.356
2556.690
2557.024
2557.391
2557.724
2558.058
2558.392
2558.759
2559.092
2559.426
2559.793
2560.127
2560.460
2560.794
2561.161
2561.495
2561.828
2562.162
2562.529
2562.863
2563.197
2563.564
2563.897
2564.231
2564.565
2564.932
2565.265
2565.599
2565.933
2566.300
2566.633
2566.967
2567.334
2567.668
2568.001
2568.335
2568.702
2569.036
2569.369
2569.736
2570.070
2570.404
2570.737
2571.104
2571.438
2571.772
2572.105
2572.472
2572.806
2573.140
2573.507
2573.841
2574.174
2574.508
2574.875
2575.209
2575.542
2575.876
2576.243
2576.577
2576.743
2576.910
2577.077
2577.277
2577.611
2577.945
2578.111
2578.278
2578.478
2578.645
2578.979
2579.313
2579.479
2579.847
2580.013
2580.347
2580.681
2580.848
2581.048
2581.215
2581.381
2581.715
2582.049
2582.249
2582.416
2582.583
2582.749
2583.083
2583.450
2583.617
2583.784
2583.951
2584.117
2587.221
2587.554
2587.721
2587.888
2588.055
2588.222
2588.589
2588.922
2589.089
2589.256
2589.423
2589.590
2589.957
2590.290
2590.457
2590.624
2590.791
2590.991
2591.325
2591.658
2591.825
2591.992
2592.192
2592.359
2592.693
2593.026
2593.202
2593.377
2593.552
2593.727
2594.061
2594.394
2594.561
2594.761
2594.928
2595.095
2598.165
2598.532
2598.699
2598.866
2599.032
2599.199
2599.533
2599.900
2600.067
2600.234
2600.400
2600.567
2600.934
2601.268
2601.435
2601.602
2601.768
2601.935
2602.302
2602.636
2602.808
2602.981
2603.153
2603.326
2603.670
2604.004
2604.171
2604.338
2604.505
2604.705
2605.038
2605.372
2605.539
2605.706
2605.906
2606.073
2609.142
2609.476
2609.676
2609.843
2610.010
2610.177
2610.511
2610.878
2611.044
2611.211
2611.378
2611.545
2611.879
2612.246
2612.412
2612.579
2612.746
2612.913
2613.247
2613.614
2613.780
2613.947
2614.114
2614.281
2614.648
2614.982
2615.148
2615.315
2615.482
2615.649
2616.016
2616.350
2616.517
2616.683
2616.850
2617.050
2620.120
2620.454
2620.621
2620.821
2620.988
2621.154
2621.488
2621.822
2621.989
2622.189
2622.356
2622.523
2622.856
2623.190
2623.390
2623.557
2623.724
2623.891
2624.224
2624.591
2624.758
2624.925
2625.092
2625.259
2625.592
2625.959
2626.126
2626.293
2626.460
2626.627
2626.994
2627.327
2627.494
2627.661
2627.828
2627.995
2631.098
2631.431
2631.598
2631.765
2631.949
2632.132
2632.466
2632.799
2632.966
2633.133
2633.333
2633.500
2633.834
2634.168
2634.334
2634.535
2634.701
2634.868
2635.202
2635.536
2635.736
2635.903
2636.069
2636.236
2636.570
2636.904
2637.104
2637.271
2637.437
2637.604
2637.938
2638.305
2638.472
2638.639
2638.805
2638.972
2639.306
2639.673
2639.840
2640.007
2640.174
2640.340
2640.707
2641.041
2641.208
2641.375
2641.542
2641.708
2647.548
2648.248
2648.916
2649.616
2650.284
2650.984
2651.652
2652.352
2653.020
2653.720
2654.421
2655.088
2655.789
2656.456
2657.157
2657.824
2658.525
2659.193
2659.893
2660.561
2661.261
2661.962
2662.629
2663.330
2663.997
2664.698
2665.365
2666.066
2666.733
2667.434
2668.135
2668.802
2669.503
2669.837
2670.170
2670.504
2670.871
2671.205
2671.538
2671.905
2672.239
2672.573
2672.906
2673.273
2673.607
2673.941
2674.308
2674.641
2674.975
2675.309
2675.676
2676.009
2676.343
2676.677
2677.044
2677.377
2677.711
2678.078
2678.412
2678.745
2679.079
2679.446
2679.780
2680.113
2680.447
2680.814
2681.148
2681.481
2681.849
2682.182
2682.516
2682.850
2683.217
2683.550
2683.884
2684.251
2684.585
2684.918
2685.252
2685.619
2685.953
2686.286
2686.620
2686.987
2687.321
2687.654
2688.021
2688.355
2688.689
2689.022
2689.389
2689.723
2690.057
2690.390
2690.757
2691.091
2691.425
2691.792
2692.125
2692.292
2692.459
2692.793
2693.160
2693.493
2693.660
2693.827
2694.161
2694.528
2694.862
2695.028
2695.195
2695.562
2695.896
2696.230
2696.396
2696.563
2696.930
2697.264
2697.598
2697.764
2697.965
2698.298
2698.632
2698.966
2699.132
2699.333
2699.666
2700.000
2700.334
2700.534
2700.701
2701.034
2701.368
2701.735
2701.902
2702.069
2702.402
2702.736
2703.103
2703.270
2703.437
2703.770
2704.104
2704.471
2704.638
2704.805
2705.138
2705.506
2705.839
2706.006
2706.173
2706.507
2706.874
2707.207
2707.374
2707.541
2707.908
2708.242
2708.575
2708.742
2708.909
2709.276
2709.610
2709.943
2710.110
2710.277
2710.644
2710.978
2711.311
2711.478
2711.678
2712.012
2712.346
2712.679
2712.846
2713.046
2716.116
2716.287
2716.458
2716.630
2716.801
2716.972
2717.143
2717.314
2717.485
2717.656
2717.828
2717.999
2718.170
2718.341
2718.512
2718.683
2718.854
2719.025
2719.197
2719.368
2719.539
2719.710
2719.881
2720.052
2720.223
2720.395
2720.566
2720.737
2720.908
2721.079
2721.250
2721.421
2724.358
2724.529
2724.700
2724.871
2725.042
2725.213
2725.384
2725.555
2725.726
2725.898
2726.069
2726.240
2726.411
2726.582
2726.753
2726.924
2727.095
2727.266
2727.437
2727.608
2727.780
2727.951
2728.122
2728.293
2728.464
2728.635
2728.806
2728.977
2729.148
2729.319
2729.490
2729.662
2729.833
2730.004
2730.175
2730.346
2730.517
2730.688
2730.859
2731.030
2731.201
2731.373
2731.544
2731.715
2731.886
2732.057
2732.228
2732.399
2735.335
2735.506
2735.678
2735.849
2736.020
2736.191
2736.362
2736.533
2736.704
2736.875
2737.046
2737.217
2737.388
2737.560
2737.731
2737.902
2738.073
2738.244
2738.415
2738.586
2738.757
2738.928
2739.099
2739.270
2739.442
2739.613
2739.784
2739.955
2740.126
2740.297
2740.468
2740.639
2740.810
2740.981
2741.152
2741.324
2741.495
2741.666
2741.837
2742.008
2742.179
2742.350
2742.521
2742.692
2742.863
2743.035
2743.206
2743.377
2746.280
2746.451
2746.623
2746.795
2746.967
2747.139
2747.310
2747.482
2747.654
2747.826
2747.998
2748.169
2748.341
2748.513
2748.685
2748.857
2749.028
2749.200
2749.372
2749.544
2749.716
2749.887
2750.059
2750.231
2750.403
2750.575
2750.746
2750.918
2751.090
2751.262
2751.434
2751.606
2751.777
2751.949
2752.121
2752.293
2752.465
2752.636
2752.808
2752.980
2753.152
2753.324
2753.495
2753.667
2753.839
2754.011
2754.183
2754.354
2757.257
2757.429
2757.600
2757.772
2757.944
2758.115
2758.287
2758.458
2758.630
2758.801
2758.973
2759.144
2759.316
2759.488
2759.659
2759.831
2760.002
2760.174
2760.345
2760.517
2760.689
2760.860
2761.032
2761.203
2761.375
2761.546
2761.718
2761.889
2762.061
2762.233
2762.404
2762.576
2762.747
2762.919
2763.090
2763.262
2763.434
2763.605
2763.777
2763.948
2764.120
2764.291
2764.463
2764.634
2764.806
2764.978
2765.149
2765.321
2765.492
2765.664
2765.835
2766.007
2766.179
2766.350
2766.522
2766.693
2766.865
2767.036
2767.208
2767.379
2767.551
2767.723
2767.894
2768.066
2768.237
2768.409
2768.580
2768.752
2768.924
2769.095
2769.267
2769.438
2769.610
2769.781
2769.953
2770.124
2770.296
2770.468
2770.639
2770.811
2770.982
2771.154
2771.325
2771.497
2771.669
2771.840
2772.012
2772.183
2772.355
2772.526
2772.698
2772.869
2773.041
2773.213
2773.384
2773.556
2773.727
2773.899
2774.070
2774.242
2774.414
2774.585
2774.757
2774.928
2775.100
2775.271
2775.443
2775.614
2775.786
2775.958
2776.129
2776.301
2776.472
2776.644
2776.815
2776.987
2777.159
2777.330
2777.502
2777.673
2777.845
2778.016
2778.188
2778.359
2778.531
2778.703
2778.874
2779.046
