39.773
40.710
41.646
42.583
43.519
44.456
45.392
46.329
47.265
48.202
49.138
50.075
51.011
51.948
52.884
53.821
55.656
56.590
57.524
58.459
102.903
103.504
104.104
104.705
105.305
105.906
106.507
107.107
107.708
108.308
108.909
109.510
110.110
110.711
111.311
111.912
112.513
113.113
113.714
114.314
114.915
115.516
116.116
116.717
117.317
117.918
118.519
119.119
119.720
120.320
120.921
121.522
122.122
122.723
123.323
123.924
124.525
125.125
125.726
126.326
126.927
127.528
128.128
128.729
129.329
129.930
130.531
131.131
131.732
132.332
132.933
133.534
134.134
134.735
135.335
135.936
136.537
137.137
137.738
138.338
138.939
139.540
140.140
140.741
141.341
141.942
142.543
143.744
144.344
144.945
146.146
146.747
147.347
148.549
149.149
149.750
150.951
151.552
152.152
153.353
153.954
154.555
155.756
156.356
156.957
158.158
158.759
159.359
165.365
165.966
166.567
166.867
167.167
167.768
168.368
168.969
169.269
169.570
170.170
170.771
171.371
171.672
171.972
172.573
173.173
173.774
174.074
174.374
174.975
175.576
176.176
176.477
176.777
177.377
177.978
178.579
178.879
179.179
179.780
180.380
180.981
181.281
181.582
189.256
189.857
190.457
190.758
191.058
191.658
192.259
192.860
193.160
193.460
194.061
194.661
195.262
195.562
195.863
196.463
197.064
197.664
197.965
198.265
198.866
199.466
200.067
200.367
200.667
201.268
201.869
202.469
202.770
203.070
203.670
204.271
204.872
205.172
205.472
206.073
206.673
207.274
207.574
207.875
208.475
209.076
209.676
209.977
210.277
210.878
211.478
212.079
212.379
212.679
213.280
213.881
214.481
214.782
215.082
215.682
216.283
216.884
217.184
217.484
222.890
223.489
224.088
224.688
225.287
225.886
226.486
227.085
227.684
228.284
228.883
229.482
230.081
230.681
231.280
231.879
232.479
233.078
233.677
234.277
234.876
235.475
236.075
236.674
237.273
237.874
238.474
238.775
239.075
239.675
240.276
240.876
241.177
241.477
242.077
242.678
243.278
243.579
243.879
244.479
245.080
245.681
245.981
246.281
246.882
247.482
248.083
248.383
248.683
249.284
249.884
250.485
250.785
251.085
251.686
252.286
252.887
253.187
253.487
254.088
254.688
255.289
255.589
255.889
261.328
261.929
262.529
262.830
263.130
263.730
264.331
264.932
265.232
265.532
266.133
266.734
267.334
267.634
267.935
268.535
269.136
269.737
270.037
270.337
270.938
271.538
272.139
272.439
272.740
273.340
273.941
274.541
274.842
275.142
275.743
276.343
276.944
277.544
278.145
278.746
279.346
279.947
280.547
281.148
281.749
282.349
282.950
283.550
284.151
284.752
285.352
285.953
286.553
287.154
287.755
288.355
288.956
289.556
290.157
290.758
291.358
291.959
292.559
293.160
293.761
300.234
300.714
301.194
301.675
302.155
302.635
303.116
303.596
304.076
304.557
305.037
305.517
305.998
306.478
306.958
307.439
307.919
308.399
308.880
309.360
309.840
310.320
310.801
311.281
311.761
312.242
312.722
313.202
313.683
314.163
314.643
315.124
315.604
316.084
316.565
317.045
317.525
318.006
318.486
318.966
319.447
319.927
320.407
320.888
323.257
323.496
323.736
324.215
324.454
324.694
325.173
325.412
325.652
326.131
326.370
326.610
327.089
327.328
327.567
328.046
328.286
328.525
329.004
329.244
329.483
329.962
330.202
330.441
330.920
331.160
331.399
331.878
332.118
332.357
332.836
333.076
333.315
333.794
334.034
334.273
334.752
334.992
335.231
335.710
335.950
336.189
338.572
338.813
339.054
339.536
339.778
340.019
340.501
340.742
340.983
341.465
341.706
341.947
342.430
342.671
342.912
343.394
343.635
343.876
344.358
344.600
344.841
345.323
345.564
345.805
346.287
346.528
346.769
347.252
347.493
347.734
348.216
348.457
348.698
349.180
349.422
349.663
350.145
350.386
350.627
351.109
351.350
351.591
352.074
352.315
352.556
353.038
353.279
353.520
353.987
354.468
354.949
355.430
355.910
356.391
356.872
357.353
357.833
358.314
358.795
359.275
359.756
360.237
360.718
361.198
361.679
362.160
362.641
363.121
363.602
364.083
364.563
365.044
365.525
366.006
366.486
366.967
369.336
369.576
369.817
370.057
370.297
370.538
370.778
371.259
371.499
371.740
371.980
372.220
372.461
372.701
373.182
373.422
373.662
373.903
374.143
374.383
374.624
375.104
375.345
375.585
375.825
376.066
376.306
376.546
377.027
377.267
377.508
377.748
377.989
378.229
378.469
378.950
379.190
379.431
379.671
379.911
380.152
380.392
380.873
381.113
381.353
381.594
381.834
382.074
382.315
382.795
383.036
383.276
383.516
383.757
383.997
384.237
384.718
384.958
385.199
385.439
385.680
385.920
386.160
386.641
386.881
387.122
387.362
387.602
387.843
388.083
388.564
388.804
389.044
389.285
389.525
389.765
390.006
390.486
390.727
390.967
391.207
391.448
391.688
391.928
392.409
392.650
392.890
393.130
393.371
393.611
393.851
394.332
394.572
394.813
395.053
395.293
395.534
395.774
396.255
396.495
396.735
396.976
397.216
397.456
397.697
398.177
398.418
398.658
398.898
399.139
399.379
399.620
400.101
400.582
401.063
401.544
402.025
402.506
402.987
403.468
403.950
404.431
404.912
405.393
405.874
406.355
406.836
407.317
407.798
408.280
408.761
409.242
409.723
410.204
410.685
411.166
411.647
412.128
412.610
413.091
413.572
414.053
414.534
415.015
415.482
415.723
416.203
416.684
416.924
417.405
417.645
418.126
418.607
418.847
419.328
419.568
420.049
420.530
420.770
421.251
421.491
421.972
422.452
422.693
423.174
423.414
423.895
424.375
424.616
425.096
425.337
425.817
426.298
426.539
427.019
427.260
427.740
428.221
428.461
428.942
429.182
429.663
430.144
430.384
430.865
431.105
431.586
432.067
432.307
432.788
433.028
433.509
433.989
434.230
434.711
434.951
435.432
435.912
436.153
436.633
436.874
437.354
437.835
438.075
438.556
438.797
439.277
439.758
439.998
440.479
440.719
441.200
441.681
441.921
442.402
442.642
443.123
443.604
443.844
446.213
446.692
447.170
447.649
448.127
448.606
449.085
449.563
450.042
450.520
450.999
451.478
451.956
452.435
452.913
453.392
453.871
454.349
454.828
455.306
455.785
456.264
456.742
457.221
457.699
458.178
458.657
459.135
459.614
460.092
460.571
461.050
461.528
462.007
462.485
462.964
463.443
463.921
464.400
464.879
465.357
465.836
466.314
466.793
467.272
467.750
468.229
468.707
469.186
469.665
470.143
470.622
471.100
471.579
472.058
472.536
473.015
473.493
473.972
474.451
474.929
475.408
475.886
476.365
476.844
477.084
477.324
477.805
478.045
478.286
478.766
479.007
479.247
479.728
479.968
480.209
480.689
480.930
481.170
481.651
481.891
482.132
482.612
482.853
483.093
483.574
483.814
484.055
484.535
484.776
485.016
485.497
485.737
485.977
486.458
486.699
486.939
487.420
487.660
487.900
488.381
488.621
488.862
489.343
489.583
489.823
492.259
492.499
492.739
492.980
493.220
493.460
493.700
494.181
494.421
494.661
494.901
495.141
495.381
495.622
496.102
496.342
496.582
496.823
497.063
497.303
497.543
498.024
498.264
498.504
498.744
498.984
499.224
499.465
499.945
500.185
500.425
500.666
500.906
501.146
501.386
501.867
502.107
502.347
502.587
502.827
503.067
503.308
503.788
504.028
504.268
504.509
504.749
504.989
505.229
505.710
505.950
506.190
506.430
506.670
506.910
507.151
507.631
507.871
508.111
508.352
508.592
508.832
509.072
509.553
509.793
510.033
510.273
510.513
510.753
510.994
511.474
511.714
511.954
512.195
512.435
512.675
512.915
513.395
513.636
513.876
514.116
514.356
514.596
514.837
515.317
515.557
515.797
516.038
516.278
516.518
516.758
517.238
517.479
517.719
517.959
518.199
518.439
518.680
519.160
519.400
519.640
519.881
520.121
520.361
520.601
521.081
521.322
521.562
521.802
522.042
522.282
522.523
523.023
523.263
523.503
523.984
524.224
524.464
524.945
525.185
525.425
525.905
526.146
526.386
526.866
527.106
527.346
527.827
528.067
528.307
528.788
529.028
529.268
529.748
529.989
530.229
530.709
530.949
531.189
531.670
531.910
532.150
532.631
532.871
533.111
533.591
533.832
534.072
534.552
534.792
535.032
535.513
535.753
535.993
536.474
536.714
536.954
537.434
537.675
537.915
538.395
538.635
538.875
539.356
539.596
539.836
540.317
540.557
540.797
541.277
541.518
541.758
542.238
542.478
542.718
543.199
543.439
543.679
544.160
544.400
544.640
545.120
545.361
545.601
546.081
546.321
546.561
547.042
547.282
547.522
548.003
548.243
548.483
548.963
549.204
549.444
549.924
550.164
550.404
550.885
551.125
551.365
551.846
552.086
552.326
552.806
553.047
553.287
553.767
554.248
554.728
555.209
555.689
556.170
556.650
557.131
557.611
558.092
558.572
559.052
559.533
560.013
560.494
560.974
561.455
561.935
562.416
562.896
563.377
563.857
564.338
564.818
565.299
565.779
566.260
566.740
567.221
567.701
568.182
568.662
569.143
569.623
570.104
570.584
571.064
571.545
572.025
572.506
572.986
573.467
573.947
574.428
574.908
575.389
575.869
576.350
576.830
577.311
577.791
578.272
578.752
579.233
579.713
580.194
580.674
581.155
581.635
582.116
582.596
583.076
583.557
584.037
584.518
584.758
584.998
585.238
585.479
585.719
585.959
586.439
586.680
586.920
587.160
587.400
587.640
587.881
588.361
588.601
588.841
589.081
589.322
589.562
589.802
590.282
590.523
590.763
591.003
591.243
591.483
591.724
592.204
592.444
592.684
592.924
593.165
593.405
593.645
594.125
594.366
594.606
594.846
595.086
595.326
595.567
596.047
596.287
596.527
596.767
597.008
597.248
597.488
597.968
598.209
598.449
598.689
598.929
599.169
599.410
599.890
600.130
600.370
600.610
600.851
601.091
601.331
601.811
602.052
602.292
602.532
602.772
603.012
603.253
603.733
603.973
604.213
604.453
604.694
604.934
605.174
605.654
605.895
606.135
606.375
606.615
606.855
607.096
607.576
607.816
608.056
608.296
608.537
608.777
609.017
609.497
609.738
609.978
610.218
610.458
610.698
610.939
611.419
611.659
611.899
612.139
612.380
612.620
612.860
613.340
613.581
613.821
614.061
614.301
614.541
614.782
662.062
663.000
663.937
664.875
665.813
666.750
667.688
668.625
669.563
670.501
671.438
672.376
673.313
674.251
675.189
676.126
677.064
678.001
678.939
679.877
680.814
681.752
682.689
683.627
684.565
685.502
686.440
687.377
688.315
689.253
690.190
691.128
692.065
693.003
693.941
694.878
695.816
696.754
697.691
698.629
699.566
700.036
700.505
700.974
701.443
701.912
702.382
702.851
703.320
703.789
704.259
704.728
705.197
705.666
706.135
706.605
707.074
707.543
708.012
708.481
708.951
709.420
709.889
710.358
710.828
711.297
711.766
712.235
712.704
713.174
713.643
714.112
714.581
714.816
715.051
715.285
715.520
716.459
716.693
716.928
717.163
717.397
718.336
718.571
718.806
719.040
719.275
720.214
720.448
720.683
720.918
721.152
722.091
722.326
722.560
722.795
723.030
723.969
724.203
724.438
724.673
724.907
725.846
726.081
726.315
726.550
726.785
727.723
727.958
728.193
728.427
728.662
729.596
730.063
730.531
730.764
730.998
731.465
731.932
732.399
732.633
732.866
733.333
733.801
734.268
734.501
734.735
735.202
735.669
736.136
736.370
736.603
737.071
737.538
738.005
738.238
738.472
738.939
739.406
739.873
740.107
740.340
740.808
741.275
741.742
741.975
742.209
742.676
743.143
743.610
743.844
744.078
746.447
747.384
748.322
749.259
750.197
751.134
752.072
753.009
753.947
754.884
755.821
756.759
757.696
758.634
759.571
760.509
761.446
762.384
763.321
764.259
765.196
766.134
767.071
768.009
768.946
769.884
770.821
771.759
772.696
773.634
774.571
775.509
783.951
784.419
784.888
785.356
785.825
786.293
786.762
787.231
787.699
788.168
788.636
789.105
789.573
790.042
790.510
790.979
791.447
791.916
792.385
792.853
793.322
793.790
794.259
794.727
795.196
795.664
796.133
796.601
797.070
797.538
798.007
798.476
798.944
799.413
799.881
800.350
800.818
801.287
801.755
802.224
802.692
803.161
803.630
804.098
804.567
805.035
805.504
805.972
806.441
806.909
807.378
807.846
808.315
808.784
809.252
809.721
810.189
810.658
811.126
811.595
812.063
812.532
813.000
813.469
813.938
814.406
814.875
815.343
815.812
816.280
816.749
817.217
821.455
821.690
821.925
822.160
822.396
823.336
823.572
823.807
824.042
824.277
825.218
825.453
825.688
825.923
826.159
827.099
827.334
827.570
827.805
828.040
828.981
829.216
829.451
829.686
829.921
830.862
831.097
831.332
831.568
831.803
832.744
832.979
833.214
833.449
833.684
834.625
834.860
835.095
835.331
835.566
836.506
836.742
836.977
837.212
837.447
838.388
838.623
838.858
839.093
839.329
840.269
840.505
840.740
840.975
841.210
842.151
842.386
842.621
842.856
843.092
844.032
844.267
844.503
844.738
844.973
845.914
846.149
846.384
846.619
846.854
847.795
848.030
848.266
848.501
848.736
849.677
849.912
850.147
850.382
850.617
851.485
852.424
853.362
854.301
855.240
856.179
857.117
858.056
858.995
859.933
860.872
861.811
862.750
863.688
864.627
865.566
870.170
871.107
872.044
872.981
873.918
874.856
875.793
876.730
877.667
878.604
879.541
880.478
881.415
881.883
882.351
882.820
883.288
883.756
884.225
884.693
885.161
885.630
886.098
886.566
887.035
887.503
887.971
888.440
888.908
889.376
889.845
890.313
890.781
891.250
891.718
892.186
892.655
893.123
893.591
894.060
894.528
894.996
895.465
895.933
896.401
896.870
897.338
897.806
898.275
898.743
899.211
899.680
900.148
900.616
901.085
901.553
902.021
902.489
902.958
903.426
903.894
904.363
904.831
905.299
905.768
906.236
906.704
907.173
907.641
911.412
911.646
911.881
912.116
912.350
913.289
913.524
913.758
913.993
914.228
915.166
915.401
915.636
915.870
916.105
917.044
917.278
917.513
917.748
917.983
918.921
919.156
919.391
919.625
919.860
920.799
921.033
921.268
921.503
921.737
922.676
922.911
923.145
923.380
923.615
924.554
924.788
925.023
925.258
925.492
926.427
926.895
927.363
927.597
927.831
928.299
928.767
929.236
929.470
929.704
930.172
930.640
931.108
931.343
931.577
932.045
932.513
932.981
933.215
933.449
933.918
934.386
934.854
935.088
935.322
935.790
936.259
936.727
936.961
937.195
937.663
938.131
938.600
938.834
939.068
939.536
940.004
940.472
940.706
940.941
941.409
941.877
942.345
942.579
942.813
943.281
943.750
944.218
944.452
944.686
945.154
945.622
946.091
946.325
946.559
947.027
947.495
947.963
948.197
948.432
948.900
949.368
949.836
950.070
950.304
950.773
951.241
951.709
951.943
952.177
952.645
953.114
953.582
953.816
954.050
954.518
954.986
955.454
955.689
955.923
1014.915
1015.510
1016.105
1016.700
1017.294
1017.889
1018.484
1019.079
1019.674
1020.269
1020.863
1021.458
1022.053
1022.648
1023.243
1023.838
1024.433
1025.027
1025.622
1026.217
1026.812
1027.407
1028.002
1028.597
1029.191
1029.786
1030.381
1030.976
1031.571
1032.166
1032.800
1033.089
1033.378
1033.667
1033.956
1034.245
1034.535
1035.135
1035.432
1035.729
1036.323
1036.620
1036.917
1037.511
1037.808
1038.105
1038.699
1038.996
1039.293
1039.887
1040.184
1040.481
1041.075
1041.371
1041.668
1042.262
1042.559
1042.856
1043.450
1043.747
1044.044
1044.638
1044.935
1045.232
1045.826
1046.123
1046.420
1047.014
1047.311
1047.608
1048.202
1048.499
1048.796
1049.389
1049.686
1049.983
1050.577
1050.874
1051.171
1051.765
1052.062
1052.359
1052.953
1053.250
1053.547
1054.141
1054.438
1054.735
1055.329
1055.626
1055.923
1056.517
1056.814
1057.111
1057.704
1058.001
1058.298
1058.892
1059.189
1059.486
1060.080
1060.377
1060.674
1061.268
1061.565
1061.862
1062.429
1062.726
1063.023
1063.320
1063.617
1063.914
1064.210
1064.804
1065.101
1065.398
1065.695
1065.992
1066.289
1066.585
1067.179
1067.476
1067.773
1068.070
1068.367
1068.664
1068.961
1069.554
1069.851
1070.148
1070.445
1070.742
1071.039
1071.336
1071.929
1072.226
1072.523
1072.820
1073.117
1073.414
1073.711
1074.304
1074.601
1074.898
1075.195
1075.492
1075.789
1076.086
1076.679
1076.976
1077.273
1077.570
1077.867
1078.164
1078.461
1079.054
1079.351
1079.648
1079.945
1080.242
1080.539
1080.836
1081.429
1081.726
1082.023
1082.320
1082.617
1082.914
1083.211
1083.804
1084.101
1084.398
1084.695
1084.992
1085.289
1085.586
1086.353
1086.815
1087.276
1087.738
1088.199
1088.661
1089.123
1089.584
1090.046
1090.507
1090.969
1091.430
1091.892
1092.354
1092.815
1093.277
1093.738
1094.200
1094.661
1095.123
1095.585
1096.046
1096.508
1096.969
1097.431
1097.892
1098.354
1098.816
1099.277
1099.739
1100.200
1100.662
1101.123
1101.585
1102.047
1102.508
1102.970
1103.431
1103.893
1104.354
1104.816
1105.278
1105.739
1106.201
1106.662
1107.124
1107.585
1108.047
1108.509
1108.741
1108.974
1109.206
1109.439
1109.671
1109.904
1110.136
1110.369
1110.601
1110.834
1111.066
1111.299
1111.531
1111.764
1111.996
1112.229
1112.462
1112.694
1112.927
1113.159
1113.392
1113.624
1113.857
1114.089
1114.322
1114.554
1114.787
1115.019
1115.252
1115.484
1115.717
1115.949
1116.182
1116.414
1116.647
1116.879
1117.112
1117.345
1117.577
1117.810
1118.042
1118.275
1118.507
1118.740
1118.972
1119.205
1119.437
1119.670
1119.902
1120.135
1120.367
1120.600
1120.832
1121.065
1121.297
1121.530
1121.762
1121.995
1122.228
1122.460
1122.693
1122.925
1123.158
1123.390
1123.511
1123.632
1123.752
1123.873
1123.994
1124.114
1124.235
1124.356
1124.477
1124.597
1124.718
1124.839
1124.960
1125.080
1125.201
1125.322
1125.442
1125.563
1125.684
1125.805
1125.925
1126.046
1126.167
1126.288
1126.408
1126.529
1126.650
1126.770
1126.891
1127.012
1127.133
1127.253
1127.374
1127.495
1127.616
1127.736
1127.857
1127.978
1128.098
1128.219
1128.340
1128.461
1128.581
1128.702
1128.823
1128.944
1129.064
1129.185
1129.306
1129.426
1129.547
1129.668
1129.789
1129.909
1130.030
1133.801
1134.098
1134.396
1134.991
1135.288
1135.586
1136.181
1136.478
1136.776
1137.371
1137.668
1137.966
1138.561
1138.858
1139.156
1139.751
1140.048
1140.346
1140.941
1141.239
1141.536
1142.131
1142.429
1142.726
1143.321
1143.619
1143.916
1144.511
1144.809
1145.106
1145.701
1145.999
1146.296
1146.891
1147.189
1147.486
1148.082
1148.379
1148.677
1149.272
1149.569
1149.867
1150.462
1150.759
1151.057
1151.652
1151.949
1152.247
1152.842
1153.139
1153.437
1154.032
1154.329
1154.627
1155.222
1155.519
1155.817
1156.412
1156.710
1157.007
1157.602
1157.900
1158.197
1158.792
1159.090
1159.389
1159.687
1159.985
1160.283
1160.581
1160.879
1161.178
1161.476
1161.774
1162.072
1162.370
1162.669
1162.967
1163.265
1163.563
1163.861
1164.159
1164.458
1164.756
1165.054
1165.352
1165.650
1165.949
1166.247
1166.545
1166.843
1167.141
1167.439
1167.738
1168.036
1168.334
1168.632
1168.930
1169.229
1169.527
1169.825
1170.123
1170.421
1170.719
1171.018
1171.316
1171.614
1171.912
1172.210
1172.509
1172.807
1173.105
1173.403
1173.701
1173.999
1174.298
1174.596
1174.894
1175.192
1175.490
1175.789
1176.087
1176.385
1176.683
1176.981
1177.279
1177.578
1182.516
1182.813
1183.110
1183.407
1183.704
1184.002
1184.299
1184.893
1185.190
1185.487
1185.784
1186.081
1186.379
1186.676
1187.270
1187.567
1187.864
1188.161
1188.458
1188.756
1189.053
1189.647
1189.944
1190.241
1190.538
1190.835
1191.133
1191.430
1192.024
1192.321
1192.618
1192.915
1193.212
1193.509
1193.807
1194.401
1194.698
1194.995
1195.292
1195.589
1195.886
1196.184
1196.778
1197.075
1197.372
1197.669
1197.966
1198.263
1198.561
1199.155
1199.452
1199.749
1200.046
1200.343
1200.640
1200.938
1201.532
1201.829
1202.126
1202.423
1202.720
1203.017
1203.315
1203.909
1204.206
1204.503
1204.800
1205.097
1205.394
1205.692
1206.286
1206.583
1206.880
1207.177
1207.474
1207.771
1208.068
1208.663
1208.960
1209.257
1209.554
1209.851
1210.148
1210.445
1211.040
1211.337
1211.634
1211.931
1212.228
1212.525
1212.822
1213.417
1213.714
1214.011
1214.308
1214.605
1214.902
1215.199
1215.794
1216.091
1216.388
1216.685
1216.982
1217.279
1217.576
1218.171
1218.468
1218.765
1219.062
1219.359
1219.656
1219.953
1220.521
1220.818
1221.709
1222.006
1222.303
1222.897
1223.194
1224.085
1224.383
1224.680
1225.274
1225.571
1226.462
1226.759
1227.056
1227.650
1227.947
1228.839
1229.136
1229.433
1230.027
1230.324
1231.215
1231.512
1231.809
1232.403
1232.701
1233.592
1233.889
1234.186
1234.780
1235.077
1235.968
1236.265
1236.562
1237.157
1237.454
1238.345
1238.642
1238.939
1249.083
1249.676
1250.269
1250.862
1251.456
1252.049
1252.642
1253.236
1253.829
1254.422
1255.016
1255.609
1256.202
1256.795
1257.389
1257.982
1258.575
1259.169
1259.762
1260.355
1260.949
1261.542
1262.135
1262.728
1263.322
1263.915
1264.508
1265.102
1265.695
1266.288
1266.882
1267.475
1268.068
1268.365
1269.257
1269.554
1269.851
1270.446
1270.743
1271.634
1271.931
1272.229
1272.823
1273.120
1274.012
1274.309
1274.606
1275.200
1275.497
1276.389
1276.686
1276.983
1277.578
1277.875
1278.172
1278.469
1278.766
1279.063
1279.360
1279.658
1279.955
1280.252
1280.549
1280.846
1281.143
1281.440
1281.737
1282.035
1282.332
1282.629
1282.926
1283.223
1283.520
1283.817
1284.114
1284.411
1284.709
1285.006
1285.303
1285.600
1285.897
1286.194
1286.491
1286.788
1287.086
1287.383
1287.680
1287.977
1288.274
1288.571
1288.868
1289.165
1289.463
1289.760
1290.057
1290.354
1290.651
1290.948
1291.245
1291.542
1291.840
1292.137
1292.434
1292.731
1293.028
1293.325
1293.622
1293.919
1294.217
1294.514
1294.811
1295.108
1295.405
1295.702
1295.999
1296.296
1362.563
1363.063
1363.562
1364.062
1364.562
1365.062
1365.562
1366.062
1366.562
1367.062
1367.562
1368.062
1368.562
1369.061
1369.561
1370.061
1370.561
1371.061
1371.561
1372.061
1372.561
1373.061
1373.561
1374.060
1374.560
1375.060
1375.560
1376.060
1376.560
1377.060
1377.560
1378.060
1378.560
1379.060
1379.559
1380.059
1380.559
1381.059
1381.559
1382.059
1382.559
1383.059
1383.559
1384.059
1384.558
1385.058
1385.558
1386.058
1386.558
1387.058
1387.558
1388.058
1388.558
1389.058
1389.558
1390.057
1390.557
1394.561
1394.811
1395.061
1395.562
1395.812
1396.062
1396.562
1396.812
1397.062
1397.312
1397.562
1398.562
1398.812
1399.062
1399.562
1399.813
1400.063
1400.563
1400.813
1401.063
1401.313
1401.563
1402.563
1402.813
1403.063
1403.563
1403.813
1404.063
1404.564
1404.814
1405.064
1405.314
1405.564
1406.564
1406.814
1407.064
1407.564
1407.814
1408.064
1408.564
1408.815
1409.065
1409.315
1409.565
1410.565
1410.815
1411.065
1411.565
1411.815
1412.065
1412.565
1412.815
1413.065
1413.316
1413.566
1414.566
1414.816
1415.066
1415.566
1415.816
1416.066
1416.566
1416.816
1417.066
1417.316
1417.566
1418.567
1418.817
1419.067
1419.567
1419.817
1420.067
1420.567
1420.817
1421.067
1421.317
1421.567
1422.568
1422.818
1423.068
1423.568
1423.818
1424.068
1424.568
1424.818
1425.068
1425.318
1425.568
1426.568
1426.819
1427.069
1427.569
1427.819
1428.069
1428.569
1428.819
1429.069
1429.319
1429.569
1430.569
1430.819
1431.070
1431.570
1431.820
1432.070
1432.570
1432.820
1433.070
1433.320
1433.570
1434.570
1434.820
1435.070
1435.571
1435.821
1436.071
1436.571
1436.821
1437.071
1437.321
1437.571
1442.543
1443.544
1444.545
1445.546
1446.547
1447.548
1448.549
1449.550
1450.551
1451.552
1452.553
1453.554
1454.555
1455.556
1456.557
1458.592
1458.821
1459.049
1459.507
1459.736
1459.964
1460.422
1460.650
1460.879
1461.336
1461.565
1461.794
1462.251
1462.480
1462.709
1463.166
1463.395
1463.623
1464.081
1464.310
1464.538
1464.996
1465.224
1465.453
1465.910
1466.139
1466.368
1466.825
1467.054
1467.283
1467.740
1467.969
1468.197
1468.655
1468.884
1469.112
1469.570
1469.798
1470.027
1470.484
1470.713
1470.942
1471.399
1471.628
1471.857
1472.314
1472.543
1472.771
1473.229
1473.458
1473.686
1474.144
1474.372
1474.601
1475.058
1475.287
1475.516
1475.973
1476.202
1476.431
1476.888
1477.117
1477.345
1477.803
1478.032
1478.260
1478.718
1478.946
1479.175
1479.632
1479.861
1480.090
1480.547
1480.777
1481.008
1481.238
1481.468
1481.698
1481.928
1482.158
1482.388
1482.618
1482.848
1483.079
1483.309
1483.539
1483.769
1483.999
1484.229
1484.459
1484.689
1484.919
1485.150
1485.380
1485.610
1485.840
1486.070
1486.300
1486.530
1486.760
1486.991
1487.221
1487.921
1488.150
1488.380
1488.609
1488.838
1489.067
1489.296
1489.525
1489.754
1489.983
1490.213
1490.442
1490.671
1490.900
1491.129
1491.358
1491.587
1491.816
1492.045
1492.275
1492.504
1492.733
1492.962
1493.191
1493.420
1493.649
1493.878
1494.108
1494.337
1494.566
1494.795
1495.195
1495.424
1495.653
1495.882
1496.111
1496.340
1496.569
1497.027
1497.256
1497.485
1497.714
1497.943
1498.172
1498.401
1498.859
1499.087
1499.316
1499.545
1499.774
1500.003
1500.232
1500.690
1500.919
1501.148
1501.377
1501.606
1501.835
1502.064
1502.522
1502.751
1502.980
1503.209
1503.438
1503.667
1503.895
1504.353
1504.582
1504.811
1505.040
1505.269
1505.498
1505.727
1506.185
1506.414
1506.643
1506.872
1507.101
1507.330
1507.559
1508.017
1508.246
1508.475
1508.703
1508.932
1509.161
1509.390
1509.848
1510.077
1510.306
1510.535
1510.764
1510.993
1511.222
1511.680
1511.909
1512.138
1512.367
1512.596
1512.825
1513.054
1513.511
1513.740
1513.969
1514.198
1514.427
1514.656
1514.885
1515.343
1515.572
1515.801
1516.030
1516.259
1516.488
1516.717
1517.151
1517.379
1517.608
1518.065
1518.294
1518.523
1518.980
1519.209
1519.438
1519.895
1520.124
1520.353
1520.810
1521.039
1521.268
1521.725
1521.954
1522.182
1522.640
1522.869
1523.097
1523.555
1523.784
1524.012
1524.470
1524.698
1524.927
1525.385
1525.613
1525.842
1526.300
1526.528
1526.757
1527.214
1527.443
1527.672
1528.129
1528.358
1528.587
1529.044
1529.273
1529.502
1529.959
1530.188
1530.417
1530.874
1531.103
1531.331
1533.600
1533.830
1534.059
1534.517
1534.746
1534.975
1535.434
1535.663
1535.892
1536.350
1536.580
1536.809
1537.267
1537.496
1537.726
1538.184
1538.413
1538.642
1539.101
1539.330
1539.559
1540.017
1540.246
1540.476
1540.934
1541.163
1541.392
1541.851
1542.080
1542.309
1542.776
1543.001
1543.227
1543.452
1543.677
1543.902
1544.128
1544.353
1544.578
1544.803
1545.028
1545.254
1545.479
1545.704
1545.929
1546.155
1546.380
1546.947
1547.447
1547.947
1548.447
1548.947
1549.447
1549.946
1550.446
1550.946
1551.446
1551.946
1552.446
1552.946
1553.446
1553.946
1554.445
1554.945
1555.445
1555.945
1556.445
1556.945
1557.445
1557.945
1558.445
1558.944
1559.444
1559.944
1560.444
1560.944
1561.444
1561.944
1562.444
1562.944
1563.444
1563.943
1564.443
1564.943
1565.443
1565.943
1566.443
1566.943
1567.443
1567.943
1568.442
1568.942
1569.442
1569.942
1570.442
1570.942
1571.442
1571.942
1572.442
1572.942
1573.441
1573.941
1574.441
1578.445
1578.696
1578.821
1579.071
1579.197
1579.447
1579.698
1579.823
1580.073
1580.199
1580.449
1580.700
1580.825
1581.075
1581.201
1581.451
1581.702
1581.827
1582.077
1582.203
1582.453
1582.704
1582.829
1583.079
1583.205
1583.455
1583.706
1583.831
1584.081
1584.207
1584.457
1584.708
1584.833
1585.083
1585.209
1585.459
1585.709
1585.835
1586.085
1586.210
1586.461
1586.711
1586.837
1587.087
1587.212
1587.463
1587.713
1587.839
1588.089
1588.214
1588.465
1588.715
1588.841
1589.091
1589.216
1589.467
1589.717
1589.843
1590.093
1590.218
1590.469
1590.719
1590.845
1591.095
1591.220
1591.471
1591.721
1591.847
1592.097
1592.222
1592.473
1592.723
1592.849
1593.099
1593.224
1593.475
1593.725
1593.851
1594.101
1594.226
1594.476
1594.725
1594.975
1595.474
1595.723
1595.972
1596.471
1596.721
1596.970
1597.220
1597.469
1598.467
1598.716
1598.966
1599.465
1599.714
1599.964
1600.463
1600.712
1600.962
1601.211
1601.460
1602.458
1602.708
1602.957
1603.456
1603.705
1603.955
1604.454
1604.703
1604.953
1605.202
1605.452
1606.449
1606.699
1606.948
1607.447
1607.697
1607.946
1608.445
1608.695
1608.944
1609.193
1609.443
1610.411
1611.409
1612.408
1613.407
1614.406
1615.405
1616.404
1617.403
1618.402
1619.401
1620.400
1621.399
1622.397
1623.396
1624.395
1625.394
1626.393
1626.894
1627.269
1627.394
1627.644
1627.895
1628.020
1628.395
1628.896
1629.271
1629.396
1629.646
1629.897
1630.022
1630.397
1630.898
1631.273
1631.398
1631.648
1631.899
1632.024
1632.399
1632.900
1633.275
1633.400
1633.650
1633.901
1634.026
1634.401
1634.902
1635.277
1635.402
1635.652
1635.903
1636.028
1636.403
1636.904
1637.279
1637.404
1637.654
1637.905
1638.030
1638.405
1638.906
1639.281
1639.406
1639.656
1639.907
1640.032
1640.407
1640.908
1641.283
1641.408
1641.658
1641.909
1642.034
1642.409
1643.410
1644.411
1645.412
1646.413
1647.414
1648.415
1649.416
1650.417
1651.418
1652.419
1695.929
1696.882
1697.835
1698.788
1699.741
1700.694
1701.647
1702.600
1703.552
1704.505
1705.458
1706.411
1707.364
1708.317
1709.270
1710.223
1711.176
1712.129
1713.081
1714.034
1714.987
1715.940
1716.893
1717.846
1718.799
1719.752
1720.705
1721.657
1722.610
1723.563
1724.516
1725.469
1726.422
1727.375
1728.328
1729.281
1730.233
1731.186
1732.139
1733.092
1734.045
1734.998
1735.951
1736.904
1742.109
1742.585
1743.061
1743.537
1744.013
1744.490
1744.966
1745.442
1745.918
1746.394
1746.870
1747.346
1747.823
1748.299
1748.775
1749.251
1749.727
1750.203
1750.679
1751.155
1751.632
1752.108
1752.584
1753.060
1753.536
1754.012
1754.488
1754.965
1755.441
1755.917
1756.393
1756.869
1757.345
1757.821
1758.298
1758.774
1759.250
1759.726
1760.202
1760.678
1761.154
1761.630
1762.107
1762.583
1763.059
1763.535
1764.011
1764.487
1764.963
1765.440
1765.916
1766.392
1766.868
1767.344
1767.820
1768.296
1768.772
1769.249
1769.725
1770.201
1770.677
1771.153
1771.629
1772.105
1776.410
1776.648
1776.886
1777.124
1777.361
1778.313
1778.551
1778.789
1779.027
1779.265
1780.216
1780.454
1780.692
1780.930
1781.168
1782.119
1782.357
1782.595
1782.833
1783.071
1784.022
1784.260
1784.498
1784.736
1784.974
1785.926
1786.163
1786.401
1786.639
1786.877
1787.829
1788.067
1788.304
1788.542
1788.780
1789.732
1789.970
1790.208
1790.445
1790.683
1791.635
1791.873
1792.111
1792.349
1792.587
1793.538
1793.776
1794.014
1794.252
1794.490
1795.441
1795.679
1795.917
1796.155
1796.393
1797.344
1797.582
1797.820
1798.058
1798.296
1799.247
1799.485
1799.723
1799.961
1800.199
1801.151
1801.389
1801.626
1801.864
1802.102
1803.103
1803.341
1804.055
1804.293
1805.006
1805.244
1805.482
1805.720
1805.958
1806.196
1806.909
1807.147
1807.861
1808.099
1808.812
1809.050
1809.288
1809.526
1809.764
1810.001
1810.715
1810.953
1811.667
1811.904
1812.618
1812.856
1813.094
1813.332
1813.570
1813.807
1814.521
1814.759
1815.473
1815.710
1816.424
1816.662
1816.900
1817.138
1817.376
1817.613
1818.327
1818.565
1819.278
1819.516
1820.230
1820.468
1820.706
1820.944
1821.181
1821.419
1822.133
1822.371
1823.084
1823.322
1824.036
1824.274
1824.512
1824.750
1824.987
1825.225
1825.926
1826.165
1826.403
1826.642
1826.881
1827.835
1828.074
1828.312
1828.551
1828.790
1829.744
1829.983
1830.222
1830.460
1830.699
1831.653
1831.892
1832.131
1832.369
1832.608
1833.563
1833.801
1834.040
1834.279
1834.517
1835.472
1835.710
1835.949
1836.188
1836.426
1837.381
1837.620
1837.858
1838.097
1838.336
1839.290
1839.529
1839.767
1840.006
1840.245
1841.199
1841.438
1841.677
1841.915
1842.154
1843.108
1843.347
1843.586
1843.824
1844.063
1845.018
1845.256
1845.495
1845.733
1845.972
1846.927
1847.165
1847.404
1847.643
1847.881
1850.779
1851.253
1851.728
1852.202
1852.676
1853.150
1853.624
1854.099
1854.573
1855.047
1855.521
1855.996
1856.470
1856.944
1857.418
1857.893
1858.367
1858.841
1859.315
1859.790
1860.264
1860.738
1861.212
1861.687
1862.161
1862.635
1863.109
1863.583
1864.058
1864.532
1865.006
1865.480
1865.955
1866.429
1866.903
1867.377
1867.852
1868.326
1868.800
1869.274
1869.749
1870.223
1870.697
1871.171
1875.442
1875.680
1875.918
1876.156
1876.394
1877.346
1877.584
1877.822
1878.060
1878.298
1879.250
1879.487
1879.725
1879.963
1880.201
1881.153
1881.391
1881.629
1881.867
1882.105
1883.057
1883.295
1883.533
1883.771
1884.009
1884.960
1885.198
1885.436
1885.674
1885.912
1886.864
1887.102
1887.340
1887.578
1887.816
1888.768
1889.006
1889.244
1889.482
1889.720
1890.671
1890.909
1891.147
1891.385
1891.623
1892.575
1892.813
1893.051
1893.289
1893.527
1894.528
1894.766
1895.479
1895.717
1896.431
1896.669
1896.906
1897.144
1897.382
1897.620
1898.333
1898.571
1899.285
1899.523
1900.236
1900.474
1900.712
1900.950
1901.187
1901.425
1902.139
1902.377
1903.090
1903.328
1904.041
1904.279
1904.517
1904.755
1904.993
1905.231
1905.944
1906.182
1906.896
1907.133
1907.847
1908.085
1908.323
1908.560
1908.798
1909.036
1909.750
1909.987
1910.701
1910.939
1911.652
1911.890
1912.128
1912.366
1912.604
1912.841
1913.555
1913.793
1914.506
1914.744
1915.458
1915.696
1915.933
1916.171
1916.409
1916.647
1917.360
1917.598
1918.312
1918.550
1919.263
1919.501
1919.739
1919.977
1920.214
1920.452
1921.166
1921.404
1922.117
1922.355
1923.068
1923.306
1923.544
1923.782
1924.020
1924.258
1924.958
1925.195
1925.432
1926.024
1926.142
1926.379
1926.853
1927.090
1927.326
1927.918
1928.037
1928.274
1928.747
1928.984
1929.221
1929.813
1929.931
1930.168
1930.641
1930.878
1931.115
1931.707
1931.825
1932.062
1932.536
1932.773
1933.009
1933.601
1933.720
1933.957
1934.430
1934.667
1934.904
1935.496
1935.614
1935.851
1936.325
1936.561
1936.798
1937.390
1937.509
1937.745
1938.219
1938.456
1938.693
1939.284
1939.403
1939.640
1940.240
1940.716
1941.192
1941.668
1942.144
1942.620
1943.097
1943.573
1944.049
1944.525
1945.001
1945.477
1945.953
1946.429
1946.905
1947.381
1947.857
1948.333
1948.809
1949.285
1949.761
1950.237
1950.713
1951.189
1951.665
1952.141
1952.617
1953.093
1953.569
1954.045
1954.521
2013.180
2013.642
2013.796
2014.104
2014.720
2015.028
2015.645
2016.107
2016.261
2016.569
2017.185
2017.493
2018.109
2018.571
2018.725
2019.034
2019.650
2019.958
2020.574
2021.036
2021.190
2021.498
2022.114
2022.422
2023.056
2023.676
2024.296
2024.915
2025.535
2026.155
2026.774
2027.394
2028.014
2028.633
2029.253
2029.873
2030.492
2031.112
2031.732
2032.351
2032.971
2033.591
2034.210
2034.830
2035.450
2036.070
2036.689
2037.309
2037.929
2038.548
2039.168
2039.788
2040.407
2042.843
2043.461
2044.080
2044.698
2045.317
2045.935
2046.553
2047.172
2047.790
2048.409
2049.027
2049.645
2050.264
2050.882
2051.500
2052.119
2053.053
2053.362
2053.981
2054.290
2054.908
2055.527
2055.836
2056.455
2056.764
2057.382
2058.001
2058.310
2058.928
2059.238
2059.856
2060.475
2060.784
2061.402
2061.711
2062.330
2062.948
2063.258
2063.876
2064.185
2064.804
2065.422
2065.731
2066.350
2066.659
2067.277
2067.896
2068.205
2068.824
2069.133
2069.751
2070.370
2070.679
2071.297
2071.607
2072.225
2072.843
2073.153
2073.771
2074.080
2074.699
2075.317
2075.626
2076.245
2076.554
2077.173
2077.791
2078.100
2078.719
2079.028
2079.646
2082.416
2083.036
2083.657
2084.278
2084.898
2085.519
2086.140
2086.760
2087.381
2088.001
2088.622
2089.243
2089.863
2090.484
2091.105
2091.725
2092.326
2092.791
2092.946
2093.256
2093.876
2094.186
2094.806
2095.271
2095.426
2095.736
2096.356
2096.666
2097.286
2097.751
2097.906
2098.216
2098.835
2099.145
2099.765
2100.230
2100.385
2100.695
2101.315
2101.625
2102.245
2102.710
2102.865
2103.175
2103.795
2104.105
2104.725
2105.190
2105.345
2105.655
2106.275
2106.585
2107.205
2107.670
2107.825
2108.135
2108.755
2109.065
2109.685
2110.150
2110.305
2110.615
2111.235
2111.545
2112.446
2112.601
2112.755
2113.374
2113.529
2113.683
2113.838
2113.993
2114.148
2114.302
2114.921
2115.076
2115.230
2115.849
2116.004
2116.159
2116.313
2116.468
2116.623
2116.777
2117.396
2117.551
2117.706
2118.324
2118.479
2118.634
2118.789
2118.943
2119.098
2119.253
2131.932
2132.241
2132.550
2132.860
2133.169
2133.478
2133.787
2134.096
2134.405
2134.714
2135.024
2135.333
2135.642
2135.951
2136.260
2136.569
2136.879
2137.188
2137.497
2137.806
2138.115
2138.424
2138.734
2139.043
2139.352
2139.661
2139.970
2140.279
2140.589
2140.898
2141.207
2141.516
2141.825
2142.134
2142.444
2142.753
2143.062
2143.371
2143.680
2143.989
2144.299
2144.608
2144.917
2145.226
2145.535
2145.844
2146.154
2146.463
2146.772
2147.081
2147.390
2147.699
2148.009
2148.318
2148.627
2148.936
2149.245
2149.554
2149.863
2150.173
2150.482
2150.791
2151.100
2151.409
2151.718
2152.182
2152.336
2152.645
2153.263
2153.572
2154.190
2154.653
2154.808
2155.116
2155.734
2156.043
2156.661
2157.124
2157.279
2157.588
2158.206
2158.514
2159.132
2159.596
2159.750
2160.059
2160.677
2160.986
2161.604
2162.067
2162.221
2162.530
2163.148
2163.457
2164.075
2164.538
2164.693
2165.002
2165.619
2165.928
2166.546
2167.010
2167.164
2167.473
2168.091
2168.400
2169.017
2169.481
2169.635
2169.944
2170.562
2170.871
2171.839
2171.993
2172.148
2172.765
2172.920
2173.074
2173.229
2173.383
2173.538
2173.692
2174.310
2174.465
2174.619
2175.237
2175.392
2175.546
2175.700
2175.855
2176.009
2176.164
2176.782
2176.936
2177.091
2177.709
2177.863
2178.018
2178.172
2178.327
2178.481
2178.636
2179.253
2179.408
2179.562
2180.180
2180.335
2180.489
2180.644
2180.798
2180.953
2181.107
2181.725
2181.879
2182.034
2182.652
2182.806
2182.961
2183.115
2183.270
2183.424
2183.579
2184.197
2184.351
2184.506
2185.123
2185.278
2185.432
2185.587
2185.741
2185.896
2186.050
2186.668
2186.823
2186.977
2187.595
2187.750
2187.904
2188.058
2188.213
2188.367
2188.522
2191.291
2191.756
2191.910
2192.220
2192.839
2193.148
2193.767
2194.231
2194.386
2194.695
2195.314
2195.624
2196.243
2196.707
2196.861
2197.171
2197.790
2198.099
2198.718
2199.182
2199.337
2199.647
2200.265
2200.575
2201.194
2201.658
2201.813
2202.122
2202.741
2203.050
2203.669
2204.134
2204.288
2204.598
2205.217
2205.526
2206.145
2206.609
2206.764
2207.073
2207.692
2208.002
2208.621
2209.085
2209.239
2209.549
2210.168
2210.477
2219.987
2220.297
2220.917
2221.227
2221.848
2222.468
2222.778
2223.399
2223.709
2224.329
2224.950
2225.260
2225.880
2226.190
2226.811
2227.431
2227.741
2228.362
2228.672
2229.292
2229.913
2230.223
2230.843
2231.153
2231.774
2232.394
2232.704
2233.325
2233.635
2234.255
2234.876
2235.186
2235.806
2236.116
2236.737
2246.947
2247.410
2247.565
2247.874
2248.492
2248.801
2249.418
2249.882
2250.036
2250.345
2250.963
2251.272
2251.890
2252.353
2252.507
2252.816
2253.434
2253.743
2254.361
2254.824
2254.979
2255.288
2255.905
2256.214
2256.832
2257.296
2257.450
2257.759
2258.377
2258.686
2259.303
2259.767
2259.921
2260.230
2260.848
2261.157
2261.775
2262.238
2262.393
2262.701
2263.319
2263.628
2264.246
2264.709
2264.864
2265.173
2265.791
2266.099
2267.034
2267.343
2267.962
2268.272
2268.890
2269.509
2269.819
2270.438
2270.747
2271.366
2271.985
2272.294
2272.913
2273.223
2273.842
2274.461
2274.770
2275.389
2275.698
2276.317
2276.936
2277.246
2277.865
2278.174
2278.793
2279.412
2279.721
2280.340
2280.650
2281.268
2281.887
2282.197
2282.816
2283.125
2283.744
2284.363
2284.672
2285.291
2285.601
2286.220
2286.820
2286.976
2287.132
2287.754
2287.910
2288.065
2288.221
2288.377
2288.532
2288.688
2289.311
2289.466
2289.622
2290.245
2290.400
2290.556
2290.712
2290.867
2291.023
2291.178
2291.801
2291.957
2292.112
2292.735
2292.891
2293.046
2293.202
2293.358
2293.513
2293.669
2294.291
2294.447
2294.603
2295.225
2295.381
2295.537
2295.692
2295.848
2296.004
2296.159
2296.782
2296.938
2297.093
2297.716
2297.871
2298.027
2298.183
2298.338
2298.494
2298.650
2299.272
2299.428
2299.584
2300.206
2300.362
2300.518
2300.673
2300.829
2300.984
2301.140
2301.763
2301.918
2302.074
2302.697
2302.852
2303.008
2303.164
2303.319
2303.475
2303.631
2304.253
2304.409
2304.564
2305.187
2305.343
2305.498
2305.654
2305.810
2305.965
2306.121
2306.306
2306.616
2306.925
2307.234
2307.543
2307.852
2308.161
2308.470
2308.780
2309.089
2309.398
2309.707
2310.016
2310.325
2310.634
2310.944
2311.253
2311.562
2311.871
2312.180
2312.489
2312.798
2313.108
2313.417
2313.726
2314.035
2314.344
2314.653
2314.962
2315.272
2315.581
2315.890
2316.199
2316.508
2316.817
2317.126
2317.436
2317.745
2318.054
2318.363
2318.672
2318.981
2319.290
2319.600
2319.909
2320.218
2320.527
2320.836
2321.145
2321.454
2321.764
2322.073
2322.382
2322.691
2323.000
2323.309
2323.618
2323.928
2324.237
2324.546
2324.855
2325.164
2325.473
2325.782
2326.092
2326.401
2326.710
2327.019
2327.328
2327.637
2327.947
2328.256
2328.565
2328.874
2329.183
2329.492
2329.801
2330.111
2330.420
2330.729
2331.038
2331.347
2331.656
2331.965
2387.387
2387.857
2388.326
2388.795
2389.265
2389.734
2390.203
2390.673
2391.142
2391.611
2392.081
2392.550
2393.019
2393.489
2393.958
2394.427
2394.897
2395.366
2395.835
2396.305
2396.774
2397.243
2397.713
2398.182
2398.651
2399.121
2399.590
2400.059
2400.528
2400.998
2401.467
2401.936
2402.406
2402.875
2403.344
2403.814
2404.283
2404.752
2405.222
2405.691
2406.160
2406.630
2407.099
2407.568
2408.038
2408.507
2408.976
2409.446
2409.915
2410.384
2410.854
2411.323
2411.792
2412.262
2412.731
2413.200
2413.670
2414.139
2414.608
2415.077
2415.547
2416.016
2417.418
2417.886
2418.355
2418.589
2418.824
2419.292
2419.761
2420.230
2420.464
2420.699
2421.167
2421.636
2422.105
2422.339
2422.573
2423.042
2423.511
2423.980
2424.214
2424.448
2424.917
2425.386
2425.855
2426.089
2426.323
2426.792
2427.261
2427.729
2427.964
2428.198
2428.667
2429.136
2429.604
2429.839
2430.073
2430.542
2431.010
2431.479
2431.714
2431.948
2432.417
2432.885
2433.354
2433.588
2433.823
2434.292
2434.760
2435.229
2435.463
2435.698
2436.166
2436.635
2437.104
2437.338
2437.573
2438.041
2438.510
2438.979
2439.213
2439.447
2439.916
2440.385
2440.854
2441.088
2441.322
2441.791
2442.260
2442.729
2442.963
2443.197
2443.666
2444.135
2444.603
2444.838
2445.072
2445.541
2446.010
2446.478
2446.713
2446.948
2447.417
2447.651
2447.886
2448.355
2448.590
2448.824
2449.294
2449.528
2449.763
2450.232
2450.467
2450.701
2451.170
2451.405
2451.640
2452.109
2452.343
2452.578
2453.047
2453.282
2453.516
2453.986
2454.220
2454.455
2454.924
2455.159
2455.393
2455.863
2456.097
2456.332
2456.801
2457.036
2457.270
2457.739
2457.974
2458.209
2458.678
2458.912
2459.147
2459.616
2459.851
2460.085
2460.555
2460.789
2461.024
2461.493
2461.728
2461.962
2462.431
2462.666
2462.901
2463.370
2463.605
2463.839
2464.308
2464.543
2464.778
2465.247
2465.481
2465.716
2466.185
2466.420
2466.654
2467.124
2467.358
2467.593
2468.062
2468.297
2468.531
2469.000
2469.235
2469.470
2469.939
2470.173
2470.408
2470.877
2471.112
2471.347
2471.816
2472.050
2472.285
2472.754
2472.989
2473.223
2473.693
2473.927
2474.162
2474.631
2474.866
2475.100
2475.569
2475.804
2476.039
2476.508
2476.742
2476.977
2481.148
2481.617
2482.086
2482.555
2483.024
2483.493
2483.962
2484.431
2484.900
2485.368
2485.837
2486.306
2486.775
2487.244
2487.713
2488.182
2488.651
2489.120
2489.589
2490.058
2490.527
2490.996
2491.465
2491.934
2492.403
2492.872
2493.341
2493.810
2494.279
2494.748
2495.217
2495.685
2496.154
2496.623
2497.092
2497.561
2498.030
2498.499
2498.968
2499.437
2499.906
2500.375
2500.844
2501.313
2501.782
2502.251
2502.720
2503.189
2503.658
2504.127
2504.596
2505.065
2505.534
2506.002
2506.471
2506.940
2511.178
2511.412
2512.115
2512.349
2513.051
2513.286
2513.520
2513.754
2513.988
2514.925
2515.159
2515.862
2516.096
2516.798
2517.033
2517.267
2517.501
2517.735
2518.672
2518.906
2519.609
2519.843
2520.545
2520.780
2521.014
2521.248
2521.482
2522.419
2522.653
2523.356
2523.590
2524.292
2524.526
2524.761
2524.995
2525.229
2526.166
2526.400
2527.102
2527.337
2528.039
2528.273
2528.508
2528.742
2528.976
2529.913
2530.147
2530.849
2531.084
2531.786
2532.020
2532.255
2532.489
2532.723
2533.660
2533.894
2534.596
2534.831
2535.533
2535.767
2536.002
2536.236
2536.470
2541.175
2541.643
2542.112
2542.346
2542.581
2543.049
2543.518
2543.987
2544.221
2544.455
2544.924
2545.393
2545.861
2546.096
2546.330
2546.799
2547.267
2547.736
2547.970
2548.205
2548.673
2549.142
2549.611
2549.845
2550.079
2550.548
2551.017
2551.485
2551.720
2551.954
2552.423
2552.891
2553.360
2553.594
2553.829
2554.297
2554.766
2555.235
2555.469
2555.703
2556.172
2556.641
2557.109
2557.344
2557.578
2558.047
2558.515
2558.984
2559.218
2559.453
2559.921
2560.390
2560.859
2561.093
2561.327
2561.796
2562.265
2562.733
2562.968
2563.202
2563.671
2564.139
2564.608
2564.842
2565.077
2565.545
2566.014
2566.483
2566.717
2566.951
2567.420
2567.889
2568.357
2568.592
2568.826
2569.295
2569.763
2570.232
2570.466
2570.701
2571.169
2571.638
2572.107
2572.341
2572.575
2573.044
2573.513
2573.981
2574.216
2574.450
2574.919
2575.387
2575.856
2576.090
2576.325
2576.793
2577.262
2577.731
2577.965
2578.199
2578.668
2579.137
2579.605
2579.840
2580.074
2580.543
2581.011
2581.480
2581.714
2581.949
2582.416
2582.649
2583.350
2583.584
2584.284
2584.518
2584.752
2584.985
2585.219
2586.153
2586.386
2587.087
2587.321
2588.021
2588.255
2588.489
2588.722
2588.956
2589.923
2590.157
2590.390
2590.624
2590.858
2591.091
2591.325
2591.558
2591.792
2592.025
2592.259
2592.493
2592.726
2592.960
2593.193
2593.427
2597.431
2597.665
2597.900
2598.134
2598.368
2598.603
2598.837
2599.071
2599.306
2599.540
2599.774
2600.009
2600.243
2600.477
2600.712
2600.946
2601.180
2601.415
2601.649
2601.883
2602.118
2602.352
2602.586
2602.821
2603.055
2603.289
2603.524
2603.758
2603.992
2604.227
2604.461
2604.695
2604.930
2605.164
2605.398
2605.633
2605.867
2606.101
2606.336
2606.570
2606.804
2607.039
2607.273
2607.507
2607.742
2607.976
2608.210
2608.445
2608.679
2608.913
2609.148
2609.382
2609.616
2609.851
2610.085
2610.319
2610.554
2610.788
2611.022
2611.257
2611.491
2611.725
2611.960
2612.194
2612.428
2612.663
2612.897
2613.131
2613.366
2613.600
2613.834
2614.069
2614.303
2614.537
2614.772
2615.006
2615.240
2615.475
2615.709
2615.943
2616.178
2616.412
2616.646
2616.881
2617.115
2617.349
2617.584
2617.818
2618.053
2618.287
2618.521
2618.756
2618.990
2619.224
2619.459
2619.693
2619.927
2620.162
2620.396
2620.630
2620.865
2621.099
2621.333
2621.568
2621.802
2622.036
2622.271
2622.505
2622.739
2622.974
2623.208
2623.442
2623.677
2623.911
2624.145
2624.380
2624.614
2624.848
2625.083
2625.317
2625.551
2625.786
2626.020
2626.254
2626.489
2626.723
2626.957
2627.192
2627.426
2627.660
2627.895
2628.363
2628.598
2628.832
2629.301
2629.535
2629.770
2630.238
2630.473
2630.707
2631.176
2631.410
2631.645
2632.113
2632.348
2632.582
2633.051
2633.285
2633.520
2633.988
2634.223
2634.457
2634.926
2635.160
2635.395
2635.863
2636.098
2636.332
2636.801
2637.035
2637.270
2637.738
2637.973
2638.207
2638.676
2638.910
2639.145
2639.613
2639.848
2640.082
2640.551
2640.785
2641.020
2641.488
2641.723
2641.957
2642.426
2642.660
2642.895
2643.363
2643.598
2643.832
2644.301
2644.535
2644.770
2645.238
2645.473
2645.707
2646.176
2646.410
2646.645
2647.113
2647.348
2647.582
2648.051
2648.285
2648.520
2648.988
2649.223
2649.457
2649.926
2650.160
2650.395
2650.863
2651.098
2651.332
2651.801
2652.035
2652.270
2652.738
2652.973
2653.207
2653.676
2653.910
2654.145
2654.613
2654.848
2655.082
2655.551
2655.785
2656.020
2656.488
2656.723
2656.957
2657.424
2657.658
2658.360
2658.594
2659.296
2659.530
2659.764
2659.998
2660.232
2661.168
2661.402
2662.104
2662.338
2663.040
2663.274
2663.508
2663.742
2663.976
2664.912
2665.146
2665.848
2666.082
2666.784
2667.018
2667.252
2667.486
2667.720
2668.656
2668.890
2669.592
2669.826
2670.529
2670.763
2670.997
2671.231
2671.465
2672.401
2672.635
2673.337
2673.571
2674.273
2674.507
2674.741
2674.975
2675.209
2726.894
2727.361
2727.828
2728.295
2728.762
2729.229
2729.696
2730.164
2730.631
2731.098
2731.565
2732.032
2732.499
2732.966
2733.434
2733.901
2734.368
2734.835
2735.302
2735.769
2736.236
2736.703
2737.171
2737.638
2738.105
2738.572
2739.039
2739.506
2739.973
2740.441
2740.908
2741.375
2743.744
2744.212
2744.681
2745.149
2745.617
2746.086
2746.554
2747.022
2747.491
2747.959
2748.428
2748.896
2749.364
2749.833
2750.301
2750.769
2751.238
2751.706
2752.174
2752.643
2753.111
2753.580
2754.048
2754.516
2754.985
2755.453
2755.921
2756.390
2758.759
2759.226
2759.693
2760.160
2760.627
2761.095
2761.562
2762.029
2762.496
2762.963
2763.430
2771.872
2772.106
2772.339
2772.806
2773.040
2773.273
2773.741
2773.974
2774.208
2774.675
2774.908
2775.142
2775.609
2775.843
2776.076
2776.543
2776.777
2777.010
2777.478
2777.711
2777.945
2779.346
2779.816
2780.286
2780.520
2780.755
2781.225
2781.695
2782.164
2782.399
2782.634
2783.104
2783.573
2784.043
2784.278
2784.513
2784.983
2785.452
2785.922
2786.157
2786.392
2786.861
2787.331
2787.801
2788.036
2788.270
2788.740
2789.210
2789.680
2789.914
2790.149
2790.619
2791.089
2791.558
2791.793
2792.028
2792.498
2792.967
2793.437
2793.672
2793.907
2794.377
2794.846
2795.316
2795.551
2795.786
2796.255
2796.725
2797.195
2797.430
2797.664
2798.132
2798.600
2799.069
2799.537
2800.005
2800.474
2800.942
2801.411
2801.879
2802.348
2802.816
2803.285
2803.753
2804.222
2804.690
2805.159
2805.627
2806.096
2806.564
2807.032
2807.501
2807.969
2808.438
2808.906
2809.379
2809.851
2810.087
2810.324
2810.796
2811.268
2811.741
2811.977
2812.213
2812.686
2813.158
2813.630
2813.867
2814.103
2814.575
2815.048
2815.520
2815.756
2815.992
2816.465
2816.937
2817.410
2817.646
2817.882
2818.354
2818.827
2819.299
2819.535
2819.772
2820.244
2820.716
2821.189
2821.425
2821.661
2822.134
2822.606
2823.078
2823.315
2823.551
2824.023
2824.496
2824.968
2825.204
2825.440
2825.913
2826.385
2826.858
2827.094
2827.330
2827.802
2828.275
2828.747
2828.983
2829.220
2829.692
2830.164
2830.637
2830.873
2831.109
2831.582
2832.054
2832.526
2832.763
2832.999
2833.471
2833.944
2834.416
2834.652
2834.888
2835.361
2835.833
2836.306
2836.542
2836.778
2837.250
2837.723
2838.195
2838.431
2838.668
2839.020
2839.373
2839.607
2839.841
2840.075
2840.309
2840.543
2840.777
2841.011
2841.246
2841.480
2841.714
2841.948
2842.182
2842.416
2842.650
2842.884
2843.118
2843.352
2843.586
2843.820
2844.055
2844.289
2844.523
2844.757
2844.991
2845.225
2845.459
2845.693
2845.927
2846.161
2846.395
2846.630
2846.864
2847.098
2847.332
2847.566
2847.800
2848.034
2848.268
2848.502
2848.736
2848.970
2849.205
2849.439
2849.673
2849.907
2850.141
2850.375
2850.609
2850.843
2851.077
2851.311
2851.545
2851.779
2852.014
2852.248
2852.482
2852.716
2852.950
2853.184
2853.418
2853.652
2853.886
2854.120
2854.354
2861.862
2862.331
2862.800
2863.269
2863.738
2864.207
2864.677
2865.146
2865.615
2866.084
2866.553
2867.022
2867.491
2867.960
2868.429
2868.898
2869.368
2869.837
2870.306
2870.775
2871.244
2871.713
2872.182
2872.651
2873.120
2873.589
2874.058
2874.528
2874.997
2875.466
2875.935
2876.404
2876.873
2877.342
2877.810
2878.045
2878.279
2878.748
2879.216
2879.685
2879.919
2880.154
2880.622
2881.091
2881.559
2881.794
2882.028
2882.497
2882.965
2883.434
2883.668
2883.903
2884.371
2884.840
2885.309
2885.543
2885.777
2886.246
2886.714
2887.183
2887.417
2887.652
2888.120
2888.589
2889.058
2889.292
2889.526
2889.995
2890.464
2890.932
2891.166
2891.401
2891.869
2892.338
2892.807
2893.041
2893.275
2893.744
2894.213
2894.681
2894.916
2895.150
2895.619
2896.087
2896.556
2896.790
2897.024
2897.493
2897.962
2898.430
2898.665
2898.899
2902.202
2902.669
2903.137
2903.604
2904.071
2904.538
2905.005
2905.472
2905.939
2906.407
2906.874
2907.341
2907.808
2908.275
2908.742
2909.209
2909.676
2910.144
2910.611
2911.078
2911.545
2912.012
2912.479
2912.946
2913.414
2913.881
2914.348
2914.582
2914.817
2915.052
2915.286
2915.521
2915.755
2915.990
2916.225
2916.459
2916.694
2916.928
2917.163
2917.398
2917.632
2917.867
2918.102
2918.336
2918.571
2918.805
2919.040
2919.275
2919.509
2919.744
2919.978
2920.213
2920.448
2920.682
2920.917
2921.151
2921.386
2921.621
2921.855
2922.090
2922.325
2922.559
2922.794
2923.028
2923.263
2923.498
2923.732
2923.967
2924.201
2924.436
2924.671
2924.905
2925.140
2925.374
2925.609
2925.844
2926.078
2926.313
2926.547
2926.782
2927.017
2927.251
2927.486
2927.721
2927.955
2928.190
2928.424
2928.659
2928.894
2929.128
2929.363
2929.597
2929.832
2930.067
2930.301
2930.536
2930.770
2931.005
2931.240
2931.474
2931.709
2931.943
2932.178
2932.413
2932.647
2932.882
2933.117
2933.351
2933.586
2933.820
2934.055
2934.290
2934.524
2934.759
2934.993
2935.228
2935.463
2935.697
2935.932
2936.166
2936.401
2936.636
2936.870
3024.858
3025.327
3025.795
3026.263
3026.732
3027.200
3027.668
3028.137
3028.605
3029.073
3029.542
3030.010
3030.478
3030.947
3031.415
3031.883
3032.352
3032.820
3033.289
3033.757
3034.225
3034.694
3035.162
3035.630
3036.099
3036.567
3037.035
3037.504
3037.972
3038.440
3038.909
3039.377
3039.845
3040.314
3040.782
3041.250
3041.719
3042.187
3042.655
3043.124
3043.592
3044.061
3044.529
3044.997
3045.466
3045.934
3046.402
3046.871
3047.339
3047.807
3048.276
3048.744
3049.212
3049.681
3050.149
3050.617
3054.855
3055.324
3055.558
3055.793
3056.262
3056.731
3057.200
3057.434
3057.669
3058.138
3058.607
3059.076
3059.310
3059.544
3060.013
3060.482
3060.951
3061.186
3061.420
3061.889
3062.358
3062.827
3063.062
3063.296
3063.765
3064.234
3064.703
3064.937
3065.172
3065.641
3066.110
3066.579
3066.813
3067.048
3067.517
3067.986
3068.455
3068.689
3068.924
3069.393
3069.861
3070.330
3070.565
3070.799
3071.268
3071.737
3072.206
3072.441
3072.675
3073.144
3073.613
3074.082
3074.317
3074.551
3075.020
3075.489
3075.958
3076.192
3076.427
3076.896
3077.365
3077.834
3078.068
3078.303
3078.772
3079.241
3079.709
3079.944
3080.178
3080.647
3083.917
3084.152
3084.387
3084.857
3085.092
3085.327
3085.797
3086.031
3086.266
3086.736
3086.971
3087.206
3087.676
3087.911
3088.146
3088.615
3088.850
3089.085
3089.555
3089.790
3090.025
3090.495
3090.729
3090.964
3091.434
3091.669
3091.904
3092.374
3092.609
3092.844
3093.313
3093.548
3093.783
3094.253
3094.488
3094.723
3095.193
3095.428
3095.662
3096.163
3096.630
3097.097
3097.564
3098.031
3098.499
3098.966
3099.433
3099.900
3100.367
3100.834
3101.301
3101.769
3102.236
3102.703
3103.170
3103.637
3104.104
3104.571
3105.038
3105.506
3105.973
3106.440
3106.907
3107.374
3107.841
3108.308
3108.776
3109.243
3109.710
3110.177
3110.644
3111.111
3111.346
3111.580
3111.814
3112.049
3112.283
3112.518
3112.987
3113.221
3113.455
3113.690
3113.924
3114.159
3114.393
3114.862
3115.096
3115.331
3115.565
3115.800
3116.034
3116.268
3116.737
3116.972
3117.206
3117.440
3117.675
3117.909
3118.144
3118.612
3118.847
3119.081
3119.316
3119.550
3119.785
3120.019
3120.488
3120.722
3120.957
3121.191
3121.425
3121.660
3121.894
3122.363
3122.598
3122.832
3123.066
3123.301
3123.535
3123.770
3124.238
3124.473
3124.707
3124.942
3125.176
3125.411
3125.645
3126.114
3126.348
3126.583
3126.817
3127.051
3127.286
3127.520
3127.989
3128.224
3128.458
3128.692
3128.927
3129.161
3129.396
3129.864
3130.099
3130.333
3130.568
3130.802
3131.037
3131.271
3131.740
3131.974
3132.209
3132.443
3132.677
3132.912
3133.146
3133.615
3133.849
3134.084
3134.318
3134.553
3134.787
3135.022
3135.490
3135.725
3135.959
3136.194
3136.428
3136.662
3136.897
3137.366
3137.600
3137.835
3138.069
3138.303
3138.538
3138.772
3141.108
3141.576
3142.044
3142.277
3142.511
3142.979
3143.447
3143.915
3144.149
3144.383
3144.851
3145.318
3145.786
3146.020
3146.254
3146.722
3147.190
3147.658
3147.892
3148.126
3148.593
3149.061
3149.529
3149.763
3149.997
3150.465
3150.933
3151.400
3151.634
3151.868
3152.336
3152.804
3153.272
3153.506
3153.740
3154.207
3154.675
3155.143
3155.377
3155.611
3156.079
3156.547
3157.015
3157.248
3157.482
3157.950
3158.418
3158.886
3159.120
3159.354
3159.822
3160.289
3160.757
3160.991
3161.225
3161.693
3162.161
3162.629
3162.863
3163.096
3163.566
3164.036
3164.506
3164.976
3165.446
3165.916
3166.386
3166.856
3167.326
3167.796
3168.266
3168.735
3169.205
3169.675
3170.145
3170.615
3171.085
3171.555
3172.025
3172.495
3172.965
3173.435
3173.905
3174.374
3174.844
3175.314
3175.784
3176.254
3176.724
3177.194
3177.664
3178.134
3178.604
3179.074
3179.544
3180.013
3180.483
3180.953
3181.423
3181.893
3182.363
3182.833
3183.303
3183.773
3184.243
3184.713
3185.183
3185.652
3188.922
3189.157
3189.391
3189.860
3190.095
3190.329
3190.798
3191.032
3191.267
3191.736
3191.970
3192.205
3192.673
3192.908
3193.142
3193.611
3193.846
3194.080
3194.549
3194.783
3195.018
3195.487
3195.721
3195.956
3196.425
3196.659
3196.893
3197.362
3197.597
3197.831
3198.300
3198.535
3198.769
3199.238
3199.472
3199.707
3200.176
3200.410
3200.645
3201.113
3201.348
3201.582
3202.051
3202.286
3202.520
3202.989
3203.223
3203.458
3203.927
3204.161
3204.396
3204.865
3205.099
3205.333
3205.802
3206.037
3206.271
3206.740
3206.975
3207.209
3207.678
3207.912
3208.147
3208.616
3208.850
3209.085
3209.554
3209.788
3210.022
3210.491
3210.726
3210.960
3211.429
3211.664
3211.898
3212.367
3212.601
3212.836
3213.305
3213.539
3213.774
3214.242
3214.477
3214.711
3215.180
3215.415
3215.649
3216.150
3216.618
3217.086
3217.554
3218.022
3218.491
3218.959
3219.427
3219.895
3220.363
3220.832
3221.300
3221.768
3222.236
3222.705
3223.173
3223.641
3224.109
3224.577
3225.046
3225.514
3225.982
3226.450
3226.918
3227.387
3227.855
3228.323
3228.791
3229.259
3229.728
3230.196
3230.664
3231.165
3231.398
3231.632
3231.866
3232.100
3232.334
3232.568
3232.802
3233.036
3233.270
3233.504
3233.737
3233.971
3234.205
3234.439
3234.673
3234.907
3235.141
3235.375
3235.609
3235.842
3236.076
3236.310
3236.544
3236.778
3237.012
3237.246
3237.480
3237.714
3237.948
3238.181
3238.415
3238.649
3238.883
3239.117
3239.351
3239.585
3239.819
3240.053
3240.286
3240.520
3240.754
3240.988
3241.222
3241.456
3241.690
3241.924
3242.158
3242.392
3242.625
3242.859
3243.093
3243.327
3243.561
3243.795
3244.029
3244.263
3244.497
3244.730
3244.964
3245.198
3245.432
3245.666
3245.900
3246.134
3246.368
3246.602
3246.835
3247.069
3247.303
3247.537
3247.771
3248.005
3248.239
3248.473
3248.707
3248.941
3249.174
3249.408
3249.642
3249.876
3250.110
3250.344
3250.578
3250.812
3251.046
3251.279
3251.513
3251.747
3251.981
3252.215
3252.449
3252.683
3252.917
3253.151
3253.385
3253.618
3253.852
3254.086
3254.320
3254.554
3254.788
3255.022
3255.489
3255.724
3255.959
3256.193
3256.428
3256.663
3256.898
3257.367
3257.602
3257.837
3258.072
3258.307
3258.541
3258.776
3259.246
3259.481
3259.715
3259.950
3260.185
3260.420
3260.655
3261.124
3261.359
3261.594
3261.829
3262.063
3262.298
3262.533
3263.003
3263.237
3263.472
3263.707
3263.942
3264.177
3264.411
3264.881
3265.116
3265.351
3265.585
3265.820
3266.055
3266.290
3266.759
3266.994
3267.229
3267.464
3267.699
3267.933
3268.168
3268.602
3269.071
3269.541
3269.775
3270.010
3270.479
3270.948
3271.418
3271.652
3271.887
3272.356
3272.826
3273.295
3273.530
3273.764
3274.233
3274.703
3275.172
3275.407
3275.641
3276.111
3276.580
3277.049
3277.284
3277.518
3277.988
3278.457
3278.926
3279.161
3279.396
3279.865
3280.334
3280.803
3281.038
3281.273
3281.742
3282.211
3282.681
3282.915
3283.150
3283.650
3283.885
3284.119
3284.353
3284.587
3284.821
3285.055
3285.289
3285.523
3285.757
3285.991
3286.225
3286.460
3286.694
3286.928
3287.162
3287.396
3287.630
3287.864
3288.098
3288.332
3288.566
3288.800
3289.035
3289.269
3289.503
3289.737
3289.971
3290.205
3290.439
3290.673
3290.907
3291.141
3291.375
3291.610
3291.844
3292.078
3292.312
3292.546
3292.780
3293.014
3293.248
3293.482
3293.716
3293.950
3294.185
3294.419
3294.653
3294.887
3295.121
3295.355
3295.589
3295.823
3296.057
3296.291
3296.525
3296.760
3296.994
3297.228
3297.462
3297.696
3297.930
3298.164
3298.398
3298.632
3298.866
3299.101
3299.335
3299.569
3299.803
3300.037
3300.271
3300.505
3300.739
3300.973
3301.207
3301.441
3301.676
3301.910
3302.144
3302.378
3302.612
3302.846
3303.080
3303.314
3303.548
3303.782
3304.016
3304.251
3304.485
3304.719
3304.953
3305.187
3305.421
3305.655
3305.889
3306.123
3306.357
3306.591
3306.826
3307.060
3307.294
3307.528
3307.762
3307.996
3308.230
3308.464
3308.698
3308.932
3309.166
3309.401
3309.635
3309.869
3310.103
3310.337
3310.571
3310.805
3311.039
3311.273
3311.507
3311.741
3311.976
3312.210
3312.444
3312.678
3312.912
3313.146
3313.380
3313.680
3313.797
3313.913
3314.030
3314.146
3314.263
3314.380
3314.496
3314.613
3314.729
3314.846
3314.962
3315.079
3315.195
3315.312
3315.428
3315.545
3315.661
3315.778
3315.894
3316.011
3316.127
3316.244
3316.360
3316.477
3316.593
3316.710
3316.826
3316.943
3317.059
3317.176
3317.292
3317.409
3317.525
3317.642
3317.758
3317.875
3317.991
3318.108
3318.224
3318.341
3318.457
3318.574
3318.691
3318.807
3318.924
3319.040
3319.157
3319.273
3319.390
3319.506
3319.623
3319.739
3319.856
3319.972
3320.089
3320.205
3320.322
3320.438
3320.555
3320.671
3320.788
3320.904
3321.021
3321.137
3321.254
3321.370
3321.487
3321.603
3321.720
3321.836
3321.953
3322.069
3322.186
3322.302
3322.419
3322.535
3322.652
3322.768
3322.885
3323.001
3323.118
3323.235
3323.351
3323.468
3323.584
3323.701
3323.817
3323.934
3324.050
3324.167
3324.283
3324.400
3324.516
3324.633
3324.749
3324.866
3324.982
3325.099
3325.215
3325.332
3325.448
3325.565
3325.681
3325.798
3325.914
3326.031
3326.147
3326.264
3326.380
3326.497
3326.613
3326.730
3326.846
3326.963
3327.079
3327.196
3327.312
3327.429
3327.546
3327.662
3327.779
3327.895
3328.012
3328.128
3328.245
3328.361
3328.478
3328.597
3328.717
3328.838
3328.961
3329.086
3329.212
3329.340
3329.469
3329.599
3329.732
3329.865
3330.001
3330.137
3330.276
3330.415
3330.557
3330.700
3330.844
3330.990
3331.137
3331.286
3331.437
3331.589
3331.742
3331.897
3332.054
3332.212
3332.372
3332.533
3332.695
3332.859
3333.025
3333.192
3333.361
3333.531
3333.703
3333.876
3334.051
3334.228
3334.405
3334.585
3334.766
3334.948
3335.132
3335.318
3335.505
3335.693
3335.883
3336.075
3336.268
3336.462
3336.658
3336.856
3337.055
3337.256
3337.458
3337.662
3337.867
3338.074
3338.282
3338.492
3338.703
3338.916
3339.131
3339.347
3339.564
3339.783
3340.003
3340.225
3340.449
3340.674
3340.901
3341.129
3341.358
3341.589
3341.822
3342.056
3342.292
3342.529
3342.768
3343.008
3343.250
3343.493
3343.738
3343.984
3344.232
3344.482
3344.733
3344.985
3345.239
3345.494
3345.751
3346.010
3346.270
3346.532
3346.795
3347.059
3347.325
3347.593
3347.862
3348.133
3348.405
3348.679
3348.954
3349.231
3349.509
3349.789
3350.070
3350.353
3350.638
3350.924
3351.211
3351.500
3351.790
3352.082
3352.376
3352.671
3352.968
3353.266
3353.565
3353.866
3354.169
3354.473
3354.779
3355.086
3355.395
3355.705
3356.017
3356.330
3356.645
3356.961
3357.279
3357.599
3357.920
3358.242
3358.566
3358.892
3359.219
3359.547
3359.877
3360.209
3360.542
3360.876
3361.213
3361.550
3361.889
3362.230
3362.572
3362.916
3363.261
3363.608
3363.956
3364.306
3364.658
3365.011
3365.365
3365.721
3366.078
3366.437
3366.798
3367.160
3367.523
3367.888
3368.255
3368.623
3368.993
3369.364
3369.736
3370.111
3370.486
3370.864
3371.242
3371.623
3372.004
3372.388
3372.773
3373.159
3373.547
3373.936
3374.327
3374.720
3375.114
3375.509
3375.906
3376.305
3376.705
3377.106
3377.509
3377.914
3378.320
3378.728
3379.137
3379.548
3379.960
3380.374
3380.789
3381.206
3381.624
3382.044
3382.465
3382.888
3383.313
3383.739
3384.166
3384.595
3385.025
3385.457
3385.891
3386.326
3386.763
3387.201
3387.640
3388.082
3388.524
3388.968
3389.414
3389.861
3390.310
3390.760
3391.212
3391.666
3392.120
3392.577
3393.035
3393.494
3393.955
3394.417
3394.881
3395.347
3395.814
3396.282
3396.753
3397.224
3397.697
3398.172
3398.648
3399.126
3399.605
3400.086
3400.568
3401.052
3401.537
3402.024
3402.512
3403.002
3403.493
3403.986
3404.481
3404.977
3405.474
3405.973
3406.473
3406.976
3407.479
3407.984
3408.491
3408.999
3409.508
3410.020
3410.532
3411.047
3411.562
3412.079
3412.598
3413.119
3413.640
3414.164
3414.689
3415.215
3415.743
3416.272
3416.803
3417.336
3417.870
3418.405
3418.942
3419.481
3420.021
3420.562
3421.105
3421.650
3422.196
3422.744
3423.293
3423.844
3424.396
3424.950
3425.505
3426.062
3426.620
3427.180
3427.742
3428.305
3428.869
3429.435
3430.002
3430.571
3431.142
3431.714
3432.287
3432.863
3433.439
3434.017
3434.597
3435.178
3435.761
3436.345
3436.931
3437.518
3438.107
3438.697
3439.289
3439.882
3440.477
3441.073
3441.671
3442.271
3442.872
3443.474
3444.078
3444.684
3445.291
3445.899
3446.509
3447.121
3447.734
3448.349
3448.965
3449.583
3450.202
3450.823
3451.445
3452.069
3452.694
3453.321
3453.949
3454.579
3455.210
3455.843
3456.478
3457.114
3457.751
3458.390
3459.031
3459.673
3460.316
3460.961
3461.608
3462.256
3462.906
3463.557
3464.209
3464.864
3465.519
3466.177
3466.835
3467.496
3468.158
3468.821
3469.486
3470.152
3470.820
3471.490
3472.161
3472.833
3473.507
3474.183
3474.860
3475.538
3476.218
3476.900
3477.583
3478.268
3478.954
3479.641
3480.331
3481.021
3481.714
3482.407
3483.103
3483.800
3484.498
3485.198
3485.899
3486.602
3487.307
3488.013
3488.720
3489.429
3490.140
3490.852
3491.565
3492.280
3492.997
3493.715
3494.435
3495.156
3495.879
3496.603
3497.329
3498.056
3498.785
3499.515
3500.247
3500.980
3501.715
3502.451
3503.189
3503.929
3504.670
3505.412
3506.156
3506.902
3507.649
3508.397
3509.147
3509.899
3510.652
3511.407
3512.163
3512.921
3513.680
3514.441
3515.203
3515.967
3516.732
3517.499
3518.267
3519.037
3519.809
3520.582
3521.356
3522.132
3522.909
3523.688
3524.469
3525.251
3526.035
3526.820
3527.606
3528.394
3529.184
3529.975
3530.768
3531.562
3532.358
3533.155
3533.954
3534.754
3535.556
3536.360
