119.181
120.850
122.518
124.186
125.855
127.523
129.191
130.860
132.528
134.196
135.865
137.533
139.201
140.870
142.538
144.206
145.875
147.543
149.211
150.880
152.214
153.549
154.884
156.218
157.553
158.888
160.222
161.557
162.892
164.226
165.561
166.896
168.230
169.565
170.900
172.234
173.569
174.904
176.238
177.573
180.543
181.877
183.212
183.546
183.879
185.214
186.549
187.883
188.217
188.551
189.885
191.220
192.555
192.888
193.222
194.557
195.891
197.226
197.560
197.893
199.228
200.563
201.897
202.231
202.565
203.899
205.234
206.569
206.902
207.236
208.571
209.905
211.240
211.574
211.907
213.242
214.577
215.911
216.245
216.579
224.453
225.788
226.080
226.947
227.280
228.615
229.959
230.259
231.127
231.460
232.795
234.130
234.430
235.297
235.631
236.966
238.300
238.601
239.468
239.802
241.137
242.471
242.772
243.639
243.973
245.307
246.642
246.942
247.810
248.144
249.478
250.813
251.113
251.981
252.314
253.649
254.984
255.284
256.152
256.485
257.820
259.155
260.489
261.824
263.159
264.493
265.828
267.163
268.497
269.832
271.167
272.501
273.836
275.171
276.505
277.840
279.175
280.509
281.844
283.179
284.513
285.848
287.183
288.517
289.852
359.021
359.939
360.856
361.774
362.691
363.609
364.527
365.444
366.362
367.279
368.197
369.114
370.032
370.950
371.867
372.785
373.702
374.620
375.538
376.455
377.373
378.290
379.208
380.125
381.043
381.961
382.878
383.796
384.713
385.631
386.549
387.468
387.927
388.846
389.306
389.765
390.684
391.603
392.063
392.982
393.441
393.901
394.820
395.739
396.198
397.117
397.577
398.036
398.955
399.874
400.334
401.253
401.712
402.172
403.091
404.010
404.469
405.388
405.848
406.307
407.226
408.145
408.605
409.524
409.983
410.443
411.362
412.281
412.740
413.659
414.119
414.578
415.497
416.416
416.876
417.795
418.255
418.714
426.388
427.323
428.224
429.158
430.059
430.993
431.894
432.828
433.729
434.663
435.564
436.498
437.399
438.334
439.235
440.169
441.070
442.004
442.905
443.839
444.740
445.674
446.575
447.509
448.410
449.345
450.246
451.180
452.081
453.015
453.916
454.850
455.751
456.685
457.586
458.520
459.421
460.356
461.257
462.191
463.092
464.026
464.927
465.861
466.762
467.696
468.597
469.531
478.741
479.708
480.042
480.376
480.709
481.043
481.977
482.945
483.279
483.612
483.946
484.280
485.214
486.181
486.515
486.849
487.182
487.516
488.450
489.418
489.752
490.085
490.419
490.753
491.687
492.655
492.988
493.322
493.656
493.989
494.924
495.891
496.225
496.558
496.892
497.226
498.160
499.128
499.461
499.795
500.129
500.462
501.397
502.364
502.698
503.032
503.365
503.699
504.600
505.567
505.901
506.235
506.568
506.902
507.836
531.961
533.796
535.631
537.466
539.301
541.136
542.972
544.807
546.642
548.477
550.346
551.280
552.147
553.048
553.983
554.883
555.818
556.719
557.653
558.554
559.488
560.389
561.323
562.224
563.158
564.059
564.994
565.894
566.829
567.730
568.664
569.565
570.499
571.400
572.334
573.235
574.236
575.137
576.071
576.305
576.538
576.772
577.005
577.239
577.473
577.706
577.940
578.173
578.407
578.640
578.874
579.108
579.341
579.575
579.808
580.042
580.275
580.509
580.743
580.976
581.210
581.443
581.677
581.910
582.144
583.345
583.579
583.812
584.046
584.279
584.513
584.747
584.980
585.214
585.447
585.681
585.914
586.148
586.382
586.615
586.849
587.082
587.316
587.549
587.783
588.016
588.250
588.484
588.717
588.951
589.184
590.519
590.753
590.986
591.220
591.453
591.687
591.920
592.154
592.388
592.621
592.855
593.088
593.322
593.555
593.789
594.022
594.256
594.490
594.723
594.957
595.190
595.424
595.657
595.891
596.125
596.358
596.592
597.926
598.160
598.394
598.627
598.861
599.094
599.328
599.561
599.795
600.028
600.262
600.496
600.729
600.963
601.196
601.430
601.663
601.897
602.131
602.364
693.889
694.857
695.824
696.792
697.759
698.727
699.661
700.629
701.597
702.564
703.532
704.500
705.434
706.401
707.369
708.337
709.304
710.272
711.173
712.141
713.108
714.076
715.043
716.011
716.945
717.913
718.881
719.848
720.816
721.783
730.926
731.769
732.190
733.033
733.454
734.297
735.140
735.561
736.404
736.825
737.668
738.511
738.932
739.775
740.196
741.039
741.882
742.303
743.146
743.567
744.410
745.253
745.674
746.517
746.938
747.781
748.624
749.045
749.888
750.309
751.152
751.995
752.416
753.259
753.680
754.523
755.366
755.787
756.630
757.051
757.894
758.737
759.158
760.001
760.422
762.057
762.691
763.325
763.959
764.593
765.227
765.861
766.495
767.129
767.763
768.397
769.031
769.665
770.299
770.933
771.567
772.200
772.834
773.468
774.102
774.736
775.370
776.004
776.638
777.272
777.906
778.540
779.174
779.808
780.442
781.076
781.710
782.344
782.978
783.612
784.246
785.080
785.923
786.344
787.187
787.608
788.451
789.294
789.715
790.558
790.979
791.822
792.665
793.086
793.929
794.350
795.193
796.036
796.457
797.300
797.721
798.564
799.407
799.828
802.798
803.765
804.733
805.217
805.701
806.668
807.603
808.570
809.071
809.571
810.505
811.440
812.407
812.908
813.408
814.343
815.277
816.245
816.745
817.245
818.180
819.114
820.082
820.582
821.083
822.017
822.951
823.919
824.419
824.920
825.854
826.788
827.756
828.256
828.757
829.691
830.626
831.593
832.094
832.594
833.528
834.463
835.430
835.931
836.431
837.366
838.300
839.267
839.768
840.268
841.203
842.137
843.105
843.605
844.106
845.040
845.974
846.942
847.442
847.943
848.877
849.811
850.779
851.279
851.780
852.714
853.649
854.616
855.117
855.617
859.955
860.900
861.137
861.373
861.609
861.846
862.791
863.725
863.950
864.176
864.401
864.626
865.627
866.561
866.795
867.029
867.262
867.496
868.463
869.398
869.623
869.848
870.073
870.299
871.300
872.234
872.467
872.701
872.934
873.168
874.136
875.070
875.295
875.520
875.746
875.971
876.972
877.906
878.140
878.373
878.607
878.840
879.808
880.742
880.967
881.193
881.418
881.643
882.644
883.578
883.812
884.046
884.279
884.513
885.480
886.415
886.648
886.882
887.115
887.316
888.316
889.251
889.484
889.718
889.951
890.185
891.153
892.087
892.321
892.554
892.788
892.988
893.989
894.923
895.157
895.390
895.624
895.857
896.825
897.759
897.993
898.226
898.460
898.660
899.661
900.595
900.829
901.063
901.296
901.530
902.497
903.432
903.665
903.899
904.132
904.332
905.534
906.535
907.502
908.470
909.438
910.372
911.306
912.307
913.275
914.242
915.210
916.144
917.079
918.080
919.047
920.015
920.982
921.917
922.851
923.852
924.820
925.787
926.755
927.689
928.623
929.624
930.592
931.560
932.527
933.462
934.396
935.397
955.417
957.352
959.287
961.223
963.158
965.093
967.028
968.964
970.899
972.834
974.770
976.705
979.875
980.275
980.675
981.076
981.476
981.877
982.277
982.677
983.078
983.478
983.879
984.279
984.679
985.080
985.480
985.881
986.281
986.681
987.082
987.482
987.883
988.283
988.683
989.084
989.484
989.885
990.285
990.685
991.086
991.486
991.887
992.287
992.687
993.088
993.488
993.889
994.289
994.689
995.090
995.490
995.891
996.291
996.691
997.092
997.492
997.893
998.293
998.693
1003.465
1003.865
1004.266
1004.666
1005.066
1005.467
1005.867
1006.268
1006.668
1007.068
1007.469
1007.869
1008.270
1008.670
1009.070
1009.471
1009.871
1010.272
1010.672
1011.072
1011.473
1011.873
1012.274
1012.674
1013.074
1013.475
1013.875
1014.276
1014.676
1015.076
1015.477
1015.877
1016.278
1016.678
1017.078
1017.479
1017.879
1018.280
1018.680
1019.080
1019.481
1019.881
1020.282
1020.682
1021.082
1021.483
1021.883
1022.284
1027.055
1027.455
1027.856
1028.256
1028.657
1029.057
1029.458
1029.858
1030.258
1030.659
1031.059
1031.460
1031.860
1032.260
1032.661
1033.061
1033.461
1033.862
1034.262
1034.663
1035.063
1035.464
1035.864
1036.264
1036.665
1037.065
1037.466
1037.866
1038.266
1038.667
1039.067
1039.468
1039.868
1040.268
1040.669
1041.069
1041.470
1041.870
1042.270
1042.671
1043.071
1043.471
1043.872
1044.272
1044.673
1045.073
1045.474
1045.874
1055.116
1056.084
1057.052
1058.019
1058.987
1059.955
1060.889
1061.857
1062.824
1063.792
1064.759
1065.727
1066.661
1067.629
1068.597
1069.564
1070.532
1071.500
1072.434
1073.401
1074.369
1075.337
1076.304
1077.272
1078.206
1079.174
1080.141
1081.109
1082.077
1083.044
1089.784
1091.720
1093.655
1095.590
1097.525
1099.461
1101.396
1103.331
1105.267
1107.202
1109.137
1111.072
1185.747
1186.181
1186.615
1187.048
1187.482
1187.916
1188.283
1188.783
1189.217
1189.651
1190.085
1190.518
1190.952
1191.386
1191.820
1192.253
1192.687
1193.121
1193.555
1193.989
1194.422
1194.856
1195.290
1195.724
1196.157
1196.591
1197.025
1197.459
1197.892
1198.326
1198.760
1199.194
1199.627
1200.061
1200.495
1200.929
1201.363
1201.796
1202.230
1202.664
1203.098
1203.531
1203.965
1204.399
1204.833
1205.266
1205.700
1206.134
1206.568
1207.002
1207.435
1207.869
1208.303
1208.737
1209.170
1209.604
1210.038
1210.472
1210.905
1211.339
1211.773
1212.207
1212.641
1213.074
1213.508
1213.942
1214.376
1214.809
1215.243
1215.677
1216.111
1216.544
1216.978
1217.412
1217.846
1218.279
1218.713
1219.147
1219.581
1220.015
1220.448
1220.882
1221.316
1221.750
1222.183
1222.617
1223.051
1223.485
1223.918
1224.352
1224.786
1225.220
1225.653
1226.087
1226.521
1226.955
1227.389
1227.822
1228.256
1228.690
1229.124
1229.557
1229.991
1230.425
1230.859
1231.292
1231.726
1232.160
1232.594
1233.028
1233.461
1233.895
1234.329
1234.763
1237.356
1237.790
1237.923
1238.057
1238.190
1238.658
1239.091
1239.534
1239.668
1239.801
1239.934
1240.402
1240.835
1241.269
1241.403
1241.536
1241.669
1242.137
1242.570
1243.004
1243.138
1243.271
1243.405
1243.872
1244.305
1244.739
1244.873
1245.006
1245.140
1245.607
1246.041
1246.474
1246.608
1246.741
1246.875
1247.342
1247.776
1248.209
1248.343
1248.476
1248.610
1249.077
1249.511
1249.944
1250.078
1250.211
1250.345
1250.812
1251.212
1251.646
1251.780
1251.913
1252.047
1252.514
1252.947
1253.381
1253.515
1253.648
1253.782
1254.249
1254.683
1255.116
1255.250
1255.383
1255.517
1255.984
1256.418
1256.851
1256.985
1257.118
1257.252
1257.719
1258.153
1258.586
1258.720
1258.853
1258.987
1259.454
1259.888
1260.321
1260.455
1260.588
1260.722
1261.189
1261.623
1262.057
1262.190
1262.323
1262.457
1262.924
1263.358
1263.792
1263.925
1264.059
1264.192
1265.527
1265.660
1265.794
1265.927
1267.262
1267.395
1267.529
1267.662
1268.997
1269.130
1269.264
1269.397
1270.732
1270.865
1270.999
1271.132
1272.467
1272.600
1272.734
1272.867
1274.202
1274.335
1274.469
1274.602
1275.937
1276.071
1276.204
1276.337
1277.672
1277.806
1277.939
1278.073
1279.407
1279.541
1279.674
1279.808
1281.142
1281.276
1281.409
1281.543
1282.877
1283.011
1283.144
1283.278
1284.612
1284.746
1284.879
1285.013
1286.347
1286.481
1286.614
1286.748
1288.083
1288.216
1288.349
1288.483
1289.818
1289.951
1290.085
1290.218
1292.821
1292.954
1293.088
1293.221
1293.354
1293.488
1293.621
1293.755
1293.888
1294.022
1294.155
1294.289
1294.422
1294.556
1294.689
1294.823
1294.956
1295.090
1295.223
1295.356
1295.490
1295.623
1295.757
1295.890
1296.024
1296.157
1296.291
1296.424
1296.558
1296.691
1296.825
1296.958
1297.092
1297.225
1297.358
1297.492
1297.625
1297.759
1297.892
1298.026
1298.159
1298.293
1298.426
1298.560
1298.693
1298.827
1298.960
1299.094
1299.227
1299.360
1299.494
1299.627
1299.761
1299.894
1300.028
1300.161
1300.295
1300.428
1300.562
1300.695
1300.829
1300.962
1301.096
1301.229
1301.362
1301.496
1301.629
1301.763
1301.896
1302.030
1302.163
1302.297
1302.430
1302.564
1302.697
1302.831
1302.964
1303.098
1303.231
1303.364
1303.498
1303.631
1303.765
1303.898
1304.032
1304.165
1304.299
1304.432
1304.566
1304.699
1304.833
1304.966
1305.100
1305.233
1305.366
1305.500
1305.633
1305.767
1305.900
1306.034
1306.167
1306.301
1306.434
1306.568
1306.701
1306.835
1306.968
1307.102
1307.235
1307.368
1307.502
1307.635
1307.769
1307.902
1308.036
1308.169
1308.303
1308.436
1308.570
1308.703
1308.837
1308.970
1309.104
1309.237
1309.370
1309.504
1309.637
1309.771
1309.904
1310.038
1310.171
1310.305
1310.438
1310.572
1310.705
1310.839
1310.972
1311.106
1311.239
1311.372
1311.506
1311.639
1311.773
1311.906
1312.040
1312.173
1312.307
1312.440
1312.574
1312.707
1312.841
1312.974
1313.108
1313.241
1313.374
1313.508
1313.641
1313.775
1313.908
1314.042
1314.175
1314.309
1314.442
1314.576
1314.709
1314.843
1314.976
1315.110
1315.243
1315.376
1315.510
1315.643
1315.777
1315.910
1316.044
1316.177
1316.311
1316.444
1316.578
1316.711
1316.845
1316.978
1317.112
1317.245
1317.378
1317.512
1317.645
1317.779
1317.912
1318.046
1318.179
1318.313
1322.750
1322.884
1323.017
1323.151
1324.486
1324.619
1324.753
1324.886
1326.221
1326.354
1326.488
1326.621
1327.956
1328.089
1328.223
1328.356
1329.691
1329.824
1329.958
1330.091
1331.426
1331.559
1331.693
1331.826
1333.161
1333.294
1333.428
1333.561
1334.896
1335.029
1335.163
1335.296
1336.631
1336.765
1336.898
1337.031
1338.366
1338.500
1338.633
1338.766
1340.101
1340.235
1340.368
1340.502
1341.836
1341.970
1342.103
1342.237
1343.571
1343.705
1343.838
1343.972
1345.306
1345.440
1345.573
1345.707
1349.944
1350.078
1350.211
1350.345
1350.478
1350.612
1350.745
1350.879
1351.012
1351.146
1351.279
1351.412
1351.546
1351.679
1351.813
1351.946
1352.080
1352.213
1352.347
1352.480
1352.614
1352.747
1352.881
1353.014
1353.148
1353.281
1353.414
1353.548
1353.681
1353.815
1353.948
1354.082
1354.215
1354.349
1354.482
1354.616
1354.749
1354.883
1355.016
1355.150
1355.283
1355.416
1355.550
1355.683
1355.817
1355.950
1356.084
1356.217
1356.351
1356.484
1356.618
1356.751
1356.885
1357.018
1357.152
1357.285
1357.418
1357.552
1357.685
1357.819
1357.952
1358.086
1358.219
1358.353
1358.486
1358.620
1358.753
1358.887
1359.020
1359.154
1359.287
1359.420
1359.554
1359.687
1359.821
1359.954
1360.088
1360.221
1360.355
1360.488
1360.622
1360.755
1360.889
1361.022
1361.156
1361.289
1361.422
1361.556
1361.689
1361.823
1361.956
1362.090
1390.318
1390.752
1391.186
1391.619
1392.053
1392.487
1392.921
1393.354
1393.788
1394.222
1394.656
1395.089
1395.523
1395.957
1396.391
1396.824
1397.258
1397.692
1398.126
1398.560
1398.993
1399.427
1399.861
1400.295
1400.728
1401.162
1401.596
1402.030
1402.463
1402.897
1403.331
1403.765
1404.199
1404.632
1405.066
1405.500
1405.934
1406.367
1406.801
1407.235
1407.669
1408.102
1408.536
1408.970
1409.404
1409.838
1410.271
1410.705
1411.139
1411.573
1412.006
1412.440
1412.874
1413.308
1413.741
1414.609
1415.476
1416.344
1417.212
1418.079
1418.947
1419.814
1420.682
1421.549
1422.417
1423.284
1424.152
1425.019
1425.887
1426.754
1427.622
1428.489
1429.357
1430.225
1431.092
1431.960
1432.827
1433.695
1434.562
1435.430
1436.297
1437.165
1438.032
1438.900
1439.767
1440.635
1445.306
1445.740
1446.174
1446.608
1447.041
1447.475
1447.909
1448.343
1448.776
1449.210
1449.644
1450.078
1450.511
1450.945
1451.379
1451.813
1452.247
1452.680
1453.114
1453.548
1453.982
1454.415
1454.849
1455.283
1455.717
1456.150
1456.584
1457.018
1457.452
1457.886
1458.319
1458.753
1459.187
1459.621
1460.054
1460.488
1460.922
1461.356
1461.789
1462.223
1462.657
1463.091
1463.524
1463.958
1464.392
1464.826
1465.260
1465.693
1470.031
1470.231
1470.431
1470.632
1470.832
1471.032
1471.232
1471.804
1472.004
1472.204
1472.404
1472.605
1473.534
1473.735
1473.935
1474.135
1474.335
1474.535
1474.736
1475.303
1475.503
1475.703
1475.904
1476.104
1477.038
1477.238
1477.438
1477.639
1477.839
1478.039
1478.239
1478.806
1479.007
1479.207
1479.407
1479.607
1480.541
1480.742
1480.942
1481.142
1481.342
1481.542
1481.743
1482.310
1482.510
1482.710
1482.910
1483.111
1484.045
1484.245
1484.445
1484.646
1484.846
1485.046
1485.246
1485.813
1486.014
1486.214
1486.414
1486.614
1487.482
1487.682
1487.882
1488.082
1488.283
1488.483
1488.683
1489.250
1489.450
1489.651
1489.851
1490.051
1490.985
1491.185
1491.386
1491.586
1491.786
1491.986
1492.186
1492.720
1492.920
1493.121
1493.354
1493.554
1494.489
1494.689
1494.889
1495.089
1495.290
1495.490
1495.690
1496.190
1496.391
1496.591
1496.791
1496.991
1500.862
1501.296
1501.729
1502.163
1502.597
1503.031
1503.464
1503.898
1504.332
1504.766
1505.199
1505.633
1506.067
1506.501
1506.935
1507.368
1507.802
1508.236
1508.670
1509.103
1509.537
1509.971
1510.405
1510.838
1511.272
1511.706
1512.140
1512.573
1513.007
1513.441
1513.875
1514.309
1514.742
1515.176
1515.610
1516.044
1516.477
1516.911
1517.345
1517.779
1518.212
1518.646
1519.080
1519.514
1519.947
1521.649
1522.083
1522.216
1522.350
1522.483
1522.951
1523.384
1523.818
1523.952
1524.085
1524.218
1524.686
1525.119
1525.553
1525.687
1525.820
1525.953
1526.421
1526.854
1527.288
1527.422
1527.555
1527.689
1528.156
1528.589
1529.023
1529.157
1529.290
1529.424
1529.891
1530.325
1530.758
1530.892
1531.025
1531.159
1531.626
1532.060
1532.493
1532.627
1532.760
1532.894
1533.361
1533.795
1534.228
1534.362
1534.495
1534.629
1535.096
1535.496
1535.930
1536.064
1536.197
1536.331
1536.798
1537.231
1537.665
1537.799
1537.932
1538.066
1538.533
1538.967
1539.400
1539.534
1539.667
1539.801
1540.268
1540.702
1541.135
1541.269
1541.402
1541.536
1542.003
1542.437
1542.870
1543.004
1543.137
1543.271
1543.738
1544.172
1544.605
1544.739
1544.872
1545.006
1545.473
1545.907
1546.341
1546.474
1546.607
1546.741
1547.208
1547.642
1548.076
1548.209
1548.343
1548.476
1548.943
1549.377
1549.811
1549.944
1550.078
1550.211
1550.678
1551.112
1551.546
1551.679
1551.813
1551.946
1552.413
1552.847
1553.281
1553.414
1553.548
1553.681
1554.148
1554.582
1555.016
1555.149
1555.283
1555.416
1555.883
1556.284
1556.718
1556.851
1556.984
1557.118
1557.585
1558.019
1558.453
1558.586
1558.720
1558.853
1559.320
1559.754
1560.188
1560.321
1560.455
1560.588
1561.055
1561.489
1561.923
1562.056
1562.190
1562.323
1562.790
1567.095
1567.228
1567.362
1567.495
1568.830
1568.963
1569.097
1569.230
1570.565
1570.698
1570.832
1570.965
1572.300
1572.433
1572.567
1572.700
1574.035
1574.168
1574.302
1574.435
1575.770
1575.903
1576.037
1576.170
1577.505
1577.638
1577.772
1577.905
1580.975
1581.109
1581.242
1581.376
1584.445
1584.579
1584.712
1584.846
1587.915
1588.049
1588.182
1588.316
1591.386
1591.519
1591.652
1591.786
1598.226
1598.359
1598.493
1598.626
1598.760
1598.893
1599.026
1599.160
1599.293
1599.427
1599.560
1599.694
1599.827
1599.961
1600.094
1600.228
1600.361
1600.495
1600.628
1600.762
1600.895
1601.028
1601.162
1601.295
1601.429
1601.562
1601.696
1601.829
1601.963
1602.096
1602.230
1602.363
1602.497
1602.630
1602.764
1602.897
1603.030
1603.164
1603.297
1603.431
1603.564
1603.698
1603.831
1603.965
1604.098
1604.232
1604.365
1604.499
1606.934
1607.068
1607.201
1607.335
1607.468
1607.602
1607.735
1607.869
1608.002
1608.136
1608.269
1608.403
1608.536
1608.669
1608.803
1608.936
1609.070
1609.203
1609.337
1609.470
1609.604
1609.737
1609.871
1610.004
1610.138
1610.271
1610.405
1610.538
1610.671
1610.805
1610.938
1611.072
1613.875
1614.008
1614.142
1614.275
1614.409
1614.542
1614.675
1614.809
1614.942
1615.076
1615.209
1615.343
1615.476
1615.610
1615.743
1615.877
1616.010
1616.144
1616.277
1616.411
1616.544
1616.677
1616.811
1616.944
1617.078
1617.211
1617.345
1617.478
1617.612
1617.745
1617.879
1618.012
1618.146
1618.279
1618.413
1618.546
1618.679
1618.813
1618.946
1619.080
1619.213
1619.347
1619.480
1619.614
1619.747
1619.881
1620.014
1620.148
1620.748
1621.182
1621.616
1622.049
1622.483
1622.917
1623.351
1623.785
1624.218
1624.652
1625.086
1625.520
1625.953
1626.387
1626.821
1627.255
1627.688
1628.122
1628.556
1628.990
1629.424
1629.857
1630.291
1630.725
1732.059
1732.493
1732.927
1733.361
1733.794
1734.228
1734.662
1735.096
1735.329
1735.563
1735.997
1736.430
1736.864
1737.298
1737.732
1738.166
1738.599
1738.833
1739.066
1739.567
1740.034
1740.468
1740.902
1741.335
1741.769
1742.203
1742.436
1742.670
1743.104
1743.538
1744.005
1744.438
1744.872
1745.306
1745.740
1745.973
1746.207
1746.641
1747.074
1747.508
1747.975
1748.409
1748.843
1749.277
1749.510
1749.744
1750.178
1750.611
1751.045
1751.479
1751.946
1752.380
1752.813
1753.247
1753.681
1754.115
1754.549
1754.982
1755.416
1755.850
1756.317
1756.751
1757.185
1757.618
1758.052
1758.486
1758.920
1759.353
1759.787
1760.221
1760.721
1761.155
1761.589
1762.023
1762.456
1762.890
1763.324
1763.758
1764.192
1764.625
1765.126
1765.560
1765.993
1766.427
1766.861
1767.295
1767.728
1768.162
1768.596
1769.030
1769.530
1769.964
1770.398
1770.831
1771.265
1771.699
1772.133
1772.567
1773.000
1773.434
1773.935
1774.368
1774.802
1775.236
1775.670
1776.103
1776.537
1776.971
1777.405
1777.838
1781.008
1781.442
1781.876
1782.076
1782.276
1782.743
1783.177
1783.611
1783.811
1784.011
1784.445
1784.879
1785.313
1785.513
1785.713
1786.180
1786.614
1787.048
1787.248
1787.448
1787.882
1788.316
1788.749
1788.950
1789.150
1789.617
1790.051
1790.484
1790.685
1790.885
1791.319
1791.752
1792.186
1792.386
1792.587
1793.054
1793.487
1793.921
1794.121
1794.322
1794.755
1795.189
1795.623
1795.823
1796.023
1796.490
1796.924
1797.358
1797.558
1797.758
1798.192
1798.626
1799.060
1799.260
1799.460
1799.927
1800.361
1800.795
1800.995
1801.195
1801.629
1802.063
1802.496
1802.697
1802.897
1803.364
1803.798
1804.232
1804.432
1804.632
1805.066
1805.499
1805.933
1806.133
1806.334
1806.801
1807.234
1807.668
1807.868
1808.069
1808.502
1808.936
1809.370
1809.570
1809.770
1810.238
1810.671
1811.105
1811.305
1811.505
1811.939
1812.373
1812.807
1813.007
1813.207
1813.674
1814.108
1814.542
1814.742
1814.942
1815.376
1815.810
1816.244
1816.377
1816.510
1816.644
1816.777
1816.911
1817.044
1817.178
1817.311
1817.445
1817.578
1817.712
1817.845
1817.979
1818.112
1818.245
1818.379
1818.512
1818.646
1818.779
1818.913
1819.046
1819.180
1819.313
1819.447
1819.580
1823.985
1824.118
1824.251
1824.385
1824.518
1824.652
1824.785
1824.919
1825.052
1825.186
1825.319
1825.453
1825.586
1825.720
1825.853
1825.987
1826.120
1826.253
1826.387
1826.520
1826.654
1826.787
1826.921
1827.054
1827.188
1827.321
1827.455
1830.858
1830.992
1831.125
1831.258
1831.392
1831.525
1831.659
1831.792
1831.926
1832.059
1832.193
1832.326
1832.460
1832.593
1832.727
1832.860
1832.994
1833.127
1833.260
1833.394
1833.527
1833.661
1833.794
1833.928
1834.061
1834.195
1834.328
1838.199
1838.332
1838.466
1838.599
1838.733
1838.866
1839.000
1839.133
1839.266
1839.400
1839.533
1839.667
1839.800
1839.934
1840.067
1840.201
1840.334
1840.468
1840.601
1840.735
1840.868
1841.002
1841.135
1841.268
1841.402
1841.535
1841.669
1841.802
1841.936
1842.069
1842.203
1842.336
1842.470
1842.603
1842.737
1842.870
1843.004
1843.137
1843.270
1843.404
1843.537
1845.006
1845.873
1846.741
1847.608
1848.476
1849.377
1850.278
1851.145
1852.046
1852.947
1853.814
1854.749
1855.616
1856.550
1857.418
1858.319
1859.153
1859.587
1860.021
1860.454
1860.888
1861.322
1861.756
1862.189
1862.623
1863.057
1863.491
1863.958
1864.392
1864.825
1865.259
1865.693
1866.193
1866.627
1867.061
1867.495
1867.928
1868.362
1868.796
1869.230
1869.664
1870.097
1870.531
1870.998
1871.432
1871.866
1872.333
1872.767
1873.234
1873.668
1874.101
1874.535
1874.969
1875.403
1875.836
1876.270
1876.704
1877.138
1877.571
1878.039
1878.472
1878.906
1879.340
1879.774
1880.207
1880.441
1880.675
1880.908
1881.142
1881.375
1881.609
1881.842
1882.076
1882.310
1882.543
1882.777
1883.010
1883.244
1883.477
1883.711
1883.944
1884.078
1884.211
1884.345
1884.478
1884.612
1884.745
1884.879
1885.012
1885.146
1885.279
1885.413
1885.546
1885.680
1885.813
1885.946
1886.080
1886.213
1886.347
1886.480
1886.614
1886.747
1886.881
1887.014
1887.148
1887.281
1887.748
1888.182
1888.616
1889.050
1889.483
1889.917
1890.384
1890.818
1890.951
1891.085
1891.719
1892.153
1892.586
1893.020
1893.454
1893.888
1894.322
1894.455
1894.588
1895.222
1895.656
1896.090
1896.524
1896.957
1897.391
1897.825
1897.958
1898.092
1898.559
1898.993
1899.427
1899.860
1900.294
1900.728
1901.162
1901.295
1901.429
1901.829
1902.296
1902.730
1903.197
1903.631
1904.065
1904.498
1904.932
1905.366
1905.833
1906.300
1906.734
1907.201
1907.635
1908.069
1908.502
1908.936
1909.370
1909.804
1910.271
1910.705
1911.172
1911.605
1912.039
1912.473
1912.907
1913.340
1913.808
1914.275
1914.709
1915.176
1915.609
1916.043
1916.477
1916.911
1917.345
1918.979
1919.180
1919.380
1919.580
1919.780
1919.980
1920.181
1920.381
1920.581
1920.781
1920.981
1921.182
1921.382
1921.582
1921.782
1921.982
1922.183
1922.383
1922.583
1922.783
1922.983
1923.184
1923.384
1923.584
1923.784
1923.984
1924.185
1924.385
1924.585
1924.785
1924.985
1925.186
1925.386
1925.586
1933.094
1933.294
1933.494
1933.694
1933.894
1934.095
1934.295
1934.495
1934.695
1934.895
1935.096
1935.296
1935.496
1935.696
1935.896
1936.097
1936.297
1936.497
1936.697
1936.897
1937.098
1937.298
1937.498
1937.698
1937.898
1938.099
1938.299
1938.499
1938.699
1938.899
1939.100
1939.300
1939.500
1939.700
1947.274
1947.475
1947.675
1947.875
1948.075
1948.275
1948.476
1948.676
1948.876
1949.076
1949.276
1949.477
1949.677
1949.877
1950.077
1950.277
1950.478
1950.678
1950.878
1951.078
1951.278
1951.479
1951.679
1951.879
1952.079
1952.279
1952.480
1952.680
1952.880
1953.080
1953.280
1953.481
1953.681
1953.881
1961.455
1961.655
1961.856
1962.056
1962.256
1962.456
1962.656
1962.857
1963.057
1963.257
1963.457
1963.657
1963.858
1964.058
1964.258
1964.458
1964.658
1964.859
1965.059
1965.259
1965.459
1965.659
1965.860
1966.060
1966.260
1966.460
1966.660
1966.861
1967.061
1967.261
1967.461
1967.661
1967.862
1968.062
1975.469
1975.669
1975.870
1976.070
1976.270
1976.470
1976.670
1976.871
1977.071
1977.271
1977.471
1977.671
1977.872
1978.072
1978.272
1978.472
1978.672
1978.873
1979.073
1979.273
1979.473
1979.673
1979.874
1980.074
1980.274
1980.474
1980.674
1980.875
1981.075
1981.275
1981.475
1981.675
1981.876
1982.076
1988.649
1989.116
1989.550
1990.017
1990.451
1990.885
1991.318
1991.752
1992.186
1992.653
1993.120
1993.554
1994.021
1994.455
1994.889
1995.322
1995.756
1996.190
1996.657
1997.124
1997.558
1998.025
1998.459
1998.893
1999.326
1999.760
2000.194
2000.661
2001.128
2001.562
2002.029
2002.463
2002.897
2003.330
2003.764
2004.198
2004.632
2005.099
2005.533
2006.000
2006.434
2006.867
2007.301
2007.735
2008.169
2010.771
2011.005
2011.238
2011.472
2011.705
2011.939
2012.173
2012.406
2012.640
2012.873
2013.107
2013.340
2013.574
2013.808
2014.041
2014.275
2014.508
2014.642
2014.775
2014.909
2015.042
2015.176
2015.309
2015.442
2015.576
2015.709
2015.843
2015.976
2016.110
2016.243
2016.377
2016.510
2016.644
2016.777
2016.911
2017.044
2017.178
2017.311
2017.444
2017.578
2017.711
2017.845
2017.978
2021.415
2021.849
2022.283
2022.716
2023.184
2023.617
2024.051
2024.485
2024.919
2025.386
2025.820
2026.253
2026.687
2027.121
2027.588
2028.022
2028.456
2028.889
2029.390
2029.824
2030.257
2030.691
2031.125
2031.559
2031.992
2032.426
2032.860
2033.360
2033.794
2034.228
2034.662
2035.095
2035.529
2035.963
2036.397
2036.831
2037.298
2037.731
2038.165
2038.599
2039.066
2039.500
2039.934
2040.367
2040.801
2041.268
2041.702
2042.136
2042.570
2043.003
2043.470
2043.904
2044.338
2044.772
2045.272
2045.706
2046.140
2053.280
2053.481
2053.681
2053.881
2054.081
2054.281
2054.482
2054.682
2054.882
2055.082
2055.282
2055.483
2055.683
2055.883
2056.083
2056.283
2056.484
2056.684
2056.884
2057.084
2057.284
2057.485
2057.685
2057.885
2058.085
2058.285
2058.486
2058.686
2058.886
2059.086
2059.286
2059.487
2059.687
2059.887
2063.757
2063.958
2064.158
2064.358
2064.558
2064.758
2064.959
2065.159
2065.359
2065.559
2065.759
2065.960
2066.160
2066.360
2066.560
2066.760
2066.961
2067.161
2067.361
2067.561
2067.761
2067.962
2068.162
2068.362
2068.562
2068.762
2068.963
2069.163
2069.363
2069.563
2069.763
2069.964
2070.164
2070.364
2071.799
2072.233
2072.666
2073.100
2073.567
2074.001
2074.435
2074.869
2075.302
2075.769
2076.203
2076.637
2077.071
2077.505
2077.972
2078.405
2078.839
2079.273
2079.707
2080.140
2080.574
2081.542
2081.742
2081.942
2082.142
2082.343
2082.543
2082.743
2082.943
2083.143
2083.344
2083.544
2083.744
2083.944
2084.144
2084.345
2084.545
2084.745
2084.945
2085.145
2085.346
2085.546
2085.746
2085.946
2086.146
2087.314
2087.515
2087.715
2087.915
2088.115
2088.315
2088.516
2088.716
2088.916
2089.116
2089.316
2089.517
2089.717
2089.917
2090.117
2090.317
2090.518
2090.718
2090.918
2091.118
2091.318
2091.519
2091.719
2091.919
2092.119
2092.319
2092.520
2092.720
2092.920
2093.120
2093.320
2093.521
2093.721
2093.921
2094.121
2094.321
2094.522
2094.722
2094.922
2095.122
2095.322
2095.523
2095.723
2095.923
2096.123
2096.323
2096.524
2096.724
2097.658
2098.092
2098.526
2098.959
2099.426
2099.860
2100.294
2100.728
2101.161
2101.629
2102.062
2102.496
2102.930
2103.364
2103.831
2104.265
2104.698
2105.132
2105.599
2106.033
2106.467
2106.901
2107.334
2107.768
2108.202
2108.636
2109.069
2109.570
2110.004
2110.437
2110.871
2111.305
2111.739
2112.172
2112.606
2113.040
2113.507
2113.954
2187.581
2187.982
2188.382
2188.816
2189.216
2189.617
2190.050
2190.451
2190.851
2191.318
2191.685
2192.086
2192.519
2192.920
2193.320
2193.754
2194.154
2194.555
2195.022
2195.422
2195.823
2196.256
2196.657
2197.057
2197.458
2197.891
2198.292
2198.759
2199.126
2199.526
2199.994
2200.394
2200.794
2201.228
2201.628
2202.029
2202.463
2202.863
2203.263
2203.731
2204.098
2204.498
2204.932
2205.332
2205.733
2206.166
2206.567
2206.967
2207.401
2207.801
2208.202
2208.635
2209.036
2209.436
2209.870
2210.270
2210.671
2211.105
2211.505
2211.905
2212.339
2212.740
2213.140
2213.607
2213.974
2214.375
2214.808
2215.209
2215.609
2216.043
2216.443
2216.844
2217.311
2217.711
2218.112
2218.545
2218.946
2219.346
2219.747
2224.418
2225.285
2226.153
2227.020
2227.888
2228.755
2229.622
2230.490
2231.357
2232.225
2233.092
2233.960
2234.827
2235.694
2236.562
2237.429
2238.297
2239.164
2240.032
2240.899
2241.766
2242.634
2243.501
2244.369
2245.236
2246.104
2246.971
2247.838
2248.706
2249.573
2250.441
2251.308
2252.175
2253.043
2253.910
2254.778
2255.645
2256.513
2257.380
2258.247
2274.441
2274.868
2275.302
2275.536
2275.769
2276.203
2276.637
2277.071
2277.271
2277.471
2277.905
2278.338
2278.772
2278.972
2279.173
2279.606
2280.040
2280.474
2280.674
2280.874
2281.308
2281.742
2282.176
2282.376
2282.576
2283.010
2283.444
2283.877
2284.111
2284.344
2284.778
2285.212
2285.746
2285.979
2286.213
2286.647
2287.081
2287.514
2287.748
2287.981
2288.415
2288.849
2289.283
2289.516
2289.750
2290.184
2290.617
2291.051
2291.251
2291.452
2291.885
2292.319
2292.753
2292.953
2293.153
2293.587
2294.021
2294.455
2294.655
2294.855
2295.289
2295.723
2296.156
2296.356
2296.557
2296.990
2297.424
2297.858
2298.092
2298.325
2298.759
2299.193
2299.726
2299.960
2300.194
2300.627
2301.061
2301.495
2301.729
2301.962
2302.396
2302.830
2303.263
2303.497
2303.731
2304.164
2304.598
2305.032
2305.232
2305.432
2305.866
2306.300
2306.734
2306.934
2307.134
2307.568
2308.001
2308.435
2308.635
2308.836
2309.269
2309.703
2310.137
2310.337
2310.537
2310.971
2311.405
2311.839
2312.072
2312.306
2312.740
2313.173
2313.707
2313.941
2314.174
2314.608
2315.042
2315.476
2315.709
2315.943
2316.376
2316.810
2317.244
2317.478
2317.711
2318.145
2318.579
2319.012
2319.213
2319.413
2319.847
2320.280
2320.714
2320.914
2321.115
2321.548
2321.982
2322.416
2322.616
2322.816
2323.250
2323.684
2324.118
2324.318
2324.518
2330.758
2331.191
2331.592
2332.025
2332.426
2332.860
2333.260
2333.694
2334.094
2334.528
2334.928
2335.362
2335.729
2336.163
2336.563
2336.997
2337.397
2337.831
2338.198
2338.632
2339.032
2339.466
2339.867
2340.300
2340.667
2341.101
2341.502
2341.935
2342.336
2342.770
2343.137
2343.570
2343.971
2344.404
2344.805
2345.239
2345.639
2346.073
2346.473
2346.907
2347.307
2347.741
2348.108
2348.542
2348.942
2349.376
2349.777
2350.210
2350.577
2351.011
2351.411
2351.845
2352.246
2352.679
2353.046
2353.480
2353.881
2354.314
2354.715
2355.149
2355.549
2355.983
2356.383
2356.817
2357.217
2357.651
2358.018
2358.452
2358.852
2359.286
2359.720
2360.120
2360.487
2360.921
2361.355
2361.755
2362.156
2362.589
2362.956
2363.390
2363.790
2364.224
2364.625
2365.058
2365.425
2365.859
2366.260
2366.693
2367.094
2367.528
2367.928
2368.362
2368.762
2369.096
2369.630
2370.030
2370.364
2370.831
2371.231
2371.665
2372.065
2372.499
2383.810
2384.011
2384.211
2384.411
2384.611
2384.811
2385.012
2385.212
2385.412
2385.612
2385.812
2386.013
2386.213
2386.413
2386.613
2386.813
2387.014
2387.214
2387.414
2387.614
2387.814
2388.015
2388.215
2388.415
2388.615
2388.815
2389.016
2389.216
2389.416
2389.616
2389.816
2390.017
2390.217
2390.417
2390.617
2390.817
2391.018
2391.218
2391.418
2391.618
2391.818
2392.019
2392.219
2392.419
2392.619
2392.819
2393.020
2393.220
2393.420
2393.620
2393.820
2394.021
2394.221
2394.421
2394.621
2394.821
2395.022
2395.222
2395.422
2395.622
2395.822
2396.023
2396.223
2396.423
2396.623
2396.823
2397.024
2397.224
2397.424
2397.624
2397.824
2398.025
2398.225
2398.425
2398.625
2398.825
2399.026
2399.226
2399.426
2399.626
2399.826
2400.027
2400.227
2400.427
2400.627
2400.827
2401.028
2401.228
2406.300
2406.500
2406.700
2406.900
2407.100
2407.301
2407.501
2407.701
2407.901
2408.101
2408.302
2408.502
2408.702
2408.902
2409.102
2409.303
2409.503
2409.703
2409.903
2410.103
2410.304
2410.504
2410.704
2410.904
2411.104
2411.305
2411.505
2411.705
2411.905
2412.105
2412.306
2412.506
2412.706
2412.906
2413.106
2413.307
2413.507
2413.707
2413.907
2414.107
2414.308
2414.508
2414.708
2414.908
2415.108
2415.309
2415.509
2415.709
2415.909
2416.109
2416.310
2416.510
2416.710
2416.910
2417.110
2417.311
2417.511
2417.711
2417.911
2418.111
2418.312
2418.512
2418.712
2418.912
2419.112
2419.313
2419.513
2419.713
2419.913
2420.113
2420.314
2420.514
2420.714
2420.914
2421.114
2421.315
2421.515
2421.715
2421.915
2422.115
2422.316
2422.516
2422.716
2422.916
2423.116
2423.317
2423.517
2423.717
2497.758
2498.225
2498.692
2499.159
2499.626
2500.127
2500.594
2501.061
2501.528
2501.995
2502.462
2502.963
2503.430
2503.897
2504.364
2504.831
2505.332
2505.799
2506.266
2506.733
2507.200
2507.668
2508.168
2508.635
2509.102
2509.569
2510.037
2510.537
2511.004
2511.471
2512.439
2512.673
2512.906
2513.340
2513.807
2514.274
2514.741
2515.208
2515.709
2516.176
2516.643
2517.110
2517.577
2518.045
2518.545
2519.012
2519.479
2519.947
2520.414
2520.914
2521.381
2521.848
2522.316
2522.783
2523.250
2523.684
2524.151
2524.618
2525.085
2525.552
2526.053
2526.520
2526.987
2527.454
2527.921
2528.388
2528.922
2529.389
2529.856
2530.324
2530.791
2531.291
2531.758
2532.225
2532.693
2533.160
2533.627
2534.127
2534.594
2535.062
2535.529
2535.996
2536.496
2536.964
2537.431
2537.898
2538.365
2538.832
2539.299
2539.766
2540.233
2540.701
2541.168
2541.668
2542.135
2542.602
2543.070
2543.537
2544.004
2544.538
2545.005
2545.472
2545.939
2546.406
2546.907
2547.374
2547.841
2548.308
2548.775
2549.242
2549.710
2550.177
2550.644
2551.111
2551.578
2552.079
2552.546
2553.013
2553.480
2553.947
2554.414
2554.881
2555.349
2555.816
2556.283
2556.750
2557.250
2557.718
2558.185
2558.652
2559.119
2559.586
2560.087
2560.554
2561.021
2561.488
2561.955
2562.456
2562.923
2563.390
2563.857
2564.324
2564.791
2565.258
2565.726
2566.193
2566.660
2567.127
2567.627
2568.095
2568.562
2569.029
2569.496
2569.963
2570.464
2570.931
2571.398
2571.865
2572.332
2572.532
2572.733
2572.866
2572.999
2573.133
2573.266
2574.568
2574.768
2576.470
2576.670
2577.971
2578.171
2578.372
2578.572
2578.772
2580.040
2580.240
2580.440
2582.075
2582.275
2583.977
2584.177
2585.479
2585.679
2585.879
2586.079
2586.279
2587.547
2587.748
2587.948
2589.583
2589.783
2591.485
2591.685
2592.986
2593.186
2593.387
2593.587
2593.787
2595.055
2595.255
2595.455
2597.090
2597.290
2598.992
2599.192
2600.494
2600.694
2600.894
2601.094
2601.294
2602.562
2602.763
2602.963
2604.598
2604.798
2606.500
2606.700
2608.001
2608.201
2608.402
2608.602
2608.802
2610.070
2610.270
2610.470
2612.105
2612.305
2614.007
2614.207
2615.509
2615.709
2615.909
2616.109
2616.309
2617.577
2617.778
2617.978
2621.982
2622.449
2622.916
2623.383
2623.850
2624.351
2624.818
2625.285
2625.752
2626.219
2626.686
2627.187
2627.654
2628.121
2628.588
2629.056
2629.556
2630.023
2630.490
2630.957
2631.425
2631.892
2632.359
2632.826
2633.293
2633.760
2634.227
2634.728
2635.195
2635.662
2636.129
2636.596
2637.063
2637.564
2638.031
2638.498
2638.965
2639.433
2639.933
2640.400
2640.867
2641.334
2641.802
2642.269
2642.669
2643.136
2643.603
2644.071
2644.538
2645.038
2645.505
2645.972
2646.440
2646.907
2647.374
2648.141
2648.341
2648.542
2648.742
2648.942
2649.142
2649.342
2649.543
2649.743
2649.943
2650.143
2650.343
2650.544
2650.744
2650.944
2651.144
2651.344
2651.545
2651.745
2651.945
2652.145
2652.345
2652.546
2652.746
2652.946
2653.146
2653.346
2653.547
2653.747
2653.947
2654.147
2654.347
2654.548
2654.748
2654.948
2655.148
2655.348
2655.549
2655.749
2655.949
2656.149
2656.349
2656.550
2656.750
2656.950
2657.150
2657.350
2657.551
2657.751
2657.951
2658.151
2658.351
2658.552
2658.752
2658.952
2659.152
2659.352
2659.553
2659.753
2659.953
2660.153
2660.353
2660.554
2660.754
2660.954
2661.154
2661.354
2661.555
2661.755
2661.955
2662.155
2662.355
2662.556
2662.756
2662.956
2663.156
2663.356
2664.424
2664.624
2666.326
2666.526
2667.828
2668.028
2668.228
2668.428
2668.628
2669.896
2670.097
2670.297
2670.764
2670.964
2671.164
2671.364
2671.565
2671.765
2671.965
2672.165
2672.365
2672.566
2672.766
2672.966
2673.166
2673.366
2673.567
2673.767
2673.967
2674.167
2674.367
2674.568
2674.768
2674.968
2675.168
2675.368
2675.569
2675.769
2675.969
2676.169
2676.369
2676.570
2676.770
2676.970
2677.170
2677.370
2677.571
2677.771
2677.971
2678.171
2678.371
2678.572
2678.772
2678.972
2679.172
2679.372
2679.573
2679.773
2679.973
2680.173
2680.373
2680.574
2680.774
2680.974
2681.174
2681.374
2681.575
2681.775
2681.975
2682.175
2682.375
2682.576
2682.776
2682.976
2683.176
2683.376
2683.577
2683.777
2683.977
2684.177
2684.377
2684.578
2684.778
2684.978
2685.178
2685.378
2685.579
2685.779
2685.979
2686.179
2686.379
2686.580
2686.780
2686.980
2687.180
2687.380
2687.581
2687.781
2687.981
2688.181
2688.381
2688.582
2688.782
2688.982
2689.182
2689.382
2689.583
2689.783
2689.983
2690.183
2690.383
2690.584
2690.784
2690.984
2691.184
2691.384
2691.585
2691.785
2691.985
2692.185
2692.385
2692.586
2692.786
2692.986
2693.186
2693.386
2693.587
2693.787
2693.987
2694.187
2694.387
2694.588
2694.788
2694.988
2695.188
2695.388
2695.589
2695.789
2695.989
2696.189
2696.389
2696.590
2696.790
2696.990
2697.190
2697.390
2697.591
2697.791
2697.991
2698.191
2698.391
2698.592
2698.792
2698.992
2699.192
2699.392
2699.593
2699.793
2699.993
2700.193
2700.393
2700.594
2700.794
2700.994
2701.194
2701.394
2702.229
2702.429
2704.130
2704.331
2705.632
2705.832
2706.032
2706.233
2706.433
2707.701
2707.901
2708.101
2712.839
2713.306
2713.773
2714.241
2714.708
2715.208
2715.675
2716.142
2716.610
2717.077
2717.544
2718.044
2718.512
2718.979
2719.446
2719.913
2720.413
2720.881
2721.348
2721.815
2722.282
2722.749
2723.216
2723.683
2724.151
2724.618
2725.085
2725.585
2726.052
2726.520
2726.987
2727.454
2727.921
2728.421
2728.889
2729.356
2729.823
2730.290
2730.790
2731.258
2731.725
2732.192
2732.659
2733.126
2733.593
2734.060
2734.528
2734.995
2735.462
2735.962
2736.429
2736.897
2737.364
2737.831
2738.298
2738.798
2739.266
2739.733
2740.200
2740.667
2741.167
2741.635
2742.102
2742.569
2743.036
2743.503
2743.970
2744.437
2744.905
2745.372
2745.839
2746.339
2746.806
2747.274
2747.741
2748.208
2748.675
2749.176
2749.643
2750.110
2750.577
2751.044
2752.145
2752.345
2752.546
2752.746
2752.946
2753.146
2753.346
2753.547
2753.747
2753.947
2754.147
2754.347
2754.548
2754.748
2754.948
2755.148
2755.348
2755.549
2755.749
2755.949
2756.149
2756.349
2756.550
2756.750
2756.950
2757.150
2757.350
2757.551
2757.751
2757.951
2758.151
2758.351
2758.552
2758.752
2758.952
2759.152
2759.352
2759.553
2759.753
2759.953
2760.153
2760.353
2760.554
2760.754
2760.954
2761.154
2761.354
2761.555
2761.755
2761.955
2762.155
2762.355
2762.556
2762.756
2762.956
2763.156
2763.356
2763.557
2763.757
2763.957
2764.157
2764.357
2764.558
2764.758
2764.958
2765.158
2765.358
2767.194
2767.327
2767.460
2767.594
2767.727
2767.861
2767.994
2768.128
2768.261
2768.395
2768.528
2768.662
2768.795
2768.929
2769.062
2769.195
2769.329
2769.462
2769.596
2769.729
2769.863
2769.996
2770.130
2770.263
2770.397
2770.530
2770.664
2770.797
2770.931
2771.064
2771.197
2771.331
2771.464
2771.598
2771.731
2771.865
2771.998
2772.132
2772.265
2772.399
2772.532
2772.666
2772.799
2772.933
2773.066
2773.199
2773.333
2773.466
2773.600
2773.733
2773.867
2774.000
2774.134
2774.267
2774.401
2774.534
2774.668
2774.801
2774.935
2775.068
2775.201
2775.335
2775.468
2775.602
2775.735
2775.869
2776.002
2776.136
2776.269
2776.403
2776.536
2776.670
2776.803
2776.937
2777.070
2777.203
2777.337
2777.470
2777.604
2777.737
2777.871
2778.004
2778.138
2778.271
2778.405
2778.538
2778.672
2778.805
2778.939
2779.072
2779.205
2779.339
2779.472
2779.606
2779.739
2779.873
2780.006
2780.140
2780.273
2780.407
2780.540
2780.674
2780.807
2780.941
2781.074
2781.207
2781.341
2781.474
2781.608
2781.741
2781.875
2782.008
2782.142
2784.244
2784.711
2785.178
2785.645
2786.112
2786.613
2787.080
2787.547
2788.014
2788.481
2788.949
2789.449
2789.916
2790.383
2790.850
2791.318
2791.818
2792.285
2792.752
2793.220
2793.687
2794.154
2794.621
2795.088
2795.555
2796.022
2796.489
2796.990
2797.457
2797.924
2798.391
2798.858
2799.326
2799.826
2800.293
2800.760
2801.228
2801.695
2802.195
2802.662
2803.129
2803.597
2804.064
2812.606
2813.073
2813.540
2814.007
2814.474
2814.975
2815.442
2815.909
2816.376
2816.843
2817.310
2817.811
2818.278
2818.745
2819.212
2819.679
2820.180
2820.647
2821.114
2821.581
2822.048
2822.515
2822.983
2823.450
2823.917
2824.384
2824.851
2825.352
2825.819
2826.286
2826.753
2827.220
2827.687
2828.188
2828.655
2829.122
2829.589
2830.056
2830.557
2831.024
2831.491
2831.958
2832.425
2832.892
2833.360
2833.827
2834.294
2834.761
2835.228
2835.729
2836.196
2836.663
2837.130
2837.597
2838.064
2838.565
2839.032
2839.499
2839.966
2840.433
2840.934
2841.401
2841.868
2842.335
2842.802
2843.270
2844.070
2844.204
2844.604
2845.005
2845.138
2845.572
2846.006
2846.139
2846.539
2846.940
2847.073
2847.474
2847.874
2848.008
2848.408
2848.808
2848.942
2849.376
2849.776
2849.909
2850.343
2850.744
2850.877
2851.277
2851.678
2851.811
2852.245
2852.646
2852.779
2853.179
2853.580
2853.713
2854.114
2854.514
2854.648
2855.048
2855.448
2855.582
2855.982
2856.383
2856.516
2856.916
2857.317
2857.450
2857.917
2858.318
2858.451
2858.852
2859.252
2859.386
2859.786
2860.186
2860.320
2860.754
2861.154
2861.287
2861.688
2862.088
2862.222
2862.622
2863.023
2863.156
2863.590
2863.990
2864.124
2864.524
2864.924
2865.058
2865.458
2865.859
2865.992
2866.426
2866.826
2866.960
2867.360
2867.761
2867.894
2868.294
2868.695
2868.828
2869.262
2869.663
2869.796
2870.196
2870.597
2870.730
2871.131
2871.531
2871.665
2872.098
2872.499
2872.632
2873.033
2873.433
2873.566
2873.967
2874.367
2874.501
2874.934
2875.335
2875.468
2875.869
2876.269
2876.403
2876.803
2877.203
2877.337
2877.771
2878.171
2878.304
2878.705
2879.105
2879.239
2879.639
2880.040
2880.173
2880.607
2881.007
2881.141
2881.541
2881.941
2882.075
2882.475
2882.876
2883.009
2883.443
2883.843
2883.977
2884.377
2884.778
2884.911
2885.312
2885.712
2885.845
2886.279
2886.680
2886.813
2887.213
2887.614
2887.747
2888.148
2888.548
2888.682
2889.115
2889.516
2889.649
2890.050
2890.450
2890.583
2890.984
2891.384
2891.518
2891.951
2892.352
2892.485
2892.886
2893.286
2893.420
2893.820
2894.220
2894.354
2894.788
2895.188
2895.322
2895.722
2903.697
2903.897
2904.097
2904.297
2904.497
2904.698
2904.898
2905.098
2905.298
2905.498
2905.699
2905.899
2906.099
2906.299
2906.499
2906.700
2906.900
2907.100
2907.300
2907.500
2907.701
2907.901
2908.101
2908.301
2908.501
2908.702
2908.902
2909.102
2909.302
2909.502
2909.703
2909.903
2910.103
2910.303
2910.503
2910.704
2910.904
2911.104
2911.304
2911.504
2911.705
2911.905
2912.105
2912.305
2912.505
2912.706
2912.906
2913.106
2913.306
2913.506
2913.707
2913.907
2914.107
2914.307
2914.507
2914.708
2914.908
2915.108
2915.308
2915.508
2915.709
2915.909
2916.109
2916.309
2916.509
2916.710
2916.910
2917.110
2917.310
2917.510
2917.711
2917.911
2918.111
2918.311
2918.511
2918.712
2918.912
2920.146
2920.346
2922.048
2922.248
2923.550
2923.750
2923.950
2924.150
2924.351
2925.618
2925.819
2926.019
2926.386
2926.586
2926.786
2926.986
2927.187
2927.387
2927.587
2927.787
2927.987
2928.188
2928.388
2928.588
2928.788
2928.988
2929.189
2929.389
2929.589
2929.789
2929.989
2930.190
2930.390
2930.590
2930.790
2930.990
2931.191
2931.391
2931.591
2931.791
2931.991
2932.192
2932.392
2932.592
2932.792
2932.992
2933.193
2933.393
2933.593
2933.793
2933.993
2934.194
2934.394
2934.594
2934.794
2934.994
2935.195
2935.395
2935.595
2935.795
2935.995
2936.196
2936.396
2936.596
2936.796
2936.996
2937.197
2937.397
2937.597
2937.797
2937.997
2938.198
2938.398
2938.598
2938.798
2938.998
2939.199
2939.399
2939.599
2939.799
2939.999
2940.200
2940.400
2940.600
2940.800
2941.000
2941.201
2941.401
2941.601
2949.175
2949.375
2949.576
2949.776
2949.976
2950.176
2950.376
2950.577
2950.777
2950.977
2951.177
2951.377
2951.578
2951.778
2951.978
2952.178
2952.378
2952.579
2952.779
2952.979
2953.179
2953.379
2953.580
2953.780
2953.980
2954.180
2954.380
2954.581
2954.781
2954.981
2955.181
2955.381
2955.582
2955.782
2955.982
2956.182
2956.382
2956.583
2956.783
2956.983
2957.183
2957.383
2957.584
2957.784
2957.984
2958.184
2958.384
2958.585
2958.785
2958.985
2959.185
2959.385
2959.586
2959.786
2959.986
2960.186
2960.386
2960.587
2960.787
2960.987
2961.187
2961.387
2961.588
2961.788
2961.988
2962.188
2962.388
2962.589
2962.789
2962.989
2963.189
2963.389
2963.590
2963.790
2963.990
2964.190
2964.390
2967.994
2968.461
2968.928
2969.395
2969.863
2970.363
2970.830
2971.297
2971.765
2972.232
2972.699
2973.199
2973.666
2974.134
2974.601
2975.068
2975.568
2976.035
2976.503
2976.970
2977.437
2977.904
2978.405
2978.872
2979.339
2979.806
2980.273
2980.774
2981.241
2981.708
2982.175
2982.642
2983.109
2983.610
2984.077
2984.544
2985.011
2985.478
2985.979
2986.446
2986.913
2987.380
2987.847
2988.314
2988.815
2989.282
2989.749
2990.216
2990.683
2991.184
2991.651
2992.118
2992.585
2993.052
2993.520
2994.020
2994.487
2994.954
2995.422
2995.889
2996.389
2996.856
2997.323
2997.791
2998.258
2998.725
2999.225
2999.692
3000.160
3000.627
3001.094
3001.594
3002.061
3002.529
3002.996
3003.463
3003.930
3004.430
3004.898
3007.734
3007.934
3008.134
3008.334
3008.535
3008.735
3008.935
3009.135
3009.335
3009.536
3009.736
3009.936
3010.136
3010.336
3010.537
3010.737
3010.937
3011.137
3011.337
3011.538
3011.738
3011.938
3012.138
3012.338
3012.539
3012.739
3012.939
3013.139
3013.339
3013.540
3013.740
3013.940
3014.140
3014.340
3014.541
3014.741
3014.941
3015.141
3015.341
3015.542
3015.742
3015.942
3016.142
3016.342
3016.543
3016.743
3016.943
3017.143
3017.343
3017.544
3017.744
3017.944
3018.144
3018.344
3018.545
3018.745
3018.945
3019.145
3019.345
3019.546
3019.746
3019.946
3020.146
3020.346
3020.547
3020.747
3020.947
3021.147
3021.347
3021.548
3022.782
3022.916
3023.049
3023.183
3023.316
3023.449
3023.583
3023.716
3023.850
3023.983
3024.117
3024.250
3024.384
3024.517
3024.651
3024.784
3024.918
3025.051
3025.185
3025.318
3025.451
3025.585
3025.718
3025.852
3025.985
3026.119
3026.252
3026.386
3028.521
3028.655
3028.788
3028.922
3029.055
3029.189
3029.322
3029.455
3029.589
3029.722
3029.856
3029.989
3030.123
3030.256
3030.390
3030.523
3030.657
3030.790
3030.924
3031.057
3031.191
3031.324
3031.457
3031.591
3031.724
3031.858
3031.991
3032.125
3032.258
3032.392
3032.525
3032.659
3032.792
3032.926
3033.059
3033.193
3033.326
3033.459
3033.593
3033.726
3033.860
3033.993
3034.127
3034.260
3034.394
3034.527
3034.661
3034.794
3034.928
3035.061
3035.195
3035.328
3035.461
3035.595
3035.728
3035.862
3035.995
3036.129
3036.262
3036.396
3036.529
3036.663
3036.796
3036.930
3037.063
3037.197
3037.330
3037.463
3037.597
3037.730
3037.864
3038.331
3038.798
3039.265
3039.732
3040.200
3040.667
3041.134
3041.601
3042.068
3042.535
3043.036
3043.503
3043.970
3044.437
3044.904
3045.371
3045.872
3046.339
3046.806
3047.273
3047.740
3048.241
3048.708
3049.175
3049.642
3050.109
3050.577
3051.044
3051.511
3051.978
3052.445
3052.912
3053.947
3054.881
3055.815
3056.716
3057.650
3058.618
3059.552
3060.486
3061.488
3061.955
3062.422
3062.889
3063.356
3063.857
3064.324
3064.791
3065.258
3065.725
3066.192
3066.659
3067.126
3067.594
3068.061
3068.528
3069.028
3069.496
3069.963
3070.430
3070.897
3071.364
3071.831
3072.165
3072.398
3072.632
3072.866
3073.099
3073.333
3073.566
3073.800
3074.033
3074.267
3074.500
3074.734
3074.968
3075.201
3075.435
3075.668
3075.902
3076.135
3076.369
3076.603
3076.836
3077.070
3077.303
3077.537
3077.770
3078.004
3078.238
3078.471
3078.705
3078.938
3079.172
3079.405
3079.639
3079.873
3080.106
3080.340
3080.573
3085.245
3085.478
3085.712
3085.945
3086.179
3086.412
3086.646
3086.880
3087.113
3087.347
3087.580
3087.814
3088.047
3088.281
3088.514
3088.748
3088.982
3089.215
3089.449
3089.682
3089.916
3092.752
3092.986
3093.219
3093.453
3093.686
3093.920
3094.153
3094.387
3094.621
3094.854
3095.088
3095.321
3095.555
3095.788
3096.022
3096.256
3096.489
3096.723
3096.956
3097.190
3097.423
3100.360
3100.493
3100.627
3100.760
3100.894
3101.027
3101.160
3101.294
3101.427
3101.561
3101.694
3101.828
3101.961
3102.095
3102.228
3102.362
3102.495
3102.629
3102.762
3102.896
3103.029
3103.162
3103.296
3103.429
3103.563
3103.696
3103.830
3103.963
3104.097
3104.230
3104.364
3104.497
3104.631
3104.764
3104.898
3105.031
3107.867
3108.001
3108.134
3108.268
3108.401
3108.534
3108.668
3108.801
3108.935
3109.068
3109.202
3109.335
3109.469
3109.602
3109.736
3109.869
3110.003
3110.136
3110.270
3110.403
3110.536
3110.670
3110.803
3110.937
3111.070
3111.204
3111.337
3111.471
3111.604
3111.738
3111.871
3112.005
3112.138
3112.272
3112.405
3112.538
3115.441
3115.675
3115.909
3116.142
3116.376
3116.609
3116.843
3117.076
3117.310
3117.543
3117.777
3118.011
3118.244
3118.478
3118.711
3118.945
3119.178
3119.412
3119.646
3119.879
3120.113
3122.949
3123.182
3123.416
3123.650
3123.883
3124.117
3124.350
3124.584
3124.817
3125.051
3125.285
3125.518
3125.752
3125.985
3126.219
3126.452
3126.686
3126.920
3127.153
3127.387
3127.620
3212.129
3212.580
3213.031
3213.483
3213.934
3214.385
3214.836
3215.287
3215.738
3216.190
3216.641
3217.092
3217.543
3217.994
3218.446
3218.897
3219.348
3219.799
3220.250
3220.701
3221.153
3221.604
3222.055
3222.506
3222.957
3223.409
3223.860
3224.311
3224.762
3225.213
3225.664
3226.116
3226.567
3227.018
3227.469
3227.920
3228.372
3228.823
3229.274
3229.725
3230.176
3230.627
3231.079
3231.530
3231.981
3232.432
3232.883
3233.335
3233.786
3234.237
3234.688
3235.139
3235.590
3236.042
3236.493
3236.944
3237.395
3237.846
3238.298
3238.749
3239.200
3239.651
3240.102
3240.553
3241.005
3241.456
3241.907
3242.358
3242.809
3243.261
3243.712
3244.163
3244.614
3245.065
3245.516
3245.968
3246.419
3246.870
3247.321
3247.772
3248.224
3248.675
3249.126
3249.577
3250.028
3250.479
3250.931
3251.382
3251.833
3252.284
3252.735
3253.187
3253.638
3254.089
3254.540
3254.991
3255.442
3255.894
3256.345
3256.796
3257.247
3257.698
3259.954
3260.405
3260.857
3261.308
3261.759
3262.210
3262.661
3263.113
3263.564
3264.015
3264.466
3264.917
3265.368
3265.820
3266.271
3266.722
3267.173
3267.624
3268.076
3268.527
3268.978
3269.429
3269.880
3270.331
3270.783
3271.234
3271.685
3272.136
3272.587
3273.039
3273.490
3273.941
3274.392
3274.843
3275.294
3275.746
3276.197
3276.648
3277.099
3277.550
3278.001
3278.453
3278.904
3279.355
3279.806
3280.257
3280.709
3281.160
3281.611
3282.062
3282.513
3282.964
3283.416
3283.867
3284.318
3284.769
3285.220
3285.672
3286.123
3286.574
3287.025
3287.476
3287.927
3288.379
3288.830
3289.281
3289.732
3290.183
3290.635
3291.086
3291.537
3291.988
3292.439
3292.890
3293.342
3293.793
3294.244
3294.695
3295.146
3295.598
3296.049
3296.500
3296.951
3297.402
3297.853
3298.305
3298.756
3299.207
3299.658
3300.109
3300.561
3301.012
3301.463
3301.914
3302.365
3302.816
3303.268
3303.719
3304.170
3304.621
3305.072
3305.524
3305.975
3306.426
3306.877
3307.328
3307.779
3308.231
3308.682
3309.133
3309.584
3310.035
3310.487
3310.938
3311.389
3311.840
3312.291
3312.742
3313.194
3313.645
3314.096
3314.547
3314.998
3315.441
3315.641
3315.842
3316.042
3316.242
3316.442
3316.642
3316.843
3317.043
3317.243
3317.443
3317.643
3317.844
3318.044
3318.244
3318.444
3318.644
3318.845
3319.045
3319.245
3319.445
3319.645
3319.846
3320.046
3320.246
3320.446
3320.646
3320.847
3321.047
3321.247
3321.447
3321.647
3321.848
3322.048
3322.248
3322.448
3322.648
3322.849
3323.049
3323.249
3323.449
3323.649
3323.850
3324.050
3324.250
3324.450
3324.650
3324.851
3325.051
3325.918
3326.052
3326.185
3326.319
3326.452
3326.586
3326.719
3326.853
3326.986
3327.120
3327.253
3327.386
3327.520
3327.653
3327.787
3327.920
3328.054
3328.187
3328.321
3328.454
3328.588
3328.721
3328.855
3328.988
3329.122
3329.255
3329.388
3329.522
3329.655
3329.789
3329.922
3330.056
3330.189
3330.323
3330.456
3330.590
3330.723
3330.857
3330.990
3331.124
3331.257
3331.390
3331.524
3331.657
3331.791
3331.924
3332.058
3338.030
3338.231
3338.431
3338.631
3338.831
3339.031
3339.232
3339.432
3339.632
3339.832
3340.032
3340.233
3340.433
3340.633
3340.833
3341.033
3341.234
3341.434
3341.634
3341.834
3342.034
3342.235
3342.435
3342.635
3342.835
3343.035
3343.236
3343.436
3343.636
3343.836
3344.036
3344.237
3344.437
3344.637
3344.837
3345.037
3345.238
3345.438
3345.638
3345.838
3346.038
3346.239
3346.439
3346.639
3346.839
3347.039
3347.240
3347.440
3347.640
3347.840
3348.040
3348.241
3348.441
3349.208
3349.342
3349.475
3349.609
3349.742
3349.876
3350.009
3350.143
3350.276
3350.409
3350.543
3350.676
3350.810
3350.943
3351.077
3351.210
3351.344
3351.477
3351.611
3351.744
3351.878
3352.011
3352.145
3352.278
3352.411
3352.545
3352.678
3352.812
3352.945
3353.079
3353.212
3353.346
3353.479
3353.613
3353.746
3353.880
3354.013
3354.147
3354.280
3354.413
3354.547
3354.680
3354.814
3354.947
3355.081
3355.214
3355.348
3355.481
3355.615
3355.748
3355.882
3356.015
3356.149
3356.282
3356.415
3356.549
3356.682
3356.816
3356.949
3357.083
3357.216
3357.350
3357.483
3357.617
3357.750
3357.884
3358.017
3358.151
3358.284
3358.417
3358.551
3358.684
3358.818
3358.951
3359.085
3359.218
3359.352
3359.485
3359.619
3359.752
3359.886
3360.019
3360.153
3360.286
3360.419
3360.553
3360.686
3362.455
3362.655
3362.855
3363.055
3363.256
3363.456
3363.656
3363.856
3364.056
3364.257
3364.457
3364.657
3364.857
3365.057
3365.258
3365.458
3365.658
3365.858
3366.058
3366.259
3366.459
3366.659
3366.859
3367.059
3367.260
3367.460
3367.660
3367.860
3368.060
3368.261
3368.461
3368.661
3368.861
3369.061
3369.262
3369.462
3369.662
3369.862
3370.062
3370.263
3370.463
3370.663
3370.863
3371.063
3371.264
3371.464
3371.664
3371.864
3372.064
3372.265
3372.465
3374.066
3374.200
3374.333
3374.467
3374.600
3374.734
3374.867
3375.001
3375.134
3375.268
3375.401
3375.535
3375.668
3375.801
3375.935
3376.068
3376.202
3376.335
3376.469
3376.602
3376.736
3376.869
3377.003
3377.136
3377.270
3377.403
3377.537
3377.670
3377.803
3377.937
3378.070
3378.204
3378.337
3378.471
3378.604
3378.738
3378.871
3379.005
3379.138
3379.272
3379.405
3379.539
3379.672
3379.805
3379.939
3380.072
3380.206
3380.339
3380.473
3380.606
3380.740
3380.873
3381.007
3381.140
3381.274
3381.407
3381.541
3381.674
3381.807
3381.941
3382.074
3382.208
3382.341
3382.475
3382.608
3382.742
3382.875
3383.009
3383.142
3383.276
3383.409
3383.543
3383.676
3383.809
3383.943
3384.076
3384.210
3384.343
3384.477
3384.610
3384.744
3384.877
3385.011
3385.144
3385.278
3385.411
3385.545
3385.678
3385.811
3385.945
3386.078
3386.212
3386.345
3387.680
3387.880
3388.080
3388.281
3388.481
3388.681
3388.881
3389.081
3389.282
3389.482
3389.682
3389.882
3390.082
3390.283
3390.483
3390.683
3390.883
3391.083
3391.284
3391.484
3391.684
3391.884
3392.084
3392.285
3392.485
3392.685
3392.885
3393.085
3393.286
3393.486
3393.686
3393.886
3394.086
3394.287
3394.487
3394.687
3394.887
3395.087
3395.288
3395.488
3395.688
3395.888
3396.088
3396.289
3396.489
3396.689
3396.889
3397.089
3397.290
3397.490
3397.690
3397.890
3398.090
3398.291
3398.491
3398.691
3398.891
3399.091
3399.292
3399.492
3399.692
3399.892
3400.092
3400.293
3400.493
3400.693
3400.893
3401.093
3401.294
3401.494
3401.694
3401.894
3402.094
3402.295
3402.495
3402.695
3402.895
3403.095
3403.296
3403.496
3403.696
3403.896
3404.096
3404.297
3404.497
3404.697
3404.897
3405.097
3405.298
3405.498
3405.698
3405.898
3406.098
3406.299
3406.499
3406.699
3410.169
3410.369
3410.570
3410.770
3410.970
3411.170
3411.370
3411.571
3411.771
3411.971
3412.171
3412.371
3412.572
3412.772
3412.972
3413.172
3413.372
3413.573
3413.773
3413.973
3414.173
3414.373
3414.574
3414.774
3414.974
3415.174
3415.374
3415.575
3415.775
3415.975
3416.175
3416.375
3418.678
3418.811
3418.945
3419.078
3419.212
3419.345
3419.478
3419.612
3419.745
3419.879
3420.012
3420.146
3420.279
3420.413
3420.546
3420.680
3420.813
3420.947
3421.080
3421.214
3421.347
3421.480
3421.614
3421.747
3421.881
3422.014
3422.148
3422.281
3422.415
3422.548
3422.682
3422.815
3422.949
3423.082
3423.216
3423.349
3423.482
3423.616
3423.749
3423.883
3424.016
3424.150
3424.283
3424.417
3424.550
3424.684
3424.817
3424.951
3425.084
3425.218
3425.351
3425.484
3425.618
3425.751
3425.885
3426.018
3426.152
3426.285
3426.419
3426.552
3426.686
3426.819
3426.953
3427.086
3427.220
3427.353
3427.486
3427.620
3427.753
3427.887
3428.020
3428.154
3428.287
3428.421
3428.554
3428.688
3428.821
3428.955
3429.088
3429.222
3429.355
3429.488
3429.622
3429.755
3429.889
3430.022
3430.156
3430.289
3430.423
3430.556
3430.690
3430.823
3430.957
3431.090
3431.224
3431.357
3431.490
3431.624
3431.757
3431.891
3432.024
3432.158
3432.291
3432.425
3432.558
3432.692
3432.825
3432.959
3433.092
3434.527
3434.727
3434.927
3435.127
3435.328
3435.528
3435.728
3435.928
3436.128
3436.329
3436.529
3436.729
3436.929
3437.129
3437.330
3437.530
3437.730
3437.930
3438.130
3438.331
3438.531
3438.731
3438.931
3439.131
3439.332
3439.532
3439.732
3439.932
3440.132
3440.333
3440.533
3440.733
3440.933
3441.133
3441.334
3441.534
3441.734
3441.934
3442.134
3442.335
3442.535
3442.735
3442.935
3443.135
3443.336
3443.536
3443.736
3443.936
3444.136
3444.337
3444.537
3444.737
3444.937
3445.137
3445.338
3446.606
3446.739
3446.872
3447.006
3447.139
3447.273
3447.406
3447.540
3447.673
3447.807
3447.940
3448.074
3448.207
3448.341
3448.474
3448.608
3448.741
3448.874
3449.008
3449.141
3449.275
3449.408
3449.542
3449.675
3449.809
3449.942
3450.076
3450.209
3450.343
3450.476
3450.610
3450.743
3450.876
3451.010
3451.143
3451.277
3451.410
3451.544
3451.677
3451.811
3451.944
3452.078
3452.211
3452.345
3452.478
3452.612
3452.745
3452.878
3453.012
3453.145
3453.279
3453.412
3453.546
3453.679
3453.813
3453.946
3454.080
3454.213
3454.347
3454.480
3454.614
3454.747
3454.880
3455.014
3455.147
3455.281
3455.414
3455.548
3455.681
3455.815
3455.948
3456.082
3456.215
3456.349
3456.482
3456.616
3456.749
3456.882
3457.016
3457.149
3457.283
3457.416
3457.550
3457.683
3457.817
3457.950
3458.084
3458.217
3458.351
3458.484
3458.618
3458.751
3458.884
3459.018
3459.151
3459.285
3459.418
3459.552
3459.685
3459.819
3459.952
3460.086
3460.219
3460.353
3460.486
3460.620
3460.753
3460.886
3461.020
3461.153
3461.287
3461.420
3461.554
3461.687
3461.821
3461.954
3462.088
3462.221
3462.355
3462.488
3462.622
3462.755
3462.888
3463.022
3463.155
3463.289
3463.422
3463.556
3463.689
3463.823
3463.956
3464.090
3464.223
3464.357
3464.490
3464.624
3464.757
3464.890
3465.024
3465.157
3465.291
3465.424
3465.558
3465.691
3469.195
3469.395
3469.595
3469.795
3469.996
3470.196
3470.396
3470.596
3470.796
3470.997
3471.197
3471.397
3471.597
3471.797
3471.998
3472.198
3472.398
3472.598
3472.798
3472.999
3473.199
3473.399
3473.599
3473.799
3474.000
3474.200
3474.400
3474.600
3474.800
3475.001
3475.201
3475.401
3475.601
3475.801
3476.002
3476.202
3476.402
3476.602
3476.802
3477.003
3477.203
3477.403
3477.603
3477.803
3478.004
3478.204
3478.404
3478.604
3478.804
3479.005
3479.205
3479.405
3479.605
3479.805
3480.006
3480.206
3480.406
3480.606
3480.806
3481.007
3481.207
3481.407
3481.607
3481.807
3482.008
3482.208
3482.408
3482.608
3482.808
3483.009
3483.209
3483.409
3483.609
3483.809
3484.010
3484.210
3484.410
3484.610
3484.810
3485.011
3485.211
3485.411
3485.611
3485.811
3486.012
3486.212
3486.412
3486.612
3486.812
3487.013
3487.213
3487.413
3487.613
3487.813
3488.014
3488.214
3488.414
3488.614
3488.814
3489.015
3489.215
3489.415
3489.615
3489.815
3490.016
3490.216
3490.416
3490.616
3490.816
3491.017
3491.217
3491.417
3491.617
3491.817
3492.018
3492.218
3492.418
3492.618
3492.818
3493.019
3493.219
3493.419
3493.619
3493.819
3494.020
3494.220
3494.420
3494.620
3494.820
3495.021
3495.221
3495.421
3495.621
3495.821
3496.022
3496.222
3496.422
3496.622
3496.822
3497.023
3497.223
3497.423
3497.623
3501.327
3501.527
3501.727
3501.928
3502.128
3502.328
3502.528
3502.728
3502.929
3503.129
3503.329
3503.529
3503.729
3503.930
3504.130
3504.330
3504.530
3504.730
3504.931
3505.131
3505.331
3505.531
3505.731
3505.932
3506.132
3506.332
3506.532
3506.732
3506.933
3507.133
3507.333
3507.533
3507.733
3507.934
3508.134
3508.334
3508.534
3508.734
3508.935
3510.336
3510.469
3510.603
3510.736
3510.870
3511.003
3511.137
3511.270
3511.404
3511.537
3511.671
3511.804
3511.937
3512.071
3512.204
3512.338
3512.471
3512.605
3512.738
3512.872
3513.005
3513.139
3513.272
3513.406
3513.539
3513.673
3513.806
3513.939
3514.073
3514.206
3514.340
3514.473
3514.607
3514.740
3514.874
3515.007
3515.141
3515.274
3515.408
3515.541
3515.675
3515.808
3515.941
3516.075
3516.208
3516.342
3516.475
3516.609
3516.742
3516.876
3517.009
3517.143
3517.276
3517.410
3517.543
3517.677
3517.810
3517.943
3518.077
3518.210
3518.344
3518.477
3518.611
3518.744
3518.878
3519.011
3519.145
3519.278
3519.412
3519.545
3519.679
3519.812
3519.945
3520.079
3520.212
3520.346
3520.479
3520.613
3520.746
3520.880
3521.013
3521.147
3521.280
3521.414
3521.547
3521.681
3521.814
3521.947
3522.081
3522.214
3522.348
3522.481
3522.615
3522.748
3522.882
3523.015
3523.149
3523.282
3523.416
3523.549
3523.683
3523.816
3523.949
3524.083
3524.216
3524.350
3524.483
3524.617
3524.750
3526.585
3526.786
3526.986
3527.186
3527.386
3527.586
3527.787
3527.987
3528.187
3528.387
3528.587
3528.788
3528.988
3529.188
3529.388
3529.588
3529.789
3529.989
3530.189
3530.389
3530.589
3530.790
3530.990
3531.190
3531.390
3531.590
3531.791
3531.991
3532.191
3532.391
3532.591
3532.792
3532.992
3533.192
3533.392
3533.592
3533.793
3533.993
3534.193
3534.393
3534.593
3534.794
3534.994
3535.194
3535.394
3535.594
3535.795
3535.995
3536.195
3536.395
3536.595
3536.796
3536.996
3537.196
3537.396
3537.596
3537.797
3537.997
3538.197
3538.397
3538.597
3538.798
3538.998
3539.198
3539.398
3539.598
3539.799
3539.999
3540.199
3540.399
3540.599
3540.800
3541.000
3541.200
3541.400
3541.600
3541.801
3542.001
3542.201
3542.401
3542.601
3542.802
3543.002
3543.202
3543.402
3543.602
3543.803
3544.003
3544.203
3544.403
3544.603
3544.804
3545.004
3545.204
3545.404
3545.604
3547.306
3547.506
3547.707
3547.907
3548.107
3548.307
3548.507
3548.708
3548.908
3549.108
3549.308
3549.508
3549.709
3549.909
3550.109
3550.309
3550.509
3550.710
3550.910
3551.110
3551.310
3551.510
3551.711
3551.911
3552.111
3552.311
3552.511
3552.712
3552.912
3553.112
3553.312
3553.512
3553.713
3553.913
3554.113
3554.313
3554.513
3554.714
3554.914
3555.114
3555.314
3555.514
3555.715
3555.915
3558.517
3558.651
3558.784
3558.918
3559.051
3559.185
3559.318
3559.452
3559.585
3559.719
3559.852
3559.985
3560.119
3560.252
3560.386
3560.519
3560.653
3560.786
3560.920
3561.053
3561.187
3561.320
3561.454
3561.587
3561.721
3561.854
3561.987
3562.121
3562.254
3562.388
3562.521
3562.655
3562.788
3562.922
3563.055
3563.189
3563.322
3563.456
3563.589
3563.723
3563.856
3563.989
3564.123
3564.256
3564.390
3564.523
3564.657
3564.790
3564.924
3565.057
3565.191
3565.324
3565.458
3565.591
3565.725
3565.858
3565.991
3566.125
3566.258
3566.392
3566.525
3566.659
3566.792
3566.926
3567.059
3567.193
3567.326
3567.460
3567.593
3567.727
3567.860
3567.993
3568.127
3568.260
3568.394
3568.527
3568.661
3568.794
3568.928
3569.061
3569.195
3569.328
3569.462
3569.595
3569.729
3569.862
3569.995
3570.129
3570.262
3570.396
3570.529
3570.663
3570.796
3570.930
3571.063
3571.197
3571.330
3571.464
3571.597
3571.731
3571.864
3571.997
3572.131
3572.264
3572.398
3572.531
3572.665
3572.798
3572.932
3573.065
3575.634
3575.835
3576.035
3576.235
3576.435
3576.635
3576.836
3577.036
3577.236
3577.436
3577.636
3577.837
3578.037
3578.237
3578.437
3578.637
3578.838
3579.038
3579.238
3579.438
3579.638
3579.839
3580.039
3580.239
3580.439
3580.639
3580.840
3581.040
3581.240
3581.440
3581.640
3581.841
3582.041
3582.241
3582.441
3582.641
3582.842
3583.042
3583.242
3583.442
3583.642
3583.843
3584.043
3584.243
3584.443
3584.643
3588.347
3588.481
3588.614
3588.748
3588.881
3589.014
3589.148
3589.281
3589.415
3589.548
3589.682
3589.815
3589.949
3590.082
3590.216
3590.349
3590.483
3590.616
3590.750
3590.883
3591.016
3591.150
3591.283
3591.417
3591.550
3591.684
3591.817
3591.951
3592.084
3592.218
3592.351
3592.485
3592.618
3592.752
3592.885
3593.018
3593.152
3593.285
3593.419
3593.552
3593.686
3593.819
3593.953
3594.086
3594.220
3594.353
3594.487
3594.620
3594.754
3594.887
3595.020
3595.154
3595.287
3595.421
3595.554
3595.688
3595.821
3595.955
3596.088
3596.222
3596.355
3596.489
3596.622
3596.756
3596.889
3597.022
3597.156
3597.289
3597.423
3597.556
3597.690
3597.823
3597.957
3598.090
3598.224
3598.357
3598.491
3598.624
3598.758
3598.891
3599.024
3599.158
3599.291
3599.425
3599.558
3599.692
3599.825
3599.959
3600.092
3600.226
3600.359
3600.493
3600.626
3600.760
3600.893
3601.026
3603.729
3603.929
3604.130
3604.330
3604.530
3604.730
3604.930
3605.131
3605.331
3605.531
3605.731
3605.931
3606.132
3606.332
3606.532
3606.732
3606.932
3607.133
3607.333
3607.533
3607.733
3607.933
3608.134
3608.334
3608.534
3608.734
3608.934
3609.135
3609.335
3609.535
3609.735
3609.935
3610.136
3610.336
3610.536
3610.736
3610.936
3611.137
3611.337
3611.537
3611.737
3611.937
3612.138
3612.338
3612.538
3612.738
3612.938
3613.139
3613.339
3613.539
3613.739
3613.939
3614.140
3614.340
3614.540
3614.740
3614.940
3615.141
3615.341
3615.541
3615.741
3615.941
3616.142
3616.342
3616.542
3616.742
3616.942
3617.143
3617.343
3617.543
3617.743
3617.943
3618.144
3618.344
3618.544
3618.744
3618.944
3619.145
3619.345
3619.545
3619.745
3619.945
3620.146
3620.346
3620.546
3620.746
3620.946
3621.147
3621.347
3621.547
3621.747
3621.947
3622.148
3622.348
3622.548
3622.748
3622.948
3623.149
3623.349
3623.549
3623.749
3623.949
3624.150
3624.350
3624.550
3624.750
3624.950
3625.151
3625.351
3625.551
3625.751
3625.951
3626.152
3626.352
3626.552
3626.752
3626.952
3627.153
3627.353
3627.553
3627.753
3627.953
3630.689
3630.890
3631.090
3631.290
3631.490
3631.690
3631.891
3632.091
3632.291
3632.491
3632.691
3632.892
3633.092
3633.292
3633.492
3633.692
3633.893
3634.093
3634.293
3634.493
3634.693
3634.894
3635.094
3635.294
3635.494
3635.694
3635.895
3636.095
3636.295
3636.495
3636.695
3636.896
3637.096
3637.296
3637.496
3637.696
3637.897
3638.097
3638.297
3638.497
3638.697
3638.898
3640.699
3640.833
3640.966
3641.100
3641.233
3641.367
3641.500
3641.634
3641.767
3641.901
3642.034
3642.168
3642.301
3642.435
3642.568
3642.701
3642.835
3642.968
3643.102
3643.235
3643.369
3643.502
3643.636
3643.769
3643.903
3644.036
3644.170
3644.303
3644.437
3644.570
3644.703
3644.837
3644.970
3645.104
3645.237
3645.371
3645.504
3645.638
3645.771
3645.905
3646.038
3646.172
3646.305
3646.439
3646.572
3646.705
3646.839
3646.972
3647.106
3647.239
3647.373
3647.506
3647.640
3647.773
3647.907
3648.040
3648.174
3649.708
3649.909
3650.109
3650.309
3650.509
3650.709
3650.910
3651.110
3651.310
3651.510
3651.710
3651.911
3652.111
3652.311
3652.511
3652.711
3652.912
3653.112
3653.312
3653.512
3653.712
3653.913
3654.113
3654.313
3654.513
3654.713
3654.914
3655.114
3655.314
3655.514
3655.714
3655.915
3656.115
3656.315
3656.515
3656.715
3656.916
3657.116
3657.316
3657.516
3657.716
3657.917
3658.117
3658.317
3658.517
3658.717
3658.918
3659.118
3659.318
3659.518
3659.718
3659.919
3660.119
3660.319
3660.519
3660.719
3660.920
3661.120
3661.320
3661.520
3661.720
3661.921
3662.121
3662.321
3662.521
3662.721
3662.922
3663.122
3663.322
3663.522
3663.722
3663.923
3664.123
3664.323
3664.523
3664.723
3664.924
3665.124
3665.324
3665.524
3665.724
3665.925
3666.125
3666.325
3666.525
3666.725
3666.926
3667.126
3667.326
3667.526
3667.726
3667.927
3668.127
3668.327
3668.527
3668.727
3668.928
3669.128
3669.328
3669.528
3669.728
3669.929
3670.129
3670.329
3670.529
3670.729
3670.930
3671.130
3671.330
3671.530
3671.730
3671.931
3672.131
3672.331
3672.531
3672.731
3672.932
3673.132
3673.332
3673.532
3673.732
3673.933
3674.133
3674.333
3674.533
3674.733
3674.934
3675.134
3675.334
3675.534
3675.734
3675.935
3676.135
3676.335
3676.535
3676.735
3676.936
3677.136
3677.336
3677.536
3677.736
3677.937
3678.137
3678.337
3678.537
3681.307
3681.507
3681.707
3681.907
3682.107
3682.308
3682.508
3682.708
3682.908
3683.108
3683.309
3683.509
3683.709
3683.909
3684.109
3684.310
3684.510
3684.710
3684.910
3685.110
3685.311
3685.511
3685.711
3685.911
3686.111
3686.312
3686.512
3686.712
3686.912
3687.112
3687.313
3687.513
3687.713
3687.913
3688.113
3688.314
3688.514
3688.714
3688.914
3689.114
3689.315
3689.515
3689.715
3689.915
3690.115
3690.316
3690.516
3690.716
3690.916
3691.116
3691.317
3691.517
3691.717
3691.917
3692.117
3692.318
3692.518
3692.718
3692.918
3693.118
3693.319
3693.519
3693.719
3693.919
3694.119
3694.320
3694.520
3694.720
3694.920
3695.120
3695.321
3695.521
3695.721
3695.921
3696.121
3696.322
3696.522
3696.722
3696.922
3697.122
3697.323
3697.523
3700.259
3700.392
3700.526
3700.659
3700.793
3700.926
3701.060
3701.193
3701.327
3701.460
3701.594
3701.727
3701.861
3701.994
3702.127
3702.261
3702.394
3702.528
3702.661
3702.795
3702.928
3703.062
3703.195
3703.329
3703.462
3703.596
3703.729
3703.863
3703.996
3704.129
3704.263
3704.396
3704.530
3704.663
3704.797
3704.930
3705.064
3705.197
3705.331
3705.464
3705.598
3705.731
3705.865
3705.998
3706.131
3706.265
3706.398
3706.532
3706.665
3706.799
3706.932
3707.066
3707.199
3707.333
3707.466
3707.600
3707.733
3707.867
3708.000
3708.133
3708.267
3708.400
3708.534
3708.667
3708.801
3708.934
3709.068
3709.201
3709.335
3709.468
3709.602
3709.735
3709.869
3710.002
3710.135
3710.269
3710.402
3710.536
3710.669
3710.803
3710.936
3711.070
3711.203
3711.337
3711.470
3711.604
3711.737
3711.871
3712.004
3712.137
3712.271
3712.404
3712.538
3712.671
3712.805
3712.938
3713.072
3713.205
3713.339
3713.472
3713.606
3713.739
3713.873
3714.006
3714.139
3714.273
3714.406
3714.540
3714.673
3714.807
3714.940
3715.074
3715.207
3715.341
3715.474
3715.608
3715.741
3715.875
3716.008
3716.141
3716.275
3716.408
3716.542
3716.675
3716.809
3716.942
3717.076
3717.209
3717.343
3717.476
3717.610
3717.743
3717.877
3718.010
3718.143
3718.277
3718.410
3718.544
3718.677
3718.811
3718.944
3719.078
3719.211
3719.345
3719.478
3719.612
3719.745
3719.879
3720.012
3720.145
3720.279
3720.412
3720.546
3720.679
3720.813
3720.946
3721.080
3721.213
3721.347
3721.480
3722.049
3723.212
3724.414
3725.652
3726.928
3728.241
3729.592
3730.980
3732.406
3733.869
3735.369
3736.907
3738.482
3740.095
3741.745
3743.432
3745.157
3746.919
3748.719
3750.556
3752.430
3754.342
3756.291
3758.278
3760.302
3762.364
