44.894
46.050
47.207
48.363
49.519
50.675
51.831
52.987
54.144
56.456
58.768
61.080
63.393
65.705
68.017
70.330
72.642
73.798
74.954
76.111
77.267
78.423
79.579
80.735
81.891
82.180
82.469
83.047
83.336
83.626
84.204
84.493
84.782
85.360
85.649
85.938
86.516
86.805
87.094
87.672
87.961
88.250
88.828
89.117
89.406
89.984
90.273
90.562
91.141
91.430
91.719
92.297
92.586
92.875
93.453
93.742
94.031
94.609
94.898
95.187
95.765
96.054
96.343
96.921
97.210
97.499
98.077
98.366
98.656
99.234
99.523
99.812
100.390
101.546
102.702
103.858
105.014
106.171
107.327
108.483
109.639
110.795
111.951
113.107
114.264
115.420
116.576
117.732
118.888
121.201
123.513
125.825
128.137
130.450
132.762
135.074
137.387
137.676
137.965
138.543
138.832
139.121
139.699
139.988
140.277
140.855
141.144
141.433
142.011
142.300
142.589
143.167
143.456
143.746
144.324
144.613
144.902
145.480
145.769
146.058
146.636
146.925
147.214
147.503
147.792
148.081
148.370
148.659
148.948
149.237
149.526
149.815
150.104
150.393
150.682
150.971
151.261
151.550
151.839
152.128
152.417
152.706
152.995
153.284
153.573
153.862
154.151
154.440
155.885
156.174
156.463
156.752
157.041
157.330
157.619
157.908
158.197
158.487
158.776
159.065
159.354
159.643
159.932
160.221
160.510
160.799
161.088
161.377
161.666
161.955
162.244
162.533
162.822
163.111
163.400
163.689
163.978
164.267
164.556
165.134
165.712
166.291
166.869
167.447
168.025
168.603
169.181
169.759
170.337
170.915
171.493
172.071
172.649
173.227
173.806
174.384
174.962
175.540
176.118
176.696
177.274
177.852
178.430
179.008
179.586
180.164
180.742
181.321
181.899
182.477
183.055
183.633
183.922
184.211
184.500
184.789
185.078
185.367
185.656
185.945
186.234
186.523
186.812
187.101
187.390
187.679
187.968
188.257
188.547
188.836
189.125
189.414
189.703
189.992
190.281
190.570
190.859
191.148
191.437
192.882
193.171
193.460
194.038
194.327
194.616
195.194
195.483
195.772
196.351
196.640
196.929
197.507
197.796
198.085
198.663
198.952
199.241
199.819
200.108
200.397
203.659
204.534
205.409
206.284
207.159
208.034
208.909
209.785
210.660
211.097
211.535
211.972
212.410
212.847
213.285
213.722
214.160
214.598
215.035
215.473
215.910
216.348
216.785
217.223
217.660
218.098
218.535
218.973
219.411
219.848
220.286
220.723
221.161
221.598
222.036
222.473
222.911
223.349
223.786
224.224
224.661
224.880
225.099
225.536
225.755
225.974
226.411
226.630
226.849
227.286
227.505
227.724
228.162
228.380
228.599
229.037
229.255
229.474
229.912
230.130
230.349
230.787
231.006
231.224
231.662
231.881
232.099
232.537
232.756
232.975
233.412
233.631
233.850
234.287
234.506
234.725
235.162
235.381
235.600
236.037
236.256
236.475
236.912
237.131
237.350
237.788
238.006
238.225
238.663
239.538
240.413
241.288
242.163
243.038
243.913
244.788
245.663
246.539
247.414
248.289
249.164
250.039
250.914
251.789
252.664
253.539
254.414
255.289
256.165
257.040
257.915
258.790
259.665
260.540
261.415
262.290
263.165
264.040
264.916
265.791
266.666
267.103
267.541
267.978
268.416
268.853
269.291
269.729
270.166
270.604
271.041
271.479
271.916
272.354
272.791
273.229
273.666
274.104
274.542
274.979
275.417
275.854
276.292
276.729
277.167
277.604
278.042
278.479
278.917
279.355
279.792
280.230
280.667
280.886
281.105
281.542
281.761
281.980
282.417
282.636
282.855
283.293
283.511
283.730
284.168
284.386
284.605
285.043
285.261
285.480
285.918
286.137
286.355
286.793
287.012
287.230
287.668
287.887
288.106
288.324
288.543
288.762
288.981
289.199
289.418
289.637
289.856
290.074
290.293
290.512
290.731
290.950
291.168
291.387
291.606
291.825
292.043
292.262
292.481
292.700
292.919
293.137
293.356
293.575
293.794
294.012
294.231
294.669
295.106
295.544
295.981
296.419
296.856
297.294
297.732
298.169
298.607
299.044
299.482
299.919
300.357
300.794
301.232
301.669
302.107
302.545
302.982
303.420
303.857
304.295
304.732
305.170
305.607
306.045
306.483
306.920
307.358
307.795
308.233
308.670
308.889
309.545
309.764
310.420
310.639
311.296
311.514
312.171
312.389
313.046
313.264
313.921
314.140
314.796
315.015
315.671
315.890
316.546
316.765
317.421
317.640
318.296
318.515
319.171
319.390
320.046
320.265
320.922
321.140
321.797
322.015
322.672
323.547
324.422
325.297
326.172
327.047
327.922
328.797
329.673
330.548
331.423
332.298
333.173
334.048
334.923
335.798
336.673
337.111
337.548
337.986
338.423
338.861
339.299
339.736
340.174
340.611
341.049
341.486
341.924
342.361
342.799
343.236
343.674
344.112
344.549
344.987
345.424
345.862
346.299
346.737
347.174
347.612
348.050
348.487
348.925
349.362
349.800
350.237
350.675
350.894
351.112
351.550
351.769
351.987
352.425
352.644
352.863
353.300
353.519
353.738
354.175
354.394
354.613
355.050
355.269
355.488
355.925
356.144
356.363
356.800
357.019
357.238
357.676
357.894
358.113
358.551
358.769
358.988
359.426
359.645
359.863
360.301
360.520
360.738
361.176
361.395
361.613
362.051
362.270
362.489
362.926
363.145
363.364
363.801
364.020
364.239
364.676
364.895
365.114
365.333
365.551
365.770
365.989
366.208
366.427
366.645
366.864
367.083
367.302
367.520
367.739
367.958
368.177
368.395
368.614
368.833
369.052
369.271
369.489
369.708
369.927
370.146
370.364
370.583
370.802
371.021
371.240
371.458
371.677
371.896
372.115
372.333
372.552
372.771
372.990
373.208
373.427
373.646
373.865
374.084
374.302
374.521
374.740
374.959
375.177
375.396
375.615
375.834
376.053
376.271
376.490
376.709
376.928
377.146
377.365
377.584
377.803
378.022
378.240
378.459
378.678
379.115
379.553
379.990
380.428
380.866
381.303
381.741
382.178
382.616
383.053
383.491
383.928
384.366
384.803
385.241
385.679
386.116
386.554
386.991
387.429
387.866
388.304
388.741
389.179
389.617
390.054
390.492
390.929
391.367
391.804
392.242
392.679
393.537
394.394
395.251
396.109
396.966
397.823
398.681
399.538
400.395
401.253
402.110
402.967
403.825
404.682
405.540
406.397
407.254
408.112
408.969
409.826
410.684
411.541
412.398
413.256
414.113
414.970
415.828
416.685
417.542
418.400
419.257
420.114
420.329
420.543
420.757
420.972
421.186
421.400
421.615
421.829
422.043
422.258
422.472
422.686
422.901
423.115
423.329
423.544
423.758
423.972
424.187
424.401
424.615
424.830
425.044
425.258
425.473
425.687
425.901
426.116
426.330
426.544
426.759
426.973
427.187
427.402
427.616
427.830
428.045
428.259
428.473
428.688
428.902
429.117
429.331
429.545
429.760
429.974
430.188
430.403
430.617
430.831
431.046
431.260
431.474
431.689
431.903
432.117
432.332
432.546
432.760
432.975
433.189
433.403
433.618
433.832
434.046
434.261
434.475
434.689
434.904
435.118
435.332
435.547
435.761
435.975
436.190
436.404
436.618
436.833
437.047
437.261
437.476
437.690
437.904
438.119
438.333
438.547
438.762
438.976
439.190
439.405
439.619
439.833
440.048
440.262
440.476
440.691
440.905
441.119
441.548
441.977
443.263
443.691
444.977
445.406
446.692
447.121
448.407
448.835
450.121
450.550
451.836
452.265
453.551
453.980
454.408
454.837
455.266
455.694
456.123
456.552
456.980
457.409
457.838
458.266
458.695
459.124
459.552
459.981
460.410
460.838
461.267
461.696
462.124
462.553
462.982
463.410
463.839
464.268
464.696
465.125
465.554
465.982
466.411
466.840
467.268
467.697
468.126
468.554
468.983
469.412
469.840
470.269
470.698
471.126
471.555
471.984
472.412
472.841
473.270
473.698
474.127
474.556
474.984
475.413
475.842
476.270
476.699
477.128
477.556
477.985
478.414
478.843
479.271
479.700
480.129
480.557
480.986
481.415
495.561
495.775
495.989
496.204
496.418
497.275
497.490
497.704
497.918
498.133
498.990
499.204
499.419
499.633
499.847
500.705
500.919
501.133
501.348
501.562
502.419
502.634
502.848
503.062
503.277
504.134
504.349
504.563
504.777
504.992
505.849
506.063
506.278
506.492
506.706
507.564
507.778
507.992
508.207
508.421
509.278
510.136
510.993
511.850
512.708
513.565
514.422
515.280
516.137
516.994
517.852
518.709
519.566
520.424
521.281
522.138
522.996
523.853
524.710
525.568
526.425
527.282
528.140
528.997
529.855
530.712
531.569
532.427
533.284
534.141
534.999
535.856
536.713
536.928
537.142
537.356
537.571
537.785
537.999
538.214
538.428
538.642
538.857
539.071
539.285
539.500
539.714
539.928
540.143
540.357
540.571
540.786
541.000
541.214
541.429
541.643
541.857
542.072
542.286
542.500
542.715
542.929
543.143
543.358
543.572
543.786
544.001
544.215
544.429
544.644
544.858
545.072
545.287
545.501
545.715
545.930
546.144
546.358
546.573
546.787
547.001
547.216
547.430
547.644
547.859
548.073
548.287
548.502
548.716
548.930
549.145
549.359
549.573
549.788
550.002
550.216
550.859
551.074
551.288
551.717
551.931
552.145
552.574
552.788
553.003
553.431
553.646
553.860
554.289
554.503
554.718
555.146
555.361
555.575
556.004
556.218
556.432
556.861
557.075
557.290
557.718
558.147
558.361
558.576
558.790
559.004
559.219
559.433
559.647
559.862
560.076
560.290
560.505
560.719
560.933
561.148
561.362
561.576
561.791
562.005
562.219
562.434
562.648
562.862
563.077
563.291
563.505
563.720
564.148
564.577
565.006
565.434
565.863
566.292
566.720
567.149
567.578
568.006
568.435
568.864
569.292
569.721
570.150
570.578
571.007
571.221
571.436
571.650
571.864
572.079
572.293
572.507
572.722
572.936
573.150
573.365
573.579
573.793
574.008
574.222
574.436
574.651
574.865
575.079
575.294
575.508
575.722
575.937
576.151
576.365
576.580
576.794
577.008
577.223
577.437
577.651
577.866
578.080
578.295
578.509
578.723
578.938
579.152
579.366
579.581
579.795
580.009
580.224
580.438
580.652
580.867
581.081
581.295
581.510
581.724
581.938
582.153
582.367
582.581
582.796
583.010
583.224
583.439
583.653
583.867
584.082
584.296
584.510
584.725
585.153
585.582
586.011
586.439
586.868
587.297
587.725
588.154
588.583
589.011
589.440
589.869
590.297
590.726
591.155
591.583
592.012
592.441
593.298
594.155
595.013
595.870
596.727
612.490
614.145
615.800
617.456
619.111
620.766
622.421
624.076
624.904
625.732
626.559
627.387
628.214
629.042
629.870
630.697
631.525
632.352
633.180
634.008
634.835
635.663
636.490
637.318
638.146
638.559
638.973
639.387
639.801
640.215
640.628
641.456
641.870
642.284
642.697
643.111
643.525
643.939
644.766
645.180
645.594
646.008
646.422
646.835
647.249
648.077
648.491
648.904
649.318
649.732
650.146
650.560
651.387
651.801
652.215
653.042
653.456
653.870
654.698
655.111
655.525
656.353
656.767
657.180
658.008
658.422
658.836
659.663
660.077
660.491
661.318
661.732
662.146
662.973
663.387
663.801
664.629
664.836
665.042
665.456
665.663
665.870
666.284
666.491
666.698
667.111
667.318
667.525
667.939
668.146
668.353
668.767
668.974
669.180
669.594
669.801
670.008
670.422
670.629
670.836
671.249
671.456
671.663
671.870
672.077
672.284
672.491
672.698
672.905
673.112
673.318
673.525
673.732
673.939
674.146
674.353
674.560
674.767
674.974
675.181
675.387
675.594
675.801
676.008
676.215
677.870
678.077
678.284
678.698
678.905
679.112
679.525
679.732
679.939
680.353
680.560
680.767
681.181
681.388
681.594
682.008
682.215
682.422
682.836
683.043
683.250
683.663
683.870
684.077
684.491
684.698
684.905
685.112
685.319
685.525
685.732
685.939
686.146
686.353
686.560
686.767
686.974
687.181
687.388
687.594
687.801
688.008
688.215
688.422
688.629
688.836
689.043
689.250
689.457
689.663
689.870
691.112
691.732
692.353
692.767
693.388
694.008
694.422
695.043
695.664
696.077
696.698
697.733
698.353
698.974
699.388
700.008
700.629
701.043
701.664
702.284
702.698
703.319
704.353
706.009
707.664
709.319
710.974
712.629
714.284
715.940
717.595
718.422
719.250
720.078
720.905
721.733
722.560
723.388
724.216
725.043
725.871
726.698
727.526
728.354
729.181
730.009
730.836
731.250
731.664
732.078
732.492
732.905
733.319
733.733
734.147
734.561
734.974
735.388
735.802
736.216
736.630
737.043
737.457
737.871
738.285
738.699
739.112
739.526
739.940
740.354
740.768
741.181
741.595
742.009
742.423
742.837
743.250
743.664
744.078
744.492
744.906
745.733
746.147
746.561
747.388
747.802
748.216
749.044
749.457
749.871
750.699
751.113
751.526
752.354
752.768
753.181
754.009
754.423
754.837
755.664
756.078
756.492
757.319
757.733
758.147
758.561
758.975
759.388
759.802
760.216
760.630
761.044
761.457
761.871
762.285
762.699
763.113
763.526
763.940
764.147
764.354
764.561
764.768
764.975
765.182
765.389
765.595
765.802
766.009
766.216
766.423
766.630
766.837
767.044
767.251
767.458
767.664
767.871
768.078
768.285
768.492
768.699
768.906
769.113
769.320
769.527
769.733
769.940
770.147
770.354
770.561
770.768
770.975
771.182
771.389
771.596
771.802
772.009
772.216
772.423
772.630
772.837
773.044
773.251
773.458
773.665
773.871
774.078
774.285
774.492
774.699
774.906
775.113
775.320
775.527
775.733
775.940
776.147
776.354
776.561
776.768
776.975
777.182
777.389
777.596
777.802
778.009
778.216
778.423
778.630
778.837
779.044
779.251
779.458
779.665
779.871
780.078
780.285
780.492
780.699
780.906
781.113
781.320
781.527
781.734
781.940
782.147
782.354
782.561
782.768
782.975
783.182
783.389
783.596
783.803
811.481
812.309
813.136
813.964
814.791
815.619
816.447
817.274
818.102
818.930
819.757
820.585
821.413
822.240
823.068
823.896
824.723
825.137
825.551
825.965
826.379
826.792
827.206
827.620
828.034
828.448
828.862
829.275
829.689
830.103
830.517
830.931
831.344
831.758
832.172
832.586
833.000
833.414
833.827
834.241
834.655
835.069
835.483
835.897
836.310
836.724
837.138
837.966
838.173
838.379
838.586
838.793
839.000
839.207
839.414
839.621
839.828
840.035
840.242
840.449
840.655
840.862
841.069
841.276
841.483
841.690
841.897
842.104
842.311
842.518
842.725
842.932
843.138
843.345
843.552
843.759
843.966
844.173
844.380
844.587
844.794
845.001
845.414
845.621
845.828
846.242
846.449
846.656
847.070
847.277
847.484
847.897
848.104
848.311
848.725
848.932
849.139
849.553
849.760
849.967
850.380
850.587
850.794
851.208
851.415
851.622
851.829
852.036
852.243
852.449
852.656
852.863
853.070
853.277
853.484
853.691
853.898
854.105
854.312
854.519
854.726
854.932
855.139
855.346
855.553
855.760
855.967
856.174
856.381
856.588
856.795
857.002
857.208
857.415
857.622
857.829
858.036
858.243
858.657
858.864
859.071
859.484
859.691
859.898
860.312
860.519
860.726
861.140
861.347
861.554
861.967
862.174
862.381
864.864
865.692
866.520
867.347
868.175
869.002
869.830
870.658
871.485
872.313
873.141
873.968
874.796
875.624
876.451
877.279
878.107
878.934
879.762
880.590
881.417
882.245
883.072
884.314
884.728
885.142
885.555
885.969
886.383
886.797
887.211
887.625
888.038
888.452
888.866
889.280
889.694
890.107
890.521
890.935
891.349
891.763
892.177
892.590
893.004
893.418
893.832
894.246
894.660
895.073
895.487
895.901
896.315
896.729
897.143
897.556
897.970
898.384
898.798
899.212
899.625
900.039
900.453
900.867
901.281
901.695
902.108
902.522
902.936
903.350
903.764
904.178
904.591
905.005
905.419
905.833
906.247
906.660
907.074
907.488
907.902
908.316
908.730
909.143
909.557
909.971
910.385
910.799
911.213
911.626
912.040
912.454
912.868
913.282
913.695
914.109
914.523
914.937
915.351
915.765
916.178
916.592
917.006
917.420
917.834
918.248
918.661
919.075
919.489
919.903
920.317
920.730
921.144
921.558
921.972
922.386
922.800
923.213
923.627
924.041
924.869
925.696
926.524
927.352
928.179
929.007
929.835
930.662
931.490
932.318
933.145
933.973
934.801
935.628
937.283
938.111
938.939
939.766
940.594
941.422
942.249
943.077
943.905
944.318
944.732
945.146
945.560
945.974
946.388
946.801
947.215
947.629
948.043
948.457
950.526
950.733
950.940
951.147
951.353
951.560
951.767
951.974
952.181
952.388
952.595
952.802
953.009
953.216
953.423
953.630
953.836
954.043
954.250
954.457
954.664
954.871
955.078
955.285
955.492
955.699
955.906
956.112
956.319
956.526
956.733
956.940
957.147
957.354
957.561
957.768
957.975
958.182
958.388
958.595
958.802
959.009
959.216
959.423
959.630
959.837
960.044
960.251
960.458
960.665
960.871
961.078
961.285
961.492
961.699
961.906
962.113
962.320
962.527
962.734
962.941
963.147
963.354
963.561
963.768
963.975
964.182
964.596
964.803
965.010
965.423
965.630
965.837
966.251
966.458
966.665
967.079
967.286
967.493
967.906
968.113
968.320
968.734
968.941
969.148
969.562
969.769
969.976
970.389
970.596
970.803
971.217
971.424
971.631
972.045
972.252
972.459
972.872
973.079
973.286
973.700
973.907
974.114
974.528
974.735
974.941
975.355
975.562
975.769
976.183
976.390
976.597
977.011
977.217
977.424
977.838
978.045
978.252
978.666
978.873
979.080
979.494
979.700
979.907
980.321
980.528
980.735
981.149
981.356
981.563
981.976
982.183
982.390
982.804
983.011
983.218
983.632
983.839
984.046
984.459
984.666
984.873
985.287
985.494
985.701
986.115
986.322
986.529
986.942
987.149
987.356
987.770
987.977
988.184
988.598
988.805
989.011
1002.206
1002.956
1003.706
1004.456
1005.206
1005.956
1006.707
1007.457
1008.207
1008.957
1009.707
1010.457
1011.207
1011.957
1012.707
1013.458
1014.208
1014.583
1014.958
1015.333
1015.708
1016.083
1016.458
1016.833
1017.208
1017.583
1017.958
1018.333
1018.708
1019.083
1019.459
1019.834
1020.209
1020.584
1020.959
1021.334
1021.709
1022.084
1022.459
1022.834
1023.209
1023.584
1023.959
1024.334
1024.709
1025.084
1025.459
1025.835
1026.210
1026.585
1026.960
1027.335
1027.710
1028.085
1028.460
1028.835
1029.210
1029.585
1029.960
1030.335
1030.710
1031.085
1031.460
1031.835
1032.211
1032.586
1032.961
1033.336
1033.711
1034.086
1034.461
1034.836
1035.211
1035.586
1035.961
1036.336
1036.711
1037.086
1037.461
1037.836
1038.211
1038.399
1038.587
1038.774
1038.962
1039.149
1039.337
1039.524
1039.712
1039.899
1040.087
1040.274
1040.462
1040.649
1040.837
1041.024
1041.212
1041.399
1041.587
1041.775
1041.962
1042.150
1042.337
1042.525
1042.712
1042.900
1043.087
1043.275
1043.462
1043.650
1043.837
1044.025
1044.212
1044.400
1044.587
1044.775
1044.963
1045.150
1045.338
1045.525
1045.713
1045.900
1046.088
1046.275
1046.463
1046.650
1046.838
1047.025
1047.213
1047.400
1047.588
1047.775
1047.963
1048.151
1048.338
1048.526
1048.713
1048.901
1049.088
1049.276
1049.463
1049.651
1049.838
1050.026
1050.213
1050.588
1050.963
1051.339
1051.714
1052.089
1052.464
1052.839
1053.214
1053.589
1053.964
1054.339
1054.714
1055.089
1055.464
1055.839
1056.214
1056.589
1056.964
1057.340
1057.715
1058.090
1058.465
1058.840
1059.215
1059.590
1059.965
1060.340
1060.715
1061.090
1061.465
1061.840
1062.215
1062.403
1062.590
1062.778
1062.965
1063.153
1063.340
1063.528
1063.716
1063.903
1064.091
1064.278
1064.466
1064.653
1064.841
1065.028
1065.216
1065.403
1065.591
1065.778
1065.966
1066.153
1066.341
1066.528
1066.716
1066.904
1067.091
1067.279
1067.466
1067.654
1067.841
1068.029
1068.216
1068.404
1068.591
1068.779
1068.966
1069.154
1069.341
1069.529
1069.716
1069.904
1070.092
1070.279
1070.467
1070.654
1070.842
1071.029
1071.217
1071.404
1071.592
1071.779
1071.967
1072.154
1072.342
1072.529
1072.717
1072.904
1073.092
1073.280
1073.467
1073.655
1073.842
1074.030
1074.217
1074.405
1074.592
1074.780
1074.967
1075.717
1075.905
1076.092
1076.280
1076.468
1077.218
1077.405
1077.593
1077.780
1077.968
1078.718
1078.905
1079.093
1079.280
1079.468
1080.218
1080.406
1080.593
1080.781
1080.968
1081.718
1081.906
1082.093
1082.281
1082.468
1083.219
1083.406
1083.594
1083.781
1083.969
1084.719
1084.906
1085.094
1085.281
1085.469
1086.219
1086.407
1086.594
1086.782
1086.969
1087.157
1087.344
1087.532
1087.719
1087.907
1088.094
1088.282
1088.469
1088.657
1088.844
1089.032
1089.220
1089.407
1089.595
1089.782
1089.970
1090.157
1090.345
1090.532
1090.720
1090.907
1091.095
1091.282
1091.470
1091.657
1091.845
1092.032
1092.220
1092.408
1092.595
1092.783
1092.970
1093.158
1093.345
1093.533
1093.720
1093.908
1094.095
1094.283
1094.470
1094.658
1094.845
1095.033
1095.220
1095.408
1095.596
1095.783
1095.971
1096.158
1096.346
1096.533
1096.721
1096.908
1097.096
1097.283
1097.471
1097.658
1097.846
1098.033
1098.221
1098.971
1099.721
1100.471
1101.221
1101.972
1102.722
1103.472
1104.222
1104.972
1105.722
1106.472
1107.222
1107.972
1108.723
1109.473
1110.223
1110.598
1110.973
1111.348
1111.723
1112.098
1112.473
1112.848
1113.223
1113.598
1113.973
1114.348
1114.724
1115.099
1115.474
1115.849
1116.224
1116.599
1116.974
1117.349
1117.724
1118.099
1118.474
1118.849
1119.224
1119.599
1119.974
1120.349
1120.724
1121.100
1121.475
1121.850
1122.225
1122.600
1122.975
1123.350
1123.725
1124.100
1124.475
1124.850
1125.225
1125.600
1125.975
1126.350
1126.725
1127.100
1127.476
1127.851
1128.226
1128.601
1128.976
1129.351
1129.726
1130.101
1130.476
1130.851
1131.226
1131.601
1131.976
1132.351
1132.726
1133.101
1133.476
1133.852
1134.227
1134.602
1134.977
1135.352
1135.727
1136.102
1136.477
1136.852
1137.227
1137.602
1137.977
1138.352
1138.727
1139.102
1139.477
1139.852
1140.228
1140.603
1140.978
1141.353
1141.728
1142.103
1142.478
1142.853
1143.228
1143.603
1143.978
1144.353
1144.728
1145.103
1145.478
1145.853
1146.228
1146.416
1146.604
1146.791
1146.979
1147.166
1147.354
1147.541
1147.729
1147.916
1148.104
1148.291
1148.479
1148.666
1148.854
1149.041
1149.229
1149.416
1149.604
1149.792
1149.979
1150.167
1150.354
1150.542
1150.729
1150.917
1151.104
1151.292
1151.479
1151.667
1151.854
1152.042
1152.229
1152.417
1152.604
1152.792
1152.980
1153.167
1153.355
1153.542
1153.730
1153.917
1154.105
1154.292
1154.480
1154.667
1154.855
1155.042
1155.230
1155.417
1155.605
1155.792
1155.980
1156.168
1156.355
1156.543
1156.730
1156.918
1157.105
1157.293
1157.480
1157.668
1157.855
1158.043
1158.230
1158.418
1158.605
1158.980
1159.168
1159.356
1159.731
1159.918
1160.106
1160.481
1160.668
1160.856
1161.231
1161.418
1161.606
1161.981
1162.168
1162.356
1162.731
1162.919
1163.106
1163.481
1163.669
1163.856
1164.231
1164.419
1164.606
1164.981
1165.169
1165.356
1165.732
1165.919
1166.107
1166.482
1166.669
1166.857
1167.232
1167.419
1167.607
1167.982
1168.169
1168.357
1168.732
1168.920
1169.107
1169.482
1169.670
1169.857
1170.232
1170.420
1170.607
1170.795
1170.982
1171.170
1171.357
1171.545
1171.732
1171.920
1172.108
1172.295
1172.483
1172.670
1172.858
1173.045
1173.233
1173.420
1173.608
1173.795
1173.983
1174.170
1174.358
1174.545
1174.733
1174.920
1175.108
1175.296
1175.483
1175.671
1175.858
1176.046
1176.233
1176.421
1176.608
1176.796
1176.983
1177.171
1177.358
1177.546
1177.733
1177.921
1178.108
1178.296
1178.484
1178.671
1178.859
1179.046
1179.234
1179.421
1179.609
1179.796
1179.984
1180.171
1180.359
1180.546
1180.734
1180.921
1181.109
1181.296
1181.484
1181.672
1181.859
1182.047
1182.234
1182.422
1182.609
1183.734
1183.922
1184.109
1185.235
1185.422
1185.610
1186.735
1186.922
1187.110
1188.235
1188.423
1188.610
1189.735
1189.923
1190.110
1191.236
1191.423
1191.611
1192.736
1192.923
1193.111
