6.993
7.796
8.600
9.403
13.013
13.414
13.814
14.215
14.615
15.015
15.416
15.816
16.217
16.617
17.017
17.418
17.818
18.219
18.619
19.019
19.420
19.820
20.221
20.621
21.021
21.422
21.822
22.223
22.623
23.023
23.424
23.824
24.225
24.625
25.025
25.426
25.826
26.227
26.627
26.827
27.027
27.427
27.827
28.226
28.426
28.626
29.026
29.426
29.826
30.026
30.225
30.625
31.025
31.425
31.625
31.825
32.225
32.624
33.024
33.224
33.424
33.824
34.224
34.624
34.823
35.023
35.423
35.823
36.223
36.423
36.623
37.023
37.422
37.822
38.022
38.222
38.622
39.022
39.421
39.621
39.821
40.221
40.621
41.021
41.221
41.421
41.820
42.220
42.620
42.820
43.020
43.420
43.820
44.219
44.419
44.619
45.019
45.419
45.819
46.019
46.218
46.618
47.018
47.418
47.618
47.818
48.218
48.617
49.017
49.217
49.417
49.817
51.419
52.019
52.419
52.820
53.020
54.622
55.222
55.623
56.023
56.223
57.825
58.425
58.826
59.226
59.426
61.028
61.629
62.029
62.429
62.630
64.632
65.430
66.229
67.027
67.825
68.624
69.422
70.221
71.019
71.817
72.616
73.414
74.213
75.011
75.810
77.011
77.411
77.812
78.212
78.612
79.013
79.413
79.814
80.214
80.614
81.015
81.415
81.816
82.216
82.616
83.017
83.417
83.818
84.218
84.618
85.019
85.419
85.820
86.220
86.620
87.021
87.421
87.822
88.222
89.023
89.223
89.423
89.623
89.824
90.223
90.622
91.021
91.420
91.819
92.219
92.618
93.017
93.416
93.815
94.214
94.614
95.013
95.412
95.811
96.210
96.609
97.008
97.408
97.807
98.206
98.605
99.004
99.403
99.803
100.202
100.601
104.605
105.406
106.207
107.007
107.808
108.609
109.410
110.211
111.011
111.812
112.613
113.414
114.215
115.015
115.816
116.617
117.418
118.219
119.019
119.820
120.221
120.421
120.621
120.821
121.021
121.222
121.422
121.622
121.822
123.424
123.823
124.222
124.622
125.021
125.420
125.819
126.219
126.618
127.017
127.417
127.816
128.215
128.615
129.014
129.413
129.812
130.212
130.611
131.010
131.410
131.809
132.208
132.607
133.007
133.406
133.805
134.205
134.604
135.003
135.402
135.603
135.803
136.003
136.203
136.604
137.004
137.404
137.805
138.205
138.606
139.006
139.406
139.807
140.207
140.608
141.008
141.408
141.809
142.209
142.610
143.010
143.410
143.811
144.211
144.612
145.012
145.412
145.813
146.213
146.614
147.014
147.414
147.815
148.215
149.016
149.617
150.017
150.417
150.618
152.219
152.820
153.220
153.621
153.821
155.422
155.823
156.223
156.624
157.024
157.424
157.825
158.225
158.626
159.026
159.426
159.827
160.227
160.628
161.028
161.428
161.829
162.229
162.630
163.030
163.430
163.831
164.231
164.632
165.032
165.432
165.833
166.233
166.634
168.202
168.402
168.602
169.003
169.203
169.403
169.803
170.004
170.204
170.604
170.804
171.005
171.405
171.605
171.805
172.206
172.406
172.606
173.007
173.207
173.407
173.807
174.008
174.208
174.408
174.608
175.009
175.409
175.809
176.210
176.610
177.011
177.411
177.811
178.212
178.612
179.013
179.413
179.813
180.214
181.015
181.615
182.016
182.416
182.616
184.218
184.818
185.219
185.619
185.819
187.421
187.823
188.225
188.627
189.028
189.430
189.832
190.234
190.636
191.038
191.440
191.841
192.243
192.645
193.047
193.449
193.851
194.252
194.654
195.056
195.458
195.860
196.262
196.664
197.031
197.231
197.431
197.631
197.831
198.032
198.232
198.432
198.632
200.234
200.434
200.634
200.834
201.034
201.233
201.433
201.633
201.833
202.033
202.233
202.433
202.633
202.833
203.033
203.233
203.433
203.633
203.833
204.032
204.232
204.432
204.632
204.832
205.032
205.232
205.432
205.632
205.832
206.032
206.232
206.432
206.631
206.831
207.031
207.231
207.431
207.631
207.831
208.031
208.231
208.431
208.631
208.831
209.031
209.231
209.430
209.630
209.830
210.030
210.230
210.430
210.630
210.830
211.030
211.230
211.430
211.630
211.830
212.029
212.229
212.429
212.629
212.829
213.029
213.229
213.429
213.629
213.829
214.029
214.229
214.429
214.629
214.828
215.028
215.228
215.428
215.628
215.828
216.028
216.228
216.428
216.628
216.828
217.028
217.228
217.428
217.627
217.827
218.027
218.227
218.427
218.627
218.827
219.027
219.227
219.427
219.627
219.827
220.027
220.226
220.426
220.626
220.826
221.026
221.226
221.426
221.626
221.826
222.026
222.226
222.426
222.626
222.826
223.025
223.225
223.425
223.625
223.825
224.025
224.225
224.425
224.625
225.859
226.258
226.657
227.056
227.455
227.854
228.253
228.653
229.052
229.451
229.850
230.249
230.648
231.047
231.446
231.845
232.244
232.643
233.042
233.441
233.840
234.239
234.638
235.037
235.436
235.636
235.836
236.036
236.236
236.437
236.637
236.837
237.037
238.639
239.039
239.440
239.840
240.240
240.641
241.041
241.442
241.842
242.242
242.643
243.043
243.444
243.844
244.244
244.645
245.045
245.446
245.846
246.246
246.647
247.047
247.448
247.848
248.248
248.649
249.049
249.450
249.850
250.250
251.452
251.852
252.252
252.653
253.053
253.454
253.854
254.254
254.655
255.055
255.456
255.856
256.256
256.657
257.057
257.458
257.858
258.258
258.659
259.059
259.460
259.860
260.260
260.661
261.061
261.462
261.862
262.262
262.463
262.663
262.863
263.063
263.263
263.464
263.664
263.864
264.264
267.835
268.636
269.436
270.237
271.038
271.839
272.640
273.440
274.241
275.042
275.843
276.644
277.444
278.245
279.046
279.847
280.648
281.448
282.249
283.050
283.851
284.652
285.452
286.253
287.054
287.855
288.656
289.456
290.257
291.058
293.060
293.459
293.859
294.258
294.657
295.057
295.456
295.855
296.255
296.654
297.053
297.453
297.852
298.252
298.651
299.050
299.450
299.849
300.248
300.648
301.047
301.446
301.846
302.245
302.644
303.044
303.443
303.843
304.242
304.641
305.041
305.440
305.839
306.040
306.240
306.640
306.840
307.041
307.441
307.641
307.841
308.242
308.442
308.642
309.043
309.243
309.443
309.843
310.044
310.244
310.644
310.844
311.045
311.445
311.645
311.845
312.246
312.446
312.646
313.047
313.247
313.447
313.847
314.048
314.248
314.648
314.848
315.049
315.449
315.649
315.849
316.250
316.450
316.650
317.051
318.652
319.053
319.453
319.853
320.054
320.254
320.654
321.055
321.455
321.855
322.256
322.656
323.057
323.257
323.457
323.857
324.258
324.658
325.059
325.459
325.859
326.260
326.460
326.660
327.061
327.461
327.861
328.262
328.662
329.063
329.463
329.663
329.863
330.264
330.664
331.065
331.465
331.865
332.266
332.666
332.866
333.067
333.467
333.834
334.034
334.234
334.435
334.635
335.035
335.436
335.836
336.036
336.236
336.637
337.037
337.237
337.438
337.638
337.838
338.238
338.639
339.039
339.239
339.440
339.840
340.240
340.441
340.641
340.841
341.041
341.442
341.842
342.242
342.443
342.643
343.043
343.444
343.644
343.844
344.044
344.244
344.445
344.645
344.845
345.045
345.245
345.446
345.846
346.046
346.246
346.447
346.647
346.847
347.047
347.448
347.648
347.848
348.048
348.248
348.449
348.649
349.049
349.249
349.450
349.650
349.850
350.050
350.250
350.651
350.851
351.051
351.251
351.452
351.652
351.852
352.252
352.453
352.653
352.853
353.053
353.253
353.454
353.854
354.054
354.254
354.455
354.655
354.855
355.055
355.456
355.656
355.856
356.056
356.256
356.457
356.657
357.057
360.661
361.459
362.258
363.056
363.854
364.653
365.451
366.250
367.048
367.847
368.645
369.443
370.242
371.040
371.839
373.040
373.240
373.440
373.640
373.841
374.041
374.241
374.641
374.842
375.042
375.242
375.442
375.642
375.843
376.243
376.443
376.643
376.844
377.044
377.244
377.444
377.845
378.045
378.245
378.445
378.645
378.846
379.046
379.446
379.646
379.847
380.047
380.247
380.447
380.647
381.048
381.248
381.448
381.648
381.849
382.049
382.249
382.649
382.850
383.050
383.250
383.450
383.650
383.851
384.251
384.451
384.651
384.852
385.052
385.252
385.452
385.853
386.253
386.653
387.054
387.454
387.855
388.255
388.655
389.056
389.456
389.857
390.257
390.657
391.058
391.458
391.859
392.259
392.659
393.060
393.460
393.861
394.261
394.661
395.062
395.462
395.863
396.263
396.663
397.064
398.665
398.865
399.065
399.264
399.464
399.663
399.863
400.262
400.462
400.661
400.861
401.060
401.260
401.460
401.859
402.058
402.258
402.457
402.657
402.857
403.056
403.455
403.655
403.855
404.054
404.254
404.453
404.653
405.052
405.252
405.451
405.651
405.850
406.050
406.250
406.649
406.848
407.048
407.247
407.447
407.647
407.846
408.245
408.445
408.645
408.844
409.044
409.243
409.443
411.445
411.645
411.845
412.045
412.245
412.445
412.644
412.844
413.044
413.244
413.444
413.644
413.844
414.044
414.244
414.444
414.644
414.844
415.044
415.244
415.444
415.644
415.843
416.043
416.243
416.443
416.643
416.843
417.043
417.243
417.443
417.643
417.843
418.043
418.243
418.443
418.643
418.843
419.043
419.242
419.442
419.642
419.842
420.042
420.242
420.442
420.642
420.842
421.042
421.242
421.442
421.642
421.842
422.042
422.242
422.441
422.641
422.841
423.041
423.241
423.441
423.641
423.841
424.041
424.241
424.441
424.641
424.841
425.041
425.141
425.241
425.441
425.641
425.840
426.040
426.240
426.440
426.640
426.740
426.840
427.040
427.240
427.440
427.640
427.840
428.040
428.240
428.340
428.440
428.640
428.840
429.039
429.239
429.439
429.639
429.839
429.939
430.039
430.239
430.439
430.639
430.839
431.039
431.239
431.439
431.539
431.639
431.839
432.039
432.239
432.438
432.638
432.838
433.038
433.138
433.238
433.438
433.638
433.838
434.038
434.238
434.438
434.638
434.738
434.838
435.038
435.238
435.438
435.637
435.837
436.037
436.237
436.337
436.437
436.637
436.837
437.037
437.437
437.838
438.238
438.639
439.039
439.439
439.840
440.240
440.641
441.041
441.441
441.842
442.242
442.643
443.043
443.443
443.844
444.244
444.645
445.045
445.445
445.846
446.246
446.647
447.047
447.447
447.848
448.248
448.649
449.850
450.250
450.650
451.050
451.449
451.849
452.249
452.649
453.049
453.449
453.849
454.249
454.648
455.048
455.448
455.848
456.248
456.648
457.048
457.448
457.847
458.247
458.647
459.047
459.447
459.847
460.247
460.647
461.046
461.446
461.846
462.246
462.646
463.046
463.446
463.846
464.245
464.645
465.045
465.445
465.845
466.245
466.645
467.045
467.445
467.844
468.244
468.644
469.044
469.444
469.844
470.244
470.644
471.043
471.443
471.843
472.243
472.643
473.043
473.443
473.843
474.242
474.642
475.042
475.442
475.642
475.842
476.243
476.643
477.044
477.244
477.444
477.844
478.245
478.645
478.845
479.046
479.446
479.846
480.247
480.447
480.647
481.048
481.448
481.848
482.049
482.249
482.649
483.050
483.450
483.650
483.850
484.251
484.651
485.052
485.252
485.452
485.852
486.253
486.653
486.853
487.054
487.454
487.854
488.255
502.636
505.439
505.839
508.642
509.042
511.845
512.246
515.048
515.449
516.250
517.050
517.851
518.652
519.453
520.254
520.854
520.952
521.050
521.655
521.855
522.656
523.457
524.258
525.058
525.459
525.859
526.460
526.564
526.668
526.860
527.060
527.261
527.461
527.661
527.861
528.262
529.863
530.262
530.662
531.061
531.461
531.860
532.259
532.659
533.058
533.457
533.857
534.256
534.655
535.055
535.454
535.853
536.253
536.652
537.052
537.451
537.850
538.250
538.649
539.048
539.448
539.847
540.246
540.646
541.045
541.444
541.844
542.243
542.643
542.843
543.043
543.243
543.443
543.644
543.844
544.244
544.444
544.645
544.845
545.045
545.245
545.445
545.846
546.046
546.246
546.446
546.647
546.847
547.047
547.447
547.648
547.848
548.048
548.248
548.448
548.649
549.049
549.249
549.449
549.650
549.850
550.050
550.250
550.651
550.851
551.051
551.251
551.451
551.652
551.852
552.252
552.452
552.653
552.853
553.053
553.253
553.453
553.854
554.254
554.655
555.055
555.455
555.656
555.856
556.056
556.256
556.456
556.657
557.057
557.257
557.457
557.658
557.858
558.058
558.258
558.659
558.859
559.059
559.259
559.459
559.660
559.860
560.260
560.460
560.661
560.861
561.061
561.261
561.461
561.862
562.062
562.262
562.462
562.663
562.863
563.063
563.463
563.664
563.864
564.064
564.264
564.464
564.665
565.065
565.265
565.465
565.666
565.866
566.066
566.266
566.667
568.235
568.635
569.036
569.436
569.836
570.237
570.637
571.038
571.438
571.838
572.239
572.639
573.040
573.440
573.840
574.241
574.641
575.042
575.442
575.842
576.243
576.643
577.044
577.444
577.844
578.245
578.645
579.046
579.446
579.846
580.247
580.647
581.048
581.448
581.848
581.982
582.115
582.249
582.649
583.050
583.450
583.583
583.717
583.850
584.251
584.651
585.052
585.185
585.319
585.452
585.852
586.253
586.653
586.787
586.920
587.054
587.454
587.854
588.255
588.388
588.522
588.655
589.056
589.456
589.856
589.990
590.123
590.257
590.657
591.058
591.458
591.591
591.725
591.858
592.259
592.659
593.060
593.193
593.326
593.460
593.860
594.261
594.394
594.527
594.660
595.059
595.193
595.326
595.459
595.858
595.991
596.124
596.257
596.657
596.790
596.923
597.056
597.455
597.588
597.722
597.855
598.254
598.387
598.520
598.653
599.053
599.186
599.319
599.452
599.851
599.984
600.118
600.251
600.650
600.783
600.916
601.049
601.449
601.582
601.715
601.848
602.247
602.380
602.513
602.647
603.046
603.179
603.312
603.445
603.845
603.978
604.111
604.244
604.643
604.776
604.909
605.043
605.442
605.575
605.708
605.841
606.241
606.374
606.507
606.640
608.241
608.642
609.042
609.443
609.843
610.243
610.644
611.044
611.445
611.845
612.245
612.646
613.046
613.447
613.847
614.247
614.648
615.048
615.449
615.849
616.249
616.650
617.050
617.451
617.851
618.251
618.652
619.052
619.453
619.853
620.253
620.654
621.054
621.254
621.455
621.655
621.855
622.055
622.255
622.656
622.856
623.056
623.256
623.457
623.657
623.857
624.257
624.458
624.658
624.858
625.058
625.258
625.459
625.859
626.059
626.259
626.460
626.660
626.860
627.060
627.461
627.661
627.861
628.061
628.261
628.462
628.662
629.062
629.262
629.463
629.663
629.863
630.063
630.263
630.664
630.864
631.064
631.264
631.465
631.665
631.865
632.265
633.856
635.446
637.037
637.330
637.428
637.722
637.820
638.113
638.211
638.505
638.638
638.772
638.905
639.039
639.172
639.306
639.439
639.573
639.706
639.840
639.973
640.107
640.240
641.842
642.108
642.241
642.508
642.641
642.907
643.040
643.307
643.440
643.706
643.839
644.106
644.239
644.505
644.638
644.905
645.038
645.304
645.438
645.704
645.837
646.103
646.237
646.503
646.636
646.903
647.036
647.302
647.435
647.702
647.835
648.101
648.234
648.501
648.634
648.900
649.033
649.300
649.433
649.699
649.832
650.099
650.232
650.498
650.632
650.898
651.031
651.297
651.431
651.697
651.830
652.097
652.230
652.496
652.629
652.896
653.029
654.654
654.788
654.921
655.055
655.321
655.455
655.721
655.854
656.121
656.254
656.521
656.654
656.921
657.054
657.320
657.454
657.720
657.853
658.120
658.253
658.520
658.653
658.920
659.053
659.319
659.453
659.719
659.852
660.119
660.252
660.519
660.652
660.919
661.052
661.318
661.452
661.718
661.851
662.118
662.251
662.518
662.651
662.918
663.051
663.317
663.451
663.717
663.850
664.117
664.250
664.517
664.650
664.916
665.050
665.316
665.450
665.716
665.849
667.467
667.867
668.266
668.666
669.065
669.464
669.864
670.263
670.663
671.062
671.461
671.861
672.260
672.660
673.059
673.459
673.858
674.257
674.657
675.056
675.456
675.855
676.254
676.654
677.053
677.453
677.852
678.252
678.651
679.050
679.450
679.849
680.249
680.648
681.047
681.248
681.448
681.848
682.249
682.649
682.849
683.049
683.450
683.850
684.251
684.451
684.651
685.051
685.452
685.852
686.052
686.253
686.653
687.053
687.454
687.654
687.854
688.255
688.655
689.055
689.256
689.456
689.856
690.257
690.657
690.857
691.057
691.458
691.858
692.259
692.459
692.659
693.058
693.458
693.857
694.256
694.655
695.055
695.454
695.853
696.252
696.652
697.051
697.450
697.849
698.249
698.648
699.047
699.446
699.846
700.245
700.644
701.043
701.443
701.842
702.241
702.640
703.040
703.439
703.838
704.237
705.038
705.238
705.439
705.639
705.839
706.239
706.640
707.040
707.441
707.841
708.241
708.642
709.042
709.443
709.843
710.243
710.644
711.044
711.445
711.845
712.245
712.646
713.046
713.447
713.847
714.247
714.648
715.048
715.449
715.849
716.249
716.650
717.050
721.855
723.452
725.050
726.647
728.245
729.842
731.440
733.037
734.634
735.435
736.236
737.037
737.838
738.638
739.439
740.240
741.041
741.441
741.842
742.242
742.642
743.043
743.443
743.844
744.244
744.644
745.045
745.445
745.846
747.447
747.848
748.248
748.648
749.049
749.449
749.850
750.050
750.250
750.650
751.051
751.451
751.852
752.252
752.652
753.053
753.253
753.453
753.854
754.254
754.654
755.055
755.455
755.856
756.256
756.456
756.656
757.057
757.457
757.858
758.258
758.658
759.459
759.659
759.860
760.060
760.260
760.659
761.058
761.458
761.857
762.256
762.655
762.855
763.054
763.454
763.853
764.252
764.651
765.050
765.450
765.849
766.048
766.248
766.647
767.047
767.446
767.845
768.244
768.643
769.043
769.242
769.442
769.841
770.240
770.639
771.039
771.438
773.039
773.440
773.840
774.241
774.641
775.041
775.442
775.842
776.042
776.243
776.643
777.043
777.444
777.844
778.245
778.645
779.045
779.246
779.446
779.846
780.247
780.647
781.047
781.448
781.848
782.249
782.449
782.649
783.049
783.450
783.850
784.251
784.651
785.051
785.452
785.652
785.852
787.454
788.255
789.055
789.856
790.257
790.457
790.657
791.458
792.259
793.059
793.260
793.460
793.660
793.860
794.661
795.462
796.263
796.663
796.863
797.063
797.864
799.466
799.666
799.866
800.066
800.267
800.662
801.058
801.453
801.849
802.245
802.640
803.036
803.236
803.436
803.837
804.237
804.638
805.038
805.438
805.839
806.039
806.239
806.439
806.640
807.040
807.440
807.841
808.241
808.642
809.042
809.442
809.643
809.843
810.243
810.644
811.044
811.444
813.046
813.446
813.847
814.247
814.648
815.048
815.448
815.649
815.849
816.249
816.650
817.050
817.450
817.851
818.251
818.652
818.852
819.052
819.452
819.853
820.253
820.654
821.054
821.454
821.855
822.055
822.255
822.656
823.056
823.456
823.857
824.257
825.859
826.258
826.657
827.056
827.456
827.855
828.254
828.454
828.653
829.052
829.452
829.851
830.250
830.649
831.049
831.448
831.647
831.847
832.246
832.645
833.045
833.444
833.843
834.242
834.641
834.841
835.041
835.440
835.839
836.238
836.637
837.037
838.638
839.039
839.439
839.839
840.240
840.640
841.041
841.441
841.641
841.841
842.242
842.642
843.043
843.443
843.843
844.244
844.644
844.844
845.045
845.445
845.845
846.246
846.646
847.047
847.447
847.847
848.048
848.248
848.648
849.049
849.449
849.849
851.451
851.851
852.252
852.652
853.053
853.453
853.853
854.254
854.454
854.654
855.055
855.455
855.855
856.256
856.656
857.057
857.457
857.657
857.857
858.258
858.658
859.059
859.459
859.859
860.260
860.660
860.860
861.061
861.461
861.861
862.262
862.662
863.063
863.463
863.863
864.064
864.264
865.865
866.063
866.260
866.458
866.655
866.853
867.050
867.247
867.445
867.642
867.840
868.037
868.234
868.635
868.835
869.035
869.236
869.436
869.636
869.836
870.036
870.237
870.437
870.637
870.837
871.037
871.238
871.438
871.638
871.838
872.038
872.239
872.439
872.639
872.839
873.039
873.240
873.440
873.640
873.840
874.040
874.241
874.441
874.641
875.041
875.242
875.442
875.642
875.842
876.042
876.243
876.443
876.643
876.843
877.043
877.844
878.044
878.245
878.445
878.645
878.845
879.045
879.246
879.446
879.646
879.846
880.046
880.247
880.447
880.647
880.847
881.047
881.448
881.648
881.848
882.048
882.248
882.449
882.649
882.849
883.049
883.249
883.450
883.650
883.850
884.050
884.250
884.451
884.651
884.851
885.051
885.251
885.452
885.652
885.852
886.052
886.252
886.453
886.653
886.853
887.053
887.253
887.454
887.854
888.054
888.255
888.455
888.655
888.855
889.055
889.256
889.456
889.656
889.856
891.458
891.857
892.256
892.655
893.055
893.454
893.853
894.252
894.651
895.051
895.450
895.849
896.248
896.647
897.047
897.446
897.845
898.244
898.643
899.043
899.442
899.841
900.240
900.639
901.039
901.438
901.837
902.236
902.636
902.836
903.036
903.236
903.436
904.237
904.638
905.038
905.438
905.839
906.239
906.640
907.040
907.440
907.841
908.241
908.642
909.042
909.442
909.843
910.243
910.644
911.044
911.444
911.845
912.245
912.646
913.046
913.446
913.847
914.247
914.648
915.048
915.448
915.649
915.849
916.049
916.249
917.050
917.450
917.851
918.251
918.652
919.052
919.452
919.853
920.253
920.654
921.054
921.454
921.855
922.255
922.656
923.056
923.456
923.857
924.257
924.658
925.058
925.458
925.859
926.259
926.660
927.060
927.460
927.861
928.261
928.461
928.662
928.862
929.062
929.162
929.262
929.362
929.462
929.562
929.662
929.762
929.862
930.263
930.664
930.862
931.061
931.458
931.856
932.253
932.452
932.650
933.048
933.445
933.842
934.041
934.240
934.637
935.035
936.236
936.636
937.037
937.237
937.437
937.837
938.238
938.638
938.838
939.039
939.439
939.839
940.240
940.440
940.640
942.642
943.043
943.443
943.643
943.843
944.244
944.644
945.045
945.245
945.445
945.845
946.246
946.646
946.846
947.047
947.447
947.847
948.248
948.448
948.648
949.049
949.449
949.849
950.050
950.250
950.650
951.051
951.451
951.651
951.851
952.252
952.652
953.053
953.253
953.453
953.853
955.455
968.234
969.836
971.438
973.039
974.641
976.242
977.844
979.446
981.047
981.848
982.649
983.450
984.250
985.051
985.852
986.653
987.454
988.254
989.055
989.856
990.657
991.458
992.258
993.059
993.860
994.260
994.660
995.060
995.460
995.859
996.259
996.659
997.059
997.459
997.859
998.259
998.659
999.058
999.458
999.858
1000.258
1000.658
1001.058
1001.458
1001.858
1002.257
1002.657
1003.057
1003.457
1003.857
1004.257
1004.657
1005.057
1005.456
1005.856
1006.256
1006.656
1007.056
1007.456
1007.856
1008.256
1008.656
1009.055
1009.455
1009.855
1010.255
1010.655
1011.055
1011.455
1011.855
1012.254
1012.654
1013.054
1013.454
1013.854
1014.254
1014.654
1015.054
1015.453
1015.853
1016.253
1016.653
1017.053
1017.453
1017.853
1018.253
1018.652
1019.052
1019.452
1019.652
1019.853
1020.053
1020.253
1021.054
1021.254
1021.454
1021.654
1021.855
1022.655
1022.856
1023.056
1023.256
1023.456
1024.257
1024.457
1024.657
1024.858
1025.058
1025.859
1026.059
1026.259
1026.459
1026.659
1027.460
1027.660
1027.861
1028.061
1028.261
1029.062
1029.262
1029.462
1029.662
1029.863
1030.663
1030.864
1031.064
1031.264
1031.464
1031.664
1031.865
1032.065
1032.265
1032.465
1032.664
1032.864
1033.063
1033.263
1033.463
1033.862
1034.061
1034.261
1034.461
1034.660
1034.860
1035.059
1035.459
1035.658
1035.858
1036.058
1036.257
1036.457
1036.656
1037.056
1037.255
1037.455
1037.654
1037.854
1038.054
1038.253
1038.652
1038.852
1039.052
1039.251
1039.451
1039.650
1039.850
1040.249
1040.449
1040.648
1040.848
1041.048
1041.247
1041.447
1041.846
1042.046
1042.245
1042.445
1042.644
1042.844
1043.044
1043.443
1045.044
1045.245
1045.445
1045.645
1045.845
1046.045
1046.246
1046.446
1046.646
1046.846
1047.046
1047.247
1047.447
1047.647
1047.847
1048.047
1048.248
1048.448
1048.648
1048.848
1049.048
1049.249
1049.449
1049.649
1049.849
1050.049
1050.250
1050.450
1050.650
1050.850
1051.050
1051.251
1051.451
1051.651
1051.851
1052.051
1052.252
1052.452
1052.652
1052.852
1053.052
1053.253
1053.453
1053.653
1053.853
1054.053
1054.254
1054.454
1054.654
1054.854
1055.054
1055.255
1055.455
1055.655
1055.855
1056.055
1056.256
1057.857
1058.258
1058.658
1059.058
1059.459
1059.859
1060.260
1060.660
1061.060
1061.461
1061.861
1062.262
1062.662
1063.062
1063.463
1063.863
1064.264
1064.464
1064.663
1064.863
1065.063
1065.463
1065.862
1066.062
1066.262
1066.462
1066.662
1067.061
1067.461
1067.661
1067.861
1068.061
1068.261
1068.660
1069.060
1069.260
1069.460
1069.659
1069.859
1070.259
1070.659
1070.859
1071.058
1071.258
1071.458
1071.858
1072.257
1072.457
1072.657
1072.857
1073.057
1073.457
1073.856
1074.056
1074.256
1074.456
1074.656
1075.055
1075.455
1075.655
1075.855
1076.055
1076.254
1076.654
1077.054
1077.254
1077.453
1077.653
1077.853
1078.253
1078.653
1078.852
1079.052
1079.252
1079.452
1079.852
1080.251
1080.451
1080.651
1080.851
1081.051
1081.450
1081.850
1082.050
1082.250
1082.450
1082.649
1083.049
1086.653
1087.053
1087.453
1087.854
1088.254
1088.655
1089.055
1089.455
1089.856
1090.256
1090.657
1091.057
1091.457
1091.858
1092.258
1092.659
1093.059
1093.259
1093.459
1093.660
1093.860
1094.060
1094.260
1094.460
1094.661
1094.861
1095.061
1095.261
1095.461
1095.662
1095.862
1096.062
1096.262
1096.462
1096.663
1096.863
1097.063
1097.263
1097.463
1097.664
1097.864
1099.466
1100.667
1100.866
1101.066
1101.265
1101.465
1101.664
1101.864
1102.063
1102.263
1102.462
1102.662
1102.862
1103.061
1103.261
1103.460
1103.660
1103.859
1104.059
1104.258
1104.458
1104.657
1104.857
1105.056
1105.256
1105.455
1105.655
1105.855
1106.054
1106.254
1106.453
1106.653
1106.852
1107.052
1107.251
1107.451
1107.650
1107.850
1108.049
1108.249
1108.448
1108.648
1108.848
1109.047
1109.247
1109.446
1109.646
1109.845
1110.045
1110.244
1110.444
1110.643
1112.245
1112.445
1112.645
1112.846
1113.046
1113.246
1113.446
1113.646
1113.847
1114.047
1114.247
1114.447
1114.647
1114.848
1115.048
1115.248
1115.448
1115.648
1115.849
1116.049
1116.249
1116.449
1116.649
1116.850
1117.050
1117.250
1117.450
1117.650
1117.851
1118.051
1118.251
1118.451
1118.651
1118.852
1119.052
1119.252
1119.452
1119.652
1119.853
1120.053
1120.253
1120.453
1120.653
1120.854
1121.054
1121.254
1121.454
1121.654
1121.855
1122.055
1122.255
1122.455
1122.655
1122.856
1123.056
1123.256
1123.456
1125.058
1125.457
1125.856
1126.255
1126.654
1127.054
1127.453
1127.852
1128.251
1128.650
1129.049
1129.449
1129.848
1130.247
1130.646
1131.045
1131.444
1131.844
1132.243
1132.642
1133.041
1133.440
1133.839
1134.239
1134.638
1135.037
1135.436
1135.835
1137.837
1138.238
1138.638
1138.838
1139.038
1139.439
1139.839
1140.240
1140.440
1140.640
1141.040
1141.441
1141.841
1142.041
1142.242
1142.642
1143.042
1143.443
1143.643
1143.843
1144.244
1144.644
1145.044
1145.245
1145.445
1145.845
1146.246
1146.646
1146.846
1147.046
1147.447
1147.847
1148.248
1148.448
1148.648
1149.048
1149.449
1149.849
1150.049
1150.250
1150.650
1151.050
1151.451
1151.651
1151.851
1152.252
1152.652
1153.052
1153.253
1153.453
1153.853
1154.254
1154.654
1154.854
1155.054
1155.455
1155.855
1156.256
1156.456
1156.656
1157.056
1157.457
1157.857
1158.057
1158.258
1158.658
1159.058
1159.459
1159.659
1159.859
1160.260
1160.660
1161.060
1161.261
1161.461
1161.861
1162.262
1162.662
1162.862
1163.062
1163.462
1163.862
1164.262
1164.662
1165.062
1165.461
1165.861
1166.261
1166.661
1167.061
1167.461
1167.861
1168.260
1168.660
1169.060
1169.460
1169.860
1170.260
1170.660
1171.059
1171.459
1171.859
1172.259
1172.659
1173.059
1173.459
1173.858
1174.258
1174.658
1175.058
1175.458
1175.858
1176.258
1176.657
1177.057
1177.457
1177.857
1178.257
1178.657
1179.056
1179.456
1179.856
1180.256
1180.656
1181.056
1181.456
1181.855
1182.255
1182.655
1183.055
1183.455
1183.855
1184.255
1184.654
1185.054
1185.454
1185.854
1186.254
1186.654
1187.054
1187.453
1188.254
1189.055
1189.455
1189.656
1189.856
1190.256
1190.657
1191.057
1191.257
1191.457
1191.858
1192.258
1192.659
1192.859
1193.059
1193.459
1193.860
1194.260
1194.460
1194.661
1195.061
1195.461
1195.862
1196.062
1196.262
1196.663
1197.063
1197.463
1197.664
1197.864
1198.264
1198.665
1199.065
1199.265
1199.465
1199.866
1201.834
1202.235
1202.435
1202.635
1203.036
1203.436
1203.836
1204.037
1204.237
1204.637
1205.038
1205.438
1205.638
1205.838
1206.239
1206.639
1207.040
1207.240
1207.440
1207.840
1208.241
1208.641
1208.841
1209.042
1209.442
1209.842
1210.243
1210.443
1210.643
1211.044
1211.444
1211.844
1212.045
1212.245
1212.645
1214.647
1216.249
1217.850
1219.452
1221.054
1222.655
1224.257
1225.858
1227.460
1227.859
1228.259
1229.057
1229.457
1229.856
1230.655
1231.054
1231.454
1232.252
1232.652
1233.051
1233.850
1234.249
1234.648
1235.447
1235.847
1236.246
1237.045
1237.444
1237.843
1238.642
1239.041
1239.441
1240.239
1241.040
1241.841
1242.241
1242.642
1243.443
1243.843
1245.044
1245.445
1245.845
1246.646
1247.447
1248.247
1248.648
1249.048
1249.849
1250.249
1251.451
1251.851
1252.251
1253.052
1253.453
1253.653
1253.853
1254.253
1254.654
1255.054
1255.254
1255.455
1255.855
1256.255
1256.656
1256.856
1257.056
1257.457
1257.657
1257.857
1258.257
1258.458
1258.658
1259.058
1259.258
1259.459
1262.662
1263.062
1263.461
1263.861
1264.261
1264.661
1265.061
1265.460
1265.860
1266.260
1266.660
1267.060
1267.460
1267.859
1268.259
1268.659
1269.059
1269.459
1269.858
1270.258
1270.658
1271.058
1271.458
1271.857
1272.257
1272.657
1273.057
1273.457
1273.856
1274.256
1274.656
1275.056
1275.456
1275.855
1276.255
1276.655
1277.055
1277.455
1277.854
1278.254
1278.654
1279.054
1279.454
1279.853
1280.253
1280.653
1281.053
1281.453
1281.852
1282.252
1282.652
1283.052
1283.452
1283.851
1284.251
1284.651
1285.051
1285.251
1285.451
1285.651
1285.852
1286.052
1286.252
1286.452
1286.652
1288.254
1288.654
1288.855
1289.055
1289.455
1289.856
1290.256
1290.456
1290.656
1291.057
1291.457
1291.858
1292.058
1292.258
1292.658
1293.059
1293.459
1293.659
1293.860
1294.260
1294.660
1295.061
1295.261
1295.461
1295.862
1296.262
1296.662
1296.863
1297.063
1297.463
1297.864
1298.264
1298.464
1298.664
1299.065
1299.465
1299.663
1299.861
1300.059
1300.257
1300.454
1300.652
1300.850
1301.048
1301.248
1301.448
1301.648
1301.848
1302.048
1302.248
1302.648
1302.848
1303.048
1303.248
1303.448
1303.648
1303.848
1304.247
1304.447
1304.647
1304.847
1305.047
1305.247
1305.447
1305.847
1306.047
1306.247
1306.447
1306.647
1306.847
1307.047
1307.447
1307.647
1307.847
1308.047
1308.247
1308.447
1308.647
1309.047
1309.247
1309.447
1309.647
1309.847
1310.047
1310.247
1310.647
1310.847
1311.047
1311.247
1311.447
1311.647
1311.847
1312.247
1312.446
1312.646
1312.846
1313.046
1313.246
1313.446
1313.846
1314.247
1314.647
1315.448
1315.848
1316.249
1317.050
1317.450
1317.850
1318.651
1319.052
1319.452
1320.253
1320.653
1321.054
1321.854
1322.255
1322.655
1323.456
1323.856
1324.257
1325.058
1325.458
1325.858
1326.659
1326.859
1327.059
1327.258
1327.458
1327.658
1327.858
1328.257
1328.656
1329.056
1329.855
1330.055
1330.254
1330.454
1330.654
1330.854
1331.053
1331.453
1331.852
1332.252
1333.051
1333.250
1333.450
1333.650
1333.850
1334.049
1334.249
1334.649
1335.048
1335.448
1336.246
1336.446
1336.646
1336.846
1337.045
1337.245
1337.445
1337.844
1338.244
1338.643
1339.442
1339.642
1339.842
1340.041
1340.241
1340.441
1340.641
1341.040
1341.240
1341.441
1341.641
1341.841
1342.041
1342.241
1342.442
1342.642
1342.842
1343.042
1343.242
1343.443
1343.643
1343.843
1344.043
1344.243
1344.444
1344.644
1344.844
1345.044
1345.244
1345.445
1345.645
1345.845
1346.045
1346.245
1346.446
1346.646
1346.846
1347.046
1347.246
1347.447
1347.647
1347.847
1348.047
1348.247
1348.448
1348.648
1348.848
1349.048
1349.248
1349.449
1349.649
1349.849
1350.049
1350.249
1350.450
1350.650
1350.850
1351.050
1351.250
1351.451
1351.651
1351.851
1352.051
1352.251
1353.853
1354.053
1354.253
1354.454
1354.654
1354.854
1355.054
1355.254
1355.455
1355.655
1355.855
1356.055
1356.255
1356.456
1356.656
1356.856
1357.056
1357.256
1357.457
1357.657
1357.857
1358.057
1358.257
1358.458
1358.658
1358.858
1359.058
1359.258
1359.459
1359.659
1359.859
1360.059
1360.259
1360.460
1360.660
1360.860
1361.060
1361.260
1361.461
1361.661
1361.861
1362.061
1362.261
1362.462
1362.662
1362.862
1363.062
1363.262
1363.463
1363.663
1363.863
1364.063
1364.263
1364.464
1364.664
1364.864
1365.064
1366.666
1366.932
1367.065
1367.331
1367.464
1367.730
1367.863
1368.129
1368.262
1368.528
1368.661
1368.927
1369.060
1369.326
1369.459
1369.725
1369.858
1370.125
1370.258
1370.524
1370.657
1370.923
1371.056
1371.322
1371.455
1371.721
1371.854
1372.120
1372.253
1372.519
1372.652
1372.918
1373.051
1373.317
1373.450
1373.716
1373.849
1374.115
1374.248
1374.514
1374.648
1374.914
1375.047
1375.313
1375.446
1375.712
1375.845
1376.111
1376.244
1376.510
1376.643
1376.909
1377.042
1377.308
1377.441
1377.707
1377.840
1379.445
1379.712
1379.845
1380.112
1380.245
1380.511
1380.645
1380.911
1381.044
1381.311
1381.444
1381.711
1381.844
1382.110
1382.244
1382.510
1382.644
1382.910
1383.043
1383.310
1383.443
1383.710
1383.843
1384.109
1384.243
1384.509
1384.643
1384.909
1385.042
1385.309
1385.442
1385.709
1385.842
1386.108
1386.242
1386.508
1386.641
1386.908
1387.041
1387.308
1387.441
1387.708
1387.841
1388.107
1388.241
1388.507
1388.640
1388.907
1389.040
1389.307
1389.440
1389.707
1389.840
1390.106
1390.240
1390.506
1390.639
1392.258
1392.657
1392.857
1393.056
1393.455
1393.855
1394.254
1394.453
1394.653
1395.052
1395.451
1395.850
1396.050
1396.250
1396.649
1397.048
1397.447
1397.647
1397.846
1398.245
1398.645
1399.044
1399.243
1399.443
1399.842
1400.241
1400.640
1400.840
1401.040
1401.439
1401.838
1402.237
1402.437
1402.636
1403.035
1405.037
1405.438
1405.638
1405.838
1406.239
1406.639
1407.039
1407.240
1407.440
1407.840
1408.241
1408.641
1408.841
1409.041
1409.442
1409.842
1410.243
1410.443
1410.643
1411.043
1411.444
1411.844
1412.044
1412.245
1412.645
1413.045
1413.446
1413.646
1413.846
1414.247
1414.647
1415.047
1415.248
1415.448
1415.848
1417.850
1418.251
1418.651
1419.051
1419.452
1419.852
1420.253
1420.653
1421.053
1421.454
1421.854
1422.255
1422.655
1423.055
1423.456
1423.856
1424.257
1424.657
1425.057
1425.458
1425.858
1426.259
1426.659
1427.059
1427.460
1427.860
1428.261
1428.661
1429.061
1429.462
1429.862
1430.263
1430.663
1431.063
1431.464
1431.663
1431.863
1432.262
1432.662
1433.061
1433.261
1433.460
1433.860
1434.259
1434.658
1434.858
1435.057
1435.457
1435.856
1436.255
1436.455
1436.655
1437.054
1437.453
1437.852
1438.052
1438.252
1438.651
1439.050
1439.450
1439.649
1439.849
1440.248
1440.647
1441.047
1441.246
1441.446
1441.845
1442.245
1442.644
1442.844
1443.044
1443.444
1443.644
1443.843
1444.243
1444.443
1444.643
1445.043
1445.243
1445.443
1445.843
1446.043
1446.243
1446.642
1446.842
1447.042
1447.442
1447.642
1447.842
1448.242
1448.442
1448.642
1449.042
1449.242
1449.442
1449.841
1450.041
1450.241
1450.641
1450.841
1451.041
1451.441
1451.641
1451.841
1452.241
1452.440
1452.640
1453.040
1453.240
1453.440
1453.840
1454.040
1454.240
1454.640
1454.840
1455.040
1455.439
1455.639
1455.839
1456.239
1456.439
1456.639
1457.039
1457.239
1457.439
1457.839
1458.039
1458.238
1458.638
1458.838
1459.038
1459.438
1459.638
1459.838
1460.238
1460.438
1460.638
1461.037
1461.237
1461.437
1461.837
1462.037
1462.237
1462.637
1462.837
1463.037
1463.437
1463.637
1463.837
1464.236
1464.436
1464.636
1465.036
1465.236
1465.436
1465.836
1466.036
1466.236
1466.636
1466.835
1467.035
1467.435
1467.635
1467.835
1468.235
1468.435
1468.635
1469.035
1469.835
1470.636
1471.437
1472.238
1473.039
1473.839
1474.640
1475.441
1476.242
1477.043
1477.843
1478.644
1479.445
1480.246
1481.047
1481.847
1482.048
1482.248
1482.648
1483.049
1483.449
1483.649
1483.849
1484.250
1484.650
1485.051
1485.251
1485.451
1485.851
1486.252
1486.652
1486.852
1487.053
1487.453
1487.853
1488.254
1488.454
1488.654
1489.055
1489.455
1489.855
1490.056
1490.256
1490.656
1491.057
1491.457
1491.657
1491.857
1492.258
1492.658
1493.059
1493.259
1493.459
1493.859
1494.260
1494.660
1494.860
1495.061
1495.328
1495.595
1495.695
1495.862
1496.262
1496.462
1496.662
1496.929
1497.196
1497.292
1497.463
1497.864
1498.064
1498.264
1498.531
1498.798
1498.895
1499.065
1499.465
1499.665
1499.866
1500.132
1500.399
1500.499
1500.666
1501.067
1501.267
1501.467
1501.701
1501.968
1502.066
1502.235
1502.635
1502.835
1503.035
1503.302
1503.569
1503.662
1503.836
1504.237
1504.437
1504.637
1504.904
1505.171
1505.265
1505.438
1505.838
1506.038
1506.239
1506.505
1506.772
1506.869
1507.039
1507.440
1510.643
1511.444
1512.245
1513.045
1513.846
1514.647
1515.448
1516.249
1517.049
1517.850
1518.651
1519.452
1520.253
1521.053
1521.854
1522.655
1523.456
1523.855
1524.254
1524.454
1524.654
1525.053
1525.453
1525.852
1526.052
1526.251
1526.651
1527.050
1527.449
1527.649
1527.849
1528.248
1528.647
1529.047
1529.246
1529.446
1529.845
1530.245
1530.644
1530.844
1531.044
1531.443
1531.842
1532.242
1532.441
1532.641
1533.040
1533.440
1533.839
1534.039
1534.238
1534.638
1535.037
1535.436
1535.636
1535.836
1536.235
1537.837
1539.438
1540.239
1541.040
1541.339
1541.638
1541.837
1541.956
1542.075
1542.441
1542.642
1544.243
1544.443
1544.644
1544.844
1545.044
1545.244
1545.444
1545.845
1546.045
1546.245
1546.445
1546.646
1546.846
1547.046
1547.446
1547.647
1547.847
1548.047
1548.247
1548.447
1548.648
1549.048
1549.248
1549.448
1549.649
1549.849
1550.049
1550.249
1550.650
1550.850
1551.050
1551.250
1551.450
1551.651
1551.851
1552.251
1552.451
1552.652
1552.852
1553.052
1553.252
1553.452
1553.853
1554.053
1554.253
1554.453
1554.654
1554.854
1555.054
1555.454
1555.655
1555.855
1556.055
1556.255
1556.455
1556.656
1557.056
1557.256
1557.455
1557.655
1557.855
1558.054
1558.254
1558.454
1558.653
1558.853
1559.053
1559.252
1559.452
1559.652
1559.851
1560.051
1560.251
1560.451
1560.650
1560.850
1561.050
1561.249
1561.449
1561.649
1561.848
1562.048
1562.248
1562.447
1562.647
1562.847
1563.046
1563.246
1563.446
1563.645
1563.845
1564.045
1564.244
1564.444
1564.644
1564.843
1565.043
1565.243
1565.442
1565.642
1565.842
1566.042
1566.241
1566.441
1566.641
1566.840
1567.040
1567.240
1567.439
1567.639
1567.839
1568.038
1568.238
1568.438
1568.637
1568.837
1569.037
1569.236
1569.436
1569.636
1569.835
1570.236
1570.636
1571.037
1571.437
1571.837
1572.238
1572.638
1573.039
1573.439
1573.839
1574.240
1574.640
1575.041
1575.441
1575.841
1576.242
1576.642
1577.043
1577.443
1577.843
1578.244
1578.644
1579.045
1579.445
1579.845
1580.246
1580.646
1581.047
1581.447
1581.847
1582.248
1582.648
1583.049
1583.449
1583.649
1583.849
1584.250
1584.650
1585.051
1585.251
1585.451
1585.851
1586.252
1586.652
1586.852
1587.053
1587.453
1587.853
1588.254
1588.454
1588.654
1589.055
1589.455
1589.855
1590.056
1590.256
1590.656
1591.057
1591.457
1591.657
1591.857
1592.258
1592.658
1593.059
1593.259
1593.459
1593.859
1595.461
1595.661
1595.860
1596.060
1596.259
1596.459
1596.659
1596.858
1597.058
1597.257
1597.457
1597.657
1597.856
1598.056
1598.255
1598.455
1598.655
1598.854
1599.054
1599.253
1599.453
1599.653
1599.852
1600.052
1600.251
1600.451
1600.651
1600.850
1601.050
1601.250
1601.449
1601.649
1601.848
1602.048
1602.248
1602.447
1602.647
1602.846
1603.046
1603.246
1603.445
1603.645
1603.844
1604.044
1604.244
1604.443
1604.643
1604.842
1605.042
1605.242
1605.441
1605.641
1605.840
1606.040
1606.240
1606.439
1606.639
1607.039
1607.440
1607.840
1608.240
1608.641
1609.041
1609.442
1609.842
1610.242
1610.643
1611.043
1611.444
1611.844
1612.244
1612.645
1613.045
1613.446
1613.846
1614.246
1614.647
1615.047
1615.448
1615.848
1616.248
1616.649
1617.049
1617.450
1617.850
1618.250
1618.651
1619.051
1619.452
1619.852
1620.252
1620.653
1621.053
1621.454
1621.854
1622.254
1622.655
1623.055
1623.456
1623.856
1624.256
1624.657
1625.057
1625.458
1625.858
1626.258
1626.659
1627.059
1627.460
1627.860
1628.260
1628.661
1629.061
1629.462
1629.862
1630.262
1630.663
1631.063
1631.464
1631.864
1632.264
1632.465
1632.665
1632.865
1633.065
1633.265
1633.466
1633.666
1633.866
1634.265
1634.664
1634.864
1635.064
1635.463
1635.862
1636.261
1636.461
1636.660
1637.060
1637.459
1637.858
1638.058
1638.257
1638.657
1639.056
1639.455
1639.655
1639.854
1640.253
1640.653
1641.052
1641.251
1641.451
1641.850
1642.249
1642.649
1642.848
1643.048
1643.447
1643.846
1644.245
1644.445
1644.645
1645.044
1646.645
1646.846
1647.046
1647.446
1648.247
1648.647
1649.048
1649.248
1649.448
1649.849
1650.249
1650.649
1650.850
1651.050
1651.450
1651.851
1652.251
1652.451
1652.651
1653.052
1653.452
1653.853
1654.053
1654.253
1654.653
1655.054
1655.454
1655.654
1655.855
1656.255
1656.655
1657.056
1657.256
1657.456
1657.857
1659.458
1659.858
1660.257
1660.656
1661.056
1661.455
1661.854
1662.254
1662.653
1663.052
1663.452
1663.851
1664.251
1664.650
1665.049
1665.449
1665.848
1666.247
1666.647
1667.046
1667.445
1667.845
1668.244
1668.643
1669.043
1669.442
1669.842
1670.241
1670.640
1671.040
1671.439
1671.838
1672.238
1672.438
1672.638
1672.838
1673.038
1673.239
1673.439
1673.639
1673.839
1674.039
1674.240
1674.440
1674.640
1674.840
1675.040
1675.241
1675.441
1675.641
1675.841
1676.041
1676.242
1676.442
1676.642
1676.842
1677.042
1677.243
1677.443
1677.643
1677.843
1678.043
1678.244
1678.444
1678.644
1678.844
1679.044
1679.245
1679.445
1679.645
1679.845
1680.045
1680.246
1680.446
1680.646
1680.846
1681.046
1681.247
1681.447
1681.647
1681.847
1682.047
1682.248
1682.448
1682.648
1682.848
1683.048
1683.249
1683.449
1685.051
1685.251
1685.451
1685.651
1685.851
1686.051
1686.252
1686.352
1686.452
1686.652
1686.852
1687.052
1687.253
1687.453
1687.653
1687.853
1687.953
1688.053
1688.254
1688.454
1688.654
1688.854
1689.054
1689.255
1689.455
1689.555
1689.655
1689.855
1690.055
1690.256
1690.456
1690.656
1690.856
1691.056
1691.157
1691.257
1691.457
1691.657
1691.857
1692.057
1692.258
1692.458
1692.658
1692.758
1692.858
1693.058
1693.259
1693.459
1693.659
1693.859
1694.059
1694.260
1694.360
1694.460
1694.660
1694.860
1695.060
1695.261
1695.461
1695.661
1695.861
1695.961
1696.061
1696.262
1697.863
1698.263
1698.662
1698.862
1699.062
1699.462
1699.861
1700.261
1700.460
1700.660
1701.060
1701.459
1701.859
1702.059
1702.259
1702.658
1703.058
1703.457
1703.657
1703.857
1704.256
1704.656
1705.055
1705.255
1705.455
1705.855
1706.254
1706.654
1706.854
1707.053
1707.453
1707.852
1708.252
1708.452
1708.652
1709.051
1709.451
1709.850
1710.050
1710.250
1710.649
1711.049
1711.449
1711.648
1711.848
1712.248
1712.647
1713.047
1713.247
1713.447
1713.847
1714.047
1714.247
1714.647
1714.848
1715.048
1715.448
1715.648
1715.848
1716.048
1716.248
1716.449
1716.649
1716.849
1717.049
1720.252
1720.653
1721.053
1721.253
1721.454
1721.854
1722.054
1722.254
1722.455
1722.655
1722.855
1723.055
1723.255
1723.456
1723.856
1724.256
1724.457
1724.657
1725.057
1725.257
1725.458
1725.658
1725.858
1726.058
1726.258
1726.459
1726.659
1727.059
1727.460
1727.660
1727.860
1728.260
1728.461
1728.661
1728.861
1729.061
1729.261
1729.462
1729.662
1729.862
1730.262
1730.663
1730.863
1731.063
1731.464
1731.864
1732.264
1732.665
1733.065
1733.465
1733.865
1734.065
1734.265
1734.665
1734.865
1735.064
1735.264
1735.464
1735.664
1735.864
1736.064
1736.264
1736.664
1737.064
1737.264
1737.464
1737.864
1738.064
1738.263
1738.463
1738.663
1738.863
1739.063
1739.263
1739.463
1739.863
1740.263
1740.463
1740.663
1741.063
1741.262
1741.462
1741.662
1741.862
1742.062
1742.262
1742.462
1742.662
1743.062
1743.462
1743.662
1743.862
1744.261
1744.461
1744.661
1744.861
1745.061
1745.261
1745.461
1745.661
1745.861
1746.261
1746.661
1746.861
1747.061
1747.460
1747.660
1747.860
1748.060
1748.260
1748.460
1748.660
1748.860
1749.060
1749.460
1749.860
1750.060
1750.260
1750.659
1750.859
1751.059
1751.259
1751.459
1751.659
1751.859
1752.059
1752.259
1752.659
1753.059
1753.259
1753.459
1753.858
1754.058
1754.258
1754.458
1754.658
1754.858
1755.058
1755.258
1755.458
1755.858
1756.258
1756.458
1756.657
1757.057
1757.257
1757.457
1757.657
1757.857
1758.057
1758.257
1758.657
1759.058
1759.458
1759.859
1760.259
1760.659
1761.060
1761.460
1761.660
1761.861
1762.261
1762.661
1763.062
1763.462
1763.863
1764.263
1764.663
1765.064
1765.464
1765.865
1766.265
1766.665
1767.066
1767.466
1767.867
1768.067
1768.267
1768.659
1769.051
1769.443
1769.835
1770.035
1770.636
1770.836
1771.437
1771.837
1772.238
1772.638
1773.038
1773.439
1773.839
1774.240
1774.440
1774.640
1775.040
1775.441
1775.841
1776.242
1776.642
1777.042
1777.443
1777.843
1778.244
1778.644
1779.044
1779.445
1779.845
1780.246
1780.646
1780.846
1781.046
1781.447
1781.847
1782.248
1782.648
1783.048
1783.449
1783.849
1784.250
1784.650
1785.050
1785.251
1785.451
1785.851
1786.252
1786.652
1786.852
1787.052
1787.453
1787.853
1788.254
1788.454
1788.654
1789.054
1789.455
1789.855
1790.055
1790.256
1790.656
1791.056
1791.457
1791.657
1791.857
1792.258
1792.658
1793.058
1793.259
1793.459
1793.859
1794.260
1794.660
1794.860
1795.060
1795.461
1795.628
1796.061
1797.062
1797.861
1798.660
1799.459
1800.257
1801.056
1801.855
1802.653
1803.452
1804.251
1805.050
1805.848
1806.647
1807.446
1808.244
1809.043
1809.842
1810.242
1810.643
1811.043
1811.443
1811.844
1812.244
1812.645
1813.045
1813.445
1813.846
1814.246
1814.647
1815.047
1815.447
1815.848
1816.248
1816.649
1817.049
1817.449
1817.850
1818.250
1818.651
1819.051
1819.451
1819.852
1820.252
1820.653
1821.053
1821.453
1821.854
1822.254
1822.655
1822.855
1823.055
1823.255
1823.455
1823.656
1823.856
1824.056
1824.256
1824.456
1824.657
1824.857
1825.057
1825.257
1825.457
1825.658
1825.858
1826.058
1826.258
1826.458
1826.659
1826.859
1827.059
1827.259
1827.459
1827.660
1827.860
1828.060
1828.260
1828.460
1828.661
1828.861
1829.061
1829.261
1829.461
1829.662
1829.862
1830.062
1830.262
1830.462
1830.663
1830.863
1831.063
1831.263
1831.463
1831.664
1831.864
1832.064
1832.264
1832.464
1832.665
1832.865
1833.065
1833.265
1833.465
1833.666
1833.866
1834.066
1834.266
1834.466
1834.667
1834.867
1835.067
1835.434
1835.634
1835.834
1836.035
1836.235
1836.435
1836.635
1836.835
1837.036
1837.236
1837.436
1837.636
1837.836
1838.037
1838.237
1838.437
1838.637
1838.837
1839.038
1839.238
1839.438
1839.638
1839.838
1840.039
1840.239
1840.439
1840.639
1840.839
1841.040
1841.240
1841.440
1841.640
1841.840
1842.041
1842.241
1842.441
1842.641
1842.841
1843.042
1843.242
1843.442
1843.642
1843.842
1844.043
1844.243
1844.443
1844.643
1844.843
1845.044
1845.244
1845.444
1845.644
1845.844
1846.045
1846.245
1846.445
1846.645
1846.845
1847.046
1847.246
1847.446
1847.646
1847.846
1848.247
1848.447
1848.647
1848.847
1849.048
1849.248
1849.448
1849.648
1849.848
1850.049
1850.249
1850.449
1850.649
1850.849
1851.050
1851.250
1851.450
1851.650
1851.850
1852.051
1852.251
1852.451
1852.651
1852.851
1853.052
1853.252
1853.452
1853.652
1853.852
1854.053
1854.253
1854.453
1854.653
1854.853
1855.054
1855.254
1855.454
1855.654
1855.854
1856.055
1856.255
1856.455
1856.655
1856.855
1857.056
1857.256
1857.456
1857.656
1857.856
1858.057
1858.257
1858.457
1858.657
1858.857
1859.058
1859.258
1859.458
1859.658
1859.858
1860.059
1860.259
1860.459
1860.659
1860.859
1861.060
1873.772
1874.573
1875.374
1876.175
1876.976
1877.776
1878.577
1879.378
1880.179
1880.980
1881.780
1882.581
1883.382
1884.183
1884.984
1885.784
1886.585
1886.986
1887.386
1887.786
1888.187
1888.587
1888.988
1889.388
1889.788
1890.189
1890.589
1890.990
1891.390
1891.790
1892.191
1892.591
1892.992
1893.392
1893.792
1894.193
1894.593
1894.994
1895.394
1895.794
1896.195
1896.595
1896.996
1897.396
1897.796
1898.197
1898.597
1898.998
1901.000
1901.199
1901.399
1901.599
1901.799
1901.999
1902.199
1902.399
1902.599
1902.799
1902.999
1903.199
1903.399
1903.598
1903.798
1903.998
1904.198
1904.398
1904.598
1904.798
1904.998
1905.198
1905.398
1905.598
1905.797
1905.997
1906.197
1906.397
1906.597
1906.797
1906.997
1907.197
1907.397
1907.597
1907.797
1907.996
1908.196
1908.396
1908.596
1908.796
1908.996
1909.196
1909.396
1909.596
1909.796
1909.996
1910.196
1910.395
1910.595
1910.795
1910.995
1911.195
1911.395
1911.595
1911.795
1911.995
1912.195
1912.395
1912.594
1912.794
1912.994
1913.194
1913.394
1913.594
1913.794
1913.994
1914.194
1914.394
1914.594
1914.794
1914.993
1915.193
1915.393
1915.593
1915.793
1915.993
1916.193
1916.393
1916.593
1916.793
1916.993
1917.192
1917.392
1917.592
1917.792
1917.992
1918.192
1918.392
1918.592
1918.792
1918.992
1919.192
1919.391
1919.591
1919.791
1919.991
1920.191
1920.391
1920.591
1920.791
1920.991
1921.191
1921.391
1921.591
1921.790
1921.990
1922.190
1922.390
1922.590
1922.790
1922.990
1923.190
1923.390
1923.590
1923.790
1923.989
1924.189
1924.990
1925.190
1925.390
1925.590
1925.790
1925.990
1926.190
1926.390
1926.590
1926.790
1926.990
1927.190
1927.390
1927.590
1927.790
1927.990
1928.190
1928.390
1928.590
1928.790
1928.989
1929.189
1929.389
1929.589
1929.789
1929.989
1930.189
1930.389
1930.589
1930.789
1930.989
1931.189
1931.389
1931.589
1931.789
1931.989
1932.189
1932.389
1932.589
1932.789
1932.989
1933.189
1933.389
1933.589
1933.789
1933.989
1934.189
1934.388
1934.588
1934.788
1934.988
1935.188
1935.388
1935.588
1935.788
1935.988
1936.188
1936.388
1936.588
1936.788
1936.988
1937.188
1937.388
1937.588
1937.788
1937.988
1938.188
1938.388
1938.588
1938.788
1938.988
1939.188
1939.388
1939.588
1939.787
1939.987
1940.187
1940.387
1940.587
1940.787
1940.987
1941.187
1941.387
1941.587
1941.787
1941.987
1942.187
1942.387
1942.587
1942.787
1942.987
1943.187
1943.387
1943.587
1943.787
1943.987
1944.187
1944.387
1944.587
1944.787
1944.987
1945.186
1945.386
1945.586
1945.786
1945.986
1946.186
1946.386
1946.586
1946.786
1946.986
1947.186
1947.386
1947.586
1947.786
1947.986
1948.186
1948.386
1948.586
1948.786
1948.986
1949.186
1949.386
1949.586
1949.786
1949.986
1950.186
1950.386
1950.585
1950.785
1950.985
1951.185
1951.385
1951.585
1951.785
1951.985
1952.185
1952.385
1952.585
1952.785
1952.985
1953.185
1953.385
1953.585
1953.785
1953.985
1954.185
1954.385
1954.585
1954.785
1954.985
1955.185
1955.385
1955.585
1955.785
1955.984
1956.184
1956.384
1956.584
1956.784
1956.984
1957.184
1957.384
1957.584
1957.784
1957.984
1958.184
1958.384
1958.584
1958.784
1958.984
1959.184
1959.384
1959.584
1959.784
1959.984
1960.184
1960.384
1960.584
1960.784
1960.984
1961.184
1961.384
1961.583
1961.783
1961.983
1962.183
1962.383
1962.583
1962.783
1962.983
1963.183
1963.383
1963.583
1963.783
1963.983
1964.183
1964.383
1964.583
1964.783
1964.983
1965.183
1965.383
1965.583
1965.783
1965.983
1966.183
1966.383
1966.583
1966.783
1966.982
1967.182
1967.382
1967.582
1967.782
1967.982
1968.182
1968.382
1968.582
1968.782
1968.982
1969.182
1969.382
1969.582
1969.782
1969.982
1970.182
1970.382
1970.582
1970.782
1970.982
1971.182
1971.382
1971.582
1971.782
1971.982
1972.182
1972.381
1972.581
1972.781
1972.981
1973.181
1973.381
1973.581
1973.781
1973.981
1974.181
1974.381
1974.581
1974.781
1974.981
1975.181
1975.381
1975.581
1975.781
