147.743
148.251
148.760
149.268
149.777
150.285
150.794
151.302
151.811
152.319
152.828
153.336
153.844
154.353
154.861
155.370
155.878
156.387
156.895
157.404
157.912
158.421
158.929
159.438
159.946
160.455
160.963
161.472
161.980
162.489
162.997
163.506
164.014
164.523
165.031
165.540
166.048
166.557
167.065
167.574
168.082
168.591
169.099
169.608
170.116
170.624
171.133
171.641
172.150
172.658
173.167
173.675
174.184
174.692
175.201
175.709
176.218
176.726
177.235
177.743
178.252
178.760
179.269
179.777
180.286
180.794
181.303
181.811
182.320
182.828
183.337
183.845
184.354
184.862
185.371
185.879
186.387
186.896
187.404
187.913
188.421
188.930
189.438
189.947
190.455
190.964
191.472
191.981
192.489
192.998
193.506
194.015
194.523
195.032
195.540
196.049
196.557
197.066
197.574
198.083
198.591
199.100
199.608
200.117
200.625
201.134
201.642
202.151
202.659
203.167
203.676
204.184
204.693
205.201
205.710
206.218
206.727
207.235
207.744
208.252
208.761
209.269
209.778
210.286
210.795
211.303
211.812
212.320
212.829
213.337
213.846
214.354
214.863
215.371
215.880
216.388
216.897
217.405
217.914
218.422
218.931
219.439
219.947
220.456
220.964
221.473
221.981
222.490
222.998
223.507
224.015
224.524
225.032
225.541
226.049
226.558
227.066
227.575
228.083
228.592
229.100
229.609
230.117
230.626
231.134
231.643
232.151
232.660
233.168
233.677
234.185
234.694
235.202
235.711
236.219
236.727
237.236
237.744
238.253
238.761
239.270
239.778
240.287
240.795
241.304
241.812
242.321
242.829
243.338
243.846
244.355
244.863
245.372
245.880
246.389
246.897
247.406
247.914
248.423
248.931
249.440
249.948
250.457
250.965
251.474
251.982
252.490
252.999
253.507
254.016
254.524
255.033
255.541
256.050
256.558
257.067
257.575
258.084
258.592
259.101
259.609
260.118
260.626
261.135
261.643
262.152
262.660
263.169
263.677
264.186
264.694
265.203
265.711
266.220
266.728
267.237
267.745
268.254
268.762
269.270
269.779
270.287
270.796
271.304
271.813
272.321
272.830
273.338
273.847
274.355
274.864
275.372
275.881
276.389
276.898
277.406
277.915
278.423
278.932
279.440
279.949
280.457
280.966
281.474
281.983
282.491
283.000
283.508
284.017
284.525
285.034
285.542
286.050
286.559
287.067
287.576
288.084
288.593
289.101
289.610
290.118
290.627
291.135
291.644
292.152
292.661
293.169
293.678
294.186
294.695
295.203
295.712
296.220
296.729
297.237
297.746
298.254
298.763
299.271
299.780
300.288
300.797
301.305
301.813
302.322
302.830
303.339
303.847
304.356
304.864
305.373
305.881
306.390
306.898
307.407
307.915
308.424
308.932
309.441
309.949
310.458
310.966
311.475
311.983
312.492
313.000
313.509
314.017
314.526
315.034
315.543
316.051
316.560
317.068
317.577
318.085
318.593
319.102
319.610
320.119
322.661
322.916
323.170
323.424
323.678
324.441
324.695
324.950
325.204
325.458
325.712
326.094
326.475
326.729
326.983
327.238
327.492
327.746
328.509
328.763
329.017
329.272
329.526
329.780
330.162
330.543
330.797
331.051
331.306
331.560
331.814
332.577
332.831
333.085
333.340
333.594
333.848
334.229
334.611
334.865
335.119
335.373
335.628
335.882
336.645
336.899
337.153
337.407
337.662
337.916
338.297
338.679
338.933
339.187
339.441
339.696
339.950
340.713
340.967
341.221
341.475
341.730
341.984
342.365
342.747
343.001
343.255
343.509
343.763
344.018
344.780
345.035
345.289
345.543
345.797
346.052
346.433
346.814
347.069
347.323
347.577
347.831
348.086
348.848
349.103
349.357
349.611
349.865
350.120
350.501
350.882
351.137
351.391
351.645
351.899
352.153
352.916
353.170
353.425
353.679
353.933
354.187
354.569
354.950
355.204
355.459
355.713
355.967
356.221
356.984
357.238
357.493
357.747
358.001
358.255
358.637
359.018
359.272
359.526
359.781
360.035
360.289
361.052
361.306
361.560
361.815
362.069
362.323
362.705
363.086
363.340
363.594
363.849
364.103
364.357
365.120
365.374
365.628
365.883
366.137
366.391
366.772
367.154
367.408
367.662
367.916
368.171
368.425
369.188
369.442
369.696
369.950
370.205
370.459
370.840
371.222
371.476
371.730
371.984
372.239
372.493
373.256
373.510
373.764
374.018
374.272
374.527
374.908
375.289
375.544
375.798
376.052
376.306
376.561
377.323
377.578
377.832
378.086
378.340
378.595
378.976
379.357
379.612
379.866
380.120
380.374
380.629
381.391
381.645
381.900
382.154
382.408
382.662
383.044
383.425
383.679
383.934
384.188
384.442
384.696
385.459
385.713
385.968
386.222
386.476
386.730
387.112
387.493
387.747
388.002
388.256
388.510
388.764
389.527
389.781
390.035
390.290
390.544
390.798
391.180
391.561
391.815
392.069
392.324
392.578
392.832
393.595
393.849
394.103
394.358
394.612
394.866
395.247
395.629
395.883
396.137
396.391
396.646
396.900
397.663
397.917
398.171
398.425
398.680
398.934
399.315
399.697
399.951
400.205
400.459
400.714
400.968
401.731
401.985
402.239
402.493
402.748
403.002
403.383
403.764
404.019
404.273
404.527
404.781
405.036
405.798
406.053
406.307
406.561
406.815
407.070
407.451
407.832
408.087
408.341
408.595
408.849
409.104
409.866
410.121
410.375
410.629
410.883
411.137
411.519
411.900
444.722
445.230
445.739
446.247
446.756
447.264
447.773
448.281
448.790
449.298
449.806
450.315
450.823
451.332
451.840
452.349
452.857
453.366
453.874
454.382
454.891
455.399
455.908
456.416
456.925
457.433
457.942
458.450
458.959
459.467
459.975
460.484
460.992
461.501
462.009
462.518
463.026
463.535
464.043
464.551
465.060
465.568
466.077
466.585
467.094
467.602
468.111
468.619
469.128
469.636
470.144
470.653
471.161
471.670
472.178
472.687
473.195
473.704
474.212
474.720
475.229
475.737
476.246
476.754
477.263
477.771
478.280
478.788
479.297
479.805
480.313
480.822
481.330
481.839
482.347
482.856
483.364
483.873
484.381
484.890
485.398
485.906
486.415
486.923
487.432
487.940
488.449
488.957
489.466
489.974
490.482
490.991
491.499
492.008
492.516
493.025
493.533
494.042
494.550
495.059
495.567
496.075
496.584
497.092
497.601
498.109
498.618
499.126
499.635
500.143
500.651
501.160
501.668
502.177
502.685
503.194
503.702
504.211
504.719
505.228
505.736
506.244
506.753
507.261
507.770
508.278
508.787
509.295
509.804
510.058
510.312
510.566
510.820
511.583
511.837
512.092
512.346
512.600
512.854
513.236
513.617
513.871
514.125
514.380
514.634
514.888
515.651
515.905
516.159
516.413
516.668
516.922
517.303
517.685
517.939
518.193
518.447
518.701
518.956
519.718
519.973
520.227
520.481
520.735
520.989
521.371
521.752
522.006
522.261
522.515
522.769
523.023
523.786
524.040
524.294
524.549
524.803
525.057
525.438
525.820
526.074
526.328
526.582
526.837
527.091
527.853
528.108
528.362
528.616
528.870
529.125
529.506
529.887
530.142
530.396
530.650
530.904
531.158
531.921
532.175
532.430
532.684
532.938
533.192
533.574
533.955
534.209
534.463
534.718
534.972
535.226
535.989
536.243
536.497
536.751
537.006
537.260
537.641
538.022
538.277
538.531
538.785
539.039
539.294
540.056
540.310
540.565
540.819
541.073
541.327
541.709
542.090
542.344
542.598
542.853
543.107
543.361
544.124
544.378
544.632
544.887
545.141
545.395
545.776
546.158
546.412
546.666
546.920
547.175
547.429
548.191
548.446
548.700
548.954
549.208
549.463
549.844
550.225
550.479
550.734
550.988
551.242
551.496
552.259
552.513
552.767
553.022
553.276
553.530
553.911
554.293
554.547
554.801
555.055
555.310
555.564
556.327
556.581
556.835
557.089
557.343
557.598
557.979
558.360
558.615
558.869
559.123
559.377
559.631
560.394
560.648
560.903
561.157
561.411
561.665
562.047
562.428
562.682
562.936
563.191
563.445
563.699
564.462
564.716
564.970
565.224
565.479
565.733
566.114
566.496
566.750
567.004
567.258
567.512
567.767
568.529
568.784
569.038
569.292
569.546
569.800
570.182
570.563
570.817
571.072
571.326
571.580
571.834
572.597
572.851
573.105
573.360
573.614
573.868
574.249
574.631
574.885
575.139
575.393
575.648
575.902
576.665
576.919
577.173
577.427
577.681
577.936
578.317
578.698
578.953
579.207
579.461
579.715
579.969
580.732
580.986
581.241
581.495
581.749
582.003
582.385
582.766
583.020
583.274
583.529
583.783
584.037
584.800
585.054
585.308
585.562
585.817
586.071
586.452
586.833
587.088
587.342
587.596
587.850
588.105
588.867
589.121
589.376
589.630
589.884
590.138
590.520
590.901
591.155
591.409
591.664
591.918
592.172
592.935
593.189
593.443
593.698
593.952
594.206
594.587
594.969
595.223
595.477
595.731
595.986
596.240
597.002
597.257
597.511
597.765
598.019
598.274
598.655
599.036
599.290
599.545
599.799
600.053
600.307
601.070
601.324
601.578
601.833
602.087
602.341
602.722
603.104
603.358
603.612
603.866
604.121
604.375
605.138
605.392
605.646
605.900
606.154
606.409
606.790
607.171
644.827
645.124
645.421
646.609
647.203
647.500
647.797
648.985
649.579
649.877
650.174
651.362
651.956
652.253
652.550
653.738
654.332
654.629
654.926
656.114
656.708
657.005
657.302
658.490
659.084
659.381
659.678
660.866
661.460
661.757
662.054
663.242
663.836
664.133
664.430
665.618
666.212
666.509
666.806
667.994
668.588
668.885
669.182
670.370
670.965
671.262
671.559
672.747
673.341
673.638
673.935
675.123
675.717
676.014
676.311
677.499
678.093
678.390
678.687
679.875
680.469
680.766
681.063
682.251
682.845
683.142
683.439
684.627
685.221
685.518
685.815
687.003
687.597
687.894
688.191
689.379
689.973
690.270
690.567
691.755
692.350
692.647
692.944
694.132
694.726
695.023
695.320
696.508
697.102
697.399
697.696
698.884
699.478
699.775
700.072
701.260
701.854
702.151
702.448
703.636
704.230
704.527
704.824
706.012
706.606
706.903
707.200
708.388
708.982
709.279
709.576
710.764
711.358
711.655
711.952
713.141
713.735
714.032
714.329
715.517
716.111
716.408
716.705
717.893
718.487
718.784
719.081
720.269
720.863
721.457
722.051
722.645
723.239
723.833
724.427
725.021
725.615
726.209
726.803
727.397
727.991
728.585
729.179
729.774
730.368
730.962
731.556
732.150
732.744
733.338
733.932
734.526
735.120
735.714
736.308
736.902
737.496
738.090
738.684
739.278
739.872
740.466
741.060
741.654
742.248
742.843
743.437
744.031
744.625
745.219
745.813
746.407
747.001
747.595
748.189
748.783
749.377
749.971
750.565
751.159
751.753
752.347
752.941
753.535
754.129
754.723
755.317
755.911
756.506
757.100
757.694
758.288
758.882
759.476
760.070
760.664
766.010
766.307
766.604
767.792
768.386
768.683
768.980
770.168
770.762
771.059
771.356
772.544
773.139
773.436
773.733
774.921
775.515
775.812
776.109
777.297
777.891
778.188
778.485
779.673
780.267
780.564
780.861
782.049
782.643
782.940
783.237
784.425
785.019
785.316
785.613
786.207
786.801
787.395
787.692
787.989
788.583
789.177
789.771
790.068
790.365
790.959
791.554
792.148
792.445
792.742
793.336
793.930
794.524
794.821
795.118
795.712
796.306
796.900
797.197
797.494
798.088
798.682
799.276
799.573
799.870
800.464
801.058
801.652
801.949
802.246
802.840
803.434
804.028
804.325
804.919
805.216
805.513
805.810
806.404
806.701
807.295
807.592
807.889
808.186
808.781
809.078
809.672
809.969
810.266
810.563
811.157
811.454
812.048
812.345
812.642
812.939
813.533
813.830
814.424
814.721
815.018
815.315
815.909
816.206
816.800
817.097
817.394
817.691
818.285
818.582
819.176
819.473
819.770
820.067
820.661
820.958
821.552
821.849
822.146
822.443
823.037
823.334
823.928
824.225
824.522
824.819
825.413
825.710
826.304
826.602
826.899
827.196
827.790
828.087
828.681
828.978
829.275
829.572
830.166
830.463
831.057
831.354
831.651
831.948
832.542
832.839
833.433
833.730
834.027
834.324
834.918
835.215
835.809
836.106
836.403
836.700
837.294
837.591
838.185
838.482
838.779
839.076
839.670
839.967
840.561
840.858
841.155
841.452
842.046
842.195
842.343
842.492
842.937
843.234
843.531
843.828
844.423
844.571
844.720
844.868
845.314
845.611
845.908
846.205
846.799
846.947
847.096
847.244
847.690
847.987
848.284
848.581
849.175
849.323
849.472
849.620
850.066
850.363
850.660
850.957
851.551
851.699
851.848
851.996
852.442
852.739
853.036
853.333
853.927
854.076
854.224
854.373
854.818
855.115
855.412
855.709
856.303
856.452
856.600
856.749
857.194
857.491
857.788
858.085
858.679
858.828
858.976
859.125
859.570
859.867
860.164
860.461
861.055
861.204
861.352
861.501
861.947
862.244
862.541
862.838
863.432
863.580
863.729
863.877
864.323
864.620
864.917
865.214
865.808
865.956
866.105
866.253
866.699
866.996
867.293
867.590
868.184
868.332
868.481
868.629
869.075
869.372
869.669
869.966
870.560
870.709
870.857
871.006
871.451
871.748
872.045
872.342
872.936
873.085
873.233
873.382
873.827
874.124
874.421
874.718
875.312
875.461
875.609
875.758
876.203
876.500
876.797
877.094
877.688
877.837
877.985
878.134
878.579
878.876
879.173
879.471
923.766
925.642
927.517
929.392
931.268
933.143
935.018
936.894
938.769
940.644
942.519
944.395
946.270
948.145
950.021
951.896
953.771
954.709
955.646
956.584
957.522
958.459
959.397
960.335
961.272
962.210
963.148
964.085
965.023
965.961
966.898
967.836
968.774
969.711
970.649
971.586
972.524
973.462
974.399
975.337
976.275
977.212
978.150
979.088
980.025
980.963
981.901
982.838
983.776
984.245
984.714
985.182
985.651
986.120
986.589
987.058
987.526
987.995
988.464
988.933
989.402
989.871
990.339
990.808
991.277
991.746
992.215
992.684
993.152
993.621
994.090
994.559
995.028
995.496
995.965
996.434
996.903
997.372
997.841
998.309
998.778
999.247
999.716
1000.185
1000.653
1001.122
1001.591
1002.060
1002.529
1002.998
1003.466
1003.935
1004.404
1004.873
1005.342
1005.811
1006.279
1006.748
1007.217
1007.686
1008.155
1008.623
1009.092
1009.561
1010.030
1010.499
1010.968
1011.436
1011.905
1012.374
1012.843
1013.312
1013.781
1014.249
1014.718
1015.187
1015.656
1016.125
1016.593
1017.062
1017.531
1018.000
1018.469
1018.938
1019.406
1019.875
1020.344
1020.813
1021.282
1021.751
1022.219
1022.688
1023.157
1023.626
1024.095
1024.563
1025.032
1025.501
1025.970
1026.439
1026.908
1027.376
1027.845
1028.314
1028.783
1029.252
1029.721
1030.189
1030.658
1031.127
1031.596
1032.065
1032.533
1033.002
1033.471
1033.940
1034.409
1034.878
1035.346
1035.815
1036.284
1036.753
1037.222
1037.691
1038.159
1038.628
1039.097
1039.566
1040.035
1040.503
1040.972
1041.441
1043.785
1044.254
1044.488
1044.723
1044.957
1045.192
1045.661
1045.895
1046.129
1046.364
1046.598
1046.833
1047.067
1047.536
1048.005
1048.239
1048.473
1048.708
1048.942
1049.411
1049.646
1049.880
1050.114
1050.349
1050.583
1050.818
1051.286
1051.755
1051.990
1052.224
1052.458
1052.693
1053.162
1053.396
1053.631
1053.865
1054.099
1054.334
1054.568
1055.037
1055.506
1055.740
1055.975
1056.209
1056.443
1056.912
1057.147
1057.381
1057.616
1057.850
1058.084
1058.319
1058.788
1059.256
1059.491
1059.725
1059.960
1060.194
1060.663
1060.897
1061.132
1061.366
1061.601
1061.835
1062.069
1062.538
1063.007
1063.241
1063.476
1063.710
1063.945
1064.413
1064.648
1064.882
1065.117
1065.351
1065.585
1065.820
1066.289
1066.758
1066.992
1067.226
1067.461
1067.695
1068.164
1068.398
1068.633
1068.867
1069.102
1069.336
1069.570
1073.790
1074.259
1074.493
1074.728
1074.962
1075.196
1075.665
1075.900
1076.134
1076.368
1076.603
1076.837
1077.072
1077.541
1078.009
1078.244
1078.478
1078.713
1078.947
1079.416
1079.650
1079.885
1080.119
1080.353
1080.588
1080.822
1081.291
1081.760
1081.994
1082.229
1082.463
1082.698
1083.166
1083.401
1083.635
1083.870
1084.104
1084.338
1084.573
1085.042
1085.511
1085.745
1085.979
1086.214
1086.448
1086.917
1087.151
1087.386
1087.620
1087.855
1088.089
1088.323
1088.792
1089.261
1089.495
1089.730
1089.964
1090.199
1090.668
1090.902
1091.136
1091.371
1091.605
1091.840
1092.074
1092.543
1093.012
1093.246
1093.480
1093.715
1093.949
1094.418
1094.653
1094.887
1095.121
1095.356
1095.590
1095.825
1096.293
1096.762
1096.997
1097.231
1097.465
1097.700
1098.169
1098.403
1098.638
1098.872
1099.106
1099.341
1099.575
1100.044
1100.513
1100.747
1100.982
1101.216
1101.450
1101.919
1102.154
1102.388
1102.623
1102.857
1103.091
1103.326
1148.805
1149.274
1149.743
1150.211
1150.680
1151.149
1151.618
1152.086
1152.555
1153.024
1153.493
1153.961
1154.430
1154.899
1155.367
1155.836
1156.305
1156.774
1157.242
1157.711
1158.180
1158.649
1159.117
1159.586
1160.055
1160.524
1160.992
1161.461
1161.930
1162.399
1162.867
1163.336
1163.805
1164.274
1164.508
1164.742
1164.977
1165.211
1165.680
1165.914
1166.149
1166.383
1166.617
1166.852
1167.086
1167.555
1168.023
1168.258
1168.492
1168.727
1168.961
1169.430
1169.664
1169.898
1170.133
1170.367
1170.602
1170.836
1171.305
1171.773
1172.008
1172.242
1172.477
1172.711
1173.180
1173.414
1173.648
1173.883
1174.117
1174.351
1174.586
1175.055
1175.523
1175.758
1175.992
1176.226
1176.461
1176.930
1177.164
1177.398
1177.633
1177.867
1178.101
1178.336
1178.804
1179.273
1179.508
1179.742
1179.976
1180.211
1180.679
1180.914
1181.148
1181.383
1181.617
1181.851
1182.086
1182.554
1183.023
1183.258
1183.492
1183.726
1183.961
1184.429
1184.664
1184.898
1185.132
1185.367
1185.601
1185.836
1186.304
1186.773
1187.007
1187.242
1187.476
1187.711
1188.179
1188.414
1188.648
1188.882
1189.117
1189.351
1189.586
1190.054
1190.523
1190.757
1190.992
1191.226
1191.460
1191.929
1192.164
1192.398
1192.632
1192.867
1193.101
1193.335
1197.554
1198.023
1198.257
1198.492
1198.726
1198.960
1199.429
1199.664
1199.898
1200.132
1200.367
1200.601
1200.835
1201.304
1201.773
1202.007
1202.242
1202.476
1202.710
1203.179
1203.413
1203.648
1203.882
1204.117
1204.351
1204.585
1205.054
1205.523
1205.757
1205.992
1206.226
1206.460
1206.929
1207.163
1207.398
1207.632
1207.866
1208.101
1208.335
1208.804
1209.273
1209.507
1209.741
1209.976
1210.210
1210.679
1210.913
1211.148
1211.382
1211.616
1211.851
1212.085
1212.554
1213.023
1213.257
1213.491
1213.726
1213.960
1214.429
1214.663
1214.898
1215.132
1215.366
1215.601
1215.835
1216.304
1216.773
1217.007
1217.241
1217.476
1217.710
1218.179
1218.413
1218.647
1218.882
1219.116
1219.351
1219.585
1220.054
1220.522
1220.757
1220.991
1221.226
1221.460
1221.929
1222.163
1222.397
1222.632
1222.866
1223.101
1223.335
1223.804
1224.272
1224.507
1224.741
1224.975
1225.210
1225.679
1225.913
1226.147
1226.382
1226.616
1226.850
1227.085
1227.554
1228.022
1228.257
1228.491
1228.725
1228.960
1229.429
1229.663
1229.897
1230.132
1230.366
1230.600
1230.835
1231.303
1231.772
1232.007
1232.241
1232.475
1232.710
1233.178
1233.413
1233.647
1233.882
1234.116
1234.350
1234.585
1235.053
1235.522
1235.757
1235.991
1236.225
1236.460
1236.928
1237.163
1237.397
1237.631
1237.866
1238.100
1238.335
1238.803
1239.272
1239.506
1239.741
1239.975
1240.210
1240.678
1240.913
1241.147
1241.381
1241.616
1241.850
1242.084
1242.553
1243.022
1243.256
1243.491
1243.725
1243.959
1244.428
1244.663
1244.897
1245.131
1245.366
1245.600
1245.834
1246.303
1246.772
1247.006
1247.241
1247.475
1247.709
1248.178
1248.412
1248.647
1248.881
1249.116
1249.350
1249.584
1250.053
1250.522
1250.756
1250.991
1251.225
1251.459
1251.928
1252.162
1252.397
1252.631
1252.866
1253.100
1253.334
1253.803
1254.272
1254.740
1255.209
1255.678
1256.147
1256.615
1257.084
1257.553
1258.022
1258.490
1258.959
1259.428
1259.897
1260.365
1260.834
1261.303
1261.772
1262.240
1262.709
1263.178
1263.647
1264.115
1264.584
1265.053
1265.522
1265.990
1266.459
1266.928
1267.397
1267.865
1268.334
1268.803
1309.938
1310.469
1311.000
1311.531
1312.062
1312.593
1313.124
1313.655
1314.186
1314.717
1315.248
1315.778
1316.309
1316.840
1317.371
1317.902
1318.433
1318.964
1319.495
1320.026
1320.557
1321.088
1321.619
1322.150
1322.681
1323.211
1323.742
1324.273
1324.804
1325.335
1325.866
1326.397
1326.928
1327.459
1327.990
1328.521
1329.052
1329.583
1330.113
1330.644
1331.175
1331.706
1332.237
1332.768
1333.299
1333.830
1334.361
1334.892
1335.423
1335.954
1336.485
1337.015
1337.546
1338.077
1338.608
1339.139
1339.670
1340.201
1340.732
1341.263
1341.794
1342.325
1342.856
1343.387
1343.917
1344.448
1344.979
1345.510
1346.041
1346.572
1347.103
1347.634
1348.165
1348.696
1349.227
1349.758
1350.289
1350.819
1351.350
1351.881
1352.412
1352.943
1353.474
1354.005
1354.536
1355.067
1355.598
1356.129
1356.660
1357.191
1357.722
1358.252
1358.783
1359.314
1359.845
1360.376
1360.907
1361.438
1361.969
1362.500
1363.031
1363.562
1364.093
1364.624
1365.154
1365.685
1366.216
1366.747
1367.278
1367.809
1368.340
1368.871
1369.402
1369.933
1370.464
1370.995
1371.526
1372.056
1372.587
1373.118
1373.649
1374.180
1374.711
1375.242
1375.773
1376.304
1376.835
1377.366
1377.897
1378.428
1378.958
1379.489
1380.020
1380.551
1381.082
1381.613
1386.391
1386.922
1387.453
1387.984
1388.515
1389.046
1389.577
1390.108
1390.639
1391.170
1391.701
1392.232
1392.763
1393.293
1393.824
1394.355
1394.886
1395.417
1395.948
1396.479
1397.010
1397.541
1398.072
1398.603
1399.134
1399.665
1400.195
1400.726
1401.257
1401.788
1402.319
1402.850
1403.381
1403.912
1404.443
1404.974
1405.505
1406.036
1406.567
1407.097
1407.628
1408.159
1408.690
1409.221
1409.752
1410.283
1410.814
1411.345
1411.876
1412.407
1412.938
1413.469
1413.999
1414.530
1415.061
1415.592
1416.123
1416.654
1417.185
1417.716
1418.247
1418.778
1419.309
1419.840
1420.371
1420.636
1420.901
1421.432
1421.698
1421.963
1422.494
1422.760
1423.025
1423.556
1423.822
1424.087
1424.618
1424.883
1425.149
1425.680
1425.945
1426.211
1426.742
1427.007
1427.273
1427.803
1428.069
1428.334
1428.865
1429.131
1429.396
1429.927
1430.193
1430.458
1430.989
1431.254
1431.520
1432.051
1432.316
1432.582
1433.113
1433.378
1433.644
1434.175
1434.440
1434.705
1435.236
1435.502
1435.767
1436.298
1436.564
1436.829
1437.360
1437.626
1437.891
1438.422
1438.687
1438.953
1439.484
1439.749
1440.015
1440.546
1440.811
1441.077
1441.607
1441.873
1442.138
1442.669
1442.935
1443.200
1443.731
1443.997
1444.262
1444.793
1445.058
1445.324
1445.855
1446.120
1446.386
1446.917
1447.182
1447.448
1447.979
1448.244
1448.509
1449.040
1449.306
1449.571
1450.102
1450.633
1451.164
1451.695
1454.350
1454.615
1454.881
1455.412
1455.677
1455.942
1456.473
1456.739
1457.004
1457.535
1457.801
1458.066
1458.597
1458.863
1459.128
1459.659
1459.924
1460.190
1460.721
1460.986
1461.252
1461.783
1462.048
1462.314
1462.844
1463.110
1463.375
1463.906
1464.172
1464.437
1464.968
1465.234
1465.499
1466.030
1466.295
1466.561
1467.092
1467.357
1467.623
1468.154
1468.419
1468.685
1469.216
1469.481
1469.746
1470.277
1470.543
1470.808
1471.339
1471.605
1471.870
1472.401
1472.667
1472.932
1473.463
1473.728
1473.994
1474.525
1474.790
1475.056
1475.587
1475.852
1476.118
1476.648
1476.914
1477.179
1477.710
1477.976
1478.241
1478.772
1479.038
1479.303
1479.834
1480.099
1480.365
1480.896
1481.161
1481.427
1481.958
1482.223
1482.489
1483.020
1483.285
1483.550
1484.081
1484.347
1484.612
1485.143
1485.409
1485.674
1486.205
1486.471
1486.736
1487.267
1487.532
1487.798
1488.329
1488.594
1488.860
1489.391
1489.656
1489.922
1490.452
1490.718
1490.983
1491.514
1491.780
1492.045
1492.576
1492.842
1493.107
1493.638
1493.903
1494.169
1494.700
1494.965
1495.231
1495.762
1496.027
1496.293
1496.824
1497.355
1497.885
1498.416
1498.947
1499.478
1500.009
1500.540
1501.071
1501.602
1502.133
1502.664
1503.195
1503.726
1504.257
1504.788
1513.813
1514.079
1514.610
1515.141
1515.671
1515.937
1516.202
1516.733
1517.264
1517.795
1517.928
1518.061
1518.326
1518.857
1519.388
1519.919
1520.184
1520.450
1520.981
1521.512
1522.043
1522.175
1522.308
1522.573
1523.104
1523.635
1524.166
1524.432
1524.697
1525.228
1525.759
1526.290
1526.423
1526.555
1526.821
1527.352
1527.883
1528.414
1528.679
1528.945
1529.475
1530.006
1530.537
1530.670
1530.803
1531.068
1531.599
1532.130
1532.661
1532.926
1533.192
1533.723
1534.254
1534.785
1534.917
1535.050
1535.316
1535.847
1536.377
1536.908
1537.174
1537.439
1537.970
1538.501
1539.032
1539.165
1539.298
1539.563
1540.094
1540.625
1541.156
1541.421
1541.687
1542.218
1542.749
1543.279
1543.412
1543.545
1543.810
1544.341
1544.872
1545.403
1545.669
1545.934
1546.465
1546.996
1547.527
1547.660
1547.792
1548.058
1548.589
1549.120
1549.651
1549.916
1550.181
1550.712
1551.243
1551.774
1551.907
1556.287
1556.553
1556.818
1557.084
1557.349
1557.880
1558.411
1558.676
1558.942
1559.207
1559.473
1560.004
1560.535
1560.800
1561.065
1561.331
1561.596
1562.127
1562.658
1562.924
1563.189
1563.455
1563.720
1564.251
1564.782
1565.047
1565.313
1565.578
1565.844
1566.375
1566.906
1567.171
1567.436
1567.702
1567.967
1568.498
1569.029
1569.295
1569.560
1569.826
1570.091
1570.622
1571.153
1571.418
1571.684
1571.949
1572.215
1572.746
1573.277
1573.542
1573.807
1574.073
1574.338
1574.869
1575.400
1575.666
1575.931
1576.197
1576.462
1576.993
1577.524
1577.789
1578.055
1578.320
1578.586
1579.117
1579.648
1579.913
1580.179
1580.444
1580.709
1581.240
1581.771
1582.037
1582.302
1582.568
1582.833
1583.364
1583.895
1584.160
1584.426
1584.691
1584.957
1585.488
1586.019
1586.284
1586.550
1586.815
1587.080
1587.611
1588.142
1588.408
1588.673
1588.939
1589.204
1589.735
1590.266
1590.531
1590.797
1591.062
1591.328
1591.859
1592.390
1592.655
1592.921
1593.186
1593.451
1593.982
1594.513
1594.779
1595.044
1595.310
1595.575
1596.106
1596.637
1596.902
1597.168
1597.433
1597.699
1598.230
1598.761
1599.026
1599.292
1599.557
1599.823
1600.353
1600.884
1601.150
1601.415
1601.681
1601.946
1602.477
1603.008
1603.273
1603.539
1603.804
1604.070
1604.601
1605.132
1605.397
1605.663
1605.928
1606.194
1606.724
1607.255
1607.521
1607.786
1608.052
1608.317
1608.848
1609.379
1609.645
1609.910
1610.175
1610.441
1610.972
1611.503
1611.768
1612.034
1612.299
1612.565
1613.095
1613.626
1613.892
1614.157
1614.423
1614.688
1615.219
1615.750
1616.016
1616.281
1616.546
1616.812
1617.343
1617.874
1618.139
1618.405
1618.670
1618.936
1619.467
1619.997
1620.263
1620.528
1620.794
1621.059
1621.590
1622.121
1622.387
1622.652
1622.917
1623.183
1623.714
1635.823
1636.422
1637.022
1637.622
1638.222
1638.822
1639.422
1640.022
1640.622
1641.222
1641.822
1642.422
1643.022
1643.622
1644.222
1644.822
1645.422
1646.022
1646.622
1647.222
1647.822
1648.422
1649.022
1649.622
1650.222
1650.822
1651.422
1652.022
1652.622
1653.222
1653.822
1654.422
1655.621
1656.221
1656.671
1656.971
1657.121
1657.421
1658.021
1658.621
1659.071
1659.371
1659.521
1659.821
1660.421
1661.021
1661.471
1661.771
1661.921
1662.221
1662.821
1663.421
1663.871
1664.171
1664.321
1664.621
1665.221
1665.821
1666.271
1666.571
1666.721
1667.021
1667.621
1668.221
1668.671
1668.971
1669.121
1669.421
1670.021
1670.621
1671.071
1671.371
1671.521
1671.821
1672.421
1673.021
1673.471
1673.771
1673.920
1674.220
1674.820
1675.420
1675.870
1676.170
1676.320
1676.620
1677.220
1677.820
1678.270
1678.570
1678.720
1679.020
1679.620
1680.220
1680.670
1680.970
1681.120
1681.420
1682.020
1682.620
1683.070
1683.370
1683.520
1683.820
1684.420
1685.020
1685.470
1685.770
1685.920
1686.220
1686.820
1687.420
1687.870
1688.170
1688.320
1688.620
1689.220
1689.820
1690.270
1690.570
1690.720
1691.020
1691.620
1692.220
1692.669
1692.969
1693.119
1693.419
1694.019
1694.319
1694.469
1694.769
1694.919
1695.219
1695.369
1695.669
1695.819
1695.969
1696.119
1696.419
1697.019
1697.469
1697.769
1697.919
1698.219
1698.819
1699.119
1699.269
1699.569
1699.719
1700.019
1700.169
1700.469
1700.619
1700.769
1700.919
1701.219
1701.819
1702.269
1702.569
1702.719
1703.019
1703.619
1703.919
1704.069
1704.369
1704.519
1704.819
1704.969
1705.269
1705.419
1705.569
1705.719
1706.019
1706.619
1707.069
1707.369
1707.519
1707.819
1708.419
1708.719
1708.869
1709.169
1709.319
1709.619
1709.769
1710.069
1710.219
1710.369
1710.519
1710.819
1711.418
1711.868
1712.168
1712.318
1712.618
1713.218
1713.518
1713.668
1713.968
1714.118
1714.418
1714.568
1714.868
1715.018
1715.168
1715.318
1715.618
1716.218
1716.668
1716.968
1717.118
1717.418
1718.018
1718.318
1718.468
1718.768
1718.918
1719.218
1719.368
1719.668
1719.818
1719.968
1720.118
1720.418
1721.018
1721.468
1721.768
1721.918
1722.218
1722.818
1723.118
1723.268
1723.568
1723.718
1724.018
1724.168
1724.468
1724.618
1724.768
1724.918
1725.218
1725.818
1726.268
1726.568
1726.718
1727.018
1727.618
1727.918
1728.068
1728.368
1728.518
1728.818
1728.968
1729.268
1729.418
1729.567
1729.717
1730.017
1730.617
1731.067
1731.367
1731.517
1731.817
1734.817
1735.417
1735.867
1736.167
1736.317
1736.617
1737.217
1737.817
1738.267
1738.567
1738.717
1739.017
1739.617
1740.217
1740.667
1740.967
1741.117
1741.417
1742.017
1742.617
1743.067
1743.367
1743.517
1743.817
1744.417
1745.017
1745.467
1745.767
1745.917
1746.217
1746.817
1747.417
1747.867
1748.167
1748.317
1748.617
1749.217
1749.817
1750.267
1750.566
1750.716
1751.016
1751.616
1752.216
1752.666
1752.966
1753.116
1753.416
1754.016
1754.616
1755.066
1755.366
1755.516
1755.816
1756.416
1757.016
1757.466
1757.766
1757.916
1758.216
1758.816
1759.416
1759.866
1760.166
1760.316
1760.616
1761.216
1761.816
1762.266
1762.566
1762.716
1763.016
1763.616
1764.216
1764.666
1764.966
1765.116
1765.416
1766.016
1766.616
1767.066
1767.366
1767.516
1767.816
1768.416
1769.015
1769.465
1769.765
1769.915
1770.215
1770.815
1771.415
1771.865
1772.165
1772.315
1772.615
1773.215
1773.515
1773.665
1773.965
1774.115
1774.415
1774.565
1774.865
1775.015
1775.165
1775.315
1775.615
1776.215
1776.665
1776.965
1777.115
1777.415
1778.015
1778.315
1778.465
1778.765
1778.915
1779.215
1779.365
1779.665
1779.815
1779.965
1780.115
1780.415
1781.015
1781.465
1781.765
1781.915
1782.215
1782.815
1783.115
1783.265
1783.565
1783.715
1784.015
1784.165
1784.465
1784.615
1784.765
1784.915
1785.215
1785.815
1786.265
1786.565
1786.715
1787.015
1787.614
1787.914
1788.064
1788.364
1788.514
1788.814
1788.964
1789.264
1789.414
1789.564
1789.714
1790.014
1790.614
1791.064
1791.364
1791.514
1791.814
1792.414
1792.714
1792.864
1793.164
1793.314
1793.614
1793.764
1794.064
1794.214
1794.364
1794.514
1794.814
1795.414
1795.864
1796.164
1796.314
1796.614
1797.214
1797.514
1797.664
1797.964
1798.114
1798.414
1798.564
1798.864
1799.014
1799.164
1799.314
1799.614
1800.214
1800.664
1800.964
1801.114
1801.414
1802.014
1802.314
1802.464
1802.764
1802.914
1803.214
1803.364
1803.664
1803.814
1803.964
1804.114
1804.414
1805.014
1805.464
1805.764
1805.914
1806.214
1806.813
1807.113
1807.263
1807.563
1807.713
1808.013
1808.163
1808.463
1808.613
1808.763
1808.913
1809.213
1809.813
1810.413
1811.013
1811.613
1812.213
1812.813
1813.413
1814.013
1814.613
1815.213
1815.813
1816.413
1817.013
1817.613
1818.213
1818.813
1819.413
1820.013
1820.613
1821.213
1821.813
1822.413
1823.013
1823.613
1824.213
1824.813
1825.413
1826.013
1826.613
1827.213
1827.812
1828.412
1829.012
1829.612
1830.212
1830.812
1831.112
1831.262
1831.562
1831.712
1832.012
1832.162
1832.462
1832.612
1832.762
1832.912
1833.212
1833.812
1834.262
1834.562
1834.712
1835.012
1835.612
1835.912
1836.062
1836.362
1836.512
1836.812
1836.962
1837.262
1837.412
1837.562
1837.712
1838.012
1838.612
1839.062
1839.362
1839.512
1839.812
1840.412
1840.712
1840.862
1841.162
1841.312
1841.612
1841.762
1842.062
1842.212
1842.362
1842.512
1842.812
1843.412
1843.862
1844.162
1844.312
1844.612
1845.212
1845.511
1845.661
1845.961
1846.111
1846.411
1846.561
1846.861
1847.011
1847.161
1847.311
1847.611
1848.211
1848.661
1848.961
1849.111
1849.411
1850.011
1850.311
1850.461
1850.761
1850.911
1851.211
1851.361
1851.661
1851.811
1851.961
1852.111
1852.411
1853.011
1853.461
1853.761
1853.911
1854.211
1854.811
1855.111
1855.261
1855.561
1855.711
1856.011
1856.161
1856.461
1856.611
1856.761
1856.911
1857.211
1857.811
1858.261
1858.561
1858.711
1859.011
1859.611
1859.911
1860.061
1860.361
1860.511
1860.811
1860.961
1861.261
1861.411
1861.561
1861.711
1862.011
1862.611
1863.061
1863.360
1863.510
1863.810
1864.410
1864.710
1864.860
1865.160
1865.310
1865.610
1865.760
1866.060
1866.210
1866.360
1866.510
1866.810
1867.410
1867.860
1868.160
1868.310
1868.610
1869.210
1869.510
1869.660
1869.960
1870.110
1870.410
1870.560
1870.860
1871.010
1871.160
1871.310
1871.610
1872.210
1872.660
1872.960
1873.110
1873.410
1874.010
1874.310
1874.460
1874.760
1874.910
1875.210
1875.360
1875.660
1875.810
1875.960
1876.110
1876.410
1877.010
1877.460
1877.760
1877.910
1878.210
1878.810
1879.110
1879.260
1879.560
1879.710
1880.010
1880.160
1880.460
1880.610
1880.760
1880.910
1881.209
1881.809
1882.259
1882.559
1882.709
1883.009
1883.609
1883.909
1884.059
1884.359
1884.509
1884.809
1884.959
1885.259
1885.409
1885.559
1885.709
1886.009
1886.609
1887.059
1887.359
1887.509
1887.809
1888.409
1888.709
1888.859
1889.159
1889.309
1889.609
1889.759
1890.059
1890.209
1890.359
1890.509
1890.809
1891.409
1891.859
1892.159
1892.309
1892.609
1893.209
1893.509
1893.659
1893.959
1894.109
1894.409
1894.559
1894.859
1895.009
1895.159
1895.309
1895.609
1896.209
1896.659
1896.959
1897.109
1897.409
1898.009
1898.309
1898.459
1898.759
1898.909
1899.208
1899.358
1899.658
1899.808
1899.958
1900.108
1900.408
1901.008
1901.458
1901.758
1901.908
1902.208
1902.808
1903.108
1903.258
1903.558
1903.708
1904.008
1904.158
1904.458
1904.608
1904.758
1904.908
1905.208
1905.808
1906.258
1906.558
1906.708
1907.008
1907.608
1908.208
1908.808
1909.408
1932.293
1932.801
1933.310
1933.818
1934.327
1934.835
1935.343
1935.852
1936.360
1936.869
1937.377
1937.886
1938.394
1938.903
1939.411
1939.919
1940.428
1940.936
1941.445
1941.953
1942.462
1942.970
1943.479
1943.987
1944.495
1945.004
1945.512
1946.021
1946.529
1947.038
1947.546
1948.055
1948.563
1949.071
1949.580
1950.088
1950.597
1951.105
1951.614
1952.122
1952.631
1953.139
1953.647
1954.156
1954.664
1955.173
1955.681
1956.190
1956.698
1957.207
1957.715
1958.223
1958.732
1959.240
1959.749
1960.257
1960.766
1961.274
1961.783
1964.325
1964.833
1965.342
1965.850
1966.359
1966.867
1967.375
1967.884
1968.392
1968.901
1969.409
1969.918
1970.426
1970.935
1971.443
1971.951
1972.460
1972.968
1973.477
1973.985
1974.494
1975.002
1975.511
1976.019
1976.528
1977.036
1977.544
1978.053
1978.561
1979.070
1979.578
1980.087
1996.865
1997.374
1997.628
1997.882
1998.391
1998.899
1999.408
1999.662
1999.916
2000.424
2000.933
2001.441
2001.696
2001.950
2002.458
2002.967
2003.475
2003.729
2003.984
2004.492
2005.000
2005.509
2005.763
2006.017
2006.526
2007.034
2007.543
2007.797
2008.051
2008.560
2009.068
2009.576
2009.831
2010.085
2010.593
2011.102
2011.610
2011.864
2012.119
2012.627
2013.136
2013.644
2013.898
2014.152
2014.661
2015.169
2015.678
2015.932
2016.186
2016.695
2017.203
2017.712
2017.966
2018.220
2018.728
2019.237
2019.745
2020.000
2020.254
2020.762
2021.271
2021.779
2022.033
2022.288
2022.796
2023.304
2023.813
2024.067
2024.321
2024.830
2025.338
2025.847
2026.101
2026.355
2026.864
2027.372
2027.880
2028.135
2028.389
2028.897
2029.406
2029.914
2030.169
2030.423
2030.931
2031.440
2031.948
2032.202
2032.457
2032.965
2033.473
2033.982
2034.236
2034.490
2034.999
2035.507
2036.016
2036.270
2036.524
2037.033
2037.541
2038.049
2038.304
2038.558
2039.066
2039.575
2040.083
2040.337
2040.592
2041.100
2041.609
2042.117
2042.371
2042.625
2043.134
2043.642
2044.151
2044.405
2044.659
2045.168
2061.958
2062.466
2062.720
2062.974
2063.228
2063.482
2063.991
2064.499
2064.753
2065.007
2065.261
2065.515
2066.024
2066.532
2066.786
2067.040
2067.294
2067.548
2068.057
2068.565
2068.819
2069.073
2069.327
2069.581
2070.090
2070.598
2070.852
2071.106
2071.360
2071.614
2072.123
2072.631
2072.885
2073.139
2073.393
2073.647
2074.156
2074.664
2074.918
2075.172
2075.426
2075.680
2076.188
2076.697
2076.951
2077.205
2077.459
2077.713
2094.476
2094.984
2095.239
2095.493
2095.747
2096.002
2096.256
2096.510
2097.019
2097.273
2097.528
2097.782
2098.036
2098.291
2098.545
2099.054
2099.308
2099.562
2099.817
2100.071
2100.325
2100.580
2101.088
2101.343
2101.597
2101.851
2102.106
2102.360
2102.614
2103.123
2103.377
2103.632
2103.886
2104.140
2104.395
2104.649
2105.158
2105.412
2105.666
2105.921
2106.175
2106.429
2106.684
2107.192
2107.447
2107.701
2107.955
2108.210
2108.464
2108.718
2109.227
2109.481
2109.736
2109.990
2110.244
2110.499
2110.753
2111.262
2111.516
2111.770
2112.025
2112.279
2112.533
2112.788
2113.296
2113.551
2113.805
2114.059
2114.314
2114.568
2114.822
2115.331
2115.585
2115.840
2116.094
2116.348
2116.603
2116.857
2117.366
2117.620
2117.874
2118.129
2118.383
2118.637
2118.892
2119.400
2119.655
2119.909
2120.163
2120.418
2120.672
2120.926
2121.435
2121.689
2121.944
2122.198
2122.452
2122.707
2122.961
2123.470
2123.724
2123.978
2124.233
2124.487
2124.741
2124.996
2125.504
2125.759
2126.013
2126.267
2126.522
2126.776
2127.030
2127.539
2127.793
2128.048
2128.302
2128.556
2128.811
2129.065
2129.574
2129.828
2130.082
2130.337
2130.591
2130.845
2131.100
2131.608
2131.863
2132.117
2132.371
2132.626
2132.880
2133.134
2133.643
2133.897
2134.152
2134.406
2134.660
2134.915
2135.169
2135.678
2135.932
2136.186
2136.441
2136.695
2136.949
2137.204
2137.712
2137.967
2138.221
2138.475
2138.730
2138.984
2139.238
2139.747
2140.001
2140.256
2140.510
2140.764
2141.019
2141.273
2141.782
2142.036
2142.290
2142.545
2142.799
2143.053
2151.464
2151.972
2152.481
2152.989
2153.497
2154.006
2154.514
2155.023
2155.531
2156.039
2156.548
2157.056
2157.564
2158.073
2158.581
2159.090
2159.598
2160.106
2160.615
2161.123
2161.632
2162.140
2162.648
2163.157
2163.665
2164.174
2164.682
2165.190
2165.699
2166.207
2166.715
2167.224
2167.732
2168.241
2168.749
2169.257
2169.766
2170.274
2170.783
2171.291
2171.799
2172.308
2172.816
2173.324
2173.833
2174.341
2174.850
2175.358
2175.866
2176.375
2176.883
2177.392
2177.900
2178.408
2178.917
2179.425
2179.934
2180.442
2180.950
2181.459
2181.967
2182.475
2182.984
2183.492
2184.001
2184.509
2184.763
2185.017
2185.526
2186.034
2186.543
2186.797
2187.051
2187.559
2188.068
2188.576
2188.830
2189.084
2189.593
2190.101
2190.610
2190.864
2191.118
2191.626
2192.135
2192.643
2192.897
2193.152
2193.660
2194.168
2194.677
2194.931
2195.185
2195.693
2196.202
2196.710
2196.964
2197.219
2197.727
2198.235
2198.744
2198.998
2199.252
2199.761
2200.269
2200.777
2201.031
2201.286
2201.794
2202.302
2202.811
2203.065
2203.319
2203.828
2204.336
2204.844
2205.099
2205.353
2205.861
2206.370
2206.878
2207.132
2207.386
2207.895
2208.403
2208.911
2209.166
2209.420
2209.928
2210.437
2210.945
2211.199
2211.453
2211.962
2212.470
2212.979
2213.233
2213.487
2213.995
2214.504
2215.012
2215.266
2215.520
2216.029
2216.537
2217.046
2217.300
2217.554
2217.808
2218.062
2218.571
2219.079
2219.333
2219.588
2219.842
2220.096
2220.604
2221.113
2221.367
2221.621
2221.875
2222.130
2222.638
2223.146
2223.400
2223.655
2223.909
2224.163
2224.671
2225.180
2225.434
2225.688
2225.942
2226.197
2226.705
2227.213
2227.468
2227.722
2227.976
2228.230
2228.739
2229.247
2229.501
2229.755
2230.010
2230.264
2230.772
2231.280
2231.535
2231.789
2232.043
2232.297
2232.806
2233.314
2233.568
2233.822
2234.077
2234.331
2234.839
2235.348
2235.602
2235.856
2236.110
2236.364
2236.873
2237.381
2237.635
2237.890
2238.144
2238.398
2238.906
2239.415
2239.669
2239.923
2240.177
2240.431
2240.940
2241.448
2241.702
2241.957
2242.211
2242.465
2242.973
2243.482
2243.736
2243.990
2244.244
2244.499
2245.007
2245.515
2245.770
2246.024
2246.278
2246.532
2247.040
2247.549
2247.803
2248.057
2248.311
2248.566
2257.208
2257.462
2257.717
2257.971
2258.225
2258.479
2258.733
2258.988
2259.242
2259.496
2259.750
2260.004
2260.259
2260.513
2260.767
2261.021
2261.275
2261.530
2261.784
2262.038
2262.292
2262.546
2262.801
2263.055
2263.309
2263.563
2263.817
2264.072
2264.326
2264.580
2264.834
2265.088
2265.342
2265.597
2265.851
2266.105
2266.359
2266.613
2266.868
2267.122
2267.376
2267.630
2267.884
2268.139
2268.393
2268.647
2268.901
2269.155
2269.410
2269.664
2269.918
2270.172
2270.426
2270.681
2270.935
2271.189
2271.443
2271.697
2271.952
2272.206
2272.460
2272.714
2272.968
2273.222
2310.237
2310.781
2311.324
2311.868
2312.411
2312.955
2313.498
2314.042
2314.585
2315.128
2315.672
2316.215
2316.759
2317.302
2317.846
2318.389
2318.933
2319.476
2320.020
2320.563
2321.106
2321.650
2322.193
2322.737
2323.280
2323.824
2324.367
2324.911
2325.454
2325.998
2327.628
2327.764
2327.900
2328.036
2329.802
2329.938
2330.074
2330.209
2331.976
2332.111
2332.247
2332.383
2334.149
2334.285
2334.421
2334.557
2336.323
2336.459
2336.595
2336.731
2338.497
2338.633
2338.769
2338.905
2340.671
2340.807
2340.943
2341.079
2342.845
2342.981
2343.116
2343.252
2345.019
2345.154
2345.290
2345.426
2347.192
2347.328
2347.464
2347.600
2349.366
2349.502
2349.638
2349.774
2351.540
2351.676
2351.812
2351.948
2353.714
2353.850
2353.986
2354.121
2355.888
2356.024
2356.159
2356.295
2358.062
2358.197
2358.333
2358.469
2360.235
2360.371
2360.507
2360.643
2362.409
2362.545
2362.681
2362.817
2364.583
2364.719
2364.855
2364.991
2366.757
2366.893
2367.029
2367.164
2368.931
2369.066
2369.202
2369.338
2371.104
2371.240
2371.376
2371.512
2373.278
2373.414
2373.550
2373.686
2375.452
2375.588
2375.724
2375.860
2377.626
2377.762
2377.898
2378.034
2379.800
2380.343
2380.887
2381.430
2381.974
2382.517
2383.060
2383.604
2384.147
2384.691
2385.234
2385.778
2386.321
2386.865
2387.408
2387.952
2388.495
2389.039
2389.582
2390.125
2390.669
2391.212
2391.756
2392.299
2392.843
2393.386
2393.930
2394.473
2395.017
2395.560
2396.104
2396.647
2397.190
2397.462
2397.734
2398.006
2398.277
2398.821
2399.364
2399.636
2399.908
2400.179
2400.451
2400.995
2401.538
2401.810
2402.082
2402.353
2402.625
2403.168
2403.712
2403.984
2404.255
2404.527
2404.799
2405.342
2405.886
2406.157
2406.429
2406.701
2406.973
2407.516
2408.060
2408.331
2408.603
2408.875
2409.146
2409.690
2410.233
2410.505
2410.777
2411.049
2411.320
2411.864
2412.407
2412.679
2412.951
2413.222
2431.972
2432.108
2432.243
2432.379
2433.058
2434.145
2434.281
2434.417
2434.553
2435.232
2436.319
2436.455
2436.591
2436.726
2437.406
2438.492
2438.628
2438.764
2438.900
2439.579
2440.666
2440.802
2440.938
2441.074
2441.753
2442.840
2442.975
2443.111
2443.247
2443.926
2445.013
2445.149
2445.285
2445.421
2446.100
2447.187
2447.323
2447.458
2447.594
2448.273
2449.360
2449.496
2449.632
2449.768
2450.447
2451.534
2451.670
2451.806
2451.941
2452.621
2453.707
2453.843
2453.979
2454.115
2454.794
2455.881
2456.017
2456.153
2456.289
2456.968
2458.055
2458.190
2458.326
2458.462
2459.141
2460.228
2460.364
2460.500
2460.636
2461.315
2462.402
2462.538
2462.673
2462.809
2463.488
2464.575
2464.711
2464.847
2464.983
2465.662
2466.749
2466.885
2467.021
2467.156
2467.836
2468.922
2469.058
2469.194
2469.330
2470.009
2471.096
2471.232
2471.368
2471.504
2472.183
2473.270
2473.405
2473.541
2473.677
2474.356
2475.443
2475.579
2475.715
2475.851
2476.530
2477.617
2477.753
2477.888
2478.024
2478.704
2479.790
2479.926
2480.062
2480.198
2480.877
2481.964
2482.100
2482.236
2482.371
2484.137
2484.681
2485.225
2485.768
2486.312
2486.856
2487.399
2487.943
2488.487
2489.030
2489.574
2490.118
2490.661
2491.205
2491.749
2492.292
2492.836
2493.379
2493.923
2494.467
2495.010
2495.554
2496.098
2496.641
2497.185
2497.729
2498.272
2498.816
2499.360
2499.903
2500.447
2501.534
2501.670
2501.806
2501.942
2502.078
2502.621
2503.165
2503.708
2503.844
2503.980
2504.116
2504.251
2504.795
2505.338
2505.882
2506.018
2506.153
2506.289
2506.425
2506.969
2507.512
2508.056
2508.191
2508.327
2508.463
2508.599
2509.142
2509.686
2510.229
2510.365
2510.501
2510.637
2510.773
2511.316
2511.860
2512.403
2512.539
2512.675
2512.811
2512.947
2513.490
2514.034
2514.577
2514.713
2514.849
2514.985
2515.120
2515.664
2516.207
2516.751
2516.887
2517.023
2517.158
2602.385
2602.869
2603.353
2603.837
2604.321
2604.805
2605.289
2605.772
2606.256
2606.740
2607.224
2607.708
2608.192
2608.676
2609.160
2609.643
2610.127
2610.611
2611.095
2611.579
2612.063
2612.547
2613.030
2613.514
2613.998
2614.482
2614.966
2615.450
2615.934
2616.418
2616.901
2617.385
2617.869
2618.353
2618.837
2619.321
2619.805
2620.289
2620.772
2621.256
2621.740
2622.224
2622.708
2623.192
2623.676
2624.160
2624.643
2625.127
2625.611
2626.095
2626.579
2627.063
2627.547
2628.031
2628.514
2628.998
2629.482
2629.966
2630.450
2630.934
2633.353
2633.837
2634.079
2634.321
2634.805
2635.289
2635.773
2636.014
2636.256
2636.740
2637.224
2637.708
2637.950
2638.192
2638.676
2639.160
2639.644
2639.885
2640.127
2640.611
2641.095
2641.579
2641.821
2642.063
2642.547
2643.031
2643.515
2643.756
2643.998
2644.482
2644.966
2645.450
2645.692
2645.934
2646.418
2646.902
2647.386
2647.627
2647.869
2648.353
2648.837
2649.321
2649.563
2649.805
2650.289
2650.773
2651.256
2651.498
2651.740
2652.224
2652.708
2653.192
2653.434
2653.676
2654.160
2654.644
2655.127
2655.369
2655.611
2656.095
2656.579
2657.063
2657.305
2657.547
2658.031
2658.515
2658.998
2659.240
2659.482
2659.966
2660.450
2660.934
2661.176
2661.418
2661.902
2662.386
2662.869
2663.111
2663.353
2663.837
2664.321
2664.805
2665.047
2665.289
2665.531
2665.773
2666.257
2666.740
2666.982
2667.224
2667.466
2667.708
2668.192
2668.676
2668.918
2669.160
2669.402
2669.644
2670.128
2670.611
2670.853
2671.095
2671.337
2671.579
2672.063
2672.547
2672.789
2673.031
2673.273
2673.515
2673.999
2674.482
2674.724
2674.966
2675.208
2675.450
2675.934
2676.418
2676.660
2676.902
2677.144
2677.386
2677.870
2678.353
2678.595
2678.837
2679.079
2679.321
2679.805
2680.289
2680.531
2680.773
2681.015
2681.257
2681.741
2682.224
2682.466
2682.708
2682.950
2683.192
2683.676
2684.160
2684.402
2684.644
2684.886
2685.128
2685.612
2686.095
2686.337
2686.579
2686.821
2687.063
2687.547
2688.031
2688.273
2688.515
2688.757
2688.999
2689.482
2689.966
2690.208
2690.450
2690.692
2690.934
2691.418
2691.902
2692.144
2692.386
2692.628
2692.870
2693.353
2693.837
2694.079
2694.321
2694.563
2694.805
2695.289
2698.918
2702.789
2710.773
2714.402
2718.273
2726.741
2727.709
2728.676
2729.644
2730.612
2731.580
2732.547
2733.515
2734.483
2735.451
2736.418
2737.386
2738.354
2739.322
2740.289
2741.257
2742.225
2743.193
2744.160
2745.128
2746.096
2747.064
2748.031
2748.999
2749.967
2750.934
2751.902
2752.870
2753.838
2754.805
2755.773
2756.741
2757.225
2757.709
2758.072
2758.435
2758.676
2759.160
2759.644
2760.007
2760.370
2760.612
2761.096
2761.580
2761.943
2762.306
2762.547
2763.031
2763.515
2763.878
2764.241
2764.483
2764.967
2765.451
2765.814
2766.176
2766.418
2766.902
2767.386
2767.749
2768.112
2768.354
2768.838
2769.322
2769.685
2770.047
2770.289
2770.773
2771.257
2771.620
2771.983
2772.225
2772.709
2773.193
2773.556
2773.918
2774.160
2774.644
2775.128
2775.491
2775.854
2776.096
2776.580
2777.064
2777.427
2777.789
2778.031
2778.515
2778.999
2779.362
2779.725
2779.967
2780.451
2780.935
2781.298
2781.660
2781.902
2782.386
2782.870
2783.233
2783.596
2783.838
2784.322
2784.806
2785.168
2785.531
2785.773
2786.257
2786.741
2787.104
2787.467
2787.709
2788.193
2788.677
2789.039
2789.402
2789.644
2790.128
2790.612
2790.975
2791.338
2791.580
2792.064
2792.548
2792.910
2793.273
2793.515
2793.999
2794.483
2794.846
2795.209
2795.451
2795.935
2796.419
2796.781
2797.144
2797.386
2797.870
2798.354
2798.717
2799.080
2799.322
2799.806
2800.290
2800.652
2801.015
2801.257
2801.741
2802.225
2802.588
2802.951
2803.193
2803.677
2804.160
2804.523
2804.886
2805.128
2805.612
2806.096
2806.459
2806.822
2807.064
2807.548
2808.031
2808.394
2808.757
2808.999
2809.483
2809.967
2810.330
2810.693
2810.935
2811.419
2811.902
2812.265
2812.628
2812.870
2813.354
2813.838
2814.201
2814.564
2814.806
2815.290
2815.773
2816.136
2816.499
2816.741
2817.225
2817.709
2818.072
2818.435
2818.677
2819.161
2819.644
2820.007
2820.370
2820.612
2820.854
2821.096
2821.580
2821.943
2822.306
2822.548
2822.790
2823.032
2823.515
2823.878
2824.241
2824.483
2824.725
2824.967
2825.451
2825.814
2826.177
2826.419
2826.661
2826.902
2827.386
2827.749
2828.112
2828.354
2828.596
2828.838
2829.322
2829.685
2830.048
2830.290
2830.532
2830.773
2831.257
2831.620
2831.983
2832.225
2832.467
2832.709
2833.193
2833.556
2833.919
2834.161
2834.403
2834.644
2835.128
2835.491
2835.854
2836.096
2836.338
2836.580
2837.064
2837.427
2837.790
2838.032
2838.274
2838.515
2838.999
2839.362
2839.725
2839.967
2840.209
2840.451
2840.935
2841.298
2841.661
2841.903
2842.145
2842.386
2842.870
2843.233
2843.596
2843.838
2844.080
2844.322
2844.806
2845.169
2845.532
2845.774
2846.015
2846.257
2846.741
2847.104
2847.467
2847.709
2847.951
2848.193
2848.677
2849.040
2849.403
2849.645
2849.886
2850.128
2850.612
2850.975
2851.338
2851.580
2851.822
2852.064
2852.548
2852.911
2853.274
2853.516
2853.757
2853.999
2854.483
2854.846
2855.209
2855.451
2855.693
2855.935
2856.419
2856.782
2857.145
2857.387
2857.628
2857.870
2858.354
2858.717
2859.080
2859.322
2859.564
2859.806
2860.290
2860.653
2861.016
2861.257
2861.499
2861.741
2862.225
2862.588
2862.951
2863.193
2863.435
2863.677
2864.161
2864.524
2864.887
2865.128
2865.370
2865.612
2866.096
2866.459
2866.822
2867.064
2867.306
2867.548
2868.032
2868.395
2868.758
2868.999
2869.241
2869.483
2869.967
2870.330
2870.693
2870.935
2871.177
2871.419
2871.903
2872.266
2872.629
2872.870
2873.112
2873.354
2873.838
2874.201
2874.564
2874.806
2875.048
2875.290
2875.774
2876.137
2876.499
2876.741
2876.983
2877.225
2877.709
2878.072
2878.435
2878.677
2878.919
2879.161
2879.645
2880.008
2880.370
2880.612
2880.854
2881.096
2881.580
2881.822
2882.064
2882.306
2882.548
2883.032
2883.516
2883.758
2884.000
2884.241
2884.483
2884.967
2885.451
2885.693
2885.935
2886.177
2886.419
2886.903
2887.387
2887.629
2887.871
2888.112
2888.354
2888.838
2889.322
2889.564
2889.806
2890.048
2890.290
2890.774
2891.258
2891.500
2891.742
2891.983
2892.225
2892.709
2893.193
2893.435
2893.677
2893.919
2894.161
2894.645
2895.129
2895.371
2895.613
2895.854
2896.096
2896.580
2897.064
2897.306
2897.548
2897.790
2898.032
2898.516
2899.000
2899.242
2899.484
2899.725
2899.967
2900.451
2900.935
2901.177
2901.419
2901.661
2901.903
2902.387
2902.871
2903.113
2903.355
2903.596
2903.838
2904.322
2904.806
2905.048
2905.290
2905.532
2905.774
2906.258
2906.742
2906.984
2907.226
2907.467
2907.709
2908.193
2908.677
2908.919
2909.161
2909.403
2909.645
2910.129
2910.613
2910.855
2911.097
2911.338
2911.580
2912.064
2912.548
2912.790
2913.032
2913.274
2913.516
2914.000
2914.484
2914.726
2914.968
2915.209
2915.451
2915.935
2916.419
2916.661
2916.903
2917.145
2917.387
2917.871
2918.355
2918.597
2918.839
2919.080
2919.322
2919.806
2920.290
2920.532
2920.774
2921.016
2921.258
2921.742
2922.226
2922.468
2922.710
2922.951
2923.193
2923.677
2924.161
2924.403
2924.645
2924.887
2925.129
2925.613
2926.097
2926.339
2926.581
2926.822
2927.064
2927.548
2928.032
2928.274
2928.516
2929.000
2929.484
2929.968
2930.210
2930.452
2930.935
2931.419
2931.903
2932.145
2932.387
2932.871
2933.355
2933.839
2934.081
2934.323
2934.806
2935.290
2935.774
2936.016
2936.258
2936.742
2937.226
2937.710
2937.952
2938.194
2938.677
2939.161
2939.645
2939.887
2940.129
2940.613
2941.097
2941.581
2941.823
2942.065
2942.548
2943.032
2943.516
2943.758
2944.000
2944.484
2944.968
2945.452
2945.694
2945.936
2946.419
2946.903
2947.387
2947.629
2947.871
2948.355
2948.839
2949.323
2949.565
2949.806
2950.290
2950.774
2951.258
2951.500
2951.742
2952.226
2952.710
2953.194
2953.436
2953.677
2954.161
2954.645
2955.129
2955.371
2955.613
2956.097
2956.581
2957.065
2957.307
2957.548
2958.032
2958.516
2959.000
2959.242
2959.484
2959.968
2960.452
2960.936
2961.178
2961.419
2961.903
2962.387
2962.871
2963.113
2963.355
2963.839
2964.323
2964.807
2965.049
2965.290
2965.774
2966.258
2966.742
2966.984
2967.226
2967.710
2968.194
2968.678
2968.920
2969.161
2969.645
2970.129
2970.613
2970.855
2971.097
2971.581
2972.065
2972.549
2972.791
2973.032
2973.516
2974.000
2974.484
2974.968
2975.452
2975.936
2976.420
2976.904
2977.387
2977.871
2978.355
2978.839
2979.323
2979.807
2980.291
2980.775
2981.258
2981.742
2982.226
2982.710
2983.194
2983.678
2984.162
2984.645
2985.129
2985.613
2986.097
2986.581
2987.065
2987.549
2988.033
2988.516
2989.000
2989.484
2989.968
2990.452
2990.936
2991.420
2991.904
2992.387
2992.871
2993.355
2993.839
2994.323
2994.807
2995.291
2995.775
2996.258
2996.742
2997.226
2997.710
2998.194
2998.678
2999.162
2999.646
3000.129
3000.613
3001.097
3001.581
3002.065
3002.549
3003.033
3003.517
3004.000
3004.484
3004.968
3005.452
3005.936
3006.420
3006.904
3007.388
3007.871
3008.355
3008.839
3009.323
3009.807
3010.291
3010.775
3011.259
3011.742
3012.226
3012.710
3013.194
3013.678
3014.162
3014.646
3015.130
3015.613
3016.097
3016.581
3017.065
3017.549
3018.033
3018.517
3019.001
3019.484
3019.968
3089.535
3090.030
3090.526
3091.022
3091.518
3092.014
3092.262
3092.510
3092.757
3093.005
3093.501
3093.997
3094.493
3094.989
3095.485
3095.980
3096.228
3096.476
3096.724
3096.972
3097.468
3097.964
3098.460
3098.955
3099.451
3099.947
3100.195
3100.443
3100.691
3100.939
3101.435
3101.930
3102.426
3102.922
3103.418
3103.914
3104.162
3104.410
3104.658
3104.905
3109.368
3109.864
3110.112
3110.360
3110.608
3110.856
3111.351
3111.847
3112.095
3112.343
3112.591
3112.839
3113.335
3113.831
3114.078
3114.326
3114.574
3114.822
3115.318
3115.814
3116.062
3116.310
3116.558
3116.806
3117.797
3118.045
3118.293
3118.541
3118.789
3119.285
3119.781
3120.028
3120.276
3120.524
3120.772
3121.268
3121.764
3122.260
3122.508
3122.756
3123.251
3123.747
3124.243
3124.491
3124.739
3125.235
3125.731
3125.979
3126.226
3126.474
3126.722
3127.218
3127.714
3127.962
3128.210
3128.458
3128.706
3129.201
3129.697
3129.945
3130.193
3130.441
3130.689
3131.185
3131.681
3131.929
3132.176
3132.424
3132.672
3133.168
3133.664
3133.912
3134.160
3134.408
3134.656
3135.151
3135.647
3135.895
3136.143
3136.391
3136.639
3137.135
3137.631
3137.879
3138.127
3138.374
3138.622
3139.118
3139.614
3139.862
3140.110
3140.358
3140.606
3141.102
3141.597
3141.845
3142.093
3142.341
3142.589
3143.085
3143.581
3143.829
3144.077
3144.324
3144.572
3145.068
3145.564
3145.812
3146.060
3146.308
3146.556
3147.052
3147.547
3147.795
3148.043
3148.291
3148.539
3149.035
3149.159
3149.283
3149.407
3149.531
3150.027
3150.522
3151.018
3151.514
3152.010
3152.258
3152.506
3153.002
3153.126
3153.250
3153.373
3153.497
3153.993
3154.489
3154.985
3155.481
3155.729
3155.977
3156.225
3156.472
3156.968
3157.092
3157.216
3157.340
3157.464
3157.960
3158.456
3158.952
3159.447
3159.943
3160.191
3160.439
3160.935
3161.059
3161.183
3161.307
3161.431
3161.927
3162.422
3162.918
3163.414
3163.662
3163.910
3164.158
3164.406
3164.902
3165.398
3165.893
3166.389
3166.885
3167.381
3167.629
3167.877
3168.125
3168.373
3168.868
3169.364
3169.860
3170.356
3170.852
3171.348
3171.595
3171.843
3172.091
3172.339
3172.835
3173.331
3173.827
3174.323
3174.818
3175.314
3175.562
3175.810
3176.058
3176.306
3176.802
3177.298
3177.793
3178.289
3178.785
3179.281
3179.529
3179.777
3180.025
3180.273
3180.768
3181.264
3181.512
3181.760
3182.008
3182.256
3182.752
3183.248
3183.496
3183.743
3183.991
3184.239
3184.735
3185.231
3185.479
3185.727
3185.975
3186.223
3186.719
3187.214
3187.462
3187.710
3187.958
3188.206
3188.702
3189.198
3189.446
3189.694
3189.941
3190.189
3190.685
3191.181
3191.429
3191.677
3191.925
3192.173
3192.669
3193.164
3193.412
3193.660
3193.908
3194.156
3194.652
3195.148
3195.396
3195.644
3195.891
3196.139
3196.635
3197.131
3197.379
3197.627
3197.875
3198.123
3198.619
3199.114
3199.362
3199.610
3199.858
3200.106
3200.602
3201.098
3201.346
3201.594
3201.842
3202.089
3202.585
3203.081
3203.329
3203.577
3203.825
3204.073
3204.569
3205.064
3205.560
3206.056
3206.180
3206.304
3206.428
3206.552
3207.048
3207.544
3208.040
3208.287
3208.535
3209.031
3209.527
3210.023
3210.519
3211.015
3211.758
3212.130
3212.502
3212.998
3213.494
3213.990
3214.114
3214.237
3214.361
3214.485
3214.981
3215.477
3215.973
3216.221
3216.469
3216.965
3217.460
3217.956
3218.452
3218.948
3219.692
3220.064
3220.435
3220.931
3221.427
3221.923
3222.047
3222.171
3222.295
3222.419
3222.915
3223.410
3223.906
3224.154
3224.402
3224.898
3225.394
3225.890
3226.385
3226.881
3227.625
3227.997
3230.352
3230.476
3230.600
3230.724
3230.848
3231.344
3231.840
3232.335
3232.831
3233.327
3233.575
3233.823
3234.319
3234.443
3234.567
3234.691
3234.815
3235.310
3235.806
3236.302
3236.798
3237.046
3237.294
3237.542
3237.790
3238.285
3238.409
3238.533
3238.657
3238.781
3239.277
3239.773
3240.269
3240.764
3241.260
3241.508
3241.756
3242.252
3242.376
3242.500
3242.624
3242.748
3243.244
3243.739
3244.235
3244.731
3244.979
3245.227
3245.475
3245.723
3246.219
3246.343
3246.466
3246.590
3246.714
3247.210
3247.706
3248.202
3248.698
3249.194
3249.441
3249.689
3250.185
3250.309
3250.433
3250.557
3250.681
3251.177
3251.673
3252.168
3252.664
3252.912
3253.160
3253.408
3253.656
3254.152
3254.276
3254.400
3254.524
3254.648
3255.143
3255.639
3256.135
3256.631
3257.127
3257.375
3257.623
3258.118
3258.242
3258.366
3258.490
3258.614
3259.110
3259.606
3260.102
3260.597
3260.845
3261.093
3261.341
3261.589
3262.085
3264.068
3266.052
3270.019
3272.002
3273.986
3282.939
3283.149
3283.359
3283.569
3283.780
3283.990
3284.200
3284.409
3284.618
3284.826
3285.033
3285.241
3285.448
3285.656
3285.863
3286.071
3286.278
3286.485
3286.691
3286.898
3287.105
3287.312
3287.518
3287.724
3287.927
3288.129
3288.328
3288.527
3288.725
3288.923
3289.121
3289.319
3289.516
3289.711
3289.902
3290.092
3290.281
3290.469
3290.657
3290.846
3291.035
3291.224
3291.415
3291.606
3291.798
3291.990
3292.182
3292.373
3292.562
3292.750
3292.936
3293.122
3293.307
3293.493
3293.678
3293.863
3294.048
3294.234
3294.419
3294.604
3294.789
3294.974
3295.158
3295.338
3295.515
3295.689
3295.862
3296.035
3296.207
3296.380
3296.552
3296.725
3296.898
3297.071
3297.244
3297.418
3297.592
3297.769
3297.946
3298.124
3298.303
3298.481
3298.660
3298.838
3299.016
3299.195
3299.373
3299.551
3307.628
3308.116
3308.604
3309.091
3309.579
3310.067
3310.555
3311.043
3311.530
3312.018
3312.506
3312.994
3313.482
3313.969
3314.457
3314.945
3315.433
3315.921
3316.408
3316.896
3317.384
3317.872
3318.360
3318.847
3319.335
3319.823
3320.311
3320.799
3321.286
3321.774
3322.262
3322.750
3323.725
3324.701
3325.677
3326.652
3327.628
3328.603
3329.579
3330.555
3331.042
3331.530
3332.018
3332.506
3332.994
3333.481
3333.969
3334.457
3334.945
3335.433
3335.920
3336.408
3336.896
3337.384
3337.872
3338.359
3339.335
3340.311
3341.286
3342.262
3343.237
3344.213
3345.188
3346.164
3347.140
3348.115
3349.091
3350.066
3351.042
3352.018
3352.993
3353.969
3354.944
3355.920
3356.896
3357.871
3358.847
3359.822
3360.798
3361.774
3362.749
3363.725
3364.700
3365.676
3366.652
3367.627
3368.603
3369.578
3370.554
3371.530
3372.505
3373.481
3374.456
3375.432
3376.407
3377.383
3378.359
3379.334
3380.310
3381.285
3382.261
3383.237
3384.212
3385.188
3401.285
3401.773
3402.261
3402.749
3402.992
3403.236
3403.724
3404.212
3404.700
3404.944
3405.188
3405.675
3406.163
3406.651
3406.895
3407.139
3407.627
3408.114
3408.602
3408.846
3409.090
3409.578
3410.065
3410.553
3410.797
3411.041
3411.529
3412.017
3412.504
3412.748
3412.992
3413.480
3413.968
3414.456
3414.700
3414.943
3415.431
3415.919
3416.895
3417.382
3417.748
3418.114
3418.358
3418.846
3419.334
3419.699
3420.065
3420.309
3420.797
3421.285
3421.651
3422.017
3422.260
3422.748
3423.236
3423.602
3423.968
3424.699
3425.187
3425.553
3425.919
3426.163
3426.651
3427.138
3427.504
3427.870
3428.114
3428.602
3429.090
3429.455
3429.821
3430.065
3430.553
3431.041
3431.407
3431.772
3432.504
3432.992
3433.358
3433.724
3433.967
3434.455
3434.943
3435.309
3435.675
3435.919
3436.406
3436.894
3437.260
3437.626
3437.870
3438.358
3438.845
3439.211
3439.577
3440.309
3440.797
3441.162
3441.528
3441.772
3442.260
3442.748
3443.114
3443.479
3443.723
3444.211
3444.699
3445.065
3445.431
3445.675
3446.162
3446.650
3447.016
3447.382
3448.114
3448.358
3448.601
3448.845
3449.089
3449.333
3449.577
3449.821
3450.065
3450.309
3450.553
3450.797
3451.040
3451.284
3451.528
3451.772
3452.016
3452.260
3452.504
3452.748
3452.992
3453.236
3453.479
3453.723
3453.967
3454.211
3454.455
3454.699
3454.943
3455.187
3455.918
3456.162
3456.406
3456.650
3456.894
3457.138
3457.382
3457.626
3457.870
3458.114
3458.357
3458.601
3458.845
3459.089
3459.333
3459.577
3459.821
3460.065
3460.309
3460.553
3460.796
3461.040
3461.284
3461.528
3461.772
3462.016
3462.260
3462.504
3462.748
3462.991
3463.723
3464.211
3464.577
3464.943
3465.187
3465.674
3466.162
3466.528
3466.894
3467.138
3467.626
3468.113
3468.479
3468.845
3469.089
3469.577
3470.065
3470.430
3470.796
3471.528
3472.016
3472.382
3472.747
3472.991
3473.479
3473.967
3474.333
3474.699
3474.942
3475.430
3475.918
3476.284
3476.650
3476.894
3477.381
3477.869
3478.235
3478.601
3479.333
3479.820
3480.308
3480.796
3481.284
3481.772
3482.259
3482.747
3483.235
3483.723
3484.211
3484.698
3485.186
3485.674
3486.162
3486.650
3487.381
3487.747
3488.113
3488.479
3488.845
3489.333
3489.698
3490.064
3490.430
3490.796
3491.284
3491.650
3492.015
3492.381
3492.747
3492.991
3493.235
3493.479
3493.601
3493.845
3494.089
3494.332
3494.576
3494.698
3494.820
3494.942
3495.430
3495.796
3496.162
3496.406
3496.893
3497.381
3497.747
3498.113
3498.357
3498.845
3499.332
3499.698
3500.064
3500.308
3500.796
3501.284
3501.649
3502.015
3502.747
3503.235
3503.601
3503.966
3504.210
3504.698
3505.186
3505.552
3505.918
3506.161
3506.649
3507.137
3507.503
3507.869
3508.113
3508.600
3509.088
3509.454
3509.820
3511.040
3512.015
3512.991
3513.966
3514.942
3515.917
3516.893
3518.356
3518.844
3519.210
3519.576
3519.820
3520.308
3520.795
3521.161
3521.527
3521.771
3522.259
3522.747
3523.112
3523.478
3523.722
3524.210
3524.698
3525.064
3525.430
3526.161
3527.137
3528.112
3529.088
3530.064
3531.039
3532.015
3532.990
3533.966
3534.454
3534.942
3535.429
3535.917
3536.405
3536.893
3537.381
3537.868
3538.356
3538.844
3539.332
3539.820
3540.307
3540.795
3541.283
3541.771
3542.259
3542.746
3543.234
3543.478
3543.722
3544.210
3544.698
3545.185
3545.429
3545.673
3546.161
3546.649
3547.137
3547.380
3547.624
3548.112
3548.600
3549.088
3549.332
3549.575
3550.063
3550.551
3550.795
3551.039
3551.283
3551.527
3552.014
3552.502
3552.746
3552.990
3553.234
3553.478
3553.966
3554.453
3554.697
3554.941
3555.185
3555.429
3555.917
3556.405
3556.649
3556.892
3557.136
3557.380
3557.868
3558.112
3558.356
3558.600
3558.844
3559.088
3559.331
3559.819
3560.063
3560.307
3560.551
3560.795
3561.039
3561.283
3561.770
3562.014
3562.258
3562.502
3562.746
3562.990
3563.234
3563.722
3563.966
3564.209
3564.453
3564.697
3564.941
3565.185
3565.429
3565.673
3565.917
3566.161
3566.405
3566.648
3566.892
3567.136
3567.380
3567.624
3567.868
3568.112
3568.356
3568.600
3568.843
3569.087
3569.331
3569.575
3569.819
3570.063
3570.307
3570.551
3570.795
3571.039
3571.282
3571.526
3571.770
3572.014
3572.990
3573.234
3573.478
3573.721
3573.965
3574.209
3574.453
3574.697
3574.941
3575.185
3575.429
3575.673
3575.917
3576.160
3576.404
3576.648
3576.892
3577.136
3577.380
3577.624
3577.868
3578.112
3578.356
3578.599
3578.843
3579.087
3579.331
3579.575
3579.819
3580.063
3580.795
3581.038
3581.282
3581.526
3581.770
3582.014
3582.258
3582.502
3582.746
3582.990
3583.234
3583.477
3583.721
3583.965
3584.209
3584.453
3584.697
3584.941
3585.185
3585.429
3585.672
3585.916
3586.160
3586.404
3586.648
3586.892
3587.136
3587.380
3587.624
3587.868
3588.599
3589.087
3589.453
3589.819
3590.063
3590.550
3591.038
3591.404
3591.770
3592.014
3592.502
3592.989
3593.355
3593.721
3593.965
3594.453
3594.941
3595.306
3595.672
3596.404
3596.892
3597.258
3597.623
3597.867
3598.355
3598.843
3599.209
3599.575
3599.818
3600.306
3600.794
3601.160
3601.526
3601.770
3602.257
3602.745
3603.111
3603.477
3604.209
3604.696
3605.062
3605.428
3605.672
3606.160
3606.648
3607.013
3607.379
3607.623
3608.111
3608.599
3608.965
3609.330
3609.574
3610.062
3610.550
3610.916
3611.282
3612.013
3612.501
3612.867
3613.233
3613.477
3613.964
3614.452
3614.818
3615.184
3615.428
3615.916
3616.403
3616.769
3617.135
3617.379
3617.867
3618.355
3618.720
3619.086
3619.818
3620.306
3620.794
3621.282
3621.526
3621.769
3622.257
3622.745
3622.989
3623.233
3623.477
3623.721
3624.208
3624.452
3624.696
3624.940
3625.184
3625.428
3625.672
3625.916
3626.160
3626.403
3626.647
3626.891
3627.135
3627.379
3627.623
3628.111
3628.599
3629.086
3629.330
3629.574
3630.062
3630.550
3630.794
3631.038
3631.281
3631.525
3632.013
3632.257
3632.501
3632.745
3632.989
3633.233
3633.476
3633.720
3633.964
3634.208
3634.452
3634.696
3634.940
3635.184
3635.428
3635.915
3636.403
3636.891
3637.135
3637.379
3637.867
3638.354
3638.598
3638.842
3639.086
3639.330
3639.818
3640.062
3640.306
3640.549
3640.793
3641.037
3641.281
3641.525
3641.769
3642.013
3642.257
3642.501
3642.745
3642.988
3643.232
3643.720
3644.208
3644.696
3644.940
3645.183
3645.671
3646.159
3646.403
3646.647
3646.891
3647.135
3647.622
3647.866
3648.110
3648.354
3648.598
3648.842
3649.086
3649.330
3649.574
3649.818
3650.061
3650.305
3650.549
3650.793
3651.037
3651.525
3652.013
3652.500
3652.744
3652.988
3653.476
3653.964
3654.208
3654.452
3654.695
3654.939
3655.427
3655.671
3655.915
3656.159
3656.403
3656.647
3656.890
3657.134
3657.378
3657.622
3657.866
3658.110
3658.354
3658.598
3658.842
3659.329
3659.817
3660.305
3660.549
3660.793
3661.281
3661.768
3662.012
3662.256
3662.500
3662.744
3663.232
3663.476
3663.720
3663.963
3664.207
3664.451
3664.695
3664.939
3665.183
3665.427
3665.671
3665.915
3666.159
3666.402
3666.646
3667.134
3667.622
3668.110
3668.354
3668.597
3669.085
3669.573
3669.817
3670.061
3670.305
3670.549
3671.036
3671.280
3671.524
3671.768
3672.012
3672.256
3672.500
3672.744
3672.988
3673.232
3673.475
3673.719
3673.963
3674.207
3674.451
3674.939
3675.427
3675.914
3676.158
3676.402
3676.890
3677.378
3677.622
3677.866
3678.109
3678.353
3678.841
3679.085
3679.329
3679.573
3679.817
3680.061
3680.305
3680.548
3680.792
3681.036
3681.280
3681.524
3681.768
3682.012
3682.256
3682.500
3682.744
3682.988
3683.232
3683.476
3683.720
3683.964
3684.208
3684.451
3684.695
3684.939
3685.183
3685.427
3685.671
3685.915
3686.159
3686.403
3686.647
3686.890
3687.134
3687.378
3687.622
3687.866
3688.110
3688.354
3688.598
3688.842
3689.086
3689.329
3689.573
3689.817
3690.061
3690.305
3690.549
3690.793
3691.037
3691.281
3691.524
3691.768
3692.012
3692.256
3692.500
3692.744
3692.988
3693.232
3693.476
3693.720
3693.963
3694.207
3694.451
3694.695
3694.939
3695.183
3695.427
3695.671
3695.915
3696.159
3696.402
3696.646
3696.890
3697.134
3697.378
3697.622
3697.866
3698.110
3698.354
3698.598
3698.841
3699.085
3699.329
3699.573
3699.817
3700.061
3700.305
3700.549
3700.793
3701.037
3701.280
3701.524
3701.768
3702.012
3702.256
3702.500
3702.744
3702.988
3703.232
3703.476
3703.719
3703.963
3704.207
3704.451
3704.695
3704.939
3705.183
3705.427
3705.671
3705.915
3706.158
3706.402
3706.646
3706.890
3707.134
3707.378
3707.622
3707.866
3708.110
3708.353
3708.597
3708.841
3709.085
3709.329
3709.573
3709.817
3710.061
3710.305
3710.549
3710.792
3711.036
3711.280
3711.524
3711.768
3712.012
3712.256
3712.500
3712.744
3712.988
3713.231
3713.475
3713.719
3713.963
3714.207
3714.451
3714.695
3714.939
3715.183
3715.427
3715.670
3715.914
3716.158
3716.402
3716.646
3716.890
3717.134
3717.378
3717.622
3717.866
3718.109
3718.353
3718.597
3718.841
3719.085
3719.329
3719.573
3719.817
3720.061
3720.305
3720.548
3720.792
3721.036
3721.280
3721.524
3721.768
3722.012
3722.256
3722.500
3722.744
3722.987
3723.231
3723.475
3723.719
3723.963
3724.207
3724.451
3724.695
3724.939
3725.182
3725.426
3725.670
3725.914
3726.158
3726.402
3726.646
3726.890
3727.134
3727.378
3727.621
3727.865
3728.109
3728.353
3728.597
3728.841
