8.333
9.267
10.167
11.067
11.933
12.767
13.600
14.433
15.200
16.000
16.767
17.500
18.233
18.967
19.667
20.367
21.067
21.733
22.400
23.033
23.700
24.300
24.933
25.533
26.167
26.767
27.333
27.933
28.500
29.033
29.600
30.133
30.667
31.200
31.700
32.233
32.733
33.233
33.733
34.200
34.700
35.167
35.633
36.100
36.567
37.033
37.467
37.900
38.367
38.800
39.233
39.633
40.067
40.467
40.900
41.300
41.700
42.100
42.500
42.867
43.267
43.633
44.033
44.400
44.600
45.900
46.067
47.400
47.567
48.867
49.067
50.367
50.567
51.867
52.067
53.367
53.533
54.867
55.033
56.333
56.533
56.733
57.100
57.467
57.833
58.033
58.200
58.600
58.967
59.367
59.567
59.733
60.100
60.500
60.867
61.033
61.233
61.600
61.967
62.333
62.533
62.733
63.100
63.467
63.833
64.033
64.200
64.600
64.967
65.333
65.533
65.700
66.067
66.467
68.333
68.500
68.700
69.067
69.433
69.800
70.000
70.200
70.567
70.933
71.300
71.500
71.667
72.067
72.433
72.800
73.000
73.167
73.567
73.933
74.300
74.467
74.667
75.033
75.400
75.800
75.967
76.167
76.533
76.900
77.267
77.467
77.667
78.033
78.400
78.767
78.967
79.167
79.533
79.900
80.267
80.467
80.633
81.000
81.200
81.400
81.767
81.933
82.133
82.500
82.700
82.900
83.267
83.433
83.633
84.000
84.200
84.367
84.733
84.933
85.100
85.500
85.667
85.867
86.233
86.433
86.600
86.967
87.167
87.367
87.733
87.900
88.100
88.467
88.667
88.833
89.233
89.600
89.967
90.333
90.733
91.100
91.467
91.833
92.200
92.633
93.000
93.367
93.733
94.100
94.500
94.867
95.233
95.433
95.600
95.800
95.967
96.167
96.367
96.533
98.200
98.400
98.600
98.967
99.333
99.700
99.900
100.067
100.433
100.833
101.200
101.367
101.567
101.933
102.300
102.700
102.867
103.067
103.433
103.800
104.167
104.367
104.567
104.933
105.300
105.667
105.867
106.067
106.433
106.800
107.167
107.367
107.533
107.900
108.300
108.667
108.833
109.033
109.400
109.767
110.167
110.333
110.533
110.900
111.267
111.633
111.833
112.033
112.400
112.767
113.133
113.333
113.500
113.900
114.267
114.633
114.833
115.000
115.367
115.767
116.133
116.300
116.500
116.867
117.267
117.600
117.800
118.000
118.367
118.733
119.100
119.300
119.500
119.867
120.233
122.100
122.467
122.833
123.233
123.600
123.967
124.333
124.700
125.100
125.467
125.867
126.233
126.600
127.000
127.367
127.733
128.100
128.467
128.867
129.233
129.600
129.967
130.333
130.700
131.100
131.467
131.833
132.200
132.567
132.967
133.333
133.700
134.067
135.200
135.567
136.700
137.067
138.167
138.567
139.667
140.033
141.167
141.533
142.667
143.033
144.133
144.533
145.633
146.033
147.133
147.500
148.633
149.000
150.133
150.500
151.600
152.000
153.100
153.467
154.600
154.967
156.100
156.467
157.967
158.333
158.700
159.067
159.500
159.867
160.233
160.600
160.967
161.367
161.733
162.100
162.467
162.833
163.200
163.600
163.967
164.333
164.700
165.100
165.467
165.833
166.200
166.567
166.967
167.333
167.700
168.067
168.433
168.833
169.200
169.567
169.933
170.300
170.667
170.867
171.067
171.433
171.800
172.167
172.367
172.533
172.933
173.300
173.667
173.867
174.033
174.400
174.800
175.167
175.333
175.533
175.900
176.267
176.667
176.833
177.033
177.400
177.767
178.133
178.333
178.533
178.900
179.267
179.633
179.833
181.867
182.067
182.267
182.433
182.633
183.000
183.367
183.567
183.733
183.933
184.133
184.500
184.867
185.033
185.233
185.433
185.600
185.967
186.367
186.567
186.733
186.933
187.100
187.467
187.867
188.033
188.233
188.400
188.600
188.967
189.333
189.533
189.733
189.900
190.100
190.467
190.833
191.033
191.200
191.400
191.600
191.967
192.333
192.533
192.733
192.933
193.100
193.500
193.867
194.033
194.233
194.433
194.600
194.800
194.967
195.367
195.533
195.733
195.900
196.100
196.300
196.467
196.833
197.033
197.200
197.400
197.600
197.767
197.967
198.333
198.533
198.700
198.900
199.067
199.267
199.467
199.833
200.033
200.200
200.400
200.567
200.767
200.933
201.333
201.500
201.700
201.900
202.067
202.267
202.433
202.833
203.000
203.200
203.367
203.567
203.767
203.933
204.300
204.500
204.700
204.867
205.067
205.233
205.433
205.800
206.167
206.567
206.933
207.300
207.667
208.033
208.433
208.800
209.167
209.533
209.900
210.267
210.667
211.033
211.400
211.767
212.133
212.533
212.900
213.267
213.633
214.000
214.400
214.767
215.133
215.500
215.867
216.267
216.633
217.000
217.367
217.733
217.933
218.133
218.500
218.867
219.233
219.433
219.600
220.000
220.367
220.733
220.933
221.100
221.467
221.867
222.233
222.400
222.600
222.967
223.333
223.733
223.900
224.100
224.467
224.833
225.200
225.400
225.600
226.000
226.367
226.733
226.933
227.100
227.467
227.867
229.167
229.367
229.533
229.733
230.100
230.467
230.667
230.833
231.233
231.600
231.967
232.133
232.333
232.700
233.100
233.467
233.633
233.833
234.200
234.567
234.933
235.133
235.333
235.700
236.067
236.433
236.633
236.800
237.200
237.567
237.933
238.100
238.300
238.667
239.067
239.433
239.600
239.800
240.167
240.533
240.933
241.100
241.300
241.667
241.867
242.033
242.400
242.600
242.800
243.167
243.333
243.533
243.900
244.100
244.267
244.633
244.833
245.033
245.400
245.600
245.767
246.133
246.333
246.533
246.900
247.067
247.267
247.633
247.833
248.000
248.367
248.567
248.767
249.133
249.300
249.500
249.867
250.067
250.233
250.633
250.800
251.000
251.367
251.567
251.733
252.100
252.300
252.500
252.867
253.033
259.600
259.800
260.000
260.367
260.733
261.100
261.300
261.467
261.867
262.233
262.600
262.800
262.967
263.333
263.733
264.100
264.267
264.467
264.833
265.200
265.567
265.767
265.967
266.333
266.700
267.067
267.267
267.433
267.833
268.200
268.567
268.767
268.933
269.333
269.700
270.067
270.233
270.433
270.800
271.167
271.567
271.933
272.300
272.667
273.033
273.433
273.800
274.167
274.533
274.900
275.267
275.667
277.533
277.700
277.900
278.267
278.633
279.000
279.200
279.400
279.767
280.133
280.500
280.700
280.867
281.267
281.633
282.000
282.200
282.367
282.767
283.133
283.500
283.667
283.867
284.233
284.633
285.000
285.167
285.367
285.733
286.100
286.500
286.667
286.867
287.233
287.600
287.967
288.167
288.333
288.733
289.100
289.467
289.667
289.833
290.200
290.400
290.600
290.967
291.133
291.333
291.700
291.900
292.067
292.467
292.667
292.867
293.233
293.433
293.600
293.967
294.167
294.367
294.733
294.900
295.100
295.467
295.667
295.833
296.233
296.400
296.600
296.967
297.167
297.333
297.700
297.900
298.067
298.467
298.833
299.200
299.567
301.433
301.633
301.833
302.000
302.200
302.567
302.933
303.133
303.300
303.500
303.667
304.067
304.433
304.633
304.800
305.000
305.167
305.567
305.933
306.100
306.300
306.467
306.667
307.033
307.400
307.600
307.800
307.967
308.167
308.533
308.900
309.100
309.267
309.467
309.667
310.033
310.400
310.600
310.767
310.967
311.133
311.533
311.900
312.067
312.267
312.467
312.633
313.000
313.400
313.567
313.767
313.933
314.133
314.333
314.500
314.900
315.067
315.267
315.433
315.633
315.800
316.000
316.367
316.567
316.733
316.933
317.133
317.300
317.500
317.867
318.067
318.233
318.433
318.633
318.800
319.000
319.367
319.533
319.733
319.933
320.100
320.300
320.467
320.867
321.033
321.233
321.400
321.600
321.800
321.967
322.333
322.533
322.733
322.900
323.100
323.267
323.467
325.333
325.500
325.700
325.900
326.100
326.300
326.467
326.667
326.867
327.033
327.233
327.400
327.600
327.800
327.967
328.167
328.333
328.533
328.733
328.900
329.100
329.267
329.467
329.667
329.833
330.033
330.200
330.400
330.600
330.767
330.967
331.133
331.333
331.533
331.700
331.900
332.067
332.267
332.467
332.633
332.833
333.000
333.200
333.400
333.567
333.767
333.933
334.133
334.333
334.500
334.700
334.867
335.067
335.267
335.433
335.633
335.800
336.000
336.200
336.367
336.567
336.733
336.933
337.133
337.300
337.500
337.667
337.867
338.067
338.233
338.433
338.600
338.800
339.000
339.167
339.367
339.533
339.733
339.933
340.100
340.300
340.467
340.667
340.867
341.033
341.233
341.400
341.600
341.800
341.967
342.167
342.333
342.533
342.700
342.900
343.100
343.267
343.467
343.667
343.833
344.033
344.200
344.400
344.567
344.767
344.967
345.133
345.333
345.533
345.700
345.900
346.067
346.267
346.467
346.633
346.833
347.000
347.200
347.400
347.567
349.267
349.633
350.000
350.367
350.733
351.100
351.500
351.867
352.233
352.600
352.967
353.333
353.700
354.100
354.467
354.833
355.200
355.567
355.933
356.300
356.667
357.033
357.400
357.800
358.167
358.533
358.900
359.267
359.667
360.033
360.400
360.767
361.133
361.500
361.867
362.033
362.233
362.600
362.967
363.333
363.500
363.700
364.067
364.433
364.800
364.967
365.167
365.533
365.900
366.233
366.433
366.600
366.967
367.333
367.700
367.900
368.067
368.433
368.800
369.167
369.333
369.533
369.867
370.233
370.600
370.800
370.967
372.767
372.967
373.133
373.300
373.500
373.867
374.233
374.400
374.567
374.767
374.933
375.300
375.667
375.833
376.033
376.200
376.400
376.767
377.100
377.300
377.467
377.667
377.833
378.200
378.567
378.733
378.933
379.100
379.267
379.633
380.000
380.167
380.367
380.533
380.733
381.100
381.467
381.633
381.800
382.000
382.167
382.533
382.900
383.067
383.267
383.433
383.633
384.000
384.333
384.533
384.700
384.867
385.067
385.233
385.433
385.800
385.967
386.167
386.333
386.500
386.700
386.867
387.233
387.433
387.600
387.767
387.967
388.133
388.333
388.667
388.867
389.033
389.233
389.400
389.600
389.767
390.133
390.300
390.500
390.667
390.867
391.033
391.200
391.567
391.733
391.933
392.100
392.300
392.467
392.667
393.067
393.233
393.400
393.600
393.767
393.967
394.133
394.500
394.700
394.867
395.033
395.233
395.400
395.567
395.933
396.300
396.667
397.033
397.400
397.767
398.100
398.467
398.833
399.200
399.567
399.933
400.267
400.633
401.000
401.367
401.733
402.100
402.433
402.800
403.167
403.533
403.900
404.267
404.633
405.000
405.333
405.700
406.067
406.433
406.800
407.133
407.500
407.700
407.867
408.233
408.600
408.967
409.133
409.333
409.667
410.033
410.400
410.600
410.767
411.133
411.500
411.867
412.033
412.200
412.567
412.933
413.300
413.467
413.667
414.033
414.367
414.733
414.933
415.100
415.467
415.833
416.200
416.367
416.567
416.900
417.267
418.533
418.733
418.900
419.067
419.433
419.800
419.967
420.167
420.533
420.900
421.233
421.433
421.600
421.967
422.333
422.700
422.867
423.067
423.400
423.767
424.133
424.333
424.500
424.867
425.233
425.600
425.767
425.933
426.333
426.700
427.067
427.233
427.433
427.800
428.167
428.500
428.700
428.867
429.233
429.600
429.967
430.133
430.333
430.667
430.867
431.033
431.400
431.600
431.767
432.133
432.300
432.500
432.867
433.033
433.200
433.567
433.767
433.933
434.300
434.467
434.667
435.033
435.200
435.367
435.767
435.933
436.100
436.467
436.633
436.833
437.200
437.367
437.567
437.900
438.100
438.267
438.633
438.800
439.000
439.367
439.533
439.733
440.100
440.267
440.433
440.800
441.000
441.167
441.533
441.700
448.033
448.200
448.400
448.767
449.133
449.467
449.667
449.833
450.200
450.567
450.933
451.100
451.300
451.633
452.033
452.367
452.567
452.733
453.100
453.467
453.833
454.000
454.167
454.533
454.900
455.267
455.433
455.633
456.000
456.333
456.700
456.900
457.067
457.433
457.800
458.167
458.333
458.533
458.867
459.233
459.633
460.000
460.367
460.733
461.067
461.433
461.800
462.167
462.533
462.900
463.267
463.600
465.433
465.600
465.800
466.133
466.500
466.867
467.033
467.233
467.600
467.933
468.300
468.500
468.667
469.033
469.400
469.767
469.933
470.100
470.467
470.833
471.200
471.367
471.567
471.933
472.300
472.633
472.833
473.000
473.367
473.733
474.100
474.267
474.467
474.800
475.167
475.533
475.733
475.900
476.267
476.633
477.000
477.167
477.367
477.700
477.900
478.067
478.433
478.600
478.800
479.167
479.333
479.533
479.867
480.067
480.233
480.600
480.800
480.967
481.333
481.500
481.667
482.033
482.233
482.400
482.767
482.933
483.133
483.500
483.667
483.867
484.233
484.400
484.567
484.933
485.133
485.300
485.667
486.033
486.367
486.733
488.567
488.733
488.933
489.100
489.267
489.633
490.000
490.167
490.367
490.533
490.733
491.067
491.433
491.633
491.800
492.000
492.167
492.533
492.933
493.100
493.300
493.467
493.633
494.000
494.367
494.567
494.733
494.900
495.100
495.467
495.833
496.000
496.200
496.367
496.533
496.900
497.267
497.433
497.633
497.800
498.000
498.333
498.700
498.900
499.067
499.267
499.433
499.800
500.167
500.333
500.533
500.700
500.867
501.067
501.233
501.600
501.800
501.967
502.133
502.333
502.500
502.700
503.067
503.233
503.400
503.600
503.767
503.967
504.133
504.500
504.667
504.867
505.033
505.233
505.400
505.567
505.933
506.133
506.300
506.500
506.667
506.833
507.033
507.400
507.567
507.733
507.933
508.100
508.300
508.467
508.833
509.000
509.200
509.367
509.567
509.733
509.933
511.733
511.900
512.100
512.267
512.467
512.633
512.800
513.000
513.167
513.367
513.533
513.700
513.900
514.067
514.267
514.433
514.633
514.800
514.967
515.167
515.333
515.533
515.700
515.867
516.067
516.233
516.433
516.600
516.800
516.967
517.133
517.333
517.500
517.700
517.867
518.067
518.233
518.400
518.600
518.767
518.967
519.133
519.333
519.500
519.667
519.867
520.033
520.200
520.400
520.567
520.767
520.933
521.133
521.300
521.500
521.667
521.833
522.033
522.200
522.400
522.567
522.733
522.933
523.100
523.300
523.467
523.667
523.833
524.000
524.200
524.367
524.567
524.733
524.933
525.100
525.267
525.467
525.633
525.833
526.000
526.200
526.400
526.567
526.767
526.933
527.133
527.300
527.500
527.667
527.833
528.033
528.200
528.400
528.567
528.767
528.933
529.100
529.300
529.467
529.667
529.833
530.033
530.200
530.367
530.567
530.733
530.900
531.100
531.267
531.467
531.633
531.833
532.000
532.167
532.367
532.533
532.733
532.900
533.067
533.267
534.900
535.267
535.633
535.967
536.333
536.700
537.067
537.433
537.767
538.133
538.500
538.867
539.200
539.567
539.933
540.300
540.633
541.000
541.367
541.700
542.067
542.433
542.767
543.133
543.500
543.833
544.200
544.533
544.900
545.267
545.600
545.967
546.300
546.667
547.033
547.367
547.700
548.067
548.400
548.767
549.133
549.467
549.833
550.167
550.533
550.867
551.200
551.567
551.900
552.267
552.600
552.933
553.300
553.633
554.000
554.333
554.667
555.033
555.367
555.700
556.067
556.400
556.733
557.100
557.433
557.600
558.800
558.967
560.200
560.400
561.600
561.767
562.967
563.133
564.333
564.500
565.700
565.867
567.100
567.267
568.467
568.633
568.800
569.133
569.500
569.833
570.000
570.167
570.533
570.867
571.200
571.367
571.567
571.900
572.233
572.567
572.733
572.933
573.267
573.600
573.967
574.133
574.300
574.633
575.000
575.333
575.500
575.667
576.000
576.367
576.700
576.867
577.033
577.400
577.733
579.467
579.633
579.800
580.133
580.467
580.833
581.000
581.167
581.500
581.867
582.200
582.367
582.533
582.867
583.233
583.567
583.733
583.900
584.267
584.600
584.933
585.100
585.300
585.633
585.967
586.333
586.500
586.667
587.000
587.333
587.700
587.867
588.033
588.400
588.733
589.067
589.233
589.400
589.767
590.100
590.433
590.600
590.800
591.133
591.300
591.467
591.800
592.000
592.167
592.500
592.667
592.833
593.233
593.400
593.567
593.900
594.067
594.267
594.600
594.767
594.933
595.267
595.467
595.633
595.967
596.133
596.333
596.667
596.833
597.000
597.333
597.500
597.700
598.033
598.200
598.367
598.733
599.067
599.400
599.733
600.100
600.433
600.767
601.133
601.467
601.800
602.167
602.500
602.833
603.200
603.533
603.867
604.200
604.400
604.567
604.733
604.900
605.067
605.233
605.400
606.967
607.133
607.300
607.633
608.000
608.333
608.500
608.700
609.033
609.367
609.700
609.867
610.067
610.400
610.733
611.100
611.267
611.433
611.767
612.133
612.467
612.633
612.800
613.133
613.500
613.833
614.000
614.167
614.533
614.867
615.200
615.367
615.567
615.900
616.233
616.600
616.767
616.933
617.267
617.600
617.967
618.133
618.300
618.633
619.000
619.333
619.500
619.667
620.033
620.367
620.700
620.867
621.067
621.400
621.733
622.067
622.267
622.433
622.767
623.100
623.467
623.633
623.800
624.133
624.500
624.833
625.000
625.167
625.500
625.867
626.200
626.400
626.600
626.933
627.267
627.600
627.800
627.967
628.133
628.300
628.467
628.633
628.800
629.000
629.333
629.667
630.000
630.367
630.700
631.033
631.400
631.733
632.067
632.400
632.767
633.100
633.467
633.800
634.133
634.467
634.833
635.167
635.500
635.867
636.200
636.533
636.867
637.233
637.567
637.900
638.267
638.600
638.933
639.300
639.633
639.967
641.100
641.500
642.867
643.400
645.033
645.600
647.300
647.867
649.533
650.100
651.800
652.333
654.033
654.600
656.267
656.833
658.533
659.067
660.800
661.367
663.033
663.600
665.300
665.867
667.533
668.100
669.767
670.333
672.033
672.600
674.200
674.533
674.900
675.233
675.567
675.900
676.267
676.600
676.967
677.300
677.633
677.967
678.333
678.667
679.000
679.367
679.700
680.033
680.400
680.733
681.067
681.400
681.767
682.100
682.433
682.800
683.133
683.467
683.833
684.167
684.500
684.833
685.200
685.533
685.867
686.067
686.233
686.567
686.900
687.267
687.433
687.600
687.933
688.267
688.633
688.800
688.967
689.300
689.667
690.000
690.167
690.333
690.700
691.033
691.367
691.533
691.733
692.067
692.400
692.733
692.933
693.133
693.467
693.800
694.167
694.333
696.233
696.400
696.567
696.733
696.900
697.267
697.600
697.767
697.933
698.100
698.267
698.633
698.967
699.133
699.300
699.500
699.667
700.000
700.333
700.500
700.700
700.867
701.033
701.367
701.733
701.900
702.067
702.233
702.400
702.733
703.100
703.267
703.433
703.600
703.767
704.133
704.467
704.633
704.800
704.967
705.167
705.500
705.833
706.000
706.167
706.367
706.533
706.867
707.200
707.367
707.567
707.733
707.900
708.067
708.233
708.600
708.767
708.933
709.100
709.267
709.433
709.633
709.967
710.133
710.300
710.467
710.633
710.833
711.000
711.333
711.500
711.667
711.867
712.033
712.200
712.367
712.700
712.867
713.067
713.233
713.400
713.567
713.733
714.100
714.267
714.433
714.600
714.767
714.933
715.100
715.467
715.633
715.800
715.967
716.133
716.333
716.500
716.833
717.000
717.167
717.333
717.533
717.700
717.867
718.200
718.533
718.900
719.233
719.567
719.933
720.267
720.600
720.967
721.300
721.633
722.000
722.333
722.667
723.000
723.367
723.700
724.033
724.400
724.733
725.067
725.433
725.767
726.100
726.467
726.833
727.167
727.533
727.867
728.200
728.533
728.900
729.233
729.400
729.567
729.900
730.267
730.600
730.767
730.933
731.300
731.633
731.967
732.133
732.333
732.667
733.000
733.367
733.533
733.700
734.033
734.367
734.733
734.900
735.067
735.400
735.767
736.100
736.267
736.433
736.800
737.133
737.467
737.633
737.800
738.167
738.500
739.700
739.867
740.067
740.233
740.567
740.900
741.100
741.267
741.600
741.933
742.300
742.467
742.633
742.967
743.300
743.667
743.833
744.000
744.333
744.700
745.033
745.200
745.367
745.733
746.067
746.400
746.567
746.767
747.100
747.433
747.767
747.967
748.133
748.467
748.800
749.167
749.333
749.500
749.833
750.200
750.533
750.700
750.867
751.200
751.400
751.567
751.900
752.067
752.233
752.600
752.767
752.933
753.267
753.467
753.633
753.967
754.133
754.300
754.667
754.833
755.000
755.333
755.500
755.667
756.033
756.200
756.367
756.733
756.900
757.067
757.400
757.567
757.733
758.100
758.267
758.433
758.767
758.933
759.100
759.467
759.633
759.833
760.167
760.367
760.533
760.867
761.033
761.200
761.567
761.733
761.900
762.067
762.233
762.400
762.600
762.767
762.933
763.100
763.267
763.433
763.633
763.800
763.967
764.133
764.300
764.467
764.633
764.800
765.000
765.167
765.333
765.500
765.667
765.867
766.033
766.200
766.367
766.533
766.700
766.867
767.033
767.233
767.400
767.567
767.733
767.900
768.067
768.433
768.767
769.100
769.300
769.467
769.800
770.133
770.500
770.667
770.833
771.167
771.533
771.867
772.033
772.200
772.533
772.900
773.233
773.400
773.567
773.933
774.267
774.600
774.767
774.967
775.300
775.633
776.000
776.167
776.333
776.667
777.000
777.367
777.533
777.700
778.033
778.400
778.733
779.067
779.400
779.767
780.100
780.433
780.800
781.133
781.467
781.833
782.167
782.500
784.233
784.400
784.567
784.900
785.267
785.600
785.767
785.967
786.300
786.633
786.967
787.133
787.333
787.667
788.000
788.367
788.533
788.700
789.033
789.400
789.733
789.900
790.067
790.400
790.767
791.100
791.267
791.433
791.767
792.133
792.467
792.633
792.833
793.200
793.533
793.900
794.033
794.233
794.567
794.933
795.267
795.433
795.600
795.933
796.100
796.300
796.633
796.800
796.967
797.300
797.500
797.667
798.000
798.167
798.333
798.700
798.867
799.033
799.367
799.533
799.733
800.067
800.233
800.400
800.767
800.933
801.100
801.433
801.600
801.800
802.133
802.300
802.467
802.800
803.000
803.167
803.500
803.833
804.200
804.533
806.267
806.433
806.600
806.767
806.933
807.267
807.633
807.800
807.967
808.133
808.300
808.667
809.000
809.167
809.333
809.500
809.700
810.033
810.367
810.533
810.700
810.900
811.067
811.400
811.733
811.900
812.100
812.267
812.433
812.767
813.133
813.300
813.467
813.633
813.800
814.133
814.500
814.667
814.833
815.000
815.167
815.533
815.867
816.033
816.200
816.367
816.533
816.900
817.233
817.400
817.600
817.767
817.933
818.100
818.267
818.633
818.800
818.967
819.133
819.300
819.467
819.633
820.000
820.167
820.333
820.500
820.667
820.867
821.033
821.367
821.533
821.700
821.867
822.033
822.233
822.400
822.733
822.900
823.067
823.267
823.433
823.600
823.767
824.100
824.267
824.467
824.633
824.800
824.967
825.133
825.500
825.667
825.833
826.000
826.167
826.333
826.567
828.267
828.433
828.600
828.800
828.967
829.133
829.300
829.467
829.633
829.800
829.967
830.167
830.333
830.500
830.667
830.833
831.000
831.167
831.367
831.533
831.700
831.867
832.033
832.200
832.400
832.567
832.733
832.900
833.067
833.233
833.400
833.600
833.767
833.933
834.100
834.267
834.433
834.633
834.800
834.967
835.133
835.300
835.500
835.667
835.833
836.000
836.167
836.333
836.500
836.667
836.867
837.033
837.200
837.367
837.533
837.700
837.900
838.067
838.233
838.400
838.567
838.733
838.933
839.100
839.267
839.433
839.600
839.767
839.933
840.133
840.300
840.467
840.633
840.800
840.967
841.167
841.333
841.500
841.667
841.833
842.000
842.167
842.367
842.533
842.700
842.867
843.033
843.200
843.400
843.567
843.733
843.900
844.067
844.233
844.400
844.600
844.767
844.933
845.100
845.267
845.433
845.633
845.800
845.967
846.133
846.300
846.467
846.633
846.833
847.000
847.167
847.333
847.500
847.667
847.867
848.000
848.200
848.367
848.533
848.700
850.233
850.433
850.600
850.767
850.933
851.100
851.267
851.467
851.633
851.800
851.967
852.133
852.300
852.500
852.667
852.833
853.000
853.167
853.333
853.500
853.667
853.867
854.033
854.200
854.367
854.533
854.700
854.900
855.067
855.233
855.400
855.567
855.733
855.900
856.100
856.267
856.433
856.600
856.767
856.967
857.133
857.300
857.467
857.633
857.800
857.967
858.167
858.333
858.500
858.667
858.833
859.000
859.167
859.367
859.533
859.700
859.900
860.067
860.233
860.433
860.600
860.767
860.933
861.100
861.267
861.467
861.633
861.800
861.967
862.133
862.300
862.500
862.667
862.833
863.000
863.167
863.333
863.500
863.700
863.867
864.033
864.200
864.367
864.533
864.700
864.900
865.067
865.233
865.400
865.567
865.733
865.933
866.100
866.267
866.433
866.600
866.767
866.933
867.133
867.300
867.467
867.633
867.800
867.967
868.167
868.333
868.500
868.667
868.833
869.000
869.167
869.367
869.533
869.700
869.867
870.033
870.200
870.400
870.567
870.733
