43.902
46.113
48.282
50.450
52.619
54.788
56.957
59.168
61.336
62.421
63.505
64.590
65.674
66.758
67.843
68.969
70.012
71.138
72.222
73.307
74.391
75.476
76.560
77.644
78.729
79.271
79.813
80.397
80.898
81.440
82.024
82.566
83.108
83.650
84.193
84.735
85.277
85.819
86.361
86.904
87.446
87.988
88.530
89.072
89.615
90.157
90.699
91.241
91.783
92.326
92.910
93.452
93.994
94.536
95.078
95.621
96.163
96.705
97.247
97.789
98.332
98.874
99.416
99.958
100.501
101.043
101.585
102.127
102.669
103.212
103.754
104.338
104.880
105.422
105.964
106.507
107.049
107.591
108.133
108.675
109.218
109.760
110.302
110.844
111.386
111.929
112.471
113.013
113.555
114.097
114.640
115.182
115.766
116.308
116.850
117.392
117.935
118.477
119.019
119.561
120.103
120.646
121.188
121.730
122.272
122.814
123.357
123.899
124.441
124.983
125.526
126.068
126.610
127.194
127.694
128.278
128.820
129.363
129.905
130.447
130.989
131.532
132.074
132.616
133.158
133.700
134.243
134.785
135.327
135.869
136.411
136.954
137.496
138.038
138.622
139.122
139.665
140.249
140.791
141.333
141.875
142.417
142.960
143.502
144.044
144.586
145.128
145.671
146.213
146.755
147.297
147.839
148.382
148.924
149.466
150.008
150.550
151.093
151.677
152.219
152.761
153.303
153.845
154.388
154.930
155.472
156.014
156.556
157.099
157.641
158.183
158.725
159.268
159.810
160.352
160.894
161.436
161.979
162.562
163.105
163.647
164.189
164.731
165.274
165.816
166.358
166.900
167.442
167.985
168.527
169.069
169.611
170.153
170.696
171.238
171.780
172.322
172.864
173.407
173.991
174.533
175.075
175.617
176.159
176.702
177.244
177.786
178.328
178.870
179.413
179.955
180.497
181.039
181.582
182.124
182.666
183.208
184.835
185.419
187.045
187.588
189.214
189.756
191.383
191.925
192.467
193.010
193.552
194.094
194.636
195.178
195.721
196.263
196.847
197.347
197.931
198.473
199.016
199.558
200.100
200.642
201.184
201.727
201.977
202.269
202.811
203.353
203.895
204.187
204.438
204.980
205.522
206.064
206.356
206.607
207.149
207.691
208.233
208.525
208.775
209.359
209.901
210.444
210.694
210.986
211.528
212.070
212.613
212.863
213.155
213.697
214.239
214.781
215.032
215.324
215.866
216.408
216.950
217.242
217.492
218.035
218.577
219.119
219.411
219.661
220.203
220.787
221.330
221.580
221.872
222.414
222.956
223.498
223.749
224.041
224.583
225.125
225.667
225.959
226.209
226.752
227.294
227.836
228.128
228.378
228.920
229.463
230.005
230.297
230.547
231.089
231.632
232.215
232.466
232.758
233.300
233.842
234.384
234.635
234.926
235.469
236.011
236.553
236.803
237.095
237.638
238.180
238.722
239.014
239.264
239.806
240.349
240.891
241.183
241.433
241.975
242.517
243.060
243.352
243.644
244.144
244.686
245.270
245.520
245.812
246.355
246.897
247.439
247.689
247.981
248.523
249.066
249.608
249.900
250.150
250.692
251.234
251.777
252.069
252.319
252.861
253.403
253.945
254.237
254.488
255.072
255.572
256.156
256.406
256.698
257.240
257.783
258.325
258.575
258.867
259.409
259.951
260.494
260.744
261.036
261.578
262.120
262.663
262.954
263.205
263.747
264.289
264.831
265.123
265.374
265.916
266.458
267.000
267.292
267.584
268.126
268.669
269.211
269.461
269.753
270.295
270.837
271.380
271.630
271.922
272.464
273.006
273.548
273.840
274.091
274.633
275.175
275.717
276.009
276.259
276.802
277.344
277.886
278.178
278.428
279.012
279.554
280.097
280.347
280.639
281.181
281.723
282.265
282.516
282.808
283.350
283.892
284.434
284.685
284.976
285.519
286.061
286.603
286.895
287.145
287.688
289.314
289.856
291.483
292.067
293.694
294.236
295.862
296.405
296.947
297.489
298.031
298.573
299.116
299.658
300.200
300.742
301.284
301.868
302.369
302.953
303.495
304.037
304.579
305.122
305.664
306.206
306.456
306.748
307.290
307.833
308.375
308.667
308.917
309.459
310.001
310.544
310.836
311.086
311.628
312.170
312.713
313.004
313.255
313.797
314.339
314.923
315.173
315.465
316.007
316.550
317.092
317.342
317.634
318.176
318.719
319.261
319.553
319.803
320.345
320.887
321.430
321.722
321.972
322.514
323.056
323.598
323.890
324.141
324.683
325.225
325.809
326.059
326.351
326.893
327.436
327.978
328.228
328.520
329.062
329.604
330.147
330.397
330.689
331.231
331.773
332.315
332.607
332.858
333.400
333.942
334.484
334.776
335.026
335.569
336.111
336.653
336.945
337.237
337.779
338.280
338.864
339.114
341.032
341.283
341.575
342.117
342.659
343.201
343.493
343.744
344.286
344.828
345.370
345.662
345.912
346.455
346.997
347.539
347.831
348.081
348.665
349.207
349.708
350.000
350.292
350.834
351.376
351.918
352.169
352.461
353.003
353.545
354.087
354.337
354.629
355.172
355.714
356.256
356.548
356.798
357.340
357.883
358.425
358.717
358.967
359.509
360.093
360.594
360.886
361.136
361.720
362.262
362.804
363.054
363.346
363.889
364.431
364.973
365.223
365.515
366.057
366.600
367.142
367.392
367.684
368.226
368.769
369.311
369.603
369.853
370.395
370.937
371.480
371.772
372.022
372.606
373.148
373.690
373.940
374.232
374.776
375.321
375.865
376.409
376.953
377.497
378.042
378.586
379.130
379.674
380.218
380.763
381.307
381.851
382.395
382.939
383.484
384.028
384.572
385.116
443.385
443.885
444.344
444.845
445.345
445.846
446.346
446.805
447.305
447.806
448.265
448.765
449.266
449.766
450.267
450.725
451.226
451.726
452.185
452.686
453.186
453.687
454.187
454.646
455.146
455.647
456.106
456.606
457.107
457.607
458.108
458.567
459.067
459.568
460.026
460.277
460.527
461.027
461.528
462.028
462.237
462.487
462.988
463.488
463.989
464.197
464.447
464.948
465.448
465.949
466.157
466.408
466.908
467.409
467.909
468.118
468.368
468.869
469.369
469.828
470.078
470.328
470.829
471.329
471.830
472.038
472.289
472.789
473.164
473.540
473.874
474.249
474.749
475.250
475.750
475.959
476.209
476.710
477.210
477.711
477.961
478.169
478.670
479.170
479.671
479.880
480.130
480.630
481.131
481.631
481.882
482.090
482.591
483.091
483.592
483.800
484.050
484.551
485.051
485.552
485.802
486.011
486.511
487.012
487.512
487.721
487.971
488.471
488.847
489.222
489.598
489.931
490.432
490.932
491.433
491.892
492.392
492.893
493.393
493.852
494.352
494.853
495.353
495.812
496.313
496.813
497.314
497.772
498.273
498.773
499.274
499.733
500.233
500.734
501.234
501.693
502.193
502.694
503.194
503.653
504.154
504.654
505.155
505.614
506.114
506.615
507.115
507.365
507.574
508.074
508.575
509.075
509.284
509.534
510.035
510.535
511.036
511.286
511.494
511.995
512.495
512.996
513.204
513.496
513.955
514.456
514.956
515.206
515.415
515.916
516.416
516.917
517.125
517.417
517.876
518.376
518.877
519.127
519.336
519.836
520.211
520.587
520.962
521.338
537.479
539.439
541.399
543.360
545.320
547.280
549.240
551.201
553.161
554.162
555.121
556.122
557.082
558.083
559.042
560.043
561.002
562.003
562.963
563.964
564.923
565.924
566.883
568.843
569.094
569.344
569.844
570.095
570.345
570.804
571.054
571.304
571.805
572.055
572.305
572.764
573.014
573.264
573.765
574.015
574.265
574.724
574.974
575.225
575.725
575.976
576.226
576.685
576.935
577.185
577.686
577.936
578.186
578.645
578.895
579.145
579.646
579.896
580.146
580.605
580.855
581.106
581.606
581.856
582.107
582.565
582.816
583.066
583.566
583.817
584.067
584.567
584.776
585.026
585.527
585.777
586.027
586.486
586.736
586.986
587.487
587.737
587.988
588.488
588.697
588.947
589.447
589.698
589.948
590.407
590.657
590.907
591.408
591.658
591.908
592.409
592.617
592.867
593.368
593.618
593.868
594.327
594.577
594.828
595.328
595.578
595.829
596.329
596.538
596.788
597.288
597.539
597.789
598.248
598.623
598.998
599.374
599.749
602.168
602.419
602.669
603.169
603.420
603.670
604.170
604.379
604.629
605.130
605.380
605.630
606.089
606.339
606.589
607.090
607.340
607.590
608.049
608.299
608.550
609.050
609.300
609.551
610.051
610.260
610.510
611.010
611.261
611.511
612.012
612.220
612.470
612.971
613.221
613.471
613.972
614.180
614.431
614.931
615.181
615.432
615.932
616.141
616.391
616.891
617.142
617.392
617.892
618.101
618.351
618.852
619.102
619.352
619.853
620.061
620.311
620.812
621.062
621.312
621.813
622.022
622.272
622.772
623.022
623.273
623.773
624.024
624.232
624.733
624.983
625.233
625.734
625.942
626.192
626.693
626.943
627.193
627.694
627.944
628.153
628.653
628.903
629.154
629.654
629.863
630.113
630.613
630.864
631.114
631.614
632.073
632.574
633.074
633.575
634.034
634.534
635.034
635.535
635.994
636.494
636.995
637.495
637.954
638.455
638.955
639.456
639.914
640.415
640.915
641.416
641.875
642.375
642.876
643.376
643.835
644.335
644.836
645.336
645.712
646.046
646.421
646.796
650.216
650.717
651.217
651.551
652.052
652.302
652.677
653.178
653.553
654.012
654.512
654.763
655.138
655.597
656.097
656.473
656.973
657.223
657.557
657.932
658.433
658.808
659.267
659.642
660.018
660.518
661.019
661.394
661.853
662.103
662.479
662.979
663.354
663.813
664.314
664.564
664.939
665.398
665.899
666.274
666.775
667.025
667.400
667.734
668.234
668.610
669.110
669.444
669.819
670.320
670.820
671.196
671.654
671.905
672.280
672.781
673.114
673.615
674.115
674.365
674.741
675.241
675.700
676.076
676.576
676.826
677.160
677.535
678.036
678.411
678.912
679.245
679.621
680.121
680.622
680.997
681.456
681.706
682.082
682.582
682.957
683.416
683.917
684.167
684.542
685.043
685.502
685.877
686.377
686.628
686.961
687.337
687.837
688.213
688.713
689.089
689.380
689.881
690.340
690.632
691.091
691.549
691.841
692.300
692.759
693.051
693.510
693.968
694.302
694.719
695.178
695.512
695.970
696.429
696.721
697.180
697.639
697.931
698.389
698.890
699.182
699.641
700.100
700.391
700.850
701.309
701.643
702.101
702.519
702.852
703.311
703.770
704.062
704.521
704.979
705.313
705.772
708.983
709.484
709.984
710.235
710.693
711.069
711.444
711.694
711.820
711.945
712.320
712.654
713.029
713.530
713.905
714.405
714.864
715.115
715.490
715.740
716.324
716.699
716.825
717.200
717.575
718.076
718.451
718.785
719.285
719.786
720.036
720.495
720.870
721.246
721.496
721.621
721.746
722.122
722.455
722.831
723.331
723.706
724.165
724.666
724.916
725.291
725.542
726.167
726.501
726.626
727.001
727.377
727.877
728.253
728.586
729.087
729.546
729.921
730.421
730.672
731.047
731.548
731.881
732.382
732.882
733.132
733.466
733.967
734.467
734.843
735.343
735.552
735.927
736.302
736.803
737.178
737.637
738.012
738.388
738.888
739.389
739.722
740.223
740.473
740.849
741.307
741.683
742.183
742.684
742.934
743.309
743.768
744.269
744.644
745.103
745.353
745.728
746.104
746.604
746.980
747.438
747.814
748.189
748.690
749.190
749.524
750.024
750.275
750.650
751.109
751.484
751.985
752.485
752.735
753.111
753.570
754.070
754.445
754.946
755.155
755.530
755.905
756.406
756.781
757.240
757.615
757.991
758.491
758.992
759.325
759.826
760.076
760.451
760.952
761.286
761.786
762.287
762.537
762.912
763.371
763.872
764.247
764.747
764.998
765.331
765.707
766.207
766.583
767.083
767.417
767.750
768.209
768.668
769.002
769.460
769.919
770.211
770.670
771.129
771.421
771.880
772.338
772.630
773.089
773.548
773.882
774.299
774.799
775.091
775.550
776.009
776.301
776.759
777.218
777.552
778.011
778.469
778.761
779.220
779.679
779.971
780.430
780.889
781.222
781.681
782.140
782.432
782.891
783.349
783.641
784.100
787.353
787.854
788.313
788.563
789.063
789.439
789.772
790.023
790.148
790.648
791.024
791.399
791.858
792.233
792.734
793.234
793.484
793.818
794.068
794.694
795.069
795.195
795.570
795.904
796.404
796.779
797.155
797.614
798.114
798.364
798.865
799.240
799.616
799.824
799.949
800.450
800.825
801.201
801.659
802.035
802.535
803.036
803.286
803.620
803.870
804.495
804.871
804.996
805.371
805.705
806.206
806.581
806.956
807.457
807.916
808.333
808.791
809.417
809.876
810.335
810.752
811.252
811.836
812.337
812.795
813.213
813.671
814.297
814.797
815.256
815.673
816.132
816.758
817.258
817.717
818.134
818.593
819.177
819.677
820.136
820.595
821.054
821.638
822.138
822.597
823.014
823.473
826.559
827.060
827.518
827.769
828.269
828.645
829.020
829.229
829.354
829.854
830.230
830.605
831.105
831.439
831.940
832.440
832.690
833.024
833.274
833.900
834.275
834.400
834.776
835.151
835.610
835.985
836.361
836.861
837.320
837.570
838.071
838.446
838.821
839.072
839.155
839.656
840.031
840.406
840.907
841.241
841.741
842.242
842.492
842.867
843.076
843.701
844.077
844.202
844.577
844.953
845.411
845.787
846.162
846.663
847.121
847.372
847.872
848.247
848.623
848.873
848.998
849.457
849.832
850.208
850.708
851.042
851.542
852.043
852.293
852.669
852.919
853.503
853.878
854.003
854.379
854.754
855.213
855.588
855.964
856.464
856.923
857.173
857.674
858.049
858.424
858.633
858.758
859.259
859.634
860.009
860.510
860.843
861.344
861.844
862.095
862.470
862.720
863.304
863.680
863.805
864.180
864.555
865.014
865.390
865.765
897.130
897.588
898.047
898.464
898.923
899.382
899.841
900.300
900.758
901.175
901.634
902.093
902.552
903.011
903.428
903.886
904.345
904.804
905.263
905.722
906.180
906.597
907.056
907.515
907.974
908.433
908.891
909.309
909.767
910.226
910.685
911.144
911.561
912.020
912.478
912.937
913.396
913.855
914.314
914.731
915.189
915.648
916.107
916.566
916.983
917.442
917.900
918.359
918.818
919.277
919.736
920.153
920.611
921.070
921.529
921.988
922.405
922.864
923.323
923.781
924.240
924.699
926.034
926.492
926.951
927.160
927.368
927.827
928.286
928.745
928.995
929.203
929.662
930.121
930.538
930.788
930.997
931.456
931.914
932.373
932.582
932.790
933.249
933.708
934.167
934.375
934.625
935.084
935.501
935.960
936.210
936.419
936.878
937.337
937.795
938.004
938.254
938.671
939.130
939.589
939.797
940.048
940.506
940.715
940.923
941.382
941.632
941.841
942.300
942.508
942.759
943.217
943.426
943.676
944.093
944.344
944.552
945.011
945.219
945.470
945.928
946.137
946.346
946.804
947.055
947.263
947.722
947.930
948.181
948.639
948.848
949.057
949.515
949.766
949.974
950.433
950.641
950.892
951.351
951.559
951.768
952.226
952.477
952.685
953.144
953.353
953.603
954.062
954.270
954.479
954.937
955.188
955.396
955.605
955.855
956.064
956.314
956.731
956.981
957.190
957.440
957.648
957.899
958.107
958.566
958.775
959.025
959.233
959.442
959.692
959.901
960.360
960.610
960.818
961.027
961.277
961.486
961.736
962.195
962.403
962.612
962.862
963.071
963.321
963.529
963.988
964.197
964.447
964.655
964.864
965.114
965.323
965.782
966.032
966.240
966.449
966.699
966.908
967.158
967.617
967.825
968.034
968.284
968.493
968.743
968.951
969.410
969.869
970.286
970.745
971.204
971.662
972.121
972.580
972.997
973.456
973.915
974.374
974.832
975.249
975.708
976.167
976.626
977.085
977.543
978.002
978.419
978.878
979.337
979.796
980.254
980.671
981.130
981.589
982.048
982.507
982.965
983.383
983.841
984.300
984.759
984.967
985.218
985.676
986.135
986.552
986.803
987.011
987.470
987.929
988.388
988.596
988.805
989.263
989.722
990.181
990.390
990.640
991.099
991.557
991.974
992.225
992.433
992.892
993.351
993.810
994.018
994.227
994.685
995.144
995.603
995.812
996.062
996.521
996.938
997.397
997.647
997.855
998.314
999.232
1000.108
1001.025
1001.943
1002.819
1003.736
1004.612
1005.530
1006.447
1007.365
1008.241
1009.158
1010.076
1010.952
1011.869
1012.745
1012.995
1013.204
1013.454
1013.663
1013.871
1014.122
1014.580
1014.789
1015.039
1015.248
1015.498
1015.706
1015.915
1016.374
1016.624
1016.833
1017.041
1017.291
1017.500
1017.750
1018.167
1018.418
1018.626
1018.876
1019.085
1019.293
1019.544
1020.002
1020.211
1020.461
1020.670
1020.878
1021.129
1021.337
1021.796
1022.004
1022.255
1022.463
1022.713
1022.922
1023.131
1023.589
1023.840
1024.048
1024.298
1024.507
1024.757
1024.966
1025.425
1025.633
1025.883
1026.092
1026.300
1026.551
1026.759
1083.232
1083.566
1083.900
1084.233
1084.525
1084.859
1085.193
1085.526
1085.860
1086.152
1086.486
1086.694
1087.028
1087.361
1087.695
1088.029
1088.321
1088.654
1088.988
1089.322
1089.655
1089.947
1090.198
1090.531
1090.823
1091.157
1091.491
1091.824
1092.158
1092.492
1092.783
1093.117
1093.451
1093.659
1093.993
1094.327
1094.619
1094.952
1095.286
1095.620
1095.953
1096.287
1096.579
1096.913
1097.163
1097.580
1097.997
1098.247
1098.456
1098.873
1099.332
1099.749
1099.957
1100.166
1100.625
1101.042
1101.501
1101.709
1101.918
1102.376
1102.793
1103.211
1103.461
1103.669
1104.086
1104.545
1104.962
1105.171
1105.421
1105.838
1106.255
1106.714
1106.923
1107.131
1107.590
1108.007
1108.424
1108.674
1108.883
1109.300
1109.759
1110.176
1110.384
1110.635
1111.052
1111.469
1111.928
1112.136
1112.345
1112.803
1113.221
1113.638
1113.888
1114.096
1114.514
1114.972
1115.389
1115.598
1115.848
1116.265
1116.682
1117.141
1117.350
1117.558
1118.017
1118.434
1118.893
1119.101
1119.310
1119.727
1120.186
1120.603
1120.853
1121.062
1121.479
1121.896
1122.355
1122.563
1122.772
1123.231
1123.648
1124.106
1124.315
1124.524
1124.941
1125.399
1125.816
1126.067
1126.275
1126.692
1127.151
1127.568
1127.777
1127.985
1128.444
1128.861
1129.320
1129.529
1129.737
1130.196
1130.613
1131.030
1131.280
1131.489
1131.906
1132.365
1132.782
1132.990
1133.199
1133.658
1134.075
1134.534
1134.742
1134.951
1135.409
1135.826
1136.285
1136.494
1136.702
1137.119
1137.578
1137.995
1138.204
1138.454
1138.871
1139.288
1139.747
1139.956
1140.164
1140.623
1141.040
1141.457
1141.707
1141.916
1142.333
1142.792
1143.209
1143.417
1143.668
1144.085
1144.544
1144.961
1145.169
1145.378
1145.836
1146.254
1146.712
1146.921
1147.129
1147.547
1148.005
1148.422
1148.631
1148.881
1149.298
1149.715
1150.174
1150.383
1150.591
1151.050
1151.467
1151.926
1152.134
1152.343
1152.802
1153.219
1153.636
1153.886
1154.095
1154.512
1154.929
1155.388
1155.596
1155.805
1156.264
1156.681
1157.139
1157.348
1157.557
1158.015
1158.432
1158.849
1159.100
1159.308
1159.725
1160.184
1160.601
1160.810
1161.060
1161.477
1161.894
1162.353
1162.562
1162.770
1163.229
1163.646
1164.063
1164.313
1164.522
1164.939
1165.398
1165.815
1166.023
1166.274
1166.691
1166.899
1167.108
1167.567
1167.775
1167.984
1168.442
1168.651
1168.859
1169.318
1169.527
1169.735
1170.152
1170.361
1170.611
1171.028
1171.237
1171.487
1171.904
1172.113
1172.321
1172.780
1172.989
1173.197
1173.656
1173.864
1174.073
1174.532
1174.740
1174.949
1175.366
1175.616
1175.825
1176.242
1176.492
1176.701
1177.118
1177.326
1177.576
1177.994
1178.202
1178.411
1178.869
1179.078
1179.287
1179.745
1179.954
1180.162
1180.580
1180.830
1181.038
1181.455
1181.664
1181.914
1182.331
1182.540
1182.790
1183.207
1183.416
1183.624
1184.083
1184.292
1184.500
1184.959
1185.167
1185.376
1185.835
1186.043
1186.252
1186.669
1186.919
1187.128
1187.545
1187.753
1188.004
1188.421
1188.629
1188.838
1189.297
1189.505
1189.714
1190.172
1190.381
1190.590
1191.048
1191.257
1191.465
1191.882
1192.133
1192.341
1192.758
1193.009
1193.217
1193.634
1193.843
1194.093
1194.510
1194.927
1195.386
1195.595
1195.803
1196.262
1196.679
1197.096
1197.346
1197.555
1197.972
1198.431
1198.848
1199.056
1199.307
1199.724
1200.141
1200.600
1200.808
1201.017
1201.475
1201.892
1202.351
1202.560
1202.768
1203.185
1203.644
1204.061
1204.270
1204.520
1204.937
1205.354
1205.813
1206.022
1206.230
1206.689
1207.106
1207.565
1207.773
1207.982
1208.441
1208.858
1209.275
1209.525
1209.734
1210.151
1210.610
1211.027
1211.235
1211.444
1211.902
1212.320
1212.778
1212.987
1213.195
1213.613
1214.071
1214.488
1214.739
1214.947
1215.364
1215.823
1216.240
1216.449
1216.657
1217.116
1217.533
1217.992
1218.200
1218.409
1218.826
1219.285
1219.702
1219.952
1220.161
1220.578
1221.037
1221.454
1221.662
1221.871
1222.330
1222.663
1222.997
1223.289
1223.623
1223.956
1224.290
1224.624
1224.957
1225.249
1225.583
1225.791
1226.125
1226.459
1226.792
1227.126
1227.418
1227.752
1228.085
1228.419
1228.753
1229.045
1229.295
1229.629
1229.920
1230.254
1230.588
1230.921
1231.255
1231.547
1231.881
1232.214
1232.548
1232.757
1233.090
1233.424
1233.716
1234.050
1234.383
1234.717
1235.051
1235.384
1235.676
1236.010
1236.218
1236.552
1236.886
1237.219
1237.553
1237.887
1238.179
1238.512
1238.846
1239.180
1239.513
1239.722
1240.056
1240.348
1240.681
1241.015
1241.349
1241.682
1241.974
1242.308
1242.642
1242.975
1243.184
1243.517
1243.851
1244.185
1244.477
1244.810
1245.144
1245.478
1245.811
1246.145
1246.437
1246.687
1246.979
1247.313
1247.647
1247.980
1248.314
1248.648
1248.939
1249.273
1249.607
1249.940
1250.149
1250.358
1250.566
1250.775
1251.025
1251.233
1251.442
1251.901
1252.109
1252.318
1252.526
1252.735
1252.985
1253.194
1253.611
1253.819
1254.070
1254.278
1254.487
1254.695
1254.945
1255.363
1255.571
1255.780
1256.030
1256.238
1256.447
1256.655
1257.114
1257.323
1257.531
1257.740
1257.948
1258.199
1258.407
1258.824
1259.033
1259.283
1259.492
1259.700
1259.909
1260.159
1260.576
1260.785
1260.993
1261.243
1261.452
1261.661
1261.869
1262.328
1262.536
1262.745
1262.953
1263.204
1263.412
1263.621
1264.038
1264.288
1264.497
1264.705
1264.914
1265.164
1265.373
1265.790
1265.998
1266.248
1266.457
1266.666
1266.874
1267.083
1267.541
1267.750
1267.958
1268.167
1268.417
1268.626
1268.834
1269.251
1269.502
1269.710
1269.919
1270.127
1270.378
1270.586
1271.003
1271.212
1271.462
1271.671
1271.879
1272.088
1272.296
1272.755
1272.963
1273.172
1273.422
1273.631
1273.839
1274.048
1277.968
1278.177
1278.386
1278.636
1278.844
1279.053
1279.261
1279.470
1279.720
1279.929
1280.137
1280.346
1280.554
1280.805
1281.013
1281.222
1281.430
1281.681
1281.889
1282.098
1282.306
1282.515
1282.723
1282.973
1283.182
1283.391
1283.599
1283.849
1284.058
1284.266
1284.475
1284.684
1284.934
1285.142
1285.351
1285.559
1285.768
1286.018
1286.227
1286.435
1286.644
1286.894
1287.103
1287.311
1287.520
1287.728
1287.978
1288.187
1288.396
1288.604
1288.854
1289.063
1289.271
1289.480
1289.689
1289.939
1290.147
1290.356
1290.564
1290.773
1290.981
1291.232
1291.440
1291.649
1291.857
1292.108
1292.316
1292.525
1292.733
1292.942
1293.192
1293.401
1293.609
1293.818
1294.026
1294.276
1294.485
1294.694
1294.902
1295.152
1295.361
1295.569
1295.778
1295.986
1296.237
1296.445
1296.654
1296.862
1297.071
1297.321
1297.530
1297.738
1297.947
1298.155
1298.406
1298.614
1298.823
1299.031
1299.240
1299.490
1299.699
1299.907
1300.116
1300.366
1300.574
1300.783
1300.991
1301.200
1301.450
1301.659
1301.867
1302.076
1302.326
1302.535
1302.743
1302.952
1303.160
1303.411
1303.619
1303.828
1304.036
1304.245
1304.495
1304.703
1304.912
1305.121
1305.371
1305.579
