125.398
125.833
126.268
126.702
127.137
127.571
128.006
128.441
128.875
129.310
129.745
130.179
130.614
131.049
131.483
131.918
132.353
132.787
133.222
133.657
134.091
134.526
134.961
135.395
135.830
136.265
136.699
137.134
137.569
138.003
138.438
138.873
139.307
139.742
140.177
140.611
141.046
141.481
141.915
142.350
142.785
143.219
143.654
144.089
144.523
144.958
145.393
145.827
146.262
146.696
147.131
147.566
148.000
148.435
148.870
149.304
149.739
150.174
150.608
151.043
151.478
151.912
152.564
152.999
153.216
153.434
153.651
154.086
154.303
154.520
154.955
155.172
155.390
155.824
156.042
156.259
156.694
156.911
157.128
157.563
157.780
157.998
158.432
158.650
158.867
159.302
159.519
159.736
160.171
160.388
160.606
161.040
161.258
161.475
161.910
162.127
162.344
162.779
162.996
163.214
163.648
163.866
164.083
164.517
164.735
164.952
165.387
165.604
165.821
166.256
166.473
166.691
167.125
167.343
167.560
167.995
168.212
168.429
168.864
169.081
169.299
169.733
169.951
170.168
170.603
170.820
171.037
171.472
171.689
171.907
172.341
172.559
172.776
173.211
173.428
173.645
174.080
174.297
174.515
174.949
175.167
175.384
175.819
176.036
176.253
176.688
176.905
177.123
177.557
177.775
177.992
178.427
178.644
178.861
179.296
179.731
180.383
180.817
181.035
181.469
181.904
182.339
182.773
183.208
183.642
184.077
184.512
184.946
185.381
185.816
186.250
186.685
187.120
187.554
187.989
188.424
188.858
189.293
189.728
190.162
190.597
191.032
191.466
191.901
192.336
192.770
193.205
193.640
194.074
194.509
194.944
195.378
195.813
196.248
196.682
197.117
197.552
197.986
198.421
198.856
199.290
199.725
200.160
200.594
201.029
201.463
201.898
202.333
202.767
203.202
203.637
204.071
204.506
204.941
205.375
205.810
206.245
206.679
208.882
209.316
209.750
209.967
210.185
210.619
211.053
211.488
211.705
211.922
212.356
212.791
213.225
213.442
213.659
214.093
214.528
214.962
215.179
215.396
215.831
216.265
216.699
216.917
217.134
217.568
218.002
218.437
218.654
218.871
219.305
219.740
220.174
220.391
220.608
221.043
221.477
221.911
222.128
222.346
222.780
223.214
223.649
223.866
224.083
224.517
224.952
225.386
225.603
225.820
226.255
226.689
227.123
227.340
227.557
227.992
228.426
228.860
229.078
229.295
229.729
230.163
230.598
230.815
231.032
231.466
231.901
232.335
232.552
232.769
233.204
233.638
234.072
234.289
234.507
234.941
235.375
236.025
236.459
236.676
237.111
237.547
237.982
238.418
238.853
239.289
239.724
240.160
240.595
241.031
241.466
241.902
242.337
242.773
243.208
243.643
244.079
244.514
244.950
245.385
245.821
246.256
246.692
247.127
247.563
247.998
248.434
248.869
249.304
249.740
250.175
250.611
251.046
251.482
251.917
252.353
252.788
253.224
253.659
254.095
254.530
254.965
255.401
255.836
256.272
256.707
257.143
257.578
258.014
258.449
258.885
259.320
259.756
260.190
260.623
261.057
261.491
261.925
262.359
264.526
266.266
268.006
269.746
271.486
273.226
274.966
276.706
278.446
280.185
281.925
283.665
285.405
287.145
288.885
290.625
292.365
293.234
294.102
294.971
295.839
296.708
297.576
298.445
299.314
300.182
301.051
301.919
302.788
303.656
304.525
305.394
306.262
307.131
307.999
308.868
309.737
310.605
311.474
312.342
313.211
314.079
314.948
315.817
316.685
317.554
318.422
319.291
320.159
320.594
321.029
321.899
322.333
322.768
323.638
324.073
324.508
325.377
325.812
326.247
327.116
327.551
327.986
328.856
329.290
329.725
330.595
331.030
331.464
332.334
332.769
333.204
334.073
334.508
334.943
335.813
336.247
336.682
337.552
337.987
338.421
339.291
339.726
340.161
341.030
341.465
341.900
342.770
343.204
343.639
344.509
344.944
345.378
346.248
346.683
347.118
347.987
348.205
348.422
348.640
348.857
349.075
349.292
349.728
349.945
350.163
350.380
350.598
350.815
351.033
351.468
351.685
351.903
352.121
352.338
352.556
352.773
353.208
353.426
353.643
353.861
354.078
354.296
354.514
354.949
355.166
355.384
355.601
355.819
356.036
356.254
356.689
356.907
357.124
357.342
357.559
357.777
357.994
358.429
358.647
358.864
359.082
359.300
359.517
359.735
360.170
360.387
360.605
360.822
361.040
361.257
361.475
361.910
362.128
362.345
362.563
362.780
362.998
363.215
363.650
363.868
364.086
364.303
364.521
364.738
364.956
365.391
365.608
365.826
366.043
366.261
366.479
366.696
367.131
367.349
367.566
367.784
368.001
368.219
368.436
368.872
369.089
369.307
369.524
369.742
369.959
370.177
370.612
370.829
371.047
371.265
371.482
371.700
371.917
372.352
372.570
372.787
373.005
373.222
373.440
373.657
374.093
374.310
374.528
374.745
374.963
375.180
375.398
375.832
376.267
376.702
377.136
377.571
378.005
378.440
378.875
379.309
379.744
380.178
380.613
381.048
381.482
381.917
382.351
382.786
383.221
383.655
384.090
384.525
384.959
385.394
385.828
386.263
386.698
387.132
387.567
388.001
388.436
388.871
389.305
389.740
390.174
390.609
391.044
391.478
391.913
392.347
392.782
393.217
393.651
394.086
394.520
394.955
395.390
395.824
396.259
396.693
397.128
397.563
397.997
398.432
398.866
399.301
399.736
400.170
400.605
401.039
401.474
403.643
403.860
404.077
404.512
404.729
404.946
405.381
405.598
405.815
406.250
406.467
406.684
407.119
407.336
407.553
407.988
408.205
408.422
408.857
409.074
409.291
409.726
409.943
410.160
410.594
410.812
411.029
411.463
411.681
411.898
412.332
412.550
412.767
413.201
413.419
413.636
414.070
414.288
414.505
414.939
415.156
415.374
415.808
416.025
416.243
416.677
416.894
417.112
417.546
417.763
417.981
418.415
418.632
418.850
419.284
419.501
419.718
420.153
420.370
420.587
421.022
421.239
421.456
421.891
422.108
422.325
422.760
422.977
423.194
423.629
423.846
424.063
431.502
431.720
431.937
432.154
432.372
432.589
432.807
433.024
433.241
433.459
433.676
433.893
434.111
434.328
434.545
434.763
434.980
435.197
435.415
435.632
435.849
436.067
436.284
436.501
436.719
436.936
437.153
437.371
437.588
437.805
438.023
438.240
438.458
438.675
438.892
439.110
439.327
439.544
439.762
439.979
440.196
440.414
440.631
440.848
441.066
441.283
441.500
441.718
441.935
442.152
442.370
442.587
442.804
443.022
443.239
443.457
443.674
443.891
444.109
444.326
444.543
444.761
444.978
445.412
445.846
446.280
446.714
447.148
447.582
448.016
448.450
448.884
449.318
449.752
450.186
450.620
451.054
451.488
451.922
452.356
452.790
453.224
453.658
454.092
454.526
454.961
455.395
459.298
459.733
460.168
460.385
460.603
461.038
461.472
461.907
462.124
462.342
462.777
463.211
463.646
463.864
464.081
464.516
464.951
465.385
465.603
465.820
466.255
466.690
467.124
467.342
467.559
467.994
468.429
468.864
469.081
469.298
469.733
470.168
470.603
470.820
471.037
471.472
471.907
472.342
472.559
472.777
473.211
473.646
474.081
474.298
474.516
474.950
475.385
475.820
476.037
476.255
476.690
477.124
477.559
477.776
477.994
478.429
478.863
479.298
479.516
479.733
480.168
480.603
481.037
481.255
481.472
481.907
482.342
482.776
482.994
483.211
483.646
484.081
484.516
484.733
484.950
485.385
485.820
486.255
486.472
486.689
487.124
487.559
487.994
488.429
488.864
489.299
489.734
490.169
490.604
491.039
491.474
491.909
492.344
492.778
493.213
493.648
494.083
494.518
494.953
495.388
495.823
496.258
496.693
497.128
497.563
497.998
498.433
498.867
499.302
499.737
500.172
500.607
501.042
501.477
501.912
502.347
502.782
503.217
503.652
504.087
504.522
504.956
505.391
505.826
506.261
506.696
507.131
507.566
508.001
508.436
508.871
509.306
509.741
510.176
510.611
511.045
511.480
511.915
512.350
512.785
514.954
515.824
516.693
517.563
518.433
519.302
520.172
521.041
521.911
522.781
523.650
524.520
525.389
526.259
527.129
527.998
528.868
529.738
530.607
531.477
532.346
533.216
534.086
534.955
535.825
536.695
537.564
538.434
539.303
540.173
541.043
541.912
542.782
542.999
543.217
543.652
543.869
544.086
544.521
544.739
544.956
545.391
545.609
545.826
546.261
546.478
546.696
547.131
547.348
547.565
548.000
548.218
548.435
548.870
549.088
549.305
549.740
549.957
550.175
550.610
550.827
551.045
551.479
551.697
551.914
552.349
552.567
552.784
553.219
553.436
553.654
554.089
554.306
554.524
554.958
555.176
555.393
555.828
556.046
556.263
556.698
556.915
557.133
557.568
557.785
558.003
558.437
558.655
558.872
559.307
559.525
559.742
560.177
560.394
560.612
561.047
561.264
561.482
561.916
562.134
562.351
562.786
563.004
563.221
563.656
563.873
564.091
564.526
564.743
564.961
565.396
565.613
565.830
566.265
566.483
566.700
567.135
567.352
567.570
568.005
568.222
568.440
568.875
569.308
569.959
570.393
570.610
571.045
571.479
571.914
572.349
572.784
573.219
573.654
574.089
574.524
574.959
575.394
575.828
576.263
576.698
577.133
577.568
578.003
578.438
578.873
579.308
579.742
580.177
580.612
581.047
581.482
581.917
582.352
582.787
583.222
583.657
584.091
584.526
584.961
585.396
585.831
586.266
586.701
587.136
587.571
588.006
588.440
588.875
589.310
589.745
590.180
590.615
591.050
591.485
591.920
592.355
592.789
593.224
593.659
594.094
594.529
594.964
595.399
595.834
596.269
598.437
598.872
599.306
599.523
599.740
600.175
600.609
601.043
601.261
601.478
601.912
602.346
602.781
602.998
603.215
603.649
604.084
604.518
604.735
604.952
605.387
605.821
606.255
606.473
606.690
607.124
607.558
607.993
608.210
608.427
608.861
609.296
609.730
609.947
610.164
610.599
611.033
611.467
611.685
611.902
612.336
612.770
613.205
613.422
613.639
614.073
614.508
614.942
615.159
615.376
615.811
616.245
616.679
616.897
617.114
617.548
617.982
618.417
618.634
618.851
619.285
619.720
620.154
620.371
620.588
621.023
621.457
621.891
622.109
622.326
622.760
623.194
623.629
623.846
624.063
626.265
626.700
627.135
627.570
628.005
628.440
628.875
629.310
629.744
630.179
630.614
631.049
631.484
631.919
632.354
632.789
633.224
633.658
634.093
634.528
634.963
635.398
635.833
636.268
636.703
637.138
637.573
638.007
638.442
638.877
639.312
639.747
640.182
640.617
641.052
641.487
641.922
642.356
642.791
643.226
643.661
644.096
644.531
644.966
645.401
645.836
646.271
646.705
647.140
647.575
648.010
648.445
648.880
649.315
649.750
650.185
650.620
651.054
651.489
651.924
654.060
654.277
654.495
654.713
654.931
655.149
655.367
655.584
655.802
656.020
656.238
656.456
656.674
656.891
657.109
657.327
657.545
657.763
657.981
658.198
658.416
658.634
658.852
659.070
659.288
659.505
659.723
659.941
660.159
660.377
660.595
660.812
661.030
661.248
661.466
661.684
661.901
662.119
662.337
662.555
662.773
662.991
663.208
663.426
663.644
663.862
664.080
664.298
664.515
664.733
664.951
665.169
665.387
665.605
665.822
666.040
666.258
666.476
666.694
666.912
667.129
667.347
667.565
668.000
668.217
668.435
668.870
669.088
669.305
669.741
669.958
670.176
670.611
670.829
671.046
671.481
671.699
671.917
672.352
672.570
672.787
673.222
673.440
673.658
674.093
674.310
674.528
674.963
675.181
675.398
675.834
676.051
676.269
676.704
676.922
677.139
677.574
677.792
678.010
678.445
678.663
678.880
679.315
679.533
679.751
680.186
680.620
681.270
681.704
681.921
682.355
682.789
683.224
683.658
684.092
684.527
684.961
685.395
685.830
686.264
686.698
687.133
687.567
688.001
688.436
688.870
689.304
689.739
690.173
690.607
691.042
691.476
691.910
692.345
692.779
693.213
693.648
694.082
694.516
694.951
695.385
695.819
696.254
696.688
697.122
697.557
697.991
698.425
698.860
699.294
699.728
700.163
700.597
701.031
701.466
701.900
702.334
702.769
703.203
703.637
704.072
704.506
704.940
705.375
705.809
706.243
706.678
707.112
707.546
709.715
709.933
710.151
710.586
710.804
711.022
711.457
711.675
711.893
712.328
712.546
712.764
713.199
713.417
713.634
714.070
714.288
714.505
714.941
715.159
715.376
715.812
716.029
716.247
716.683
716.900
717.118
717.554
717.771
717.989
718.425
718.642
718.860
719.295
719.513
719.731
720.166
720.384
720.602
721.037
721.255
721.473
721.908
722.126
722.344
722.779
722.997
723.215
723.650
723.868
724.086
724.521
724.739
724.956
725.392
725.610
725.827
726.263
726.481
726.698
727.134
727.352
727.569
728.005
728.222
728.440
728.876
729.093
729.311
729.747
729.964
730.182
730.618
730.835
731.053
731.488
731.706
731.924
732.359
732.577
732.795
733.230
733.448
733.666
734.101
734.319
734.537
734.972
735.190
735.408
752.024
752.460
752.895
753.331
753.766
754.202
754.637
755.073
755.508
755.943
756.379
756.814
757.250
757.685
758.121
758.556
758.992
759.427
759.863
760.298
760.734
761.169
761.605
762.040
762.476
762.911
763.347
763.782
764.218
764.653
765.089
765.524
765.959
766.395
766.830
767.266
767.701
768.137
768.572
769.008
772.912
773.782
774.652
775.523
776.393
777.263
778.134
779.004
779.874
780.745
781.615
782.485
783.355
783.572
783.789
784.223
784.440
784.657
785.091
785.307
785.524
785.958
786.175
786.392
786.826
787.043
787.259
787.693
787.910
788.127
788.561
788.778
788.994
789.428
789.645
789.862
790.296
790.513
790.730
791.163
791.380
791.597
792.031
792.248
792.465
792.898
793.115
793.332
793.766
793.983
794.200
794.633
794.850
795.067
795.501
795.718
795.935
796.368
796.585
796.802
797.236
797.671
798.106
798.323
798.540
798.975
799.410
799.845
800.062
800.279
800.714
801.149
801.584
801.801
802.019
802.453
802.888
803.323
803.540
803.758
804.192
804.627
805.062
805.279
805.497
805.932
806.366
806.801
807.019
807.236
807.671
808.105
808.540
808.758
808.975
809.410
809.845
810.279
810.497
810.714
811.149
811.584
812.019
812.453
812.888
813.323
813.758
814.193
814.628
815.063
815.497
815.932
816.367
816.802
817.237
817.672
818.106
818.541
818.976
819.411
819.846
820.281
820.715
821.150
821.585
822.020
822.455
822.890
823.324
823.759
824.194
824.629
825.064
825.934
826.804
827.675
828.545
829.415
830.286
831.156
832.026
832.897
833.767
834.637
835.508
836.378
837.248
838.119
838.989
839.859
840.729
841.600
844.211
845.081
845.951
846.822
847.692
848.562
849.433
850.303
851.173
852.044
852.914
853.784
854.654
855.525
856.395
856.829
857.264
857.698
858.132
858.567
859.001
859.435
859.869
860.304
860.738
861.172
861.607
862.041
862.475
862.909
863.344
863.778
864.212
864.647
865.081
865.515
865.949
866.384
866.818
867.252
867.687
868.121
868.555
868.989
869.424
869.858
870.292
870.727
871.161
871.595
872.029
872.464
872.898
873.332
873.767
874.201
874.635
875.070
875.504
875.938
876.372
876.807
877.241
877.675
878.110
878.544
878.978
879.412
879.847
880.281
880.715
881.150
881.584
882.018
882.452
882.887
883.321
883.755
884.190
885.060
885.930
886.801
887.671
888.541
889.411
890.282
891.152
892.022
892.893
893.763
894.633
895.504
896.374
897.244
898.115
898.985
899.855
900.726
901.596
902.466
903.336
904.207
905.077
905.295
905.512
905.729
905.947
906.164
906.382
906.816
907.034
907.251
907.469
907.686
907.903
908.121
908.556
908.773
908.990
909.208
909.425
909.643
909.860
910.295
910.512
910.730
910.947
911.164
911.382
911.599
912.034
912.251
912.469
912.686
912.904
913.121
913.338
913.773
913.991
914.208
914.425
914.643
914.860
915.078
915.513
915.730
915.947
916.165
916.382
916.600
916.817
917.252
917.469
917.687
917.904
918.121
918.339
918.556
918.991
919.208
919.426
919.643
919.861
920.078
920.295
920.730
920.948
921.165
921.382
921.600
921.817
922.035
922.469
922.687
922.904
923.122
923.339
923.556
923.774
924.209
924.426
924.644
924.861
925.078
925.296
925.513
925.948
926.165
926.383
926.600
926.818
927.035
927.252
927.687
927.905
928.122
928.339
928.557
928.774
928.992
929.426
929.644
929.861
930.079
930.296
930.513
930.731
931.166
931.383
931.600
931.818
932.035
932.253
932.470
932.905
933.775
934.644
935.514
936.383
937.253
938.123
938.992
939.862
940.731
941.601
942.471
943.340
944.210
945.080
945.949
946.819
947.253
947.686
948.120
948.554
948.988
949.421
949.855
950.289
950.723
951.156
951.590
952.024
952.458
952.892
953.325
953.759
953.976
954.194
954.629
954.846
955.063
955.498
955.716
955.933
956.368
956.585
956.803
957.238
957.455
957.672
958.107
958.325
958.542
958.977
959.194
959.412
959.846
960.064
960.281
960.716
960.933
961.151
961.586
961.803
962.020
962.455
962.673
962.890
963.325
963.542
963.760
964.194
964.412
964.629
965.064
965.282
965.499
965.934
966.151
966.369
966.803
967.021
967.238
967.673
967.891
968.109
968.326
968.544
968.762
968.980
969.198
969.415
969.633
969.851
970.069
970.286
970.504
970.722
970.940
971.158
971.375
971.593
971.811
972.029
972.247
972.464
972.682
972.900
973.118
973.336
973.553
973.771
973.989
974.207
974.425
974.642
974.860
975.078
975.296
975.514
975.731
975.949
976.167
976.385
976.602
976.820
977.038
977.256
977.474
977.691
977.909
978.127
978.345
978.563
978.780
978.998
979.216
979.434
979.652
1002.841
1004.560
1006.278
1007.997
1009.715
1011.433
1013.152
1016.155
1016.583
1017.010
1017.438
1017.866
1018.294
1018.722
1019.149
1019.577
1020.005
1020.433
1020.861
1021.288
1021.716
1022.144
1022.572
1023.000
1023.427
1023.855
1024.283
1024.711
1025.139
1025.567
1025.994
1026.422
1026.850
1027.278
1027.706
1028.133
1028.559
1028.984
1029.410
1029.622
1029.835
1030.264
1030.693
1031.122
1031.551
1031.980
1032.409
1032.838
1033.267
1033.696
1034.125
1034.554
1034.983
1035.412
1035.841
1036.270
1036.699
1037.128
1037.557
1037.986
1038.415
1038.844
1039.273
1039.702
1040.131
1040.560
1040.989
1041.418
1041.847
1042.272
1042.698
1043.123
1043.336
1043.549
1043.978
1044.407
1044.836
1045.265
1045.694
1046.123
1046.552
1046.981
1047.410
1047.839
1048.268
1048.697
1049.126
1049.555
1049.984
1050.413
1050.842
1051.271
1051.700
1052.129
1052.558
1052.987
1053.416
1053.845
1054.274
1054.703
1055.132
1055.561
1055.986
1056.412
1056.837
1057.050
1057.262
1057.691
1058.120
1058.549
1058.978
1059.407
1059.836
1060.265
1060.694
1061.123
1061.552
1061.981
1062.410
1062.839
1063.268
1063.697
1064.126
1064.555
1064.984
1065.413
1065.842
1066.271
1066.700
1067.129
1067.558
1067.987
1068.416
1068.845
1069.274
1070.993
1072.711
1073.568
1074.424
1075.280
1076.137
1076.993
1077.850
1078.706
1079.563
1080.419
1081.275
1082.132
1082.988
1084.723
1085.152
1085.580
1086.009
1086.437
1086.866
1087.294
1087.723
1088.151
1088.580
1089.009
1089.437
1089.866
1090.294
1090.723
1091.151
1091.580
1092.008
1092.437
1092.865
1093.294
1093.722
1094.151
1094.579
1095.008
1095.437
1095.865
1096.294
1096.722
1097.151
1097.579
1098.008
1098.436
1098.865
1099.293
1099.722
1100.150
1100.579
1101.007
1101.436
1101.865
1102.293
1102.722
1103.150
1103.579
1104.007
1104.436
1104.864
1105.293
1105.721
1106.150
1106.578
1107.007
1107.435
1107.864
1108.293
1108.721
1109.150
1109.578
1110.007
1110.435
1110.864
1111.292
1111.721
1112.149
1112.578
1113.006
1113.435
1113.863
1114.292
1114.721
1115.149
1115.578
1116.006
1116.435
1116.863
1117.292
1117.720
1118.149
1118.577
1119.006
1119.434
1119.863
1120.291
1120.720
1121.149
1121.577
1122.006
1122.434
1122.863
1123.291
1123.720
1124.148
1124.577
1125.005
1125.434
1125.862
1126.291
1126.719
1127.148
1127.576
1128.005
1128.434
1129.268
1129.697
1130.125
1130.554
1130.983
1131.412
1131.841
1132.698
1133.127
1133.556
1133.985
1134.414
1134.842
1135.271
1136.129
1136.558
1136.987
1137.415
1137.844
1138.273
1138.702
1139.559
1139.988
1140.417
1140.846
1141.275
1141.704
1142.132
1142.990
1143.419
1143.848
1144.277
1144.705
1145.134
1145.563
1146.421
1146.849
1147.278
1147.707
1148.136
1148.565
1148.994
1149.851
1150.280
1150.709
1151.138
1151.567
1151.995
1152.424
1156.729
1156.943
1157.586
1157.800
1158.443
1158.657
1159.300
1159.514
1160.157
1160.371
1161.014
1161.228
1161.871
1162.085
1162.728
1162.943
1163.585
1163.800
1164.442
1164.657
1165.300
1165.514
1166.157
1166.371
1167.014
1167.228
1167.871
1168.085
1168.728
1168.942
1169.585
1169.799
1170.442
1170.656
1171.299
1171.514
1172.156
1172.371
1173.014
1173.228
1173.871
1174.085
1174.728
1174.942
1175.585
1175.799
1176.442
1176.656
1177.299
1177.513
1178.156
1178.370
1179.013
1179.228
1179.870
1180.085
1180.727
1180.942
1181.585
1181.799
1182.442
1182.656
1183.299
1183.513
1184.156
1184.584
1185.012
1185.440
1185.868
1186.296
1186.724
1187.580
1188.008
1188.436
1189.292
1189.720
1190.148
1191.004
1191.432
1191.860
1192.288
1192.717
1193.145
1193.573
1194.429
1194.857
1195.285
1196.141
1196.569
1196.997
1197.853
1198.281
1198.709
1199.137
1199.565
1199.993
1200.421
1201.277
1201.705
1202.133
1202.989
1203.417
1203.845
1204.701
1205.129
1205.557
1205.986
1206.414
1206.842
1207.270
1208.126
1208.554
1208.982
1209.838
1210.266
1210.694
1211.550
1211.765
1211.980
1212.409
1212.624
1212.839
1213.268
1213.483
1213.698
1213.913
1214.128
1214.557
1214.987
1215.201
1215.416
1215.846
1216.061
1216.275
1216.705
1216.920
1217.135
1217.349
1217.564
1217.994
1218.423
1218.638
1218.853
1219.283
1219.497
1219.712
1220.142
1220.357
1220.571
1220.786
1221.001
1221.431
1221.860
1222.075
1222.290
1222.719
1222.934
1223.149
1223.579
1223.793
1224.008
1224.223
1224.438
1224.867
1225.297
1225.512
1225.727
1226.156
1226.371
1226.586
1227.015
1227.230
1227.445
1227.660
1227.875
1228.304
1228.734
1228.949
1229.163
1229.593
1229.808
1230.023
1230.452
1230.667
1230.882
1231.097
1231.311
1231.741
1232.171
1232.385
1232.599
1232.813
1233.027
1233.241
1233.455
1233.669
1233.883
1234.097
1234.312
1234.526
1234.740
1234.954
1235.168
1235.382
1235.596
1235.810
1236.024
1236.238
1236.453
1236.667
1236.881
1237.095
1237.309
1237.523
1237.737
1237.951
1238.165
1238.380
1238.594
1238.808
1239.022
1239.236
1239.450
1239.664
1239.878
1240.092
1240.306
1240.521
1240.735
1240.949
1241.163
1241.377
1241.591
1241.805
1242.019
1242.233
1242.447
1242.662
1242.876
1243.090
1243.304
1243.518
1243.732
1243.946
1244.160
1244.374
1244.588
1244.803
1245.017
1245.231
1245.445
1245.659
1245.873
1246.087
1246.301
1246.515
1246.730
1246.944
1247.158
1247.372
1247.586
1247.800
1248.014
1248.228
1248.442
1248.656
1248.871
1249.085
1249.299
1249.513
1249.727
1249.941
1250.155
1250.369
1250.583
1250.797
1251.012
1251.226
1251.440
1251.654
1251.868
1252.082
1252.296
1252.510
1252.724
1254.426
1255.277
1256.128
1256.979
1257.830
1258.259
1258.689
1259.118
1259.548
1259.977
1260.407
1260.837
1261.266
1261.696
1262.125
1262.555
1262.985
1263.414
1263.844
1264.273
1264.703
1265.133
1265.562
1265.992
1266.421
1266.851
1267.281
1267.710
1268.140
1268.569
1268.999
1269.429
1269.858
1270.288
1270.717
1271.147
1271.577
1272.006
1272.436
1272.865
1273.295
1273.725
1274.154
1274.584
1275.013
1275.443
1275.873
1276.302
1276.732
1277.161
1277.591
1278.021
1278.450
1280.152
1280.366
1280.580
1281.008
1281.222
1281.436
1281.865
1282.079
1282.293
1282.507
1282.721
1283.149
1283.577
1283.792
1284.006
1284.434
1284.648
1284.862
1285.290
1285.504
1285.718
1285.933
1286.147
1286.575
1287.003
1287.217
1287.431
1287.859
1288.074
1288.288
1288.716
1288.930
1289.144
1289.358
1289.572
1290.001
1290.429
1290.643
1290.857
1291.285
1291.499
1291.713
1292.142
1292.356
1292.570
1292.784
1292.998
1293.426
1293.854
1294.068
1294.283
1294.711
1294.925
1295.139
1295.567
1295.781
1295.995
1296.210
1296.424
1296.852
1297.280
1297.494
1297.708
1298.136
1298.351
1298.565
1298.993
1299.207
1299.421
1299.635
1299.849
1300.277
1300.706
1300.920
1301.134
1301.348
1301.562
1301.776
1301.990
1302.204
1302.418
1302.633
1302.847
1303.061
1303.275
1303.489
1303.703
1303.917
1304.131
1304.345
1304.560
1304.774
1304.988
1305.202
1305.416
1305.630
1305.844
1306.058
1306.272
1306.486
1306.701
1306.915
1307.129
1307.343
1307.557
1307.771
1307.985
1308.199
1308.413
1308.627
1308.842
1309.056
1309.270
1309.484
1309.698
1309.912
1310.126
1310.340
1310.554
1310.768
1310.983
1311.197
1311.411
1311.625
1311.839
1312.053
1312.267
1312.481
1312.695
1312.910
1313.124
1313.338
1313.552
1313.766
1313.980
1314.194
1314.408
1314.622
1314.836
1315.051
1315.265
1315.479
1315.693
1315.907
1316.121
1316.335
1316.549
1316.763
1316.977
1317.192
1317.406
1317.620
1317.834
1318.048
1318.262
1318.476
1318.690
1318.904
1319.119
1319.333
1319.547
1319.761
1319.975
1320.189
1320.403
1320.617
1320.831
1321.045
1321.260
1322.995
1337.542
1337.984
1338.425
1338.866
1339.308
1339.749
1340.190
1340.632
1341.073
1341.515
1341.956
1342.397
1342.839
1343.280
1343.721
1344.163
1344.604
1345.045
1345.487
1345.928
1346.369
1346.811
1347.252
1347.693
1348.135
1348.576
1349.017
1349.459
1349.900
1350.341
1350.783
1351.224
1351.665
1352.107
1352.548
1352.989
1353.431
1353.872
1354.313
1354.755
1355.196
1355.637
1356.079
1356.520
1356.961
1357.403
1357.844
1358.285
1358.727
1359.168
1359.609
1360.051
1360.492
1360.933
1361.375
1361.816
1362.257
1362.699
1363.140
1363.581
1364.023
1364.464
1364.905
1365.347
1365.788
1366.229
1366.671
1367.112
1367.553
1367.995
1368.436
1368.877
1369.319
1369.760
1370.201
1370.643
1371.084
1371.525
1371.967
1372.408
1372.849
1373.291
1373.732
1374.173
1374.615
1375.056
1375.497
1375.939
1376.380
1376.821
1377.263
1377.704
1378.145
1378.587
1379.028
1379.470
1379.911
1380.352
1380.794
1381.235
1381.676
1382.118
1382.559
1383.000
1383.442
1383.883
1384.324
1384.766
1385.207
1385.648
1386.090
1386.531
1386.972
1387.414
1387.855
1388.296
1388.738
1389.179
1389.620
1390.062
1394.032
1394.253
1394.473
1394.914
1395.135
1395.355
1395.796
1396.017
1396.238
1396.679
1396.899
1397.120
1397.561
1397.781
1398.002
1398.443
1398.663
1398.884
1399.325
1399.546
1399.766
1400.207
1400.428
1400.648
1401.089
1401.310
1401.530
1401.971
1402.192
1402.412
1402.854
1403.074
1403.295
1403.736
1403.956
1404.177
1404.618
1404.838
1405.059
1405.500
1405.720
1405.941
1406.382
1406.603
1406.823
1407.264
1407.485
1407.705
1408.146
1408.587
1409.028
1409.249
1409.470
1409.911
1410.352
1410.793
1411.013
1411.234
1411.675
1412.116
1412.557
1412.778
1412.998
1413.439
1413.880
1414.321
1414.542
1414.762
1415.203
1415.644
1416.086
1416.306
1416.527
1416.968
1417.409
1417.850
1418.070
1418.291
1418.732
1419.173
1419.614
1419.835
1420.055
1420.496
1420.937
1421.378
1421.599
1421.819
1422.260
1422.482
1422.703
1422.924
1423.145
1423.588
1424.030
1424.252
1424.473
1424.694
1424.915
1425.358
1425.800
1426.021
1426.243
1426.464
1426.685
1427.128
1427.570
1427.791
1428.013
1428.234
1428.455
1428.897
1429.340
1429.561
1429.782
1430.004
1430.225
1430.667
1431.110
1431.331
1431.552
1431.774
1431.995
1432.437
1436.408
1436.849
1437.290
1437.731
1438.171
1438.612
1439.053
1439.494
1439.935
1440.376
1440.817
1441.257
1441.698
1442.139
1442.580
1443.021
1443.462
1443.903
1444.344
1444.784
1445.225
1445.666
1446.107
1446.548
1446.989
1447.430
1447.871
1448.311
1448.752
1449.193
1449.634
1450.075
1450.516
1450.957
1451.397
1451.838
1452.279
1452.720
1453.161
1453.602
1454.043
1454.484
1454.924
1455.365
1455.806
1456.247
1456.688
1457.129
1457.570
1458.011
1458.451
1458.892
1459.333
1459.774
1460.215
1460.656
1461.097
1461.538
1461.978
1462.419
1462.860
1463.301
1463.742
1464.183
1464.624
1465.064
1465.505
1465.946
1466.387
1466.828
1467.269
1467.710
1468.151
1468.591
1469.032
1469.473
1469.914
1470.355
1470.796
1471.237
1471.678
1472.118
1472.559
1473.000
1473.441
1473.882
1474.323
1474.764
1475.205
1475.645
1476.086
1476.527
1476.968
1477.409
1477.850
1478.291
1478.731
1479.172
1479.613
1480.054
1480.495
1480.936
1481.377
1481.818
1482.258
1482.699
1483.140
1483.581
1484.022
1484.463
1484.904
1485.345
1485.785
1486.226
1486.667
1487.108
1487.549
1487.990
1488.431
1488.871
1489.312
1489.753
1490.194
1490.635
1491.076
1491.517
1491.958
1492.398
1492.839
1493.280
1493.721
1494.162
1494.603
1495.044
1495.485
1495.925
1496.366
1496.807
1497.248
1497.689
1498.130
1498.571
1499.012
1499.452
1499.893
1500.334
1500.775
1501.216
1501.657
1502.098
1502.538
1502.979
1503.420
1503.861
1504.302
1504.743
1506.978
1507.861
1508.743
1509.626
1510.508
1511.391
1512.273
1513.156
1514.038
1514.921
1515.803
1516.686
1517.568
1518.451
1519.333
1520.216
1521.098
1521.981
1522.863
1523.746
1524.628
1525.511
1526.393
1527.276
1528.158
1529.041
1529.923
1530.806
1531.688
1532.571
1535.207
1535.648
1536.089
1536.530
1536.971
1537.412
1537.853
1538.294
1538.736
1539.177
1539.618
1540.059
1540.500
1540.941
1541.382
1541.823
1542.264
1542.706
1543.147
1543.588
1544.029
1544.470
1544.911
1545.352
1545.793
1546.235
1546.676
1547.117
1547.558
1547.999
1548.440
1548.881
1549.322
1549.764
1550.205
1550.646
1551.087
1551.528
1551.969
1552.410
1552.851
1553.292
1553.734
1554.175
1554.616
1555.057
1555.498
1555.939
1556.380
1556.821
1557.263
1557.704
1558.145
1558.586
1559.027
1559.468
1559.909
1560.350
1560.791
1561.233
1563.435
1563.876
1564.317
1564.538
1564.758
1565.199
1565.640
1566.082
1566.302
1566.523
1566.964
1567.405
1567.846
1568.067
1568.287
1568.728
1569.169
1569.610
1569.831
1570.052
1570.493
1570.934
1571.375
1571.595
1571.816
1572.257
1572.698
1573.139
1573.360
1573.581
1574.022
1574.463
1574.904
1575.124
1575.345
1575.786
1576.227
1576.668
1576.889
1577.109
1577.551
1577.992
1578.433
1578.653
1578.874
1579.315
1579.756
1580.197
1580.418
1580.638
1581.080
1581.521
1581.962
1582.182
1582.403
1582.844
1583.285
1583.726
1583.947
1584.167
1584.608
1585.050
1585.491
1585.711
1585.932
1586.373
1586.814
1587.255
1587.476
1587.696
1588.137
1588.579
1589.020
1589.240
1589.461
1591.663
1591.884
1592.105
1592.546
1592.767
1592.988
1593.430
1593.651
1593.871
1594.313
1594.534
1594.755
1595.196
1595.417
1595.638
1596.080
1596.301
1596.522
1596.963
1597.184
1597.405
1597.847
1598.067
1598.288
1598.730
1598.951
1599.172
1599.613
1599.834
1600.055
1600.497
1600.718
1600.938
1601.380
1601.601
1601.822
1602.263
1602.484
1602.705
1603.147
1603.368
1603.588
1604.030
1604.251
1604.472
1604.914
1605.134
1605.355
1605.797
1606.018
1606.239
1606.680
1606.901
1607.122
1607.564
1607.784
1608.005
1608.447
1608.668
1608.889
1609.330
1609.551
1609.772
1610.214
1610.435
1610.655
1611.097
1611.318
1611.539
1611.980
1612.201
1612.422
1612.864
1613.085
1613.306
1613.747
1613.968
1614.189
1614.631
1614.851
1615.072
1615.514
1615.735
1615.956
1616.397
1616.618
1616.839
1617.281
1617.502
1617.722
1619.925
1620.366
1620.807
1621.248
1621.689
1622.130
1622.571
1623.012
1623.453
1623.894
1624.335
1624.776
1625.217
1625.658
1626.099
1626.541
1626.982
1627.423
1627.864
1628.305
1628.746
1629.187
1629.628
1630.069
1630.510
1630.951
1631.392
1631.833
1632.274
1632.715
1633.157
1633.598
1634.039
1634.480
1634.921
1635.362
1635.803
1636.244
1636.685
1637.126
1637.567
1638.008
1638.449
1638.890
1639.331
1639.773
1640.214
1640.655
1641.096
1641.537
1641.978
1642.419
1642.860
1643.301
1643.742
1644.183
1644.624
1645.065
1645.506
1645.947
1646.389
1646.830
1647.271
1647.712
1648.153
1648.373
1648.594
1648.814
1649.035
1649.255
1649.476
1649.917
1650.138
1650.358
1650.579
1650.799
1651.020
1651.240
1651.681
1651.902
1652.122
1652.343
1652.563
1652.784
1653.004
1653.446
1653.666
1653.887
1654.107
1654.328
1654.548
1654.769
1655.210
1655.430
1655.651
1655.871
1656.092
1656.312
1656.533
1656.974
1657.195
1657.415
1657.636
1657.856
1658.077
1658.297
1658.738
1658.959
1659.179
1659.400
1659.620
1659.841
1660.062
1660.503
1660.723
1660.944
1661.164
1661.385
1661.605
1661.826
1662.267
1662.708
1663.149
1663.591
1664.032
1664.473
1664.914
1665.355
1665.796
1666.238
1666.679
1667.120
1667.561
1668.002
1668.443
1668.885
1669.326
1669.767
1670.208
1670.649
1671.091
1671.532
1671.973
1672.414
1672.855
1673.296
1673.738
1674.179
1676.381
1676.602
1676.823
1677.265
1677.486
1677.707
1678.149
1678.370
1678.592
1679.034
1679.255
1679.476
1679.918
1680.139
1680.360
1680.802
1681.023
1681.244
1681.686
1681.907
1682.128
1682.570
1682.792
1683.013
1683.455
1683.676
1683.897
1684.339
1684.560
1684.781
1685.223
1685.444
1685.665
1686.107
1686.328
1686.549
1686.992
1687.213
1687.434
1687.876
1688.097
1688.318
1688.760
1688.981
1689.202
1689.644
1689.865
1690.086
1690.528
1690.969
1691.410
1691.851
1692.292
1692.734
1693.175
1693.616
1694.057
1694.498
1694.940
1695.381
1695.822
1696.263
1696.705
1697.146
1697.587
1698.028
1698.469
1698.911
1699.352
1699.793
1700.234
1700.675
1701.117
1701.558
1701.999
1702.440
1704.643
1704.863
1705.084
1705.304
1705.525
1705.745
1705.966
1706.186
1706.407
1706.627
1706.848
1707.068
1707.289
1707.509
1707.730
1707.951
1708.171
1708.392
1708.612
1708.833
1709.053
1709.274
1709.494
1709.715
1709.935
1710.156
1710.376
1710.597
1710.817
1711.038
1711.259
1711.479
1711.700
1711.920
1712.141
1712.361
1712.582
1712.802
1713.023
1713.243
1713.464
1713.684
1713.905
1714.125
1714.346
1714.567
1714.787
1715.008
1715.228
1715.449
1715.669
1715.890
1716.110
1716.331
1716.551
1716.772
1716.992
1717.213
1717.433
1717.654
1717.875
1718.095
1718.316
1718.536
1718.757
1719.197
1719.637
1720.076
1720.516
1720.956
1721.396
1721.836
1722.276
1722.716
1723.156
1723.596
1724.036
1724.476
1724.916
1725.356
1725.796
1726.236
1726.676
1727.116
1727.556
1727.995
1728.435
1728.875
1729.315
1729.755
1730.195
1730.635
1754.459
1755.329
1756.199
1757.070
1757.940
1758.810
1759.680
1760.550
1761.421
1762.291
1763.161
1764.031
1764.901
1765.772
1766.642
1767.512
1768.382
1769.252
1770.123
1770.993
1771.863
1772.733
1773.603
1774.474
1775.344
1776.214
1777.084
1777.954
1778.825
1779.695
1780.565
1781.435
1782.305
1783.176
1784.046
1784.916
1785.786
1786.656
1787.527
1788.397
1789.267
1790.137
1791.007
1791.878
1792.748
1793.618
1794.488
1795.358
1796.229
1797.099
1797.969
1798.404
1798.839
1799.274
1799.709
1800.144
1800.578
1801.013
1801.448
1801.883
1802.318
1802.753
1803.188
1803.623
1804.058
1804.493
1804.927
1805.362
1805.797
1806.232
1806.667
1807.102
1807.537
1807.972
1808.407
1808.842
1809.276
1809.711
1810.146
1810.581
1811.016
1811.451
1811.886
1812.321
1812.756
1813.191
1813.625
1814.060
1814.495
1814.930
1815.365
1815.800
1816.235
1816.670
1817.105
1817.539
1817.974
1818.409
1818.844
1819.279
1819.714
1820.149
1820.584
1821.019
1821.454
1821.888
1822.323
1822.758
1823.193
1823.628
1825.797
1826.232
1826.667
1826.884
1827.102
1827.537
1827.972
1828.407
1828.624
1828.842
1829.277
1829.712
1830.146
1830.364
1830.581
1831.016
1831.451
1831.886
1832.104
1832.321
1832.756
1833.191
1833.626
1833.844
1834.061
1834.496
1834.931
1835.366
1835.583
1835.801
1836.236
1836.671
1837.106
1837.323
1837.541
1837.976
1838.411
1838.846
1839.063
1839.281
1839.716
1840.151
1840.585
1840.803
1841.020
1841.455
1841.890
1842.325
1842.543
1842.760
1843.195
1843.630
1844.065
1844.283
1844.500
1844.935
1845.370
1845.805
1846.022
1846.240
1846.675
1847.110
1847.545
1847.762
1847.980
1848.415
1848.850
1849.285
1849.502
1849.720
1850.155
1850.371
1850.588
1850.805
1851.022
1851.239
1851.456
1853.625
1853.842
1854.060
1854.494
1854.712
1854.929
1855.364
1855.582
1855.799
1856.234
1856.452
1856.669
1857.104
1857.321
1857.539
1857.974
1858.191
1858.409
1858.843
1859.061
1859.278
1859.713
1859.931
1860.148
1860.583
1860.801
1861.018
1861.453
1861.670
1861.888
1862.323
1862.540
1862.758
1863.192
1863.410
1863.627
1864.062
1864.280
1864.497
1864.932
1865.149
1865.367
1865.802
1866.019
1866.237
1866.672
1866.889
1867.107
1867.541
1867.759
1867.976
1868.411
1868.629
1868.846
1869.281
1869.498
1869.716
1870.151
1870.368
1870.586
1871.021
1871.238
1871.456
1871.890
1872.108
1872.325
1872.760
1872.978
1873.195
1873.630
1873.847
1874.065
1874.500
1874.717
1874.935
1875.370
1875.587
1875.804
1876.239
1876.457
1876.674
1877.109
1877.327
1877.544
1877.979
1878.196
1878.414
1878.849
1879.066
1879.284
1881.419
1881.855
1882.290
1882.725
1883.161
1883.596
1884.032
1884.467
1884.903
1885.338
1885.773
1886.209
1886.644
1887.080
1887.515
1887.951
1888.386
1888.822
1889.257
1889.692
1890.128
1890.563
1890.999
1891.434
1891.870
1892.305
1892.740
1893.176
1893.611
1894.047
1894.482
1894.918
1895.353
1895.788
1896.224
1896.659
1897.095
1897.530
1897.966
1898.401
1898.837
1899.272
1899.707
1900.143
1900.578
1901.014
1901.449
1901.885
1902.320
1902.755
1903.191
1903.626
1904.062
1904.497
1904.933
1905.368
1905.803
1906.239
1906.674
1907.110
1907.545
1909.280
1909.715
1910.149
1910.366
1910.583
1911.018
1911.452
1911.886
1912.103
1912.321
1912.755
1913.189
1913.624
1913.841
1914.058
1914.492
1914.927
1915.361
1915.578
1915.795
1916.230
1916.664
1917.098
1917.315
1917.533
1917.967
1918.401
1918.836
1919.053
1919.270
1919.704
1920.139
1920.573
1920.790
1921.007
1921.442
1921.876
1922.310
1922.527
1922.745
1923.179
1923.613
1924.048
1924.265
1924.482
1924.916
1925.351
1925.785
1926.002
1926.219
1926.654
1927.088
1927.522
1927.739
1927.957
1928.391
1928.825
1929.260
1929.477
1929.694
1930.128
1930.563
1930.997
1931.214
1931.431
1931.866
1932.300
1932.734
1932.951
1933.169
1933.603
1934.037
1934.472
1934.689
1934.906
1937.108
1937.325
1937.542
1937.977
1938.194
1938.411
1938.845
1939.062
1939.280
1939.714
1939.931
1940.148
1940.582
1940.800
1941.017
1941.451
1941.668
1941.885
1942.320
1942.537
1942.754
1943.188
1943.405
1943.622
1944.057
1944.274
1944.491
1944.925
1945.142
1945.360
1945.794
1946.011
1946.228
1946.662
1946.880
1947.097
1947.531
1947.748
1947.965
1948.400
1948.617
1948.834
1949.268
1949.485
1949.702
1950.137
1950.354
1950.571
1951.005
1951.222
1951.440
1951.874
1952.091
1952.308
1952.742
1952.960
1953.177
1953.611
1953.828
1954.045
1954.480
1954.697
1954.914
1955.348
1955.565
1955.782
1956.217
1956.434
1956.651
1957.085
1957.302
1957.520
1957.954
1958.171
1958.388
1958.823
1959.040
1959.257
1959.691
1959.908
1960.125
1960.560
1960.777
1960.994
1961.428
1961.645
1961.863
1962.297
1962.514
1962.731
1963.165
1963.383
1963.600
1964.034
1964.251
1964.468
1964.903
1965.774
1966.646
1967.518
1968.389
1969.261
1970.133
1971.004
1971.876
1972.311
1972.746
1973.616
1974.051
1974.486
1975.356
1975.791
1976.226
1977.096
1977.531
1977.966
1978.836
1979.271
1979.706
1980.576
1981.011
1981.446
1982.316
1982.751
1983.186
1984.056
1984.492
1984.927
1985.797
1986.232
1986.667
1987.537
1987.972
1988.407
1989.277
1989.712
1990.147
1991.017
1991.452
1991.887
1992.757
1993.192
1993.627
1994.497
1994.932
1995.367
1996.237
1996.672
1997.107
1997.977
1998.412
1998.847
1999.717
2000.152
2000.587
2001.457
2001.892
2002.327
2003.197
2003.632
2004.067
2004.937
2005.372
2005.807
2006.677
2007.112
2007.547
2008.417
2008.852
2009.287
2010.157
2010.592
2011.027
2011.897
2012.332
2012.767
2013.637
2014.072
2014.507
2015.377
2015.812
2016.247
2017.117
2017.552
2017.987
2018.857
2019.292
2019.727
2020.597
2021.032
2021.467
2022.338
2022.773
2023.208
2024.078
2024.513
2024.948
2025.818
2026.253
2026.688
2027.558
2027.993
2028.428
2029.298
2029.733
2030.168
2032.770
2032.988
2033.640
2033.857
2034.509
2034.726
2035.378
2035.595
2036.247
2036.465
2037.117
2037.334
2037.986
2038.203
2038.855
2039.072
2039.724
2039.942
2040.594
2040.811
2041.463
2041.680
2042.332
2042.549
2043.201
2043.419
2044.071
2044.288
2044.940
2045.157
2045.809
2046.026
2046.678
2046.896
2047.547
2047.765
2048.417
2048.634
2049.286
2049.503
2050.155
2050.373
2051.024
2051.242
2051.894
2052.111
2052.763
2052.980
2053.632
2053.850
2054.501
2054.719
2055.371
2055.588
2056.240
2056.457
2057.109
2057.326
2057.978
2058.196
2060.865
2062.634
2062.851
2063.068
2063.286
2063.503
2063.938
2064.372
2064.590
2064.807
2065.024
2065.242
2065.676
2066.111
2066.328
2066.546
2066.763
2066.980
2067.415
2067.850
2068.067
2068.285
2068.502
2068.719
2069.154
2069.589
2069.806
2070.023
2070.241
2070.458
2070.893
2071.327
2071.545
2071.762
2071.979
2072.197
2072.631
2073.066
2073.283
2073.501
2073.718
2073.936
2074.370
2074.805
2075.022
2075.240
2075.457
2075.674
2076.109
2076.544
2076.761
2076.978
2077.196
2077.413
2077.848
2078.282
2078.500
2078.717
2078.935
2079.152
2079.587
2080.021
2080.239
2080.456
2080.673
2080.891
2081.325
2081.760
2081.977
2082.195
2082.412
2082.629
2083.064
2083.499
2083.716
2083.933
2084.151
2084.368
2084.803
2085.238
2085.455
2085.672
2085.890
2086.107
2086.542
2086.976
2087.194
2087.411
2087.628
2087.846
2088.280
2088.715
2088.932
2089.150
2089.367
2089.584
2090.019
2090.454
2090.671
2090.889
2091.106
2091.323
2091.758
2092.193
2092.410
2092.627
2092.845
2093.062
2093.497
2093.931
2095.667
2096.101
2096.536
2096.971
2097.406
2097.841
2098.275
2098.710
2099.145
2099.580
2100.015
2100.449
2100.884
2101.319
2101.754
2102.189
2102.623
2103.058
2103.493
2103.928
2104.363
2104.797
2105.232
2105.667
2106.102
2106.537
2106.972
2107.406
2107.841
2108.276
2108.711
2109.146
2109.580
2110.015
2110.450
2110.885
2111.320
2111.754
2112.189
2112.624
2113.059
2113.494
2113.928
2114.363
2114.798
2115.233
2115.668
2116.103
2116.537
2116.972
2117.407
2117.842
2118.277
2118.711
2119.146
2119.581
2120.016
2120.451
2120.885
2121.320
2121.755
2122.190
2122.625
2123.059
2123.494
2123.929
2124.364
2124.799
2125.234
2125.668
2126.103
2126.538
2126.973
2127.408
2127.842
2128.277
2128.712
2129.147
2129.582
2130.016
2130.451
2130.886
2131.321
2131.756
2132.190
2132.625
2133.060
2133.495
2133.930
2134.365
2134.799
2135.234
2135.669
2136.104
2136.539
2136.973
2137.408
2137.625
2138.277
2138.495
2139.147
2139.364
2140.016
2140.233
2140.885
2141.102
2141.754
2141.972
2142.623
2142.841
2143.493
2143.710
2144.362
2144.579
2145.231
2145.448
2146.100
2146.318
2146.969
2147.187
2147.839
2148.056
2148.708
2148.925
2149.577
2149.794
2150.446
2150.664
2151.315
2151.533
2152.185
2152.402
2153.054
2153.271
2153.923
2154.140
2154.792
2155.009
2155.226
2155.443
2155.660
2155.877
2156.094
2156.527
2156.744
2156.961
2157.178
2157.395
2157.612
2157.829
2158.273
2158.709
2159.144
2159.361
2159.579
2160.014
2160.449
2160.884
2161.102
2161.320
2161.755
2162.190
2162.625
2162.843
2163.060
2163.495
2163.931
2164.366
2164.583
2164.801
2165.236
2165.671
2166.106
2166.324
2166.541
2166.977
2167.412
2167.847
2168.065
2168.282
2168.717
2169.152
2169.588
2169.805
2170.023
2170.458
2170.893
2171.328
2171.546
2171.763
2172.199
2172.634
2173.069
2173.286
2173.504
2173.939
2174.374
2174.809
2175.027
2175.245
2175.680
2176.115
2176.550
2176.768
2176.985
2177.420
2177.856
2178.291
2178.508
2178.726
2179.161
2179.596
2180.031
2180.249
2180.466
2180.902
2181.337
2181.772
2181.990
2182.207
2182.642
2183.077
2183.513
2183.730
2183.948
2184.383
2184.818
2185.253
2185.471
2185.688
2186.124
2186.340
2186.557
2186.774
2186.991
2187.208
2187.425
2187.642
2187.859
2188.076
2188.293
2188.509
2188.726
2188.943
2189.160
2189.377
2189.594
2189.811
2190.028
2190.245
2190.462
2190.678
2190.895
2191.112
2191.329
2191.546
2191.763
2191.980
2192.197
2192.414
2192.631
2192.847
2193.064
2193.281
2193.498
2193.715
2193.932
2194.149
2194.366
2194.583
2194.800
2195.017
2195.233
2195.450
2195.667
2195.884
2196.101
2196.318
2196.535
2196.752
2196.969
2197.186
2197.402
2197.619
2197.836
2198.053
2198.270
2198.487
2198.704
2198.921
2199.138
2199.355
2199.571
2200.004
2200.221
2200.874
2201.091
2201.743
2201.961
2202.613
2202.830
2203.483
2203.700
2204.352
2204.570
2205.222
2205.439
2206.091
2206.309
2206.961
2207.178
2207.831
2208.048
2208.700
2208.918
2209.570
2209.787
2210.439
2210.657
2211.309
2211.526
2212.179
2212.396
2213.048
2213.266
2213.918
2214.135
2214.353
2214.570
2214.788
2215.005
2215.222
2215.440
2215.657
2215.875
2216.092
2216.310
2216.527
2216.744
2216.962
2217.179
2217.397
2217.614
2217.832
2218.049
2218.266
2218.484
2218.701
2218.919
2219.136
2219.353
2219.571
2219.788
2220.006
2220.223
2220.441
2220.658
2220.875
2221.093
2221.310
2221.528
2221.745
2221.963
2222.180
2222.397
2222.615
2222.832
2223.050
2223.267
2223.485
2223.702
2223.919
2224.137
2224.354
2224.572
2224.789
2225.006
2225.224
2225.441
2225.659
2225.876
2226.094
2226.311
2226.528
2226.746
2226.963
2227.181
2227.398
2227.833
2228.050
2228.268
2228.702
2228.920
2229.137
2229.572
2229.789
2230.007
2230.441
2230.659
2230.876
2231.311
2231.528
2231.746
2232.181
2232.398
2232.615
2233.050
2233.268
2233.485
2233.920
2234.137
2234.355
2234.789
2235.007
2235.224
2235.659
2235.876
2236.094
2236.528
2236.746
2236.963
2237.398
2237.615
2237.833
2238.268
2238.485
2238.702
2239.137
2239.354
2239.572
2240.007
2240.224
2240.441
2240.876
2241.094
2241.311
2241.746
2242.181
2242.615
2243.050
2243.485
2243.920
2244.355
2244.790
2245.224
2245.659
2246.094
2246.529
2246.964
2247.399
2247.833
2248.268
2248.703
2249.138
2249.573
2250.007
2250.442
2250.877
2251.312
2251.747
2252.182
2252.616
2253.051
2253.486
2253.921
2254.356
2254.791
2255.225
2255.660
2256.095
2256.530
2256.965
2257.400
2257.834
2258.269
2258.704
2259.139
2259.574
2260.008
2260.443
2260.878
2261.313
2261.748
2262.183
2262.617
2263.052
2263.487
2263.922
2264.357
2264.792
2265.226
2265.661
2266.096
2266.531
2266.966
2267.400
2267.835
2268.270
2268.705
2269.140
2270.474
2270.708
2270.942
2271.409
2271.876
2273.744
2274.212
2274.440
2274.668
2275.124
2275.580
2277.915
2278.149
2278.382
2278.845
2279.307
2281.157
2281.619
2281.852
2282.086
2282.553
2283.020
2285.356
2285.822
2286.288
2286.754
2287.220
2287.686
2288.152
2288.618
2289.084
2289.549
2290.015
2290.481
2290.947
2291.413
2291.879
2292.345
2292.811
2293.277
2293.743
2294.209
2294.675
2295.141
2295.607
2296.073
2296.539
2297.005
2297.470
2297.936
2298.402
2300.238
2300.703
2301.169
2301.635
2302.101
2302.567
2303.033
2303.499
2303.965
2304.431
2304.897
2305.363
2305.829
2306.295
2306.761
2307.227
2307.693
2308.159
2308.624
2309.090
2309.556
2310.022
2310.488
2310.954
2311.420
2311.886
2312.352
2312.818
2313.284
2315.119
2315.585
2316.051
2316.517
2316.983
2317.449
2317.915
2318.381
2318.847
2319.313
2319.778
2320.244
2320.710
2321.176
2321.642
2322.108
2322.574
2323.040
2323.506
2323.972
2324.438
2324.904
2325.370
2325.836
2326.302
2326.768
2327.234
2327.699
2328.165
2330.001
2330.233
2330.466
2330.931
2331.164
2331.397
2331.862
2332.095
2332.328
2332.561
2332.793
2333.026
2333.259
2333.724
2333.957
2334.190
2334.655
2334.888
2335.120
2335.586
2335.819
2336.051
2336.284
2336.517
2336.749
2336.982
2337.448
2337.680
2337.913
2338.378
2338.611
2338.844
2339.309
2339.542
2339.775
2340.007
2340.240
2340.473
2340.706
2341.171
2341.404
2341.637
2342.102
2342.335
2342.567
2343.033
2343.266
2343.498
2343.731
2343.964
2344.196
2344.429
2344.895
2345.127
2345.360
2345.825
2346.058
2346.291
2346.756
2346.989
2347.222
2347.454
2347.687
2347.920
2348.153
2348.618
2348.851
2349.084
2349.549
2349.782
2350.014
2350.480
2350.713
2350.945
2351.178
2351.411
2351.643
2351.876
2352.342
2352.574
2352.807
2353.272
2353.505
2353.738
2354.203
2354.436
2354.669
2354.901
2355.134
2355.367
2355.600
2356.065
2356.298
2356.530
2356.996
2357.229
2357.461
2359.797
2360.261
2360.725
2361.190
2361.654
2362.118
2362.582
2363.046
2363.511
2363.975
2364.439
2364.903
2365.367
2365.831
2366.296
2366.760
2367.224
2367.688
2368.152
2368.617
2369.081
2369.545
2370.009
2370.473
2370.938
2371.402
2371.866
2372.330
2372.794
2373.259
2373.723
2374.187
2374.651
2375.117
2375.583
2376.515
2377.447
2378.378
2378.844
2379.310
2380.242
2381.174
2382.106
2382.571
2383.037
2383.969
2384.901
2385.833
2386.299
2386.765
2387.696
2388.628
2389.560
2389.792
2390.025
2390.489
2390.722
2390.954
2391.419
2391.651
2391.883
2392.116
2392.348
2392.580
2392.813
2393.277
2393.510
2393.742
2394.207
2394.439
2394.671
2395.136
2395.368
2395.601
2395.833
2396.065
2396.298
2396.530
2396.995
2397.227
2397.459
2397.924
2398.156
2398.389
2398.853
2399.086
2399.318
2399.550
2399.783
2400.015
2400.247
2400.712
2400.944
2401.177
2401.641
2401.874
2402.106
2404.442
2404.909
2405.376
2405.843
2406.310
2408.145
2408.378
2408.611
2408.844
2409.077
2409.310
2409.543
2409.776
2410.009
2410.242
2410.475
2410.708
2410.941
2411.174
2411.407
2411.640
2411.873
2412.106
2412.339
2412.572
2412.805
2413.038
2413.271
2413.504
2413.737
2413.970
2414.203
2414.436
2414.669
2414.901
2415.134
2415.367
2415.600
2415.833
2416.066
2416.299
2416.532
2416.765
2416.998
2417.231
2417.464
2417.697
2417.930
2418.163
2418.396
2418.629
2418.862
2419.095
2419.328
2419.561
2419.794
2420.027
2420.260
2420.493
2420.726
2420.959
2421.192
2423.027
2423.260
2423.493
2423.726
2423.959
2424.192
2424.425
2424.658
2424.891
2425.124
2425.357
2425.590
2425.823
2426.055
2426.288
2426.521
2426.754
2426.987
2427.220
2427.453
2427.686
2427.919
2428.152
2428.385
2428.618
2428.851
2429.084
2429.317
2429.550
2429.783
2430.016
2430.249
2430.482
2430.715
2430.948
2431.181
2431.414
2431.647
2431.880
2432.113
2432.346
2432.579
2432.812
2433.045
2433.278
2433.511
2433.744
2433.976
2434.209
2434.442
2434.675
2434.908
2435.141
2435.374
2435.607
2435.840
2436.073
2437.908
2438.141
2438.374
2438.839
2439.072
2439.305
2439.770
2440.003
2440.236
2440.468
2440.701
2440.934
2441.166
2441.632
2441.865
2442.097
2442.563
2442.795
2443.028
2443.494
2443.726
2443.959
2444.192
2444.425
2444.657
2444.890
2445.355
2445.588
2445.821
2446.286
2446.519
2446.752
2447.217
2447.450
2447.683
2447.915
2448.148
2448.381
2448.613
2449.079
2449.312
2449.544
2450.010
2450.242
2450.475
2450.941
2451.173
2451.406
2451.639
2451.871
2452.104
2452.337
2452.802
2453.035
2453.268
2453.733
2453.966
2454.199
2454.664
2454.897
2455.130
2455.362
2455.595
2455.828
2456.060
2456.526
2456.759
2456.991
2457.457
2457.689
2457.922
2458.388
2458.620
2458.853
2459.086
2459.318
2459.551
2459.784
2460.249
2460.482
2460.715
2461.180
2461.413
2461.646
2462.111
2462.344
2462.577
2462.809
2463.042
2463.275
2463.507
2463.973
2464.206
2464.438
2464.904
2465.136
2465.369
2467.671
2468.137
2468.603
2469.068
2469.534
2469.999
2470.465
2470.930
2471.396
2471.861
2472.327
2472.792
2473.258
2473.724
2474.189
2474.655
2475.120
2475.586
2476.051
2476.517
2476.982
2477.448
2477.913
2478.379
2478.845
2479.310
2479.776
2480.241
2480.707
2481.172
2481.638
2482.103
2482.569
2483.034
2483.500
2483.966
2484.431
2484.897
2485.362
2485.828
2486.293
2486.759
2487.224
2487.690
2488.155
2488.621
2489.087
2489.552
2490.018
2490.483
2490.949
2491.414
2491.880
2492.345
2492.811
2493.276
2493.742
2494.207
2494.673
2495.139
2495.604
2496.070
2496.535
2497.001
2514.318
2514.753
2515.188
2515.622
2516.057
2516.492
2516.927
2517.362
2517.796
2518.231
2518.666
2519.101
2519.535
2519.970
2520.405
2520.840
2521.275
2521.709
2522.144
2522.579
2523.014
2523.448
2523.883
2524.318
2524.753
2525.188
2525.622
2526.057
2526.492
2526.927
2527.362
2527.796
2528.231
2528.666
2529.101
2529.318
2529.535
2529.970
2530.405
2530.840
2531.057
2531.275
2531.709
2532.144
2532.579
2532.796
2533.014
2533.448
2533.883
2534.318
2534.535
2534.753
2535.188
2535.622
2536.057
2536.275
2536.492
2536.927
2537.361
2537.796
2538.014
2538.231
2538.666
2539.101
2539.535
2539.753
2539.970
2540.405
2540.840
2541.275
2541.492
2541.709
2542.144
2542.579
2543.014
2543.231
2543.448
2543.883
2544.318
2544.753
2544.970
2545.188
2545.622
2546.057
2546.492
2546.709
2546.927
2547.361
2547.796
2548.231
2548.448
2548.666
2549.101
2549.535
2549.970
2550.188
2550.405
2550.840
2551.275
2551.709
2551.927
2552.144
2552.579
2553.014
2553.448
2553.666
2553.883
2554.318
2554.753
2555.188
2556.057
2556.274
2556.492
2556.927
2557.144
2557.361
2557.796
2558.014
2558.231
2558.666
2558.883
2559.101
2559.535
2559.753
2559.970
2560.405
2560.622
2560.840
2561.274
2561.492
2561.709
2562.144
2562.361
2562.579
2563.014
2563.231
2563.448
2563.883
2564.101
2564.318
2564.753
2564.970
2565.188
2565.622
2565.840
2566.057
2566.492
2566.709
2566.927
2567.361
2567.579
2567.796
2568.231
2568.448
2568.666
2569.101
2569.318
2569.535
2569.970
2570.188
2570.405
2570.840
2571.057
2571.274
2571.709
2571.927
2572.144
2572.579
2572.796
2573.014
2573.448
2573.666
2573.883
2574.318
2574.535
2574.753
2575.187
2575.405
2575.622
2576.057
2576.274
2576.492
2576.927
2577.144
2577.361
2577.796
2578.014
2578.231
2578.666
2578.883
2579.101
2579.535
2579.753
2579.970
2580.405
2580.622
2580.840
2581.274
2581.492
2581.709
2582.144
2582.579
2583.448
2583.883
2584.318
2584.753
2585.187
2585.622
2586.057
2586.492
2586.927
2587.361
2587.796
2588.231
2588.666
2589.101
2589.535
2589.970
2590.405
2590.840
2591.274
2591.709
2592.144
2592.579
2593.014
2593.448
2593.883
2594.318
2594.753
2595.187
2595.622
2596.057
2596.492
2596.927
2597.361
2597.796
2598.231
2598.666
2599.100
2599.535
2599.970
2600.405
2600.840
2601.274
2601.709
2602.144
2602.579
2603.014
2603.448
2603.883
2604.318
2604.753
2605.187
2605.622
2606.057
2606.492
2606.927
2607.361
2607.796
2608.231
2608.666
2609.100
2609.535
2609.970
2610.405
2611.709
2611.927
2612.144
2612.579
2613.013
2613.448
2613.666
2613.883
2614.318
2614.753
2615.187
2615.405
2615.622
2616.057
2616.492
2616.927
2617.144
2617.361
2617.796
2618.231
2618.666
2618.883
2619.100
2619.535
2619.970
2620.405
2620.622
2620.840
2621.274
2621.709
2622.144
2622.361
2622.579
2623.013
2623.448
2623.883
2624.100
2624.318
2624.753
2625.187
2625.622
2625.840
2626.057
2626.492
2626.709
2626.927
2627.361
2627.579
2627.796
2628.231
2628.448
2628.666
2629.100
2629.318
2629.535
2629.970
2630.187
2630.405
2630.840
2631.057
2631.274
2631.709
2631.926
2632.144
2632.579
2632.796
2633.013
2633.448
2633.666
2633.883
2634.318
2634.535
2634.753
2635.187
2635.405
2635.622
2636.057
2636.274
2636.492
2636.926
2637.144
2637.361
2637.796
2638.013
2638.231
2638.666
2638.883
2639.100
2639.535
2639.753
2639.970
2640.187
2640.405
2640.840
2641.274
2641.492
2641.709
2641.926
2642.144
2642.579
2643.013
2643.231
2643.448
2643.666
2643.883
2644.318
2644.753
2644.970
2645.187
2645.405
2645.622
2646.057
2646.492
2646.709
2646.926
2647.144
2647.361
2647.796
2648.231
2648.448
2648.666
2648.883
2649.100
2649.535
2649.970
2650.187
2650.405
2650.622
2650.839
2651.274
2651.709
2651.926
2652.144
2652.361
2652.579
2653.013
2653.448
2653.666
2653.883
2654.100
2654.318
2654.753
2655.187
2655.405
2655.622
2655.839
2656.057
2656.492
2656.926
2657.144
2657.361
2657.579
2657.796
2658.231
2658.666
2658.883
2659.100
2659.318
2659.535
2659.970
2660.405
2660.622
2660.839
2661.057
2661.274
2661.709
2662.144
2662.361
2662.579
2662.796
2663.013
2663.448
2663.883
2664.100
2664.318
2664.535
2664.753
2665.187
2665.622
2665.839
2666.057
2666.274
2666.492
2666.926
2667.361
2668.231
2669.100
2669.970
2670.839
2671.709
2672.579
2673.448
2674.318
2675.187
2676.057
2676.926
2677.796
2678.666
2679.535
2680.405
2681.274
2681.492
2681.709
2682.144
2682.361
2682.579
2683.013
2683.231
2683.448
2683.883
2684.100
2684.318
2684.752
2684.970
2685.187
2685.622
2685.839
2686.057
2686.492
2686.709
2686.926
2687.361
2687.579
2687.796
2688.231
2688.448
2688.665
2689.100
2689.318
2689.535
2689.970
2690.187
2690.405
2690.839
2691.057
2691.274
2691.709
2691.926
2692.144
2692.579
2692.796
2693.013
2693.448
2693.665
2693.883
2694.318
2694.535
2694.752
2695.187
2695.622
2696.057
2696.492
2696.926
2697.361
2697.796
2698.231
2698.665
2699.100
2699.535
2699.970
2700.405
2700.839
2701.274
2701.709
2702.144
2702.578
2703.013
2703.448
2703.883
2704.318
2704.752
2705.187
2705.622
2706.057
2706.492
2706.926
2709.100
2709.970
2710.839
2711.709
2712.578
2713.448
2714.318
2715.187
2716.057
2716.926
2717.796
2718.665
2719.535
2720.405
2721.274
2722.144
2723.013
2723.448
2723.883
2724.318
2724.752
2725.187
2725.622
2726.057
2726.491
2726.926
2727.361
2727.796
2728.231
2728.665
2729.100
2729.535
2729.970
2730.405
2730.839
2731.274
2731.709
2732.144
2732.578
2733.013
2733.448
2733.883
2734.318
2734.752
2735.187
2735.622
2736.057
2736.491
2736.926
2737.361
2737.796
2738.231
2738.665
2739.100
2739.535
2739.970
2740.404
2740.839
2741.274
2741.709
2742.144
2742.578
2743.013
2743.448
2743.883
2744.318
2744.752
2745.187
2745.622
2746.057
2746.491
2746.926
2747.361
2747.796
2748.231
2748.665
2749.100
2749.535
2749.970
2750.404
2750.839
2751.274
2751.709
2752.144
2752.578
2753.013
2753.448
2753.883
2754.318
2754.752
2755.187
2755.622
2756.057
2756.491
2756.926
2757.361
2757.796
2758.231
2758.665
2759.100
2759.535
2759.970
2760.404
2760.839
2761.274
2761.709
2762.144
2762.578
2763.013
2763.448
2763.883
2764.317
2764.752
2765.187
2765.622
2766.057
2766.491
2766.926
2767.361
2767.796
2768.231
2768.665
2769.100
2769.535
2769.970
2770.404
2770.839
2771.274
2771.709
2772.144
2772.578
2773.013
2773.448
2773.883
2774.317
2774.752
2775.187
2775.622
2776.057
2776.491
2778.665
2779.100
2779.535
2779.970
2780.404
2780.839
2781.274
2782.144
2782.578
2783.013
2783.448
2783.883
2784.317
2784.752
2785.622
2786.057
2786.491
2786.926
2787.361
2787.796
2788.230
2789.100
2789.535
2789.970
2790.404
2790.839
2791.274
2791.709
2792.578
2793.013
2793.448
2793.883
2794.317
2794.752
2795.187
2796.057
2796.491
2796.926
2797.361
2797.796
2798.230
2798.665
2799.535
2799.970
2800.404
2800.839
2801.274
2801.709
2802.143
2803.013
2803.448
2803.883
2804.317
2804.752
2805.187
2805.622
2806.491
2806.709
2806.926
2807.143
2807.361
2807.578
2807.796
2808.013
2808.230
2808.448
2808.665
2808.883
2809.100
2809.317
2809.535
2809.970
2810.187
2810.404
2810.622
2810.839
2811.057
2811.274
2811.491
2811.709
2811.926
2812.143
2812.361
2812.578
2812.796
2813.013
2813.448
2813.665
2813.883
2814.100
2814.317
2814.535
2814.752
2814.970
2815.187
2815.404
2815.622
2815.839
2816.056
2816.274
2816.491
2816.926
2817.143
2817.361
2817.578
2817.796
2818.013
2818.230
2818.448
2818.665
2818.883
2819.100
2819.317
2819.535
2819.752
2819.970
2820.404
2820.622
2820.839
2821.056
2821.274
2821.491
2821.709
2821.926
2822.143
2822.361
2822.578
2822.796
2823.013
2823.230
2823.448
2823.883
2824.100
2824.317
2824.535
2824.752
2824.970
2825.187
2825.404
2825.622
2825.839
2826.056
2826.274
2826.491
2826.709
2826.926
2827.361
2827.578
2827.796
2828.013
2828.230
2828.448
2828.665
2828.883
2829.100
2829.317
2829.535
2829.752
2829.970
2830.187
2830.404
2830.839
2831.056
2831.274
2831.491
2831.709
2831.926
2832.143
2832.361
2832.578
2832.796
2833.013
2833.230
2833.448
2833.665
2833.883
2834.317
2834.535
2834.752
2834.969
2835.187
2835.622
2836.056
2836.274
2836.491
2836.709
2836.926
2837.361
2837.796
2838.013
2838.230
2838.448
2838.665
2839.100
2839.535
2839.752
2839.969
2840.187
2840.404
2840.839
2841.274
2841.491
2841.709
2841.926
2842.143
2842.578
2843.013
2843.230
2843.448
2843.665
2843.883
2844.317
2844.752
2844.969
2845.187
2845.404
2845.622
2846.056
2846.491
2846.709
2846.926
2847.143
2847.361
2847.796
2848.230
2848.448
2848.665
2848.883
2849.100
2849.535
2849.969
2850.187
2850.404
2850.622
2850.839
2851.274
2851.709
2851.926
2852.143
2852.361
2852.578
2853.013
2853.448
2853.665
2853.882
2854.100
2854.317
2854.752
2855.187
2855.404
2855.622
2855.839
2856.056
2856.491
2856.926
2857.143
2857.361
2857.578
2857.796
2858.230
2858.665
2858.882
2859.100
2859.317
2859.535
2859.969
2860.404
2860.622
2860.839
2861.056
2861.274
2861.709
2862.143
2862.361
2862.578
2862.796
2863.013
2863.230
2863.448
2863.882
2864.100
2864.317
2864.535
2864.752
2864.969
2865.187
2865.622
2865.839
2866.056
2866.274
2866.491
2866.709
2866.926
2867.361
2867.578
2867.796
2868.013
2868.230
2868.448
2868.665
2869.100
2869.317
2869.535
2869.752
2869.969
2870.187
2870.404
2870.839
2871.056
2871.274
2871.491
2871.709
2871.926
2872.143
2872.578
2872.795
2873.013
2873.230
2873.448
2873.665
2873.882
2874.317
2874.535
2874.752
2874.969
2875.187
2875.404
2875.622
2876.056
2876.274
2876.491
2876.709
2876.926
2877.143
2877.361
2877.795
2878.013
2878.230
2878.448
2878.665
2878.882
2879.100
2879.535
2879.752
2879.969
2880.187
2880.404
2880.622
2880.839
2881.274
2881.491
2881.709
2881.926
2882.143
2882.361
2882.578
2883.013
2883.230
2883.448
2883.665
2883.882
2884.100
2884.317
2884.752
2884.969
2885.187
2885.404
2885.622
2885.839
2886.056
2886.491
2886.709
2886.926
2887.143
2887.361
2887.578
2887.795
2888.230
2888.448
2888.665
2888.882
2889.100
2889.317
2889.535
2889.969
2891.708
2893.448
2895.187
2896.926
2898.665
2900.404
2902.143
2903.882
2904.100
2904.317
2904.535
2904.752
2904.969
2905.187
2905.404
2905.622
2905.839
2906.056
2906.274
2906.491
2906.708
2906.926
2907.143
2907.361
2907.578
2907.795
2908.013
2908.230
2908.448
2908.665
2908.882
2909.100
2909.317
2909.535
2909.752
2909.969
2910.187
2910.404
2910.621
2910.839
2911.056
2911.274
2911.491
2911.708
2911.926
2912.143
2912.361
2912.578
2912.795
2913.013
2913.230
2913.448
2913.665
2913.882
2914.100
2914.317
2914.535
2914.752
2914.969
2915.187
2915.404
2915.621
2915.839
2916.056
2916.274
2916.491
2916.926
2917.143
2917.361
2917.795
2918.013
2918.230
2918.665
2918.882
2919.100
2919.535
2919.752
2919.969
2920.404
2920.621
2920.839
2921.274
2921.491
2921.708
2922.143
2922.361
2922.578
2923.013
2923.230
2923.448
2923.882
2924.100
2924.317
2924.752
2924.969
2925.187
2925.621
2925.839
2926.056
2926.491
2926.708
2926.926
2927.361
2927.578
2927.795
2928.230
2928.448
2928.665
2929.100
2929.317
2929.534
2929.969
2930.187
2930.404
2930.839
2931.056
2931.274
2931.708
2931.926
2932.143
2932.361
2932.578
2932.795
2933.013
2933.230
2933.448
2933.665
2933.882
2934.100
2934.317
2934.534
2934.752
2934.969
2935.187
2935.404
2935.621
2935.839
2936.056
2936.274
2936.491
2936.708
2936.926
2937.143
2937.361
2937.578
2937.795
2938.013
2938.230
2938.448
2938.665
2938.882
2939.100
2939.317
2939.534
2939.752
2939.969
2940.187
2940.404
2940.621
2940.839
2941.056
2941.274
2941.491
2941.708
2941.926
2942.143
2942.361
2942.578
2942.795
2943.013
2943.230
2943.448
2943.665
2943.882
2944.100
2944.317
2944.534
2944.752
2944.969
2945.187
2945.404
2945.621
2946.056
2946.491
2946.926
2947.361
2947.795
2948.230
2948.665
2949.100
2949.534
2949.969
2950.404
2950.839
2951.274
2951.708
2952.143
2952.578
2953.013
2953.447
2953.882
2954.317
2954.752
2955.187
2955.621
2956.056
2956.491
2956.926
2957.361
2957.795
2958.230
2958.665
2959.100
2959.534
2959.969
2960.404
2960.839
2961.274
2961.708
2962.143
2962.578
2963.013
2963.447
2963.882
2964.317
2964.752
2965.187
2965.621
2966.056
2966.491
2966.926
2967.360
2967.795
2968.230
2968.665
2969.100
2969.534
2969.969
2970.404
2970.839
2971.274
2971.708
2993.297
2993.725
2994.154
2994.582
2995.010
2995.439
2995.867
2996.296
2996.724
2997.153
2997.581
2998.010
2998.438
2998.867
2999.295
2999.724
3000.152
3000.581
3001.009
3001.438
3001.866
3002.295
3002.723
3003.152
3003.580
3004.009
3004.437
3004.866
3005.294
3007.008
3007.436
3007.865
3008.079
3008.293
3008.722
3009.150
3009.579
3009.793
3010.007
3010.436
3010.864
3011.293
3011.507
3011.721
3012.150
3012.578
3013.007
3013.221
3013.435
3013.864
3014.292
3014.721
3014.935
3015.149
3015.578
3016.006
3016.435
3016.649
3016.863
3017.292
3017.720
3018.149
3018.363
3018.577
3019.006
3019.434
3019.862
3020.077
3020.291
3020.719
3021.148
3021.576
3022.005
3022.433
3022.862
3023.290
3023.719
3024.147
3024.576
3025.004
3025.433
3025.861
3026.290
3026.718
3027.147
3027.575
3028.004
3028.432
3028.861
3029.289
3029.718
3030.146
3030.575
3031.003
3031.432
3031.860
3032.288
3032.717
3033.145
3033.574
3034.002
3034.431
3034.859
3035.288
3035.716
3036.145
3036.573
3037.002
3037.430
3037.859
3038.287
3038.716
3039.144
3039.573
3040.001
3040.430
3040.858
3041.287
3041.715
3042.144
3042.572
3043.001
3043.429
3043.858
3044.286
3044.714
3045.143
3045.571
3046.000
3046.428
3048.142
3048.357
3048.571
3048.785
3048.999
3049.214
3049.428
3049.642
3049.856
3050.071
3050.285
3050.499
3050.713
3050.927
3051.142
3051.356
3051.570
3051.784
3051.999
3052.213
3052.427
3052.641
3052.856
3053.070
3053.284
3053.498
3053.713
3053.927
3054.141
3054.355
3054.570
3054.784
3054.998
3055.212
3055.427
3055.641
3055.855
3056.069
3056.284
3056.498
3056.712
3056.926
3057.140
3057.355
3057.569
3057.783
3057.997
3058.212
3058.426
3058.640
3058.854
3059.069
3059.283
3059.497
3059.711
3059.926
3060.140
3060.354
3060.568
3060.783
3060.997
3061.211
3061.425
3061.854
3062.068
3062.282
3062.497
3062.711
3062.925
3063.139
3063.568
3063.782
3063.996
3064.210
3064.425
3064.639
3064.853
3065.282
3065.496
3065.710
3065.924
3066.139
3066.353
3066.567
3066.996
3067.210
3067.424
3067.638
3067.853
3068.067
3068.281
3068.710
3068.924
3069.138
3069.352
3069.566
3069.781
3069.995
3070.423
3070.638
3070.852
3071.066
3071.280
3071.495
3071.709
3072.137
3072.352
3072.566
3072.780
3072.994
3073.209
3073.423
3073.851
3074.066
3074.280
3074.494
3074.708
3074.923
3075.137
3075.565
3075.779
3075.994
3076.208
3076.422
3076.636
3076.851
3077.065
3077.279
3077.493
3077.708
3077.922
3078.136
3078.350
3078.565
3078.779
3078.993
3079.207
3079.422
3079.636
3079.850
3080.064
3080.279
3080.493
3080.707
3080.921
3081.135
3081.350
3081.564
3081.778
3081.992
3082.207
3082.421
3082.635
3082.849
3083.064
3083.278
3083.492
3083.706
3083.921
3084.135
3084.349
3084.563
3084.778
3084.992
3085.206
3085.420
3085.635
3085.849
3086.063
3086.277
3086.492
3086.706
3086.920
3087.134
3087.348
3087.563
3087.777
3087.991
3088.205
3088.420
3088.634
3088.848
3089.062
3089.277
3089.491
3089.705
3089.919
3090.134
3090.348
3090.562
3090.776
3090.991
3091.205
3091.419
3091.633
3091.848
3092.062
3092.276
3092.490
3092.705
3092.919
3093.133
3093.347
3093.561
3093.776
3093.990
3094.204
3094.418
3094.633
3094.847
3095.061
3095.275
3095.490
3095.704
3095.918
3096.132
3096.347
3096.561
3096.775
3096.989
3097.204
3097.418
3097.632
3097.846
3098.061
3098.275
3098.489
3098.703
3098.918
3099.132
3099.346
3099.560
3099.774
3099.989
3100.203
3100.417
3100.631
3100.846
3101.060
3101.274
3101.488
3101.703
3101.917
3102.131
3102.345
3102.560
3102.774
3102.988
3103.202
3103.417
3103.631
3103.845
3104.059
3104.274
3104.488
3104.702
3104.916
3105.131
3105.345
3105.559
3105.773
3105.987
3106.202
3106.416
3106.630
3106.844
3107.059
3107.273
3107.487
3107.701
3107.916
3108.130
3108.344
3108.558
3108.773
3108.987
3109.201
3109.415
3109.630
3109.844
3110.058
3110.272
3110.487
3110.701
3110.915
3111.129
3111.344
3111.558
3111.772
3111.986
3112.200
3112.415
3112.629
3112.843
3113.057
3113.272
3113.486
3113.700
3113.914
3114.129
3114.343
3114.557
3114.771
3116.700
3116.914
3117.128
3117.557
3117.771
3117.985
3118.413
3118.628
3118.842
3119.270
3119.485
3119.699
3120.127
3120.342
3120.556
3120.984
3121.199
3121.413
3121.841
3122.056
3122.270
3122.698
3122.913
3123.127
3123.555
3123.770
3123.984
3124.412
3124.626
3124.841
3125.269
3125.483
3125.698
3126.126
3126.340
3126.555
3126.983
3127.197
3127.412
3127.840
3128.054
3128.269
3128.697
3128.911
3129.126
3129.554
3129.768
3129.983
3130.411
3130.625
3130.839
3131.268
3131.482
3131.696
3132.125
3132.339
3132.553
3132.982
3133.196
3133.410
3133.839
3134.053
3134.267
3134.696
3134.910
3135.124
3135.553
3135.767
3135.981
3136.410
3136.624
3136.838
3137.267
3137.481
3137.695
3138.124
3138.338
3138.552
3138.981
3139.195
3139.409
3139.838
3140.052
3140.266
3140.695
3140.909
3141.123
3141.552
3141.766
3141.980
3142.409
3142.623
3142.837
3143.265
3143.480
3143.694
3144.122
3147.550
3147.765
3147.979
3148.193
3148.407
3148.622
3148.836
3149.050
3149.264
3149.478
3149.693
3149.907
3150.121
3150.335
3150.550
3150.764
3150.978
3151.192
3151.407
3151.621
3151.835
3152.049
3152.264
3152.478
3152.692
3152.906
3153.121
3153.335
3153.549
3153.763
3153.978
3154.192
3154.406
3154.620
3154.835
3155.049
3155.263
3155.477
3155.691
3155.906
3156.120
3156.334
3156.548
3156.763
3156.977
3157.191
3157.405
3157.620
3157.834
3158.048
3158.262
3158.477
3158.691
3158.905
3159.119
3159.334
3159.548
3159.762
3159.976
3160.191
3160.405
3160.619
3160.833
3161.048
3161.262
3161.476
3161.690
3161.904
3162.119
3162.333
3162.547
3162.761
3162.976
3163.190
3163.404
3163.618
3163.833
3164.047
3164.261
3164.475
3164.690
3164.904
3165.118
3165.332
3165.547
3165.761
3165.975
3166.189
3166.404
3166.618
3166.832
3167.046
3167.261
3167.475
3167.689
3167.903
3168.117
3168.332
3168.546
3168.760
3168.974
3169.189
3169.403
3169.617
3169.831
3170.046
3170.260
3170.474
3170.688
3170.903
3171.117
3171.331
3171.545
3171.760
3171.974
3172.188
3172.402
3172.617
3172.831
3173.045
3173.259
3173.473
3173.688
3173.902
3174.116
3174.330
3174.545
3174.759
3174.973
3175.187
3175.402
3175.616
3175.830
3176.044
3176.259
3176.473
3176.687
3176.901
3177.116
3177.330
3177.544
3177.758
3177.973
3178.187
3178.401
3178.615
3178.830
3179.044
3179.258
3179.472
3179.686
3179.901
3180.115
3180.329
3180.543
3180.758
3180.972
3181.186
3181.400
3181.615
3181.829
3182.043
3182.257
3182.472
3182.686
3182.900
3183.114
3183.329
3183.543
3183.757
3183.971
3184.186
3184.400
3184.614
3184.828
3185.043
3185.257
3185.471
3185.685
3185.899
3186.114
3186.328
3186.542
3186.756
