29.388
29.871
30.355
30.838
31.322
31.805
32.289
32.772
33.256
33.739
34.223
34.706
35.190
35.673
36.157
36.640
37.124
37.607
38.091
38.574
39.058
39.541
40.025
40.508
40.992
41.476
41.959
42.443
42.926
43.410
43.893
44.377
44.860
45.344
45.827
46.311
46.794
47.278
47.761
48.245
48.728
49.212
49.695
50.179
50.662
51.146
51.629
52.113
52.596
53.080
53.564
54.047
54.531
55.014
55.498
55.981
56.465
56.948
57.432
57.915
58.399
58.882
59.366
59.849
60.333
60.816
61.300
61.783
62.267
62.750
63.234
63.717
64.201
64.684
65.168
65.652
66.135
66.619
67.102
67.586
68.069
68.553
69.036
69.520
70.003
70.487
70.970
71.454
71.937
72.421
72.904
73.388
73.871
74.355
74.838
75.322
75.805
76.289
76.531
76.772
77.014
77.256
77.497
77.739
77.981
78.223
78.464
78.706
78.948
79.189
79.431
79.673
79.914
80.156
80.398
80.640
80.881
81.123
81.365
81.606
81.848
82.090
82.331
82.573
82.815
83.056
83.298
83.540
83.782
84.023
84.265
84.507
84.748
84.990
85.232
85.473
85.715
85.957
86.198
86.440
86.682
86.924
87.165
87.407
87.649
87.890
88.132
88.374
88.615
88.857
89.099
89.341
89.582
89.824
90.066
90.307
90.549
90.791
91.032
91.783
92.267
92.751
93.234
93.718
94.202
94.686
95.170
95.653
96.137
96.621
97.105
97.588
98.072
98.556
99.040
99.523
100.007
100.491
100.975
101.459
101.942
102.426
102.910
103.394
103.877
104.361
104.845
105.329
105.813
106.296
106.780
107.264
107.748
108.231
108.715
109.199
109.683
110.166
110.650
111.134
111.618
112.102
112.585
113.069
113.553
114.037
114.520
115.004
115.488
115.972
116.455
116.939
117.423
117.907
118.391
118.874
119.358
119.842
122.689
122.931
123.173
123.415
123.657
123.899
124.141
124.383
124.625
124.867
125.109
125.351
125.593
125.835
126.077
126.319
126.560
126.802
127.044
127.286
127.528
127.770
128.012
128.254
128.496
128.738
128.980
129.222
129.464
129.706
129.948
130.190
130.432
130.674
130.916
131.158
131.400
131.642
131.884
132.126
132.368
132.610
132.852
133.094
133.336
133.577
133.819
134.061
134.303
134.545
134.787
135.029
135.271
135.513
135.755
135.997
136.239
136.481
136.723
136.965
137.207
137.449
137.691
137.933
138.175
138.417
138.659
138.901
139.143
139.385
139.627
139.869
140.111
140.353
140.594
140.836
141.078
141.320
141.562
141.804
142.046
142.288
142.530
142.772
143.014
143.256
143.498
143.740
143.982
144.224
144.466
144.708
144.950
145.192
145.434
145.676
145.918
146.160
146.402
146.644
146.886
147.128
147.370
147.611
147.853
148.095
148.337
148.579
148.821
149.063
149.305
149.547
149.789
150.031
150.273
150.515
150.757
150.999
151.241
151.483
151.725
151.967
152.209
152.451
152.693
152.935
153.177
169.444
169.686
169.928
170.170
170.412
170.654
170.896
171.137
171.379
171.621
171.863
172.105
172.347
172.589
172.831
173.073
173.315
173.557
173.798
174.040
174.282
174.524
174.766
175.008
175.250
175.492
175.734
175.976
176.218
176.459
176.701
176.943
177.185
177.427
177.669
177.911
178.153
178.395
178.637
178.879
179.120
179.362
179.604
179.846
180.088
180.330
180.572
180.814
181.056
181.298
181.539
181.781
182.023
182.265
182.507
182.749
184.709
184.951
185.193
185.435
185.677
185.919
186.161
186.403
186.645
186.887
187.129
187.371
187.613
187.855
188.097
188.339
188.581
188.823
189.065
189.307
189.549
189.791
190.033
190.275
190.517
190.759
191.001
191.243
191.485
191.727
191.969
192.211
192.453
192.695
192.937
193.179
193.421
193.663
193.905
194.147
194.389
194.631
194.873
195.115
195.357
195.599
195.841
196.083
196.325
196.567
196.809
197.051
197.293
197.535
197.777
198.019
198.261
198.503
198.745
198.987
200.642
201.127
201.612
202.096
202.581
203.066
203.551
204.036
204.520
205.005
205.490
205.975
206.460
206.944
207.429
207.914
208.399
208.884
209.368
209.853
210.338
210.823
211.308
211.793
212.277
212.762
213.247
213.732
214.217
214.701
215.186
215.671
237.745
239.663
241.581
243.499
245.043
245.523
246.003
246.483
246.963
247.443
247.923
248.403
248.883
249.363
249.843
250.323
250.803
251.283
251.763
252.243
252.723
253.203
253.683
254.163
254.643
255.123
255.603
256.083
256.563
257.043
257.523
258.003
258.483
258.963
259.443
259.923
260.403
260.883
261.363
261.843
262.323
262.803
263.283
263.763
264.243
264.723
265.203
265.683
266.163
266.643
267.123
267.603
268.083
268.563
269.043
269.523
270.003
270.483
270.963
271.443
271.923
272.403
272.883
273.363
273.843
274.323
274.803
275.283
277.207
279.131
281.055
282.978
284.902
286.826
288.749
290.673
291.155
291.638
292.120
292.602
293.084
293.566
294.048
294.531
295.013
295.495
295.977
296.459
296.942
297.424
297.906
298.388
298.870
299.352
299.835
300.317
300.799
301.281
301.763
302.246
302.728
303.210
303.692
304.174
304.656
305.139
305.621
306.457
306.698
306.938
307.179
307.420
307.661
307.901
308.142
308.383
308.623
308.864
309.105
309.346
309.586
309.827
310.068
310.308
310.549
310.790
311.031
311.271
311.512
311.753
311.994
312.234
312.475
312.716
312.956
313.197
313.438
313.679
313.919
314.160
314.401
314.641
314.882
315.123
315.364
315.604
315.845
316.086
316.326
316.567
316.808
317.049
317.289
317.530
317.771
318.012
318.252
318.493
318.734
318.974
319.215
319.456
319.697
319.937
320.178
320.419
320.659
320.900
321.141
321.382
321.622
321.863
322.104
322.345
322.585
322.826
323.067
323.307
323.789
325.707
327.626
329.544
331.462
333.381
335.299
337.217
339.136
339.616
340.097
340.577
341.058
341.538
342.019
342.499
342.980
343.460
343.941
344.421
344.902
345.382
345.863
346.343
346.824
347.304
347.785
348.266
348.746
349.227
349.707
350.188
350.668
351.149
351.629
352.110
352.590
353.071
353.551
354.032
354.737
354.978
355.218
355.458
355.698
355.939
356.179
356.419
356.660
356.900
357.140
357.381
357.621
357.861
358.102
358.342
358.582
358.823
359.063
359.303
359.544
359.784
360.024
360.265
360.505
360.745
360.985
361.226
361.466
361.706
361.947
362.187
362.427
362.668
362.908
363.148
363.389
363.629
363.869
364.110
364.350
364.590
364.831
365.071
365.311
365.552
365.792
366.032
366.273
366.513
366.753
366.993
367.234
367.474
367.714
367.955
368.195
368.435
368.676
368.916
369.156
369.397
369.637
369.877
370.118
370.358
370.598
370.839
371.079
371.319
371.560
371.800
372.040
372.280
372.521
372.761
373.001
373.242
373.482
373.722
373.963
374.203
374.443
374.684
374.924
375.164
375.405
375.645
375.885
376.126
376.366
376.606
376.847
377.087
377.327
377.567
377.808
378.048
378.288
378.529
378.769
379.009
379.250
379.490
379.730
379.971
380.211
380.451
380.692
380.932
381.172
381.413
381.653
381.893
382.134
382.374
382.614
382.855
383.095
383.335
383.575
383.816
384.056
384.296
384.537
384.777
385.017
387.103
389.035
390.968
392.900
394.833
396.765
398.698
400.616
401.095
401.574
402.053
402.532
403.011
403.490
403.969
404.448
404.927
405.406
405.885
406.364
406.843
407.322
407.801
408.280
408.759
409.238
409.717
410.196
410.675
411.154
411.633
412.112
412.591
413.070
413.549
414.028
414.507
414.986
415.465
416.924
418.843
420.761
422.680
424.599
449.830
450.830
451.831
452.831
453.831
454.831
455.831
456.831
457.831
458.831
459.831
460.831
461.831
462.832
463.832
464.832
465.832
466.832
467.832
468.832
469.832
470.832
471.832
472.833
473.833
474.833
475.833
476.833
477.833
478.833
479.833
480.905
481.406
481.906
482.406
482.906
483.407
483.907
484.407
484.908
485.408
485.908
486.408
486.909
487.409
487.909
488.410
488.910
489.410
489.910
490.411
490.911
491.411
491.912
492.412
492.912
493.412
493.913
494.413
494.913
495.414
495.914
496.414
496.914
497.415
497.915
498.415
498.916
499.416
499.916
500.416
500.917
501.417
501.917
502.418
502.918
503.418
503.918
504.419
504.919
505.419
505.920
506.420
506.920
507.420
507.921
508.421
508.921
509.422
509.922
510.422
510.922
511.423
511.923
512.423
512.924
513.692
513.942
514.193
514.443
514.693
514.943
515.193
515.443
515.693
515.943
516.194
516.444
516.694
516.944
517.194
517.444
517.694
517.945
518.195
518.445
518.695
518.945
519.195
519.445
519.696
519.946
520.196
520.446
520.696
520.946
521.196
521.447
521.697
521.947
522.197
522.447
522.697
522.947
523.198
523.448
523.698
523.948
524.198
524.448
524.698
524.948
525.199
525.449
525.699
525.949
526.199
526.449
526.699
526.950
527.200
527.450
527.700
527.950
528.200
528.450
528.701
528.951
529.201
529.451
529.701
529.951
530.201
530.452
530.702
530.952
531.202
531.452
531.702
531.952
532.203
532.453
532.703
532.953
533.203
533.453
533.703
533.953
534.204
534.454
534.704
534.954
535.204
535.454
535.704
535.955
536.205
536.455
536.705
536.955
537.205
537.455
537.706
537.956
538.206
538.456
538.706
538.956
539.206
539.457
539.707
539.957
540.207
540.457
540.707
540.957
541.208
541.458
541.708
541.958
542.208
542.458
542.708
542.959
543.209
543.459
543.709
543.959
544.209
544.459
544.709
544.960
545.210
545.460
546.993
548.992
550.990
552.989
554.987
556.986
558.984
560.983
561.694
562.068
562.380
562.754
563.129
563.690
564.064
564.376
564.750
565.124
565.685
566.059
566.371
566.745
567.119
567.681
568.055
568.367
568.741
569.115
569.676
570.050
570.362
570.736
571.110
571.671
572.046
572.357
572.732
573.106
577.402
577.902
578.403
578.903
579.404
579.904
580.405
580.905
581.406
581.906
582.407
582.907
583.408
583.908
584.409
584.909
585.410
585.910
586.411
586.911
587.412
587.912
588.413
588.913
589.414
589.914
590.415
590.915
591.416
591.916
592.417
592.917
593.665
593.915
594.165
594.415
594.664
594.914
595.164
595.414
595.663
595.913
596.163
596.413
596.662
596.912
597.162
597.411
597.661
597.911
598.161
598.410
598.660
598.910
599.160
599.409
599.659
599.909
600.159
600.408
600.658
600.908
601.157
601.407
601.657
601.907
602.156
602.406
602.656
602.906
603.155
603.405
603.655
603.905
604.154
604.404
604.654
604.903
605.153
605.403
605.653
605.902
606.152
606.402
606.652
606.901
607.151
607.401
607.651
607.900
608.150
608.400
608.649
608.899
609.149
609.399
609.648
609.898
610.148
610.398
610.647
610.897
611.147
611.397
611.646
611.896
612.146
612.396
650.292
652.232
654.172
656.112
658.052
659.992
661.932
663.872
665.775
666.017
666.259
666.500
666.742
666.984
667.225
667.467
667.709
667.950
668.192
668.434
668.675
668.917
669.159
669.400
669.642
669.884
670.125
670.367
670.609
670.850
671.092
671.334
671.575
671.817
672.059
672.300
672.542
672.784
673.026
673.267
673.509
673.751
673.992
674.234
674.476
674.717
674.959
675.201
675.442
675.684
675.926
676.167
676.409
676.651
676.892
677.134
677.376
677.617
677.859
678.101
678.342
678.584
678.826
679.067
679.309
679.551
679.792
680.034
680.276
680.517
680.759
681.001
681.243
681.773
682.256
682.739
683.222
683.705
684.188
684.671
685.154
685.637
686.120
686.603
687.086
687.569
688.052
688.535
689.018
689.501
689.984
690.467
690.951
691.434
691.917
692.400
692.883
693.366
693.849
694.332
694.815
695.298
695.781
696.264
696.747
697.230
697.713
698.196
698.679
699.162
699.646
700.129
700.612
701.095
701.578
702.061
702.544
703.027
703.510
703.993
704.476
704.959
705.442
705.925
706.408
706.891
707.374
707.857
708.341
708.824
709.307
709.790
712.219
714.155
716.092
718.028
719.965
721.901
723.838
725.774
727.776
728.018
728.259
728.501
728.742
728.984
729.225
729.467
729.708
729.950
730.191
730.433
730.674
730.916
731.157
731.399
731.640
731.882
732.123
732.365
732.606
732.848
733.089
733.331
733.572
733.814
734.055
734.297
734.538
734.780
735.021
735.263
735.504
735.746
735.987
736.229
736.470
736.712
736.953
737.195
737.436
737.678
737.919
738.161
738.402
738.644
738.885
739.127
739.368
739.610
739.851
740.093
740.334
740.576
740.817
741.059
741.301
741.542
741.784
742.025
742.267
742.508
742.750
743.233
743.716
744.199
744.682
745.165
745.648
746.131
746.615
747.098
747.581
748.064
748.547
749.030
749.513
749.996
750.479
750.963
751.446
751.929
752.412
752.895
753.378
753.861
754.344
754.828
755.311
755.794
756.277
756.760
757.243
757.726
758.209
758.693
759.176
759.659
760.142
760.625
761.108
761.591
762.074
762.558
763.041
763.524
764.007
764.490
764.973
765.456
765.939
766.422
766.906
767.389
767.872
768.355
768.838
769.321
769.804
770.287
770.771
771.254
771.737
774.150
774.659
775.167
775.505
775.844
778.045
778.553
779.061
779.400
779.739
781.940
782.448
782.956
783.295
783.634
785.835
786.343
786.851
787.190
787.529
789.630
789.873
790.115
790.358
790.601
790.844
791.087
791.330
791.573
791.816
792.058
792.301
792.544
792.787
793.030
793.273
793.516
793.759
794.001
794.244
794.487
794.730
794.973
795.216
795.459
797.379
797.621
797.863
798.105
798.347
798.589
798.831
799.073
799.315
799.556
799.798
800.040
800.282
800.524
800.766
801.008
801.250
801.492
801.734
801.976
802.217
802.459
802.701
802.943
803.185
803.427
803.669
803.911
804.153
804.395
804.637
804.878
805.120
805.362
805.604
805.846
806.088
806.330
806.572
806.814
807.056
807.297
807.539
807.781
808.023
808.265
808.507
808.749
808.991
809.233
809.475
809.717
809.958
810.200
810.442
810.684
810.926
811.168
811.410
811.652
811.894
812.136
812.378
812.619
812.861
813.103
813.345
813.587
813.829
814.071
814.313
814.555
814.797
815.038
815.280
815.522
815.764
816.006
816.248
816.490
816.732
816.974
817.216
817.458
817.699
817.941
818.183
818.425
818.667
818.909
819.151
819.393
819.635
819.877
820.119
820.360
820.602
820.844
821.086
821.328
821.570
821.812
822.054
822.296
822.538
822.779
823.021
823.263
823.505
823.747
823.989
824.231
824.473
824.715
824.957
825.199
825.440
825.682
825.924
826.166
828.335
830.271
832.208
834.144
836.081
838.017
839.954
841.890
843.851
844.092
844.334
844.575
844.817
845.059
845.300
845.542
845.784
846.025
846.267
846.509
846.750
846.992
847.234
847.475
847.717
847.958
848.200
848.442
848.683
848.925
849.167
849.408
849.650
849.892
850.133
850.375
850.617
850.858
851.100
851.341
851.583
851.825
852.066
852.308
852.550
852.791
853.033
853.275
853.516
853.758
854.000
854.241
854.483
854.724
854.966
855.208
855.449
855.691
855.933
856.174
856.416
856.658
856.899
857.141
857.383
857.624
857.866
858.108
858.349
858.591
858.832
859.074
886.531
887.486
888.441
889.395
890.350
891.328
892.031
892.266
892.618
893.204
894.157
895.109
896.062
897.014
897.966
898.919
899.607
899.836
900.180
900.754
901.706
902.658
903.611
904.563
905.515
906.468
907.187
907.427
907.787
908.386
909.339
910.291
911.243
912.196
913.148
914.100
914.820
915.060
915.419
916.019
916.972
917.926
918.879
919.832
920.786
921.739
922.692
923.201
923.440
923.678
923.916
924.154
924.392
924.630
924.869
925.107
925.345
925.583
925.821
926.059
926.298
926.536
926.774
927.012
927.250
927.488
927.727
927.965
928.203
928.441
928.679
928.917
929.156
929.394
929.632
929.870
930.108
930.347
930.585
930.823
931.061
931.299
931.537
931.776
932.014
932.252
932.490
932.728
932.966
933.205
933.443
933.681
933.919
934.157
934.395
934.634
934.872
935.110
935.348
935.586
935.824
936.063
936.301
936.539
936.777
937.015
937.253
937.492
937.730
937.968
938.206
938.444
938.682
938.921
939.159
939.397
939.635
939.873
940.111
940.350
940.588
940.826
941.064
941.302
941.540
941.779
942.017
942.255
942.493
942.731
942.969
943.208
943.446
943.684
943.922
944.160
944.398
944.637
944.875
945.113
945.351
945.589
945.827
946.066
946.304
946.542
946.780
947.018
947.256
947.495
947.733
947.971
948.209
948.447
948.685
948.924
949.162
949.400
949.638
949.876
950.114
950.353
950.591
950.829
951.067
951.305
951.543
951.782
952.020
952.258
952.496
952.734
952.972
953.598
954.074
954.550
955.503
955.979
956.455
957.407
957.883
958.359
959.311
959.787
960.264
961.216
961.692
962.168
963.120
963.596
964.072
965.024
965.501
965.977
966.929
967.405
967.881
968.833
969.309
969.785
970.738
971.214
971.690
972.642
973.118
973.594
974.546
975.022
975.499
976.451
976.927
977.403
978.355
978.831
979.307
980.260
980.736
981.212
982.164
982.640
983.116
984.068
984.544
985.021
985.973
986.449
986.925
987.877
988.353
988.829
989.781
990.258
990.734
991.686
992.162
992.638
993.590
994.066
994.542
995.495
995.971
996.447
997.399
997.875
998.351
999.644
999.882
1000.121
1000.359
1000.597
1000.835
1001.073
1001.311
1001.550
1001.788
1002.026
1002.264
1002.502
1002.740
1002.979
1003.217
1003.455
1003.693
1003.931
1004.169
1004.408
1004.646
1004.884
1005.122
1005.360
1005.598
1005.837
1006.075
1006.313
1006.551
1006.789
1007.027
1007.266
1007.504
1007.742
1007.980
1008.218
1008.457
1008.695
1008.933
1009.171
1009.409
1009.647
1009.886
1010.124
1010.362
1010.600
1010.838
1011.076
1011.315
1011.553
1011.791
1012.029
1012.267
1012.505
1012.744
1012.982
1013.220
1013.458
1013.696
1013.934
1014.173
1014.411
1014.649
1014.887
1015.125
1015.363
1015.602
1015.840
1016.078
1016.316
1016.554
1016.792
1017.031
1017.269
1017.507
1017.745
1017.983
1018.222
1018.460
1018.698
1018.936
1019.174
1019.412
1019.651
1019.889
1020.127
1020.365
1020.603
1020.841
1021.080
1021.318
1021.556
1021.794
1022.032
1022.270
1022.509
1022.747
1022.985
1023.223
1023.461
1023.699
1023.938
1024.176
1024.414
1024.652
1024.890
1025.128
1025.367
1025.605
1025.843
1026.081
1026.319
1026.558
1026.796
1027.034
1027.272
1027.510
1027.748
1027.987
1028.225
1028.463
1028.701
1028.939
1029.177
1029.416
1029.749
1030.675
1031.629
1032.583
1033.537
1034.491
1035.446
1036.400
1037.354
1038.308
1039.392
1039.630
1039.868
1040.107
1040.345
1040.583
1040.821
1041.059
1041.297
1041.535
1041.773
1042.012
1042.250
1042.488
1042.726
1042.964
1043.202
1043.440
1043.678
1043.916
1044.155
1044.393
1044.631
1044.869
1045.107
1045.345
1045.583
1045.821
1046.060
1046.298
1046.536
1046.774
1047.012
1047.250
1047.488
1047.726
1047.965
1048.203
1048.441
1048.679
1048.917
1049.155
1049.393
1049.631
1049.869
1050.108
1050.346
1050.584
1050.822
1051.060
1051.298
1051.536
1051.774
1052.013
1052.251
1052.489
1052.727
1052.965
1053.203
1053.441
1053.679
1053.917
1054.156
1054.394
1054.632
1054.870
1055.108
1055.346
1055.584
1055.822
1056.061
1056.299
1056.537
1056.775
1057.013
1057.251
1057.489
1057.727
1057.966
1058.204
1058.442
1058.680
1058.918
1059.156
1059.394
1059.632
1059.870
1060.109
1060.347
1060.585
1060.823
1061.061
1061.299
1061.537
1061.775
1062.014
1062.252
1062.490
1062.728
1062.966
1063.204
1063.442
1063.680
1063.919
1064.157
1064.395
1064.633
1064.871
1065.109
1065.347
1065.585
1065.823
1066.062
1066.300
1066.538
1066.776
1067.014
1067.252
1067.490
1067.728
1067.967
1068.205
1068.443
1068.681
1068.919
1069.157
1069.395
1069.633
1069.872
1070.110
1070.348
1070.586
1070.824
1071.062
1071.300
1071.538
1071.776
1072.015
1072.253
1072.491
1072.729
1072.967
1073.205
1073.443
1073.681
1073.920
1074.158
1074.396
1074.634
1074.872
1075.110
1075.348
1075.586
1075.824
1100.485
1100.969
1101.453
1102.422
1102.906
1103.390
1104.359
1104.843
1105.327
1106.295
1106.780
1107.264
1108.232
1108.716
1109.201
1110.169
1110.653
1111.137
1112.106
1112.590
1113.074
1114.043
1114.527
1115.011
1115.980
1116.464
1116.948
1117.916
1118.401
1118.885
1119.853
1120.337
1120.822
1121.790
1122.274
1122.758
1123.727
1124.211
1124.695
1125.664
1126.148
1126.632
1127.601
1128.085
1128.569
1129.537
1130.022
1130.506
1131.474
1133.407
1135.339
1137.295
1137.779
1138.263
1138.747
1139.231
1139.715
1140.199
1140.683
1141.168
1141.652
1142.136
1142.620
1143.104
1143.588
1144.072
1144.556
1145.040
1145.525
1146.009
1146.493
1146.977
1147.461
1147.945
1148.429
1148.913
1149.398
1149.882
1150.366
1150.850
1151.334
1151.818
1152.302
1152.786
1153.270
1153.755
1154.239
1154.723
1155.207
1155.691
1156.175
1156.659
1157.143
1157.627
1158.112
1158.596
1159.080
1159.564
1160.048
1160.532
1161.016
1161.500
1161.984
1162.469
1162.953
1163.437
1163.921
1164.405
1164.889
1165.373
1165.857
1166.342
1166.826
1167.310
1167.794
1168.278
1168.762
1169.246
1169.730
1170.214
1170.699
1171.183
1171.667
1172.151
1180.106
1180.348
1180.590
1180.831
1181.073
1181.315
1181.556
1181.798
1182.040
1182.282
1182.523
1182.765
1183.007
1183.249
1183.490
1183.732
1183.974
1184.215
1184.457
1184.699
1184.941
1185.182
1185.424
1185.666
1185.907
1186.149
1186.391
1186.633
1186.874
1187.116
1187.358
1187.600
1187.841
1188.083
1188.325
1188.566
1188.808
1189.050
1189.292
1189.533
1189.775
1190.017
1190.258
1190.500
1190.742
1190.984
1191.225
1191.467
1191.709
1191.951
1192.192
1192.434
1192.676
1192.917
1193.159
1193.401
1193.643
1193.884
1194.126
1194.368
1194.609
1194.851
1195.093
1195.335
1195.576
1195.818
1196.060
1196.302
1196.543
1196.785
1197.027
1197.268
1197.510
1197.752
1197.994
1198.235
1198.477
1198.719
1198.960
1199.202
1199.444
1199.686
1199.927
1200.169
1200.411
1200.653
1200.894
1201.136
1201.378
1201.619
1201.861
1202.103
1202.345
1202.586
1202.828
1203.070
1203.311
1203.553
1203.795
1204.037
1204.278
1204.520
1204.762
1205.004
1205.245
1205.487
1205.729
1205.970
1206.212
1206.454
1206.696
1206.937
1207.179
1207.421
1207.662
1207.904
1208.146
1208.388
1208.629
1208.871
1209.113
1209.355
1209.596
1209.838
1210.080
1210.321
1220.497
1220.739
1220.981
1221.223
1221.465
1221.706
1221.948
1222.190
1222.432
1222.674
1222.916
1223.158
1223.400
1223.641
1223.883
1224.125
1224.367
1224.609
1224.851
1225.093
1225.335
1225.576
1225.818
1226.060
1226.302
1226.544
1226.786
1227.028
1227.270
1227.512
1227.753
1227.995
1228.237
1228.479
1228.721
1228.963
1229.205
1229.447
1229.688
1229.930
1230.172
1230.414
1230.656
1230.898
1231.140
1231.382
1231.623
1231.865
1232.107
1232.349
1232.591
1232.833
1233.075
1233.317
1233.558
1233.800
1234.042
1234.284
1234.526
1234.768
1235.010
1235.252
1235.493
1235.735
1235.977
1236.219
1236.461
1236.703
1236.945
1237.187
1237.428
1237.670
1237.912
1238.154
1238.396
1238.638
1238.880
1239.122
1239.363
1239.605
1239.847
1240.089
1240.331
1240.573
1240.815
1241.057
1241.298
1241.540
1241.782
1242.024
1242.266
1242.508
1242.750
1242.992
1243.234
1243.475
1243.717
1243.959
1244.201
1244.443
1244.685
1244.927
1245.169
1245.410
1245.652
1245.894
1246.136
1246.378
1246.620
1246.862
1247.104
1247.345
1247.587
1247.829
1248.071
1248.313
1248.555
1248.797
1249.039
1249.280
1249.522
1249.764
1250.006
1250.248
1250.490
1250.732
1250.974
1251.215
1251.457
1276.884
1277.126
1277.368
1277.610
1277.852
1278.094
1278.336
1278.578
1278.820
1279.061
1279.303
1279.545
1279.787
1280.029
1280.271
1280.513
1280.755
1280.997
1281.239
1281.481
1281.723
1281.965
1282.207
1282.449
1282.691
1282.933
1283.175
1283.417
1283.659
1283.901
1284.143
1284.385
1284.627
1284.869
1285.111
1285.353
1285.595
1285.837
1286.079
1286.321
1286.563
1286.805
1287.046
1287.288
1287.530
1287.772
1288.014
1288.256
1288.498
1288.740
1288.982
1289.224
1289.466
1289.708
1289.950
1290.192
1290.434
1290.676
1290.918
1291.160
1291.402
1291.644
1291.886
1292.128
1292.370
1292.612
1292.854
1293.096
1293.338
1293.580
1293.822
1294.064
1294.306
1294.548
1294.790
1295.032
1295.273
1295.515
1295.757
1295.999
1296.241
1296.483
1296.725
1296.967
1297.209
1297.451
1297.693
1297.935
1298.177
1298.419
1298.661
1298.903
1299.145
1299.387
1299.629
1299.871
1300.113
1300.355
1300.597
1300.839
1301.081
1301.323
1301.565
1301.807
1302.049
1302.291
1302.533
1302.775
1303.017
1303.258
1303.500
1303.742
1303.984
1304.226
1304.468
1304.710
1304.952
1305.194
1305.436
1305.678
1329.681
1331.678
1333.676
1335.674
1337.672
1339.670
1341.668
1343.665
1345.663
1347.661
1349.659
1351.887
1352.386
1352.885
1353.385
1353.884
1354.383
1354.882
1355.381
1355.881
1356.380
1356.879
1357.378
1357.877
1358.377
1358.876
1359.375
1359.874
1360.373
1360.873
1361.372
1361.871
1362.370
1362.869
1363.369
1363.868
1364.367
1364.866
1365.365
1365.865
1366.364
1366.863
1367.362
1367.861
1370.531
1372.526
1374.521
1376.516
1378.511
1380.506
1382.501
1383.919
1384.418
1384.917
1385.417
1385.916
1386.415
1386.914
1387.413
1387.913
1388.412
1388.911
1389.410
1389.909
1390.409
1390.908
1391.407
1391.906
1392.405
1392.905
1393.404
1393.903
1394.402
1394.901
1395.401
1395.900
1396.399
1396.898
1397.397
1397.897
1398.396
1398.895
1399.394
1399.893
1400.894
1401.895
1402.896
1403.897
1404.898
1405.899
1406.900
1407.901
1408.902
1409.903
1410.904
1411.905
1412.906
1413.907
1414.908
1415.909
1416.910
1417.911
1418.912
1419.913
1420.914
1421.915
1422.916
1423.917
1424.918
1425.919
1426.920
1427.921
1428.922
1429.923
1430.924
1431.925
1432.425
1432.925
1433.425
1433.925
1434.425
1434.925
1435.425
1435.925
1436.425
1436.925
1437.425
1437.925
1438.425
1438.925
1439.425
1439.925
1440.425
1440.925
1441.425
1441.925
1442.425
1442.925
1443.425
1443.925
1444.425
1444.925
1445.425
1445.925
1446.425
1446.925
1447.425
1447.925
1448.425
1448.925
1449.425
1449.925
1450.425
1450.925
1451.425
1451.925
1452.425
1452.925
1453.425
1453.925
1454.425
1454.925
1455.425
1455.925
1456.425
1456.925
1457.425
1457.925
1458.425
1458.925
1459.425
1459.925
1460.425
1460.925
1461.425
1461.925
1462.425
1462.925
1463.405
1463.655
1463.904
1464.154
1464.404
1464.654
1464.904
1465.154
1465.404
1465.654
1465.904
1466.154
1466.404
1466.654
1466.903
1467.153
1467.403
1467.653
1467.903
1468.153
1468.403
1468.653
1468.903
1469.153
1469.403
1469.653
1469.902
1470.152
1470.402
1470.652
1470.902
1471.152
1471.402
1471.652
1471.902
1472.152
1472.402
1472.652
1472.902
1473.151
1473.401
1473.651
1473.901
1474.151
1474.401
1474.651
1474.901
1475.151
1475.401
1475.651
1475.901
1476.150
1476.400
1476.650
1476.900
1477.150
1477.400
1477.650
1477.900
1478.150
1478.400
1478.650
1478.900
1479.149
1479.399
1479.649
1479.899
1480.149
1480.399
1480.649
1480.899
1481.149
1481.399
1481.649
1481.899
1482.148
1482.398
1482.648
1482.898
1483.148
1483.398
1483.648
1483.898
1484.148
1484.398
1484.648
1484.898
1485.147
1485.397
1485.647
1485.897
1486.147
1486.397
1486.647
1486.897
1520.744
1521.712
1522.680
1523.648
1524.616
1525.584
1526.552
1527.520
1528.487
1529.455
1530.423
1531.391
1532.359
1533.327
1534.295
1535.263
1536.231
1537.199
1538.167
1539.135
1540.103
1541.070
1542.038
1543.006
1543.974
1544.942
1545.910
1546.878
1547.846
1548.814
1551.233
1551.475
1551.717
1551.959
1552.201
1552.443
1552.686
1552.928
1553.170
1553.412
1553.654
1553.896
1554.138
1554.380
1554.622
1554.865
1555.107
1555.349
1555.591
1555.833
1556.075
1556.317
1556.559
1556.801
1557.044
1557.286
1557.528
1557.770
1558.012
1558.254
1558.496
1558.738
1558.980
1559.223
1559.465
1559.707
1559.949
1560.191
1560.433
1560.675
1560.917
1561.159
1561.402
1561.644
1561.886
1562.128
1562.370
1562.612
1562.854
1563.096
1563.338
1563.581
1563.823
1564.065
1564.307
1564.549
1564.791
1565.033
1565.275
1565.517
1565.760
1566.002
1566.244
1566.486
1566.728
1566.970
1567.212
1567.454
1567.696
1567.939
1568.181
1568.423
1568.665
1568.907
1569.149
1569.391
1569.633
1569.875
1570.118
1570.360
1570.602
1570.844
1571.086
1571.328
1571.570
1571.812
1572.054
1572.297
1572.539
1572.781
1573.023
1573.265
1573.507
1573.749
1573.991
1574.233
1574.476
1574.718
1574.960
1575.202
1575.444
1575.686
1575.928
1576.170
1576.412
1576.655
1576.897
1577.139
1577.381
1577.623
1577.865
1578.107
1578.349
1578.591
1578.834
1579.076
1579.318
1579.560
1579.802
1580.044
1580.286
1580.528
1580.771
1581.013
1582.180
1583.149
1584.117
1585.085
1586.053
1587.022
1587.990
1588.958
1589.926
1590.895
1591.863
1592.831
1593.799
1594.767
1595.736
1613.156
1613.640
1614.124
1614.608
1615.092
1615.576
1616.060
1616.544
1617.028
1617.512
1617.996
1618.480
1618.964
1619.448
1619.932
1620.416
1620.900
1621.384
1621.868
1622.352
1622.836
1623.320
1623.804
1624.288
1624.772
1625.256
1625.740
1626.224
1626.708
1627.192
1627.676
1628.160
1628.644
1628.886
1629.127
1629.369
1629.611
1629.853
1630.095
1630.337
1630.579
1630.821
1631.063
1631.305
1631.547
1631.789
1632.031
1632.273
1632.515
1632.757
1632.999
1633.241
1633.483
1633.725
1633.967
1634.209
1634.451
1634.693
1634.935
1635.177
1635.419
1635.661
1635.903
1636.145
1636.387
1636.629
1636.871
1637.113
1637.355
1637.597
1637.839
1638.081
1638.323
1638.564
1638.806
1639.048
1639.290
1639.532
1639.774
1640.016
1640.258
1640.500
1640.742
1640.984
1641.226
1641.468
1641.710
1641.952
1642.194
1642.436
1642.678
1642.920
1643.162
1643.404
1643.646
1643.888
1644.130
1644.372
1644.614
1644.856
1645.098
1645.340
1645.582
1645.824
1646.066
1646.308
1646.550
1646.792
1647.034
1647.276
1647.518
1647.760
1648.001
1648.243
1648.485
1648.727
1648.969
1649.211
1649.453
1649.695
1649.937
1650.179
1650.421
1650.663
1650.905
1651.147
1651.389
1651.631
1651.873
1652.115
1652.357
1652.599
1652.841
1653.083
1653.325
1653.567
1653.809
1654.051
1654.293
1654.535
1654.777
1655.019
1655.261
1655.503
1655.745
1655.987
1656.229
1656.471
1656.713
1656.955
1657.197
1657.438
1657.680
1657.922
1658.164
1658.406
1658.648
1658.890
1659.132
1675.107
1675.348
1675.590
1675.832
1676.073
1676.315
1676.557
1676.799
1677.040
1677.282
1677.524
1677.765
1678.007
1678.249
1678.491
1678.732
1678.974
1679.216
1679.457
1679.699
1679.941
1680.183
1680.424
1680.666
1680.908
1681.149
1681.391
1681.633
1681.875
1682.116
1682.358
1682.600
1682.841
1683.083
1683.325
1683.567
1683.808
1684.050
1684.292
1684.533
1684.775
1685.017
1685.258
1685.500
1685.742
1685.984
1686.225
1686.467
1686.709
1686.950
1687.192
1687.434
1687.676
1687.917
1688.159
1688.401
1688.642
1688.884
1689.126
1689.368
1689.609
1689.851
1690.093
1690.334
1690.576
1690.818
1691.060
1691.301
1691.543
1691.785
1692.026
1692.268
1692.510
1692.752
1692.993
1693.235
1693.477
1693.718
1693.960
1694.202
1694.443
1694.685
1694.927
1695.169
1695.410
1695.652
1695.894
1696.135
1696.377
1696.619
1696.861
1697.102
1697.344
1697.586
1697.827
1698.069
1698.311
1698.553
1698.794
1699.036
1699.278
1699.519
1699.761
1700.003
1700.245
1700.486
1700.728
1700.970
1701.211
1701.453
1701.695
1701.937
1702.178
1702.420
1702.662
1702.903
1703.145
1703.387
1703.628
1703.870
1704.112
1704.354
1704.595
1704.837
1705.079
1705.320
1705.562
1705.804
1730.581
1731.439
1732.296
1733.153
1734.010
1734.867
1735.724
1736.581
1737.438
1738.295
1739.152
1740.010
1740.867
1741.724
1742.581
1743.438
1744.295
1745.152
1746.009
1746.866
1747.723
1748.581
1749.438
1750.295
1751.152
1752.009
1752.866
1753.723
1754.580
1755.437
1756.295
1757.152
1758.009
1758.866
1759.723
1760.152
1760.581
1761.010
1761.439
1761.867
1762.296
1762.725
1763.154
1763.583
1764.012
1764.441
1764.870
1765.299
1765.727
1766.156
1766.585
1767.014
1767.443
1767.872
1768.301
1768.730
1769.159
1769.587
1770.016
1770.445
1770.874
1771.303
1771.732
1772.161
1772.590
1773.019
1773.447
1773.876
1774.305
1774.734
1775.163
1775.592
1776.021
1776.450
1776.879
1777.308
1777.736
1778.165
1778.594
1778.967
1779.340
1779.712
1780.085
1780.430
1780.776
1781.121
1781.466
1781.812
1782.100
1782.388
1782.676
1782.964
1783.252
1783.540
1783.772
1784.005
1784.237
1784.438
1784.638
1784.838
1785.038
1785.239
1785.439
1792.291
1792.506
1792.720
1792.934
1793.149
1793.363
1793.578
1793.792
1794.007
1794.221
1794.435
1794.650
1794.864
1795.079
1795.293
1795.507
1795.722
1795.936
1796.151
1796.365
1796.579
1796.794
1797.008
1797.223
1797.437
1797.652
1797.866
1798.080
1798.295
1798.509
1798.724
1798.938
1799.152
1799.367
1799.581
1799.796
1800.010
1800.224
1800.439
1800.653
1800.868
1801.082
1801.296
1801.511
1801.725
1801.940
1802.154
1802.369
1802.583
1802.797
1803.012
1803.226
1803.441
1803.655
1803.869
1804.084
1805.973
1806.188
1806.403
1806.619
1806.834
1807.049
1807.264
1807.480
1807.695
1807.910
1808.125
1808.340
1808.556
1808.771
1808.986
1809.201
1809.417
1809.632
1809.847
1810.062
1810.277
1810.493
1810.708
1810.923
1811.138
1811.353
1811.569
1811.784
1811.999
1812.214
1812.430
1812.645
1812.860
1813.075
1813.290
1813.506
1813.721
1813.936
1814.151
1814.367
1814.582
1814.797
1815.012
1815.227
1815.443
1815.658
1815.873
1819.709
1820.138
1820.567
1820.995
1821.424
1821.853
1822.282
1822.711
1823.140
1823.569
1823.998
1824.427
1824.856
1825.284
1825.713
1826.142
1826.571
1827.000
1827.429
1827.858
1828.287
1828.716
1829.145
1829.573
1830.002
1830.431
1830.860
1831.289
1833.435
1833.864
1834.294
1834.724
1835.153
1835.583
1836.013
1836.443
1836.872
1837.302
1837.732
1838.161
1838.591
1839.021
1839.451
1839.880
1840.310
1840.740
1841.169
1841.599
1842.029
1842.458
1842.888
1843.318
1843.748
1844.177
1844.607
1845.037
1854.021
1854.450
1854.878
1855.307
1855.735
1856.164
1856.592
1857.021
1857.450
1857.878
1858.307
1858.735
1859.164
1859.593
1860.021
1860.450
1860.878
1861.307
1861.735
1862.164
1862.593
1863.021
1863.450
1863.878
1864.307
1864.736
1865.164
1865.593
1867.712
1868.141
1868.569
1868.998
1869.426
1869.855
1870.283
1870.712
1871.141
1871.569
1871.998
1872.426
1872.855
1873.283
1873.712
1874.141
1874.569
1874.998
1875.426
1875.855
1876.284
1876.712
1877.141
1877.569
1877.998
1878.426
1878.855
1879.284
1879.712
1880.141
1880.569
1880.998
1881.426
1881.855
1882.284
1882.712
1883.141
1883.569
1883.998
1884.427
1884.855
1885.284
1885.712
1886.141
1886.569
1886.998
1887.427
1887.855
1888.284
1888.712
1889.141
1889.570
1889.998
1890.427
1890.855
1891.284
1891.712
1892.141
1892.570
1892.998
1895.145
1895.573
1896.002
1896.431
1896.859
1897.288
1897.716
1898.145
1898.574
1899.002
1899.431
1899.860
1900.288
1900.717
1901.145
1901.574
1902.003
1902.431
1902.860
1903.288
1903.717
1904.146
1904.574
1905.003
1905.432
1905.860
1906.289
1906.717
1907.146
1907.575
1908.003
1908.432
1922.556
1923.415
1924.273
1925.131
1925.990
1926.848
1927.707
1928.565
1929.424
1930.282
1931.140
1931.999
1932.857
1933.716
1934.574
1935.433
1936.291
1937.149
1938.008
1938.866
1939.725
1940.583
1941.442
1942.300
1943.158
1944.017
1944.875
1945.734
1946.592
1947.451
1948.309
1949.167
1950.026
1950.454
1950.882
1951.310
1951.738
1952.166
1952.594
1953.022
1953.451
1953.879
1954.307
1954.735
1955.163
1955.591
1956.019
1956.447
1956.875
1957.303
1957.731
1958.159
1958.588
1959.016
1959.444
1959.872
1960.300
1960.728
1961.156
1961.584
1962.012
1962.440
1962.868
1963.296
1963.725
1964.153
1964.533
1964.913
1965.293
1965.673
1966.054
1966.375
1966.697
1967.019
1967.341
1967.617
1967.893
1968.170
1968.446
1968.722
1968.955
1969.187
1969.419
1969.624
1969.828
1970.033
1970.237
1970.442
1970.646
1980.911
1981.340
1981.768
1982.197
1982.625
1983.053
1983.482
1983.910
1984.339
1984.767
1985.196
1985.624
1986.052
1986.481
1986.909
1987.338
1987.766
1988.194
1988.623
1989.051
1989.480
1989.908
1990.337
1990.765
1991.193
1991.622
1992.050
1992.479
1992.907
1993.336
1993.764
1994.192
1994.621
1995.049
1995.478
1995.906
1996.335
1996.763
1997.191
1997.620
1998.048
1998.477
1998.905
1999.334
1999.762
2000.190
2000.619
2001.047
2001.476
2001.904
2002.333
2002.761
2003.189
2003.618
2004.046
2004.475
2004.903
2005.332
2005.760
2006.188
2006.617
2007.045
2007.474
2007.902
2008.331
2008.759
2009.187
2009.616
2010.044
2010.473
2010.901
2011.329
2011.758
2012.186
2012.615
2013.043
2013.472
2013.900
2014.328
2014.757
2015.185
2015.614
2016.042
2016.471
2016.899
2017.327
2017.756
2018.184
2022.015
2022.443
2022.872
2023.301
2023.730
2024.159
2024.588
2025.017
2025.446
2025.875
2026.304
2026.733
2027.162
2027.591
2028.020
2028.449
2028.878
2029.307
2029.735
2030.164
2030.593
2031.022
2031.451
2031.880
2032.309
2032.738
2033.167
2033.596
2035.720
2036.150
2036.579
2037.009
2037.439
2037.869
2038.299
2038.729
2039.159
2039.588
2040.018
2040.448
2040.878
2041.308
2041.738
2042.167
2042.597
2043.027
2043.457
2043.887
2044.317
2044.746
2045.176
2045.606
2046.036
2046.466
2046.896
2047.326
2049.442
2049.859
2050.276
2050.693
2051.110
2051.569
2051.986
2052.403
2052.862
2053.279
2053.696
2054.113
2054.530
2054.989
2055.448
2055.865
2056.282
2056.657
2057.116
2062.731
2063.160
2063.590
2064.019
2064.448
2064.877
2065.306
2065.736
2066.165
2066.594
2067.023
2067.452
2067.882
2068.311
2068.740
2069.169
2069.598
2070.028
2070.457
2070.886
2071.315
2071.744
2072.174
2072.603
2073.032
2073.461
2073.890
2074.320
2074.749
2076.877
2077.305
2077.733
2078.161
2078.589
2079.017
2079.445
2079.874
2080.302
2080.730
2081.158
2081.586
2082.014
2082.442
2082.871
2083.299
2083.727
2084.155
2084.583
2085.011
2085.439
2085.868
2086.296
2086.724
2087.152
2087.580
2088.008
2088.436
2088.865
2089.293
2089.721
2090.149
2121.669
2122.524
2123.379
2124.234
2125.089
2125.944
2126.799
2127.654
2128.509
2129.364
2130.219
2131.074
2131.929
2132.784
2133.639
2142.273
2142.700
2143.127
2143.553
2143.980
2144.407
2144.833
2145.260
2145.687
2146.113
2146.540
2146.967
2147.394
2147.820
2150.133
2150.358
2150.582
2150.807
2151.256
2151.480
2151.929
2152.154
2152.378
2152.603
2153.051
2153.276
2153.725
2153.949
2154.174
2154.398
2154.847
2155.072
2155.521
2155.745
2156.194
2157.037
2157.264
2157.490
2157.716
2158.169
2158.395
2158.848
2159.074
2159.301
2159.527
2159.979
2160.206
2160.658
2160.885
2161.111
2161.337
2161.790
2162.016
2162.469
2162.695
2163.148
2164.511
2164.725
2164.940
2165.154
2165.369
2165.583
2165.797
2166.012
2166.226
2166.441
2166.655
2166.869
2167.084
2167.298
2167.513
2167.727
2167.941
2168.156
2168.370
2168.585
2168.799
2169.013
2169.228
2169.442
2169.657
2169.871
2170.085
2170.300
2170.514
2170.729
2170.943
2171.157
2171.372
2171.478
2171.583
2171.689
2171.795
2171.901
2172.006
2172.112
2172.218
2172.324
2172.429
2172.535
2172.641
2172.747
2172.853
2172.958
2173.064
2173.170
2173.276
2173.381
2173.487
2173.593
2173.699
2173.804
2173.910
2174.016
2174.122
2174.228
2174.333
2174.439
2174.545
2174.651
2174.756
2174.862
2174.968
2175.074
2175.180
2175.285
2175.391
2175.497
2175.603
2175.708
2175.814
2175.920
2176.026
2176.131
2176.237
2176.343
2176.449
2176.555
2176.660
2176.766
2176.872
2176.978
2177.083
2177.189
2177.295
2177.401
2177.506
2177.612
2177.718
2177.824
2177.930
2178.035
2178.141
2178.881
2179.088
2179.294
2179.500
2179.707
2180.532
2180.738
2180.944
2181.151
2181.357
2182.182
2182.389
2182.595
2182.801
2183.007
2183.833
2184.039
2184.245
2184.451
2185.333
2185.761
2186.190
2186.618
2187.046
2187.475
2187.903
2188.331
2188.759
2189.188
2189.616
2190.044
2190.473
2190.901
2191.329
2191.758
2192.186
2192.614
2193.043
2193.471
2193.899
2194.328
2194.756
2195.184
2195.612
2196.041
2196.469
2198.651
2198.864
2199.078
2199.291
2199.504
2199.717
2199.930
2200.144
2200.357
2200.570
2200.783
2200.996
2201.209
2201.423
2201.636
2201.849
2202.062
2202.275
2202.489
2202.702
2202.915
2203.128
2203.341
2203.554
2203.768
2203.981
2204.194
2204.407
2204.620
2204.834
2205.047
2205.260
2205.473
2205.686
2205.899
2206.113
2206.326
2206.539
2206.752
2206.965
2207.179
2207.392
2207.605
2207.818
2208.031
2208.244
2208.458
2208.671
2208.884
2209.097
2209.310
2209.524
2209.737
2209.950
2210.163
2210.376
2210.589
2212.317
2212.746
2213.174
2213.603
2214.031
2214.460
2214.888
2215.317
2215.746
2216.174
2216.603
2217.031
2217.460
2217.889
2218.317
2218.746
2219.174
2219.603
2220.032
2220.460
2220.889
2221.317
2221.746
2222.175
2222.603
2223.032
2223.460
2223.889
2226.032
2226.460
2226.889
2227.318
2227.746
2228.175
2228.603
2229.032
2229.461
2229.889
2230.318
2230.746
2231.175
2231.603
2232.032
2232.461
2232.889
2233.318
2233.746
2234.175
2234.604
2235.032
2235.461
2235.889
2236.318
2236.747
2237.175
2245.928
2246.144
2246.360
2246.577
2246.793
2247.658
2247.875
2248.091
2248.307
2248.524
2249.389
2249.605
2249.821
2250.038
2250.254
2251.119
2251.335
2251.552
2251.768
2252.850
2253.066
2253.282
2253.499
2253.715
2254.580
2254.796
2255.013
2255.229
2255.445
2256.311
2256.527
2256.743
2256.959
2257.176
2258.041
2258.257
2258.474
2258.690
2259.771
2259.988
2260.204
2260.420
2260.637
2261.502
2261.718
2261.934
2262.151
2262.367
2263.232
2263.449
2263.665
2263.881
2264.098
2264.963
2265.179
2265.395
2265.612
2274.304
2274.717
2275.129
2275.484
2275.838
2276.192
2276.546
2276.900
2277.254
2277.535
2277.816
2278.097
2278.378
2278.659
2278.888
2279.116
2279.345
2279.574
2279.802
2280.003
2280.205
2280.406
2280.607
2280.808
2280.908
2281.008
2281.108
2281.208
2281.308
2281.408
2281.508
2281.607
2281.707
2281.807
2281.907
2282.007
2282.107
2282.207
2282.307
2282.407
2282.507
2282.607
2282.707
2282.806
2282.906
2283.006
2283.106
2283.206
2283.306
2283.406
2283.506
2283.606
2283.706
2283.806
2283.906
2284.005
2284.105
2284.205
2284.305
2284.405
2284.505
2284.605
2284.705
2284.805
2284.905
2285.005
2285.105
2285.205
2285.304
2285.404
2285.504
2285.604
2285.704
2285.804
2285.904
2286.004
2286.104
2286.204
2286.304
2286.404
2286.503
2286.603
2286.703
2286.803
2286.903
2287.003
2287.103
2287.203
2287.303
2287.403
2287.503
2287.603
2287.702
2291.177
2291.606
2292.034
2292.463
2292.891
2293.320
2293.748
2294.176
2294.605
2295.033
2295.462
2295.890
2296.319
2296.747
2297.176
2297.604
2298.032
2298.461
2298.889
2299.318
2299.746
2300.175
2300.603
2301.032
2301.460
2301.888
2302.317
2302.745
2303.174
2303.602
2304.031
2304.459
2304.888
2305.316
2305.744
2306.173
2306.601
2307.030
2307.458
2307.887
2308.315
2308.743
2309.172
2309.600
2310.029
2310.457
2310.886
2311.314
2311.743
2312.171
2312.599
2313.028
2313.456
2313.885
2314.313
2314.742
2315.170
2315.599
2316.027
2316.455
2318.622
2319.050
2319.478
2319.907
2320.335
2320.763
2321.192
2321.620
2322.048
2322.477
2322.905
2323.333
2323.762
2324.190
2324.618
2325.047
2325.475
2325.903
2326.332
2326.760
2327.188
2327.617
2328.045
2328.473
2328.902
2329.330
2329.758
2330.187
2330.615
2331.043
2331.472
2331.900
2332.328
2332.757
2333.185
2333.613
2334.042
2334.470
2334.898
2335.327
2335.755
2336.183
2336.612
2337.040
2337.468
2337.897
2338.325
2338.753
2339.182
2339.610
2340.038
2340.467
2340.895
2341.323
2341.752
2342.180
2342.608
2343.037
2343.465
2343.893
2344.322
2344.750
2345.178
2345.607
2348.169
2349.045
2349.879
2350.755
2351.589
2352.465
2353.341
2354.175
2355.051
2355.885
2356.761
2357.595
2358.471
2359.305
2360.181
2361.057
2361.891
2362.725
2363.601
2364.477
2365.311
2366.187
2367.063
2367.897
2368.731
2369.607
2370.483
2371.401
2372.277
2373.111
2373.945
2375.178
2375.607
2376.036
2376.466
2376.895
2377.324
2377.753
2378.182
2378.612
2379.041
2379.470
2379.899
2380.328
2380.757
2381.187
2381.616
2382.045
2382.474
2382.903
2383.333
2383.762
2384.191
2384.620
2385.049
2385.479
2385.908
2386.337
2386.766
2387.195
2387.625
2388.054
2388.483
2388.942
2389.156
2389.371
2389.585
2389.800
2390.014
2390.229
2390.443
2390.658
2390.872
2391.087
2391.301
2391.516
2391.731
2391.945
2392.160
2392.374
2392.589
2392.803
2393.018
2393.232
2393.447
2393.661
2393.876
2394.090
2394.305
2394.519
2394.734
2394.948
2395.163
2395.377
2395.592
2395.806
2396.021
2396.128
2396.234
2396.341
2396.448
2396.554
2396.661
2396.768
2396.874
2396.981
2397.088
2397.194
2397.301
2397.408
2397.514
2397.621
2397.728
2397.834
2397.941
2398.048
2398.154
2398.261
2398.368
2398.474
2398.581
2398.688
2398.794
2398.901
2399.008
2399.115
2399.221
2399.328
2399.435
2399.541
2399.648
2399.755
2399.861
2399.968
2400.075
2400.181
2400.288
2400.395
2400.501
2400.608
2400.715
2400.821
2400.928
2401.035
2401.141
2401.248
2401.355
2401.461
2401.568
2401.675
2401.781
2401.888
2401.995
2402.101
2402.208
2402.315
2402.421
2402.528
2402.635
2402.741
2402.848
2402.955
2403.061
2403.168
2403.275
2403.381
2403.488
2403.595
2403.701
2403.808
2403.915
2404.022
2404.128
2404.235
2404.342
2404.448
2404.555
2404.662
2404.768
2404.875
2404.982
2405.088
2405.195
2405.302
2405.408
2405.515
2405.622
2405.728
2405.835
2405.942
2406.048
2406.155
2406.262
2406.368
2406.475
2406.582
2406.688
2406.795
2406.902
2407.008
2407.115
2407.222
2407.328
2407.435
2407.542
2407.648
2407.755
2407.862
2407.968
2408.075
2408.182
2408.288
2408.395
2408.502
2408.608
2408.715
2408.822
2408.929
2409.035
2409.142
2409.249
2416.534
2416.933
2417.325
2417.711
2418.092
2418.450
2418.782
2419.103
2419.422
2419.727
2420.013
2420.295
2420.595
2420.913
2421.129
2421.344
2421.560
2421.775
2421.991
2422.206
2422.403
2422.600
2422.797
2422.994
2423.191
2423.388
2423.585
2423.782
2423.979
2424.176
2424.373
2424.570
2424.767
2424.964
2425.161
2425.358
2425.555
2425.752
2425.949
2426.146
2426.343
2426.540
2426.737
2426.934
2427.131
2427.328
2427.525
2427.722
2427.919
2428.116
2428.313
2428.510
2428.707
2428.904
2429.101
2429.298
2429.495
2429.692
2429.889
2430.086
2430.283
2430.480
2430.677
2430.874
2431.071
2431.268
2431.465
2431.662
2431.859
2432.056
2432.253
2432.450
2432.647
2432.844
2433.041
2433.238
2433.435
2433.632
2433.829
2434.026
2434.223
2434.420
2434.617
2434.814
2435.011
2436.880
2437.095
2437.310
2437.525
2437.739
2437.954
2438.169
2438.384
2438.599
2438.814
2439.029
2439.244
2439.459
2439.674
2439.889
2440.104
2440.319
2440.533
2440.748
2440.963
2441.178
2441.393
2441.608
2441.823
2442.038
2442.253
2442.468
2442.683
2442.898
2443.113
2443.327
2443.542
2443.757
2443.972
2444.187
2444.402
2444.617
2444.832
2445.047
2445.262
2445.477
2445.692
2445.907
2446.121
2446.336
2446.551
2446.766
2446.981
2447.196
2447.411
2447.626
2447.841
2448.056
2448.271
2448.486
2448.701
2450.610
2450.826
2451.042
2451.258
2451.474
2451.690
2451.906
2452.123
2452.339
2452.555
2452.771
2452.987
2453.203
2453.419
2453.635
2453.852
2454.068
2454.284
2454.500
2454.716
2454.932
2455.148
2455.364
2455.581
2455.797
2456.013
2456.229
2456.445
2456.661
2456.877
2457.093
2457.310
2457.526
2457.742
2457.958
2458.174
2458.390
2458.606
2458.822
2459.039
2459.255
2459.471
2459.687
2459.903
2460.119
2460.335
2460.551
2460.767
2460.984
2461.200
2461.416
2461.632
2461.848
2462.064
2462.280
2462.496
2464.332
2464.546
2464.760
2464.974
2465.188
2465.402
2465.616
2465.830
2466.044
2466.258
2466.472
2466.686
2466.900
2467.114
2467.328
2467.542
2467.756
2467.970
2468.184
2468.398
2468.612
2468.826
2469.040
2469.254
2469.468
2469.682
2469.896
2470.110
2470.324
2470.538
2470.752
2470.966
2471.180
2471.394
2471.608
2471.822
2472.036
2472.250
2472.464
2472.678
2472.892
2473.106
2473.320
2473.534
2473.748
2473.962
2474.176
2474.390
2474.604
2474.818
2475.032
2475.246
2475.460
2475.674
2475.888
2476.102
2476.316
2476.530
2476.744
2476.958
2477.172
2477.386
2478.137
2478.359
2478.580
2478.802
2479.024
2479.910
2480.132
2480.354
2480.575
2480.797
2481.684
2481.905
2482.127
2482.349
2483.457
2483.679
2507.691
2508.549
2509.407
2510.264
2511.122
2511.980
2512.838
2513.695
2514.553
2515.411
2516.268
2517.126
2517.984
2518.842
2519.699
2520.557
2521.415
2522.273
2523.130
2523.988
2524.846
2525.704
2526.561
2527.419
2528.277
2529.135
2529.992
2530.850
2531.708
2532.566
2533.423
2534.281
2535.139
2535.997
2536.854
2537.712
2538.570
2539.427
2540.285
2541.143
2542.001
2542.858
2543.716
2544.574
2545.432
2546.289
2547.095
2547.524
2547.953
2548.383
2548.812
2549.241
2549.670
2550.099
2550.528
2550.958
2551.387
2551.816
2552.245
2552.674
2553.103
2553.532
2553.962
2554.391
2554.820
2555.249
2555.678
2556.107
2556.536
2556.966
2557.395
2557.824
2558.253
2558.682
2559.111
2559.540
2559.970
2560.399
2574.341
2574.555
2574.769
2574.984
2575.198
2575.412
2575.626
2575.840
2576.055
2576.269
2576.483
2576.697
2576.911
2577.126
2577.340
2577.554
2577.768
2577.982
2578.197
2578.411
2578.625
2578.839
2579.054
2579.268
2579.482
2579.696
2579.910
2580.125
2580.339
2580.553
2580.767
2580.981
2581.196
2581.410
2581.624
2581.838
2582.052
2582.267
2582.481
2582.695
2582.909
2583.123
2583.338
2583.552
2583.766
2583.980
2584.194
2584.409
2584.623
2584.837
2585.051
2585.265
2585.480
2585.694
2585.908
2586.122
2586.337
2586.551
2586.765
2586.979
2587.193
2587.408
2587.622
2587.836
2588.050
2588.264
2588.479
2588.693
2588.907
2589.121
2589.335
2589.550
2589.764
2589.978
2590.192
2590.406
2590.621
2590.835
2591.049
2591.263
2591.477
2591.692
2591.906
2592.120
2592.334
2592.548
2592.763
2592.977
2593.191
2593.405
2593.619
2593.834
2594.048
2594.262
2594.476
2594.691
2594.905
2595.119
2595.333
2595.547
2595.762
2595.976
2596.190
2596.404
2596.618
2596.833
2597.047
2597.261
2597.475
2597.689
2597.904
2598.118
2598.332
2598.546
2598.760
2598.975
2599.189
2599.403
2599.617
2599.831
2601.773
2602.202
2602.631
2603.059
2603.488
2603.916
2604.345
2604.774
2605.202
2605.631
2606.060
2606.488
2606.917
2607.345
2607.774
2608.203
2608.631
2609.060
2609.489
2609.917
2610.346
2610.774
2611.203
2611.632
2612.060
2612.489
2612.918
2613.346
2613.775
2614.203
2614.632
2615.061
2615.489
2615.918
2616.347
2616.775
2617.204
2617.632
2618.061
2618.490
2618.918
2619.347
2619.776
2620.204
2620.633
2621.061
2621.490
2621.919
2622.347
2622.776
2623.205
2623.633
2624.062
2624.490
2624.919
2625.348
2625.776
2626.205
2626.634
2627.062
2627.491
2627.920
2628.348
2628.777
2629.205
2642.932
2643.145
2643.359
2643.573
2643.787
2644.001
2644.215
2644.429
2644.642
2644.856
2645.070
2645.284
2645.498
2645.712
2645.926
2646.140
2646.353
2646.567
2646.781
2646.995
2647.209
2647.423
2647.637
2647.850
2648.064
2648.278
2648.492
2648.706
2648.920
2649.134
2649.347
2649.561
2649.775
2649.989
2650.203
2650.417
2650.631
2650.844
2651.058
2651.272
2651.486
2651.700
2651.914
2652.128
2652.341
2652.555
2652.769
2652.983
2653.197
2653.411
2653.625
2653.839
2654.052
2654.266
2654.480
2654.694
2654.908
2655.122
2655.336
2655.549
2656.616
2657.045
2657.475
2657.904
2658.333
2658.762
2659.192
2659.621
2660.050
2660.480
2660.909
2661.338
2661.768
2662.197
2662.626
2663.055
2663.485
2663.914
2664.343
2664.773
2665.202
2665.631
2666.061
2666.490
2666.919
2667.348
2667.778
2668.207
2668.636
2669.066
2669.495
2669.924
2670.354
2670.568
2670.782
2670.996
2671.211
2671.425
2671.639
2671.853
2672.068
2672.282
2672.496
2672.711
2672.925
2673.139
2673.353
2673.568
2673.782
2673.996
2674.211
2674.425
2674.639
2674.853
2675.068
2675.282
2675.496
2675.711
2675.925
2676.139
2676.353
2676.568
2676.782
2676.996
2677.210
2677.425
2677.639
2677.853
2678.068
2678.282
2678.496
2678.710
2678.925
2679.139
2679.353
2679.568
2679.782
2679.996
2680.210
2680.425
2680.639
2680.853
2681.068
2681.282
2681.496
2681.710
2681.925
2682.139
2682.353
2682.568
2682.782
2682.996
2683.210
2683.425
2683.639
2683.853
2684.067
2684.282
2684.496
2684.710
2684.925
2685.139
2685.353
2685.567
2685.782
2685.996
2686.210
2686.425
2686.639
2686.853
2687.067
2687.282
2687.496
2687.710
2687.925
2688.139
2688.353
2688.567
2688.782
2688.996
2689.210
2689.424
2689.639
2689.853
2690.067
2690.282
2690.496
2690.710
2690.924
2691.139
2691.353
2691.567
2691.782
2691.996
2692.210
2692.424
2692.639
2692.853
2693.067
2693.282
2693.496
2693.710
2693.924
2694.139
2694.353
2694.567
2694.781
2694.996
2695.210
2695.424
2695.639
2695.853
2696.067
2696.281
2696.496
2696.710
2696.924
2697.139
2697.353
2697.567
2725.123
2725.981
2726.838
2727.696
2728.554
2729.411
2730.269
2731.127
2731.984
2732.842
2733.700
2734.557
2735.415
2736.273
2737.130
2737.988
2738.846
2739.275
2739.703
2740.132
2740.561
2740.990
2741.419
2741.847
2742.276
2742.705
2743.134
2743.563
2743.992
2744.420
2744.849
2745.278
2745.707
2746.136
2746.564
2746.993
2747.422
2747.851
2748.280
2748.709
2749.137
2749.566
2749.995
2750.424
2750.853
2751.282
2751.710
2752.139
2752.568
2759.479
2759.693
2759.907
2760.122
2760.336
2760.550
2760.764
2760.979
2761.193
2761.407
2761.622
2761.836
2762.050
2762.264
2762.479
2762.693
2762.907
2763.121
2763.336
2763.550
2763.764
2763.978
2764.193
2764.407
2764.621
2764.835
2765.050
2765.264
2765.478
2765.693
2765.907
2766.121
2766.335
2766.550
2766.764
2766.978
2767.192
2767.407
2767.621
2767.835
2768.049
2768.264
2768.478
2768.692
2768.906
2769.121
2769.335
2769.549
2769.764
2769.978
2770.192
2770.406
2770.621
2770.835
2771.049
2771.263
2771.478
2771.692
2771.906
2772.120
2772.335
2772.549
2772.763
2772.978
2773.192
2773.406
2773.620
2773.835
2774.049
2774.263
2774.477
2774.692
2774.906
2775.120
2775.334
2775.549
2775.763
2775.977
2776.191
2776.406
2776.620
2776.834
2777.049
2777.263
2777.477
2777.691
2777.906
2778.120
2778.334
2778.548
2778.763
2778.977
2779.191
2779.405
2779.620
2779.834
2780.048
2780.262
2780.477
2780.691
2780.905
2781.120
2781.334
2781.548
2781.762
2781.977
2782.191
2782.405
2782.619
2782.834
2783.048
2783.262
2788.603
2789.459
2790.316
2791.173
2792.029
2792.886
2793.742
2794.599
2795.455
2796.312
2797.168
2798.025
2798.881
2799.738
2800.594
2801.451
2802.307
2802.735
2803.163
2803.590
2804.018
2804.446
2804.874
2805.301
2805.729
2806.157
2806.585
2807.012
2807.440
2807.868
2808.296
2808.723
2809.151
2809.579
2810.007
2810.434
2810.862
2811.290
2811.718
2812.145
2812.573
2813.001
2813.429
2813.856
2814.284
2828.055
2828.269
2828.484
2828.699
2828.913
2829.128
2829.343
2829.557
2829.772
2829.987
2830.201
2830.416
2830.630
2830.845
2831.060
2831.274
2831.489
2831.704
2831.918
2832.133
2832.348
2832.562
2832.777
2832.992
2833.206
2833.421
2833.635
2833.850
2834.065
2834.279
2834.494
2834.709
2834.923
2835.138
2835.353
2835.567
2835.782
2835.996
2836.211
2836.426
2836.640
2836.855
2837.070
2837.284
2837.499
2837.714
2837.928
2838.143
2838.357
2838.572
2838.787
2839.001
2839.216
2839.431
2839.645
2839.860
2840.075
2840.289
2840.504
2840.719
2840.933
2841.148
2841.362
2841.577
2841.792
2842.006
2842.221
2842.436
2842.650
2842.865
2843.080
2843.294
2843.509
2843.723
2843.938
2844.153
2844.367
2844.582
2844.797
2845.011
2845.226
2845.441
2845.655
2845.870
2846.084
2846.299
2846.514
2846.728
2846.943
2847.158
2847.372
2847.587
2847.802
2848.016
2848.231
2848.445
2848.660
2848.875
2849.089
2849.304
2849.519
2849.733
2849.948
2850.163
2850.377
2850.592
2850.807
2851.021
2851.236
2851.450
2851.665
2851.880
2852.094
2852.309
2852.524
2852.738
2852.953
2853.168
2853.382
2853.597
2853.811
2854.026
2854.241
2854.455
2854.670
2854.885
2855.099
2855.314
2855.529
2855.899
2856.327
2856.756
2857.184
2857.612
2858.040
2858.469
2858.897
2859.325
2859.754
2860.182
2860.610
2861.039
2861.467
2861.895
2862.324
2862.752
2863.180
2863.608
2864.037
2864.465
2864.893
2865.322
2865.750
2866.178
2866.607
2867.035
2867.463
2867.891
2868.320
2868.748
2869.176
2869.605
2870.033
2870.461
2870.890
2871.318
2871.746
2872.175
2872.603
2873.031
2873.459
2873.888
2874.316
2874.744
2875.173
2875.601
2876.029
2876.458
2876.886
2877.314
2877.743
2878.171
2878.599
2879.027
2879.456
2879.884
2880.312
2880.741
2881.169
2881.597
2882.026
2882.454
2882.882
2935.594
2941.387
2947.180
2952.973
2958.767
2964.560
2970.353
2976.146
2981.939
2987.732
2993.525
2999.318
3005.111
3010.904
3016.698
3022.491
3028.284
3033.107
3033.591
3035.042
3035.525
3036.976
3037.460
3038.910
3039.394
3040.845
3041.328
3042.779
3043.263
3044.713
3045.197
3046.648
3047.131
3048.582
3049.066
3050.517
3051.000
3052.451
3052.934
3054.385
3054.869
3056.320
3056.803
3058.254
3058.738
3060.188
3060.672
3062.123
3062.606
3064.057
3064.541
3065.991
3066.475
3068.059
3068.542
3069.025
3069.992
3070.475
3070.958
3071.925
3072.408
3072.892
3073.858
3074.341
3074.825
3075.791
3076.275
3076.758
3077.725
3078.208
3078.691
3079.658
3080.141
3080.624
3081.591
3082.074
3082.557
3083.524
3084.007
3084.491
3085.457
3085.941
3086.424
3087.390
3087.874
3088.357
3089.324
3089.807
3090.290
3091.257
3091.740
3092.223
3093.190
3093.673
3094.157
3095.123
3095.607
3096.090
3097.056
3097.540
3098.023
3098.990
3099.473
3099.956
3100.923
3101.406
3101.889
3102.856
3103.339
3103.823
3104.789
3105.272
3105.756
3106.722
3107.206
3107.689
3108.656
3109.139
3109.622
3110.589
3111.072
3111.555
3112.522
3113.005
3113.488
3114.455
3114.938
3115.422
3116.388
3116.872
3117.355
3118.321
3118.805
3119.288
3120.255
3120.738
3121.221
3122.188
3122.671
3123.154
3124.121
3124.604
3125.088
3126.054
3126.538
3127.021
3127.987
3128.471
3128.954
3134.751
3140.549
3146.346
3152.144
3157.941
3163.906
3164.390
3164.874
3165.359
3165.843
3166.327
3166.812
3167.296
3167.780
3168.265
3168.749
3169.233
3169.718
3170.202
3170.686
3171.171
3171.655
3172.139
3172.624
3173.108
3173.592
3174.077
3174.561
3175.045
3175.530
3176.014
3176.498
3176.983
3177.467
3177.952
3178.436
3178.920
3179.405
3179.889
3180.373
3180.858
3181.342
3181.826
3182.311
3182.795
3183.279
3183.764
3184.248
3184.732
3185.217
3185.701
3186.185
3186.670
3187.154
3187.638
3188.123
3188.607
3189.091
3189.576
3190.060
3190.544
3191.029
3191.513
3192.096
3192.580
3194.031
3194.514
3195.965
3196.449
3197.900
3198.383
3199.834
3200.318
3201.769
3202.253
3203.703
3204.187
3205.638
3206.122
3207.573
3208.056
3209.507
3209.991
3211.442
3211.925
3213.376
3213.860
3215.311
3215.794
3217.245
3217.729
3219.180
3219.663
3221.114
3221.598
3223.049
3223.533
3224.983
3225.467
3227.052
3227.536
3228.019
3228.987
3229.470
3229.954
3230.921
3231.405
3231.889
3232.856
3233.340
3233.823
3234.791
3235.274
3235.758
3236.725
3237.209
3237.693
3238.660
3239.144
3239.627
3240.595
3241.078
3241.562
3242.529
3243.013
3243.497
3244.464
3244.948
3245.431
3246.399
3246.882
3247.366
3248.333
3248.817
3249.301
3250.268
3250.752
3251.236
3252.203
3252.687
3253.170
3254.138
3254.621
3255.105
3256.072
3256.556
3257.040
3258.007
3258.491
3258.974
3259.942
3260.425
3260.909
3261.876
3262.360
3262.844
3263.811
3264.295
3264.778
3265.746
3266.229
3266.713
3267.680
3268.164
3268.648
3269.615
3270.099
3270.582
3271.550
3272.033
3272.517
3273.484
3273.968
3274.452
3275.419
3275.903
3276.386
3277.354
3277.837
3278.321
3279.288
3279.772
3280.256
3281.223
3281.711
3282.199
3283.175
3283.663
3284.151
3285.360
3285.845
3286.330
3286.814
3287.299
3287.784
3288.268
3288.753
3289.238
3289.723
3290.207
3290.692
3291.177
3291.661
3292.146
3292.631
3293.115
3293.600
3294.085
3294.569
3295.054
3295.539
3296.024
3296.508
3296.993
3297.478
3297.962
3298.447
3299.041
3299.282
3299.524
3299.766
3300.008
3300.250
3300.492
3300.734
3300.976
3301.218
3301.460
3301.702
3301.943
3302.185
3302.427
3302.669
3302.911
3303.153
3303.395
3303.637
3303.879
3304.121
3304.363
3304.604
3304.846
3305.088
3305.330
3305.572
3305.814
3306.056
3306.298
3306.540
3306.782
3307.024
3307.265
3307.507
3307.749
3307.991
3308.233
3308.475
3308.717
3308.959
3309.201
3309.443
3309.685
3309.926
3310.168
3310.410
3310.652
3310.894
3311.136
3311.378
3311.620
3311.862
3312.104
3312.346
3312.587
3312.829
3313.071
3313.313
3313.555
3313.797
3314.039
3314.281
3314.523
3314.765
3315.007
3315.248
3315.490
3315.732
3315.974
3316.216
3316.458
3316.700
3316.942
3317.184
3317.426
3317.668
3317.909
3318.151
3318.393
3318.635
3318.877
3319.119
3319.361
3319.603
3319.845
3320.087
3320.328
3320.570
3320.812
3321.054
3321.296
3321.538
3321.780
3322.022
3322.264
3322.506
3322.748
3322.989
3323.231
3323.473
3323.715
3323.957
3324.199
3324.441
3324.683
3324.925
3325.167
3325.409
3325.650
3325.892
3326.134
3326.376
3326.618
3326.860
3332.658
3338.455
3344.252
3350.050
3355.847
3362.104
3362.588
3364.040
3364.524
3365.976
3366.460
3367.912
3368.396
3369.848
3370.332
3371.784
3372.268
3373.721
3374.205
3375.657
3376.141
3377.593
3378.077
3379.529
3380.013
3381.465
3381.949
3383.401
3383.886
3385.338
3385.822
3387.274
3387.758
3389.210
3389.694
3391.146
3391.630
3393.082
3393.566
3395.018
3395.503
3396.972
3397.455
3397.939
3398.423
3398.907
3399.390
3399.874
3400.358
3400.842
3401.325
3401.809
3402.293
3402.777
3403.260
3403.744
3404.228
3404.712
3405.195
3405.679
3406.163
3406.647
3407.130
3407.614
3408.098
3408.582
3409.065
3409.549
3410.033
3410.516
3411.000
3411.484
3411.968
3412.451
3412.935
3413.419
3413.903
3414.386
3414.870
3415.354
3415.838
3416.321
3416.805
3417.289
3417.773
3418.256
3418.740
3419.224
3419.708
3420.191
3420.675
3421.159
3421.642
3422.126
3422.610
3423.094
3423.577
3424.061
3424.558
3424.800
3425.042
3425.284
3425.526
3425.768
3426.010
3426.252
3426.494
3426.736
3426.978
3427.220
3427.462
3427.705
3427.947
3428.189
3428.431
3428.673
3428.915
3429.157
3429.399
3429.641
3429.883
3430.125
3430.367
3430.609
3430.851
3431.093
3431.335
3431.577
3431.819
3432.061
3432.303
3432.545
3432.787
3433.029
3433.271
3433.513
3433.755
3433.997
3434.239
3434.481
3434.723
3434.965
3435.207
3435.449
3435.692
3435.934
3436.176
3436.418
3436.660
3436.902
3437.144
3437.386
3437.628
3437.870
3438.112
3438.354
3438.596
3438.838
3439.080
3439.322
3439.564
3439.806
3440.048
3440.290
3440.532
3440.774
3441.016
3441.258
3441.500
3441.742
3441.984
3442.226
3442.468
3442.710
3442.952
3443.194
3443.436
3443.679
3443.921
3444.163
3444.405
3444.647
3444.889
3445.131
3445.373
3445.615
3445.857
3446.099
3446.341
3446.583
3446.825
3447.067
3447.309
3447.551
3447.793
3448.035
3448.277
3448.519
3448.761
3449.003
3449.245
3449.487
3449.729
3449.971
3450.213
3450.455
3450.697
3450.939
3451.181
3451.424
3451.666
3451.908
3452.150
3452.458
3458.241
3464.039
3469.836
3478.345
3478.587
3478.829
3479.072
3479.314
3479.556
3479.799
3480.041
3480.283
3480.526
3480.768
3481.010
3481.253
3481.495
3481.738
3481.980
3482.222
3482.465
3482.707
3482.949
3483.192
3483.434
3483.676
3483.919
3484.161
3484.403
3484.646
3484.888
3485.130
3485.373
3485.615
3485.857
3486.100
3486.342
3486.584
3486.827
3487.069
3487.311
3487.554
3487.796
3488.038
3488.281
3488.523
3488.766
3489.008
3489.250
3489.493
3489.735
3489.977
3490.220
3490.462
3490.704
3490.947
3491.189
3491.431
3491.674
3491.916
3492.158
3492.401
3492.643
3492.885
3493.128
3493.370
3493.612
3493.855
3494.097
3494.339
3494.582
3494.824
3495.066
3495.309
3495.551
3495.793
3496.036
3496.278
3496.521
3496.763
3497.005
3497.248
3497.490
3497.732
3497.975
3498.217
3498.459
3498.702
3498.944
3499.186
3499.429
3499.671
3499.913
3500.156
3500.398
3500.640
3500.883
3501.125
3501.367
3501.610
3501.852
3502.094
3502.337
3502.579
3502.821
3503.064
3503.306
3503.549
3503.791
3504.033
3504.276
3504.518
3504.760
3505.003
3505.245
3505.487
3505.730
3505.972
3506.214
3506.457
3506.699
3506.941
3507.184
3507.426
3507.668
3507.911
3508.153
3508.395
3508.638
3508.880
3509.122
3509.365
3509.607
3509.849
3510.092
3510.334
3510.576
3510.819
3511.061
3511.304
3511.546
3511.788
3512.031
3512.273
3512.515
3512.758
3513.000
3513.242
3513.485
3513.727
3513.969
3514.212
3514.454
3514.696
3514.939
3515.181
3515.423
3515.666
3515.908
3516.150
3516.393
3516.635
3516.877
3517.120
3517.362
3517.604
3517.847
3518.089
3518.332
3518.574
3518.816
3519.059
3519.301
3519.543
3519.786
3520.028
3520.270
3520.513
3520.755
3520.997
3521.240
3521.482
3521.724
3521.967
3522.209
3522.451
3522.694
3522.936
3523.178
3523.421
3523.663
3523.905
3524.148
3524.390
3524.632
3524.875
3525.117
3525.359
3525.602
3525.844
3526.087
3526.329
3526.571
3526.814
3527.056
3527.298
3527.541
3527.783
3528.025
3528.268
3528.510
3528.752
3528.995
3529.237
3529.479
3529.722
3529.964
3530.206
3530.449
3530.691
3530.933
3531.176
3531.418
3531.660
3531.903
3532.145
3532.387
3532.630
3532.872
3533.114
3533.357
3533.599
3533.842
3534.084
3534.326
3534.569
3534.811
3535.053
3535.296
3535.538
3535.780
3536.023
3536.265
3536.507
3536.750
3536.992
3537.234
3537.477
3537.719
3537.961
3538.204
3538.446
3538.688
3538.931
3539.173
3539.415
3539.658
3539.900
3540.142
3540.385
3540.627
3540.870
3541.112
3541.354
3541.597
3541.839
3542.081
3542.324
3542.566
3542.808
3543.051
3543.293
3543.535
3543.778
3544.020
3544.262
3544.505
3544.747
3544.989
3545.232
3545.474
3545.716
3545.959
3546.201
3546.443
3546.686
3546.928
3547.170
3547.413
3547.655
3547.897
3548.140
3548.382
3548.625
3548.867
3549.109
3549.352
3549.594
3549.836
3550.079
3550.321
3550.563
3550.806
3551.048
3551.290
3551.533
3551.775
3552.017
3552.260
3552.502
