95.163
95.638
96.112
96.586
97.060
97.535
98.009
98.483
98.957
99.432
99.906
100.380
102.747
103.219
103.690
104.162
104.634
105.106
105.578
106.050
106.522
106.994
107.465
107.937
108.409
108.881
109.353
109.825
110.297
110.769
111.240
111.712
112.184
112.656
113.128
113.600
114.072
114.544
115.015
115.487
115.959
116.431
116.903
117.375
117.847
118.083
118.320
118.792
119.265
119.738
119.975
120.211
120.684
121.157
121.630
121.866
122.103
122.576
123.049
123.522
123.758
123.995
124.467
124.940
125.413
125.650
125.886
126.359
126.832
127.305
127.541
127.778
128.251
128.724
129.197
129.433
129.670
130.142
130.615
131.088
131.325
131.561
132.034
132.507
132.980
133.098
133.216
133.334
133.688
133.924
134.160
134.396
134.869
134.987
135.105
135.223
135.577
135.813
136.049
136.285
136.757
136.875
136.993
137.111
137.465
137.701
137.937
138.173
138.646
138.764
138.882
139.000
139.354
139.590
139.826
140.062
140.534
140.652
140.770
140.888
141.242
141.478
141.714
141.951
142.423
142.541
142.659
142.777
143.131
143.367
143.603
143.839
144.311
144.429
144.547
144.665
145.019
145.255
145.492
145.728
146.200
146.318
146.436
146.554
146.908
147.144
147.380
147.616
148.088
148.206
148.324
148.442
148.797
149.033
149.269
149.505
149.977
150.095
150.213
150.331
150.685
150.921
151.157
151.393
151.865
151.983
152.101
152.219
152.574
152.810
153.046
153.282
153.754
153.872
153.990
154.108
154.462
154.698
154.934
155.170
155.642
155.760
155.879
155.997
156.351
156.587
156.823
157.059
157.531
157.649
157.767
157.885
158.239
158.475
158.711
158.947
159.420
159.538
159.656
159.774
160.128
160.364
160.600
160.836
161.308
161.426
161.544
161.662
162.016
162.252
162.488
162.724
163.197
163.433
163.669
164.142
164.378
164.614
165.087
165.323
165.559
166.032
166.268
166.504
166.977
167.213
167.449
167.921
168.158
168.394
168.866
169.103
169.339
169.811
170.048
170.284
170.756
170.993
171.229
171.701
171.938
172.174
172.646
172.883
173.119
173.591
173.828
174.064
174.536
174.773
175.009
175.481
175.718
175.954
176.426
176.663
176.899
177.371
177.607
177.844
178.316
178.552
178.789
179.261
179.497
179.734
180.206
180.442
180.679
181.151
181.387
181.624
182.096
182.332
182.569
183.041
183.277
183.514
183.986
184.222
184.459
184.931
185.167
185.404
185.876
186.112
186.349
186.821
187.057
187.293
187.766
188.002
188.238
188.711
188.947
189.183
189.656
189.892
190.128
190.601
190.837
191.073
191.546
191.782
192.018
192.491
192.727
192.963
208.563
209.036
209.508
209.981
210.453
210.925
211.398
211.870
212.342
212.815
213.287
213.760
214.232
214.704
215.177
215.649
216.122
216.594
217.066
217.539
218.011
218.484
218.956
219.428
219.901
220.373
220.846
221.318
221.790
222.263
222.735
223.208
223.680
223.916
224.153
224.389
224.626
224.862
225.099
225.335
225.572
225.808
226.045
226.281
226.517
226.754
226.990
227.227
227.463
227.700
227.936
228.173
228.409
228.646
228.882
229.119
229.355
229.591
229.828
230.064
230.301
230.537
230.774
231.010
231.247
231.483
231.720
231.956
232.192
232.429
232.665
232.902
233.138
233.375
233.611
233.848
234.084
234.321
234.557
234.794
235.030
235.266
235.503
235.739
235.976
236.212
236.449
236.685
236.922
237.158
237.395
237.631
237.867
238.104
238.340
238.576
238.812
239.284
239.756
240.228
240.464
240.700
241.172
241.644
242.116
242.352
242.588
243.060
243.532
244.004
244.240
244.476
244.947
245.419
245.891
246.127
246.363
246.835
247.307
247.779
248.015
248.251
248.723
249.195
249.667
249.903
250.139
250.611
251.083
251.555
251.790
252.026
252.498
252.970
253.442
253.678
253.914
254.373
254.831
255.290
255.748
256.207
256.666
257.124
257.583
258.041
258.500
258.958
259.417
259.875
260.334
260.793
261.251
261.710
262.168
262.627
263.085
263.544
264.003
264.461
264.920
265.378
265.837
266.295
266.754
267.212
267.671
268.130
268.588
269.047
318.497
318.977
319.457
319.937
320.417
320.898
321.378
321.858
322.338
322.819
323.299
323.779
324.259
324.739
325.220
325.700
326.180
326.660
327.140
327.621
328.101
328.581
329.061
329.541
330.022
330.502
330.982
331.462
331.942
332.423
332.903
333.383
333.863
334.344
334.824
335.304
335.784
336.264
336.745
337.225
337.705
338.185
338.665
339.146
339.626
340.106
340.586
341.066
341.547
342.027
342.507
342.987
343.467
343.948
344.428
344.908
345.388
345.869
346.349
346.829
347.309
347.789
348.270
348.750
349.230
349.470
349.710
349.950
350.189
350.669
351.149
351.389
351.628
351.868
352.108
352.588
353.067
353.307
353.547
353.787
354.027
354.507
354.986
355.226
355.466
355.706
355.946
356.425
356.905
357.145
357.385
357.625
357.864
358.344
358.824
359.064
359.303
359.543
359.783
360.263
360.742
360.982
361.222
361.462
361.702
362.182
362.661
362.901
363.141
363.381
363.621
364.100
364.580
364.820
365.060
365.300
365.539
366.019
366.499
366.739
366.978
367.218
367.458
367.938
368.417
368.657
368.897
369.137
369.377
369.857
370.336
370.576
370.816
371.056
371.296
371.775
372.255
372.495
372.735
372.975
373.214
373.694
374.174
374.414
374.653
374.893
375.133
375.613
376.092
376.332
376.572
376.812
377.052
377.532
378.011
378.251
378.491
378.731
378.971
379.450
379.930
380.170
380.410
380.650
380.890
381.130
381.370
381.610
381.850
382.090
382.330
382.570
382.810
383.050
383.290
383.530
383.770
384.010
384.250
384.489
384.729
384.969
385.209
385.449
385.689
385.929
386.169
386.409
386.649
386.889
387.129
387.369
387.609
387.849
388.089
388.329
388.569
388.809
389.049
389.289
389.529
389.769
390.009
390.249
390.489
390.729
390.969
391.209
391.449
391.689
391.929
392.169
392.409
392.649
392.889
393.129
393.369
393.609
393.848
394.088
394.328
394.568
394.808
395.048
395.288
395.528
395.768
396.008
396.248
396.488
396.728
396.968
397.208
397.448
397.688
397.928
398.168
398.408
398.648
398.888
399.128
399.368
399.608
399.848
400.088
400.328
400.568
400.808
401.048
401.288
401.528
401.768
402.008
402.248
402.488
402.728
402.967
403.207
403.447
403.687
403.927
404.167
404.407
404.647
404.887
405.127
405.367
405.607
405.847
406.087
406.327
406.567
406.807
407.047
407.287
407.527
407.767
408.007
408.247
408.487
408.727
408.967
409.207
409.447
409.687
409.927
410.167
410.407
410.647
411.128
411.609
412.090
412.571
413.052
413.533
414.014
414.495
414.976
415.457
415.938
416.419
416.900
417.381
417.862
418.343
418.824
419.305
419.786
420.267
420.748
421.229
421.710
422.191
422.672
423.153
423.634
424.115
424.596
425.077
425.558
426.039
426.520
427.001
427.482
427.963
428.444
428.925
429.406
429.887
430.368
430.850
431.331
431.812
432.293
432.774
433.255
433.736
434.217
434.698
435.179
435.660
436.141
436.622
437.103
437.584
438.065
438.546
439.027
439.508
439.989
440.470
440.951
441.847
442.087
442.327
442.808
443.048
443.289
443.769
444.010
444.250
444.731
444.971
445.211
445.692
445.933
446.173
446.654
446.894
447.134
447.615
447.855
448.096
448.576
448.817
449.057
449.538
449.778
450.018
450.499
450.739
450.980
451.460
451.701
451.941
452.422
452.662
452.902
453.383
453.624
453.864
454.345
454.585
454.825
455.306
455.546
455.787
456.267
456.508
456.748
457.229
457.469
457.709
458.190
458.430
458.671
459.151
459.392
459.632
460.113
460.353
460.593
461.074
461.315
461.555
462.036
462.276
462.516
462.997
463.237
463.478
463.958
464.199
464.439
464.920
465.160
465.400
465.881
466.121
466.362
466.842
467.083
467.323
467.804
468.044
468.284
468.765
469.006
469.246
469.727
469.967
470.207
470.688
470.928
471.169
471.649
471.890
472.130
473.080
474.040
475.000
475.960
476.920
477.880
478.840
479.800
480.760
481.720
482.680
483.640
484.600
485.560
486.520
487.480
488.440
489.400
490.360
491.320
492.279
493.239
494.199
495.159
496.119
497.079
498.039
498.999
499.959
500.919
501.879
502.839
538.830
539.768
540.706
541.644
542.582
543.520
544.459
545.397
546.335
547.273
548.211
549.149
550.087
551.025
551.963
552.432
552.900
553.369
553.838
554.306
554.775
555.243
555.712
556.180
556.649
557.117
557.586
558.055
558.523
558.992
559.460
559.929
560.397
560.866
561.334
561.803
562.272
562.740
563.209
563.677
564.146
564.614
565.083
565.551
566.020
566.488
566.957
567.426
567.894
568.363
568.831
569.300
569.768
570.237
570.705
571.174
571.643
572.111
572.580
573.048
573.517
573.985
574.454
574.922
575.391
575.860
576.328
576.797
580.063
580.298
580.532
580.766
581.001
581.470
581.938
582.173
582.407
582.641
582.876
583.345
583.813
584.048
584.282
584.516
584.751
585.220
585.688
585.923
586.157
586.391
586.626
587.095
587.563
587.798
588.032
588.266
588.501
588.970
589.438
589.673
589.907
590.141
590.376
590.845
591.313
591.548
591.782
592.016
592.251
592.720
593.188
593.423
593.657
593.891
594.126
594.595
595.063
595.298
595.532
595.766
596.001
596.470
596.938
597.173
597.407
597.641
597.876
598.345
598.813
599.048
599.282
599.516
599.751
600.220
600.688
600.923
601.157
601.391
601.626
602.095
602.564
603.033
603.502
603.971
604.440
604.909
605.378
605.848
606.317
606.786
607.255
607.724
608.193
608.662
609.131
609.600
610.069
610.538
611.007
611.477
611.946
612.415
612.884
613.353
613.822
614.291
614.760
615.229
615.698
616.167
616.636
617.106
617.575
618.044
618.513
618.982
619.451
619.920
620.389
620.858
621.327
621.796
622.265
622.735
623.204
623.673
624.142
624.611
625.080
628.830
629.064
629.298
629.532
629.766
630.001
630.235
630.469
630.703
630.937
631.171
631.405
631.639
631.873
632.107
632.342
632.576
632.810
633.044
633.278
633.512
633.746
633.980
634.214
634.448
634.683
634.917
635.151
635.385
635.619
635.853
636.087
636.321
636.555
636.789
637.024
637.258
637.492
637.726
637.960
638.194
638.428
638.662
638.896
639.131
639.365
639.599
639.833
640.067
640.301
640.535
640.769
641.003
641.237
641.472
641.706
641.940
642.174
642.408
642.642
642.876
643.110
643.344
643.578
643.813
644.047
644.513
644.748
644.982
645.451
645.920
646.389
646.623
646.858
647.327
647.796
648.264
648.499
648.733
649.202
649.671
650.140
650.374
650.609
651.078
651.547
652.016
652.250
652.484
652.953
653.422
653.891
654.126
654.360
654.829
655.298
655.767
656.001
656.236
656.704
657.173
657.642
657.877
658.111
658.580
659.280
659.748
660.217
660.685
661.153
661.621
662.090
662.558
663.026
663.495
663.963
664.431
664.899
665.368
665.836
666.304
666.772
667.241
667.709
668.177
668.646
669.114
669.582
670.050
670.519
670.987
671.455
671.924
672.392
672.860
673.328
673.797
676.630
676.864
677.099
677.333
677.568
678.036
678.505
678.740
678.974
679.208
679.443
679.912
680.380
680.615
680.849
681.083
681.318
681.787
682.255
682.490
682.724
682.959
683.193
683.662
684.131
684.365
684.599
684.834
685.068
685.537
686.006
686.240
686.475
686.709
686.943
687.412
687.881
688.115
688.350
688.584
688.818
689.287
689.756
689.990
690.225
690.459
690.694
691.162
691.631
691.866
692.100
692.334
692.569
693.038
693.506
693.741
693.975
694.210
694.444
694.913
695.382
695.616
695.850
696.085
696.319
696.788
697.257
697.491
697.725
697.960
698.194
698.663
699.132
699.366
699.601
699.835
700.069
700.538
701.007
701.241
701.476
701.710
701.945
702.413
763.363
764.239
765.115
765.991
766.866
767.742
768.618
769.494
770.370
771.245
772.121
772.997
773.873
774.748
775.624
776.500
777.376
778.252
779.127
780.003
780.879
781.755
782.631
783.506
784.382
785.258
786.134
787.009
787.885
788.761
789.637
790.513
791.388
792.264
793.140
794.016
794.891
795.767
796.643
797.519
798.395
799.270
800.146
801.022
801.898
802.773
803.649
804.525
805.401
806.277
807.152
808.028
808.904
809.780
810.656
811.531
812.407
813.283
814.159
815.034
815.910
816.786
817.662
818.538
819.413
819.851
820.289
820.727
821.165
821.602
822.040
822.478
822.916
823.354
823.792
824.229
824.667
825.105
825.543
825.981
826.419
826.856
827.294
827.732
828.170
828.608
829.046
829.483
829.921
830.359
830.797
831.235
831.673
832.110
832.548
832.986
833.424
833.862
834.299
834.737
835.175
835.613
836.051
836.489
836.926
837.364
837.802
838.240
838.678
839.116
839.553
839.991
840.429
840.867
841.305
841.743
842.180
842.618
843.056
843.494
843.932
844.370
844.807
845.245
845.683
846.121
846.559
846.997
847.434
847.872
848.310
848.748
849.186
849.623
850.061
850.499
850.937
851.375
851.813
852.250
852.688
853.126
853.564
854.002
854.440
854.877
855.315
855.753
856.191
856.629
857.067
857.504
857.942
858.380
858.818
859.256
859.694
860.131
860.569
861.007
861.445
861.883
862.321
862.758
863.196
863.634
864.072
864.510
864.947
865.385
865.823
866.261
866.699
867.137
867.574
868.012
868.450
868.888
869.326
869.764
870.201
870.639
871.077
871.515
871.953
872.391
872.828
873.266
873.704
874.142
874.580
875.018
875.455
875.893
876.331
876.769
877.207
877.645
878.082
878.520
878.958
879.396
879.834
880.271
880.709
881.147
881.585
882.023
882.461
882.898
883.336
883.774
884.212
884.650
885.088
885.525
885.963
886.401
886.839
887.277
887.715
888.152
888.590
889.028
889.466
889.904
890.342
890.779
891.217
891.655
892.093
892.531
892.969
893.406
893.844
894.282
894.720
895.158
895.595
896.033
896.471
896.909
897.347
897.785
898.222
898.660
899.098
899.536
899.974
900.412
900.849
901.287
901.725
902.163
902.601
903.039
903.476
931.547
931.765
931.984
932.203
932.422
932.641
932.860
933.078
933.297
933.516
933.735
933.954
934.173
934.391
934.610
934.829
935.048
935.267
935.486
935.704
935.923
936.142
936.361
936.580
936.798
937.017
937.236
937.455
937.674
937.893
938.111
938.330
938.549
938.768
938.987
939.206
939.424
939.643
939.862
940.081
940.300
940.518
940.737
940.956
941.175
941.394
941.613
941.831
942.050
942.269
942.488
942.707
942.926
943.144
943.363
943.582
943.801
944.020
944.238
944.457
944.676
944.895
945.114
945.333
945.551
945.770
945.989
946.208
946.427
946.646
946.864
947.083
947.302
947.521
947.740
947.958
948.177
948.396
948.615
948.834
949.053
949.271
949.490
949.709
949.928
950.147
950.366
950.584
950.803
951.022
951.241
951.460
951.679
951.897
952.116
952.335
952.554
952.773
952.991
953.210
953.429
953.648
953.867
954.086
954.304
954.523
954.742
954.961
955.180
955.399
955.617
955.836
956.055
956.274
956.493
956.711
956.930
957.149
957.368
957.587
957.806
958.024
958.243
958.462
958.681
958.900
959.119
959.337
959.556
959.775
959.994
960.213
960.431
960.650
960.869
961.088
961.307
961.526
961.744
961.963
962.182
962.401
962.620
962.839
963.057
963.276
963.495
963.714
963.933
964.152
964.370
964.589
964.808
965.027
965.246
965.464
965.683
965.902
966.121
966.340
966.559
966.777
966.996
967.215
967.434
967.653
967.872
968.090
968.309
968.528
968.747
968.966
969.184
969.403
969.622
969.841
970.060
970.279
970.497
970.716
970.935
971.154
971.373
971.592
971.810
972.029
972.248
972.467
972.686
972.904
973.123
973.342
973.561
973.780
973.999
974.217
974.436
974.655
974.874
975.093
975.312
975.530
975.749
975.968
976.187
976.406
976.624
976.843
977.062
977.281
977.500
977.719
977.937
978.156
978.375
978.594
978.813
979.032
979.250
979.469
979.688
979.907
980.126
980.345
980.563
1022.970
1023.909
1024.847
1025.785
1026.723
1027.661
1028.599
1029.537
1030.475
1031.413
1032.351
1033.290
1034.228
1035.166
1036.104
1037.042
1037.980
1038.448
1038.683
1039.151
1039.854
1040.322
1040.557
1041.025
1041.728
1042.196
1042.430
1042.899
1043.602
1044.070
1044.304
1044.773
1045.475
1045.944
1046.178
1046.646
1047.349
1047.818
1048.052
1048.520
1049.223
1049.691
1049.926
1050.394
1051.097
1051.565
1051.800
1052.268
1052.971
1053.439
1053.673
1054.142
1054.845
1055.313
1055.547
1056.016
1056.718
1057.187
1057.421
1057.889
1058.592
1059.061
1059.295
1059.763
1060.232
1060.701
1061.170
1061.638
1062.107
1062.576
1063.045
1063.513
1063.982
1064.451
1064.920
1065.388
1065.857
1066.326
1066.795
1067.263
1067.880
1067.997
1068.114
1068.700
1068.935
1069.169
1069.755
1069.872
1069.989
1070.575
1070.809
1071.044
1071.630
1071.747
1071.864
1072.450
1072.684
1072.919
1073.505
1073.622
1073.739
1074.325
1074.559
1074.794
1075.379
1075.497
1075.614
1076.200
1076.434
1076.668
1077.254
1077.372
1077.489
1078.075
1078.309
1078.543
1079.129
1079.246
1079.364
1079.949
1080.184
1080.418
1081.004
1081.121
1081.238
1081.824
1082.059
1082.293
1082.879
1082.996
1083.113
1083.580
1083.814
1084.047
1084.281
1084.515
1084.748
1084.982
1085.216
1085.450
1085.683
1085.917
1086.151
1086.384
1086.618
1086.852
1087.085
1087.319
1087.553
1087.787
1088.020
1088.254
1088.488
1088.721
1088.955
1089.189
1089.422
1089.656
1089.890
1090.123
1090.357
1090.591
1090.825
1091.058
1091.292
1091.526
1091.759
1091.993
1092.227
1092.460
1092.694
1092.928
1093.162
1093.395
1093.629
1093.863
1094.096
1094.330
1094.447
1094.563
1094.680
1094.797
1094.913
1095.030
1095.147
1095.263
1095.380
1095.497
1095.613
1095.730
1095.847
1095.963
1096.080
1096.197
1096.313
1096.430
1096.547
1096.663
1096.780
1096.897
1097.013
1097.980
1098.449
1098.684
1098.919
1099.153
1099.388
1099.857
1100.326
1100.561
1100.796
1101.030
1101.265
1101.734
1102.203
1102.438
1102.673
1102.907
1103.142
1103.611
1104.081
1104.315
1104.550
1104.784
1105.019
1105.488
1105.958
1106.192
1106.427
1106.662
1106.896
1107.365
1107.835
1108.069
1108.304
1108.539
1108.773
1109.242
1109.712
1109.946
1110.181
1110.416
1110.650
1111.120
1111.589
1111.823
1112.058
1112.293
1112.527
1112.997
1113.230
1113.698
1113.931
1114.165
1114.399
1114.866
1115.099
1115.567
1115.800
1116.034
1116.268
1116.735
1116.969
1117.436
1117.670
1117.903
1118.137
1118.604
1118.838
1119.305
1119.539
1119.772
1120.006
1120.473
1120.707
1121.174
1121.408
1121.641
1121.875
1122.342
1122.576
1123.043
1123.277
1123.511
1123.744
1124.211
1124.445
1124.912
1125.146
1125.380
1125.613
1127.980
1128.450
1128.920
1129.389
1129.859
1130.329
1130.799
1131.268
1131.738
1132.208
1132.678
1133.147
1133.617
1134.087
1134.557
1135.026
1135.496
1135.966
1136.436
1136.905
1137.375
1137.845
1138.315
1138.784
1139.254
1139.724
1140.194
1140.663
1142.997
1143.465
1143.699
1144.167
1144.870
1145.338
1145.572
1146.040
1146.742
1147.211
1147.445
1147.913
1148.615
1149.084
1149.318
1149.786
1150.488
1150.957
1151.191
1151.659
1152.361
1152.829
1153.064
1153.532
1154.234
1154.702
1154.937
1155.405
1156.107
1156.575
1156.809
1157.278
1157.980
1158.449
1158.918
1159.388
1159.857
1160.326
1160.795
1161.264
1161.734
1162.203
1162.672
1163.141
1163.610
1164.079
1164.549
1165.018
1165.487
1165.956
1166.425
1166.895
1167.364
1167.833
1168.302
1168.771
1169.241
1169.710
1170.179
1170.648
1171.117
1171.587
1172.056
1172.525
1172.994
1173.463
1173.933
1174.402
1174.871
1175.340
1175.809
1176.278
1176.748
1177.217
1177.686
1178.155
1178.624
1179.094
1179.563
1180.032
1180.501
1180.970
1181.440
1181.909
1182.378
1182.847
1183.316
1183.786
1184.255
1184.724
1185.193
1185.662
1186.132
1186.601
1187.070
1187.539
1188.008
1188.477
1188.947
1190.347
1190.815
1192.220
1192.688
1194.093
1194.561
1195.966
1196.434
1197.839
1198.307
1199.712
1200.180
1201.119
1202.057
1202.996
1203.934
1204.873
1205.812
1206.750
1207.689
1208.627
1209.566
1210.505
1211.443
1212.382
1213.320
1214.259
1215.198
1216.136
1217.075
1218.013
1218.130
1218.247
1218.364
1218.481
1218.597
1218.948
1219.181
1219.415
1219.649
1219.882
1219.999
1220.116
1220.233
1220.350
1220.466
1220.817
1221.050
1221.284
1221.518
1221.751
1221.868
1221.985
1222.102
1222.218
1222.335
1222.686
1222.919
1223.153
1223.387
1223.620
1223.737
1223.854
1223.971
1224.087
1224.204
1224.555
1224.788
1225.022
1225.255
1225.489
1225.606
1225.723
1225.840
1225.956
1226.073
1226.424
1226.657
1226.891
1227.124
1227.358
1227.475
1227.592
1227.708
1227.825
1227.942
1228.293
1228.526
1228.760
1228.993
1229.227
1229.344
1229.461
1229.577
1229.694
1229.811
1230.161
1230.395
1230.629
1230.862
1231.096
1231.213
1231.330
1231.446
1231.563
1231.680
1232.963
1233.198
1233.432
1233.667
1233.901
1234.136
1234.370
1234.605
1234.839
1235.074
1235.308
1235.542
1235.777
1236.011
1236.246
1236.480
1236.715
1236.949
1237.184
1237.418
1237.653
1237.887
1238.122
1238.356
1238.590
1238.825
1239.059
1239.294
1239.528
1239.763
1239.997
1240.232
1240.466
1240.701
1240.935
1241.170
1241.404
1241.638
1241.873
1242.107
1242.342
1242.576
1242.811
1243.045
1243.280
1243.514
1243.749
1243.983
1244.218
1244.452
1244.686
1244.921
1245.155
1245.390
1245.624
1245.859
1246.093
1246.328
1246.562
1246.797
1247.980
1248.214
1248.448
1248.916
1249.384
1249.852
1250.086
1250.320
1250.787
1251.255
1251.723
1251.957
1252.191
1252.659
1253.127
1253.595
1253.829
1254.063
1254.531
1254.999
1255.466
1255.700
1255.934
1256.402
1256.870
1257.338
1257.572
1257.806
1258.274
1258.742
1259.210
1259.444
1259.678
1260.145
1260.613
1262.980
1263.214
1263.448
1263.683
1263.917
1264.151
1264.385
1264.620
1264.854
1265.088
1265.322
1265.556
1265.791
1266.025
1266.259
1266.493
1266.728
1266.962
1267.196
1267.430
1267.665
1267.899
1268.133
1268.367
1268.601
1268.836
1269.070
1269.304
1269.538
1269.773
1270.007
1270.241
1270.475
1270.709
1270.944
1271.178
1271.412
1271.646
1271.881
1272.115
1272.349
1272.583
1272.817
1273.052
1273.286
1273.520
1273.754
1273.989
1274.223
1274.457
1274.691
1274.926
1275.160
1275.394
1275.628
1275.862
1276.097
1277.997
1278.465
1278.934
1279.403
1279.872
1280.340
1280.809
1281.278
1281.746
1282.215
1282.684
1283.153
1283.621
1284.090
1284.559
1285.028
1285.496
1285.965
1286.434
1286.902
1287.371
1287.840
1288.309
1288.777
1289.246
1289.715
1290.184
1290.652
1291.121
1291.590
1292.058
1292.527
1292.996
1293.465
1293.933
1294.402
1294.871
1295.339
1295.808
1296.277
1296.746
1297.214
1297.683
1298.152
1298.621
1299.089
1299.558
1300.027
1300.495
1300.964
1301.433
1301.902
1302.370
1302.839
1303.308
1303.777
1304.245
1304.714
1305.183
1340.463
1340.703
1341.183
1341.663
1342.383
1342.623
1343.103
1343.582
1344.302
1344.542
1345.022
1345.502
1346.222
1346.462
1346.941
1347.421
1348.141
1348.381
1348.861
1349.341
1350.061
1350.300
1350.780
1351.260
1351.980
1352.220
1352.700
1353.180
1353.899
1354.139
1354.619
1355.099
1355.819
1356.059
1356.539
1357.019
1357.738
1357.978
1358.458
1358.938
1359.658
1359.898
1360.378
1360.857
1361.577
1361.817
1362.297
1362.777
1363.497
1363.737
1364.216
1364.696
1365.416
1365.656
1366.136
1366.616
1367.336
1367.575
1368.055
1368.535
1369.255
1369.495
1369.975
1370.455
1371.174
1371.414
1371.894
1372.374
1373.094
1373.334
1373.814
1374.294
1375.013
1375.253
1375.733
1376.213
1376.933
1377.173
1377.653
1378.132
1378.852
1379.092
1379.572
1380.052
1380.772
1381.012
1381.491
1381.971
1382.691
1382.931
1383.411
1383.891
1384.611
1384.850
1385.330
1385.810
1386.530
1387.490
1388.450
1389.410
1390.370
1391.330
1392.290
1393.250
1394.210
1395.170
1396.130
1397.090
1398.050
1399.010
1399.970
1400.930
1401.913
1402.393
1402.872
1403.352
1403.832
1404.311
1404.791
1405.270
1405.750
1406.229
1406.709
1407.189
1407.668
1408.148
1408.627
1409.107
1409.586
1410.066
1410.545
1411.025
1411.505
1411.984
1412.464
1412.943
1413.423
1413.902
1414.382
1414.862
1415.341
1415.821
1416.300
1416.780
1417.259
1417.739
1418.218
1418.698
1419.178
1419.657
1420.137
1420.616
1421.096
1421.575
1422.055
1422.535
1423.014
1423.494
1423.973
1424.453
1424.932
1425.412
1425.892
1426.371
1426.851
1427.330
1427.810
1428.289
1428.769
1429.248
1429.728
1430.208
1430.687
1431.167
1431.646
1432.126
1432.605
1433.085
1433.565
1434.044
1434.524
1435.003
1435.483
1435.962
1436.442
1436.921
1437.401
1437.881
1438.360
1438.840
1439.319
1439.799
1440.278
1440.758
1441.238
1441.717
1442.197
1442.437
1442.677
1443.158
1443.398
1443.638
1444.119
1444.359
1444.599
1445.080
1445.320
1445.560
1446.041
1446.281
1446.521
1447.002
1447.242
1447.482
1447.963
1448.203
1448.443
1448.923
1449.164
1449.404
1449.884
1450.125
1450.365
1450.845
1451.086
1451.326
1451.806
1452.047
1452.287
1452.767
1453.008
1453.248
1453.728
1453.969
1454.209
1454.689
1454.930
1455.170
1455.650
1455.891
1456.131
1456.611
1456.852
1457.092
1457.572
1457.812
1458.053
1458.533
1458.773
1459.014
1459.494
1459.734
1459.975
1460.455
1460.695
1460.936
1461.416
1461.656
1461.897
1463.580
1463.820
1464.060
1464.300
1464.779
1465.019
1465.499
1465.739
1465.978
1466.218
1466.698
1466.938
1467.417
1467.657
1467.897
1468.137
1468.617
1468.857
1469.336
1469.576
1469.816
1470.056
1470.535
1470.775
1471.255
1471.495
1471.735
1471.975
1472.454
1472.694
1473.174
1473.414
1473.653
1473.893
1474.373
1474.613
1475.092
1475.332
1475.572
1475.812
1476.292
1476.532
1477.011
1477.251
1477.491
1477.731
1478.210
1478.450
1478.930
1479.411
1480.854
1481.335
1482.778
1483.259
1484.702
1485.183
1486.627
1487.108
1488.551
1489.032
1490.475
1490.956
1492.399
1492.880
1494.080
1494.320
1494.560
1494.800
1495.040
1495.279
1495.519
1495.759
1495.999
1496.239
1496.479
1496.719
1496.959
1497.199
1497.439
1497.678
1497.918
1498.158
1498.398
1498.638
1498.878
1499.118
1499.358
1499.598
1499.837
1500.077
1500.317
1500.557
1500.797
1501.037
1501.277
1501.517
1501.757
1501.997
1502.236
1502.476
1502.716
1502.956
1503.196
1503.436
1503.676
1503.916
1504.156
1504.395
1504.635
1504.875
1505.115
1505.355
1505.595
1505.835
1506.075
1506.315
1506.555
1506.794
1507.034
1507.274
1507.514
1507.754
1507.994
1508.234
1508.474
1508.714
1508.953
1509.193
1509.433
1509.673
1509.913
1510.153
1510.393
1510.633
1510.873
1511.113
1511.352
1511.592
1511.832
1512.072
1512.312
1512.552
1512.792
1513.032
1513.272
1513.511
1513.751
1513.991
1514.231
1514.471
1514.711
1514.951
1515.191
1515.431
1515.671
1515.910
1516.150
1516.390
1516.630
1516.870
1517.110
1517.350
1517.590
1517.830
1518.069
1518.309
1518.549
1518.789
1519.029
1519.269
1519.509
1519.749
1519.989
1520.229
1520.468
1520.708
1520.948
1521.188
1521.428
1521.668
1521.908
1522.148
1522.388
1522.627
1522.867
1523.107
1523.347
1523.587
1523.827
1524.067
1524.307
1524.547
1584.497
1584.965
1585.434
1585.903
1586.372
1586.840
1587.309
1587.778
1588.246
1588.715
1589.184
1589.653
1590.121
1590.590
1591.059
1591.527
1591.996
1592.465
1592.934
1593.402
1593.871
1594.340
1594.808
1595.277
1595.746
1596.215
1596.683
1597.152
1597.621
1598.089
1598.558
1599.027
1599.496
1599.964
1600.433
1600.902
1601.371
1601.839
1602.308
1602.777
1603.245
1603.714
1604.183
1604.652
1605.120
1605.589
1606.058
1606.526
1606.995
1607.464
1607.933
1608.401
1608.870
1609.339
1609.807
1610.276
1610.745
1611.214
1611.682
1612.151
1612.620
1613.088
1613.557
1614.026
1614.495
1614.963
1615.197
1615.432
1615.666
1615.900
1616.368
1616.837
1617.071
1617.305
1617.539
1617.773
1618.242
1618.710
1618.944
1619.178
1619.412
1619.647
1620.115
1620.583
1620.817
1621.052
1621.286
1621.520
1621.988
1622.457
1622.691
1622.925
1623.159
1623.393
1623.862
1624.330
1624.564
1624.798
1625.032
1625.267
1625.735
1626.203
1626.437
1626.672
1626.906
1627.140
1627.608
1628.077
1628.311
1628.545
1628.779
1629.013
1632.730
1632.964
1633.199
1633.433
1633.668
1633.902
1634.137
1634.371
1634.606
1634.840
1635.075
1635.309
1635.544
1635.778
1636.013
1636.247
1636.482
1636.716
1636.951
1637.185
1637.420
1637.654
1637.889
1638.123
1638.358
1638.592
1638.827
1639.061
1639.296
1639.530
1639.765
1639.999
1640.234
1640.468
1640.703
1640.937
1641.172
1641.406
1641.641
1641.875
1642.109
1642.344
1642.578
1642.813
1643.047
1643.282
1643.516
1643.751
1643.985
1644.220
1644.454
1644.689
1644.923
1645.158
1645.392
1645.627
1645.861
1646.096
1646.330
1646.565
1646.799
1647.034
1647.268
1647.503
1647.737
1647.972
1648.206
1648.441
1648.675
1648.910
1649.144
1649.379
1649.613
1649.848
1650.082
1650.317
1650.551
1650.786
1651.020
1651.254
1651.489
1651.723
1651.958
1652.192
1652.427
1652.661
1652.896
1653.130
1653.365
1653.599
1653.834
1654.068
1654.303
1654.537
1654.772
1655.006
1655.241
1655.475
1655.710
1655.944
1656.179
1656.413
1656.648
1656.882
1657.117
1657.351
1657.586
1657.820
1658.055
1658.289
1658.524
1658.758
1658.993
1659.227
1659.462
1659.696
1659.931
1660.165
1660.399
1660.634
1660.868
1661.103
1661.337
1661.572
1661.806
1662.041
1662.275
1662.510
1662.744
1662.979
1663.213
1666.980
1667.449
1667.917
1668.386
1668.855
1669.324
1669.792
1670.261
1670.730
1671.199
1671.667
1672.136
1672.605
1673.074
1673.542
1674.011
1674.480
1674.949
1675.417
1675.886
1676.355
1676.824
1677.292
1677.761
1678.230
1678.699
1679.167
1679.636
1680.105
1680.574
1681.042
1681.511
1681.980
1682.449
1682.917
1683.386
1683.855
1684.324
1684.792
1685.261
1685.730
1686.199
1686.667
1687.136
1687.605
1688.074
1688.542
1689.011
1689.480
1689.949
1690.417
1690.886
1691.355
1691.824
1692.292
1692.761
1693.230
1693.699
1694.167
1694.636
1695.105
1695.574
1696.042
1696.511
1696.980
1697.213
1697.331
1697.448
1697.565
1697.682
1697.800
1698.152
1698.386
1698.621
1698.855
1699.090
1699.207
1699.324
1699.442
1699.559
1699.676
1700.028
1700.263
1700.497
1700.732
1700.966
1701.084
1701.201
1701.318
1701.435
1701.553
1701.904
1702.139
1702.374
1702.608
1702.843
1702.960
1703.077
1703.195
1703.312
1703.429
1703.781
1704.016
1704.250
1704.485
1704.719
1704.836
1704.954
1705.071
1705.188
1705.306
1705.657
1705.892
1706.127
1706.361
1706.596
1706.713
1706.830
1706.947
1707.065
1707.182
1707.534
1707.768
1708.003
1708.238
1708.472
1708.589
1708.707
1708.824
1708.941
1709.059
1709.410
1709.645
1709.879
1710.114
1710.349
1710.466
1710.583
1710.700
1710.818
1710.935
1711.287
1711.521
1711.756
1711.990
1712.225
1712.342
1712.460
1712.577
1712.694
1712.811
1713.163
1713.398
1713.632
1713.867
1714.101
1714.219
1714.336
1714.453
1714.571
1714.688
1715.040
1715.274
1715.509
1715.743
1715.978
1716.095
1716.213
1716.330
1716.447
1716.564
1716.916
1717.151
1717.385
1717.620
1717.854
1717.972
1718.089
1718.206
1718.324
1718.441
1718.793
1719.027
1719.262
1719.496
1719.731
1719.848
1719.965
1720.083
1720.200
1720.317
1720.669
1720.904
1721.138
1721.373
1721.607
1721.725
1721.842
1721.959
1722.076
1722.194
1722.546
1722.780
1723.015
1723.249
1723.484
1723.601
1723.718
1723.836
1723.953
1724.070
1724.422
1724.657
1724.891
1725.126
1725.360
1725.478
1725.595
1725.712
1725.829
1725.947
1730.113
1730.230
1730.346
1730.463
1730.579
1730.696
1730.813
1730.929
1731.046
1731.162
1731.279
1731.395
1731.512
1731.628
1731.745
1731.861
1731.978
1732.094
1732.211
1732.328
1732.444
1732.561
1732.677
1732.794
1732.910
1733.027
1733.143
1733.260
1733.376
1733.493
1733.609
1733.726
1733.843
1733.959
1734.076
1734.192
1734.309
1734.425
1734.542
1734.658
1734.775
1734.891
1735.008
1735.124
1735.241
1735.358
1735.474
1735.591
1735.707
1735.824
1735.940
1736.057
1736.173
1736.290
1736.406
1736.523
1736.639
1736.756
1736.873
1736.989
1737.106
1737.222
1737.339
1737.455
1737.572
1737.688
1737.805
1737.921
1738.038
1738.154
1738.271
1738.388
1738.504
1738.621
1738.737
1738.854
1738.970
1739.087
1739.203
1739.320
1739.436
1739.553
1739.669
1739.786
1739.903
1740.019
1740.136
1740.252
1740.369
1740.485
1740.602
1740.718
1740.835
1740.951
1741.068
1741.184
1741.301
1741.418
1741.534
1741.651
1741.767
1741.884
1742.000
1742.117
1742.233
1742.350
1742.466
1742.583
1742.699
1742.816
1742.933
1743.049
1743.166
1743.282
1743.399
1743.515
1743.632
1743.748
1743.865
1743.981
1744.098
1744.214
1744.331
1744.448
1744.564
1744.681
1744.797
1744.914
1745.030
1745.147
1745.263
1746.197
1746.431
1746.665
1746.899
1747.134
1747.368
1747.602
1747.836
1748.070
1748.305
1748.539
1748.773
1749.007
1749.242
1749.476
1749.710
1749.944
1750.178
1750.413
1750.647
1750.881
1751.115
1751.350
1751.584
1751.818
1752.052
1752.286
1752.521
1752.755
1752.989
1753.223
1753.457
1753.692
1753.926
1754.160
1754.394
1754.629
1754.863
1755.097
1755.331
1755.565
1755.800
1756.034
1756.268
1756.502
1756.737
1756.971
1757.205
1757.439
1757.673
1757.908
1758.142
1758.376
1758.610
1758.845
1759.079
1759.313
1759.547
1759.781
1760.016
1760.250
1760.484
1760.718
1760.953
1761.187
1761.421
1761.655
1761.889
1762.124
1762.358
1762.592
1762.826
1763.060
1763.295
1763.529
1763.763
1763.997
1764.232
1764.466
1764.700
1764.934
1765.168
1765.403
1765.637
1765.871
1766.105
1766.340
1766.574
1766.808
1767.042
1767.276
1767.511
1767.745
1767.979
1768.213
1828.780
1829.716
1830.653
1831.589
1832.526
1833.462
1834.399
1835.335
1836.272
1837.208
1838.145
1839.081
1840.017
1840.954
1841.890
1842.827
1843.763
1844.232
1844.701
1845.170
1845.638
1846.107
1846.576
1847.045
1847.513
1847.982
1848.451
1848.920
1849.388
1849.857
1850.326
1850.795
1851.263
1851.500
1851.736
1851.973
1852.209
1852.446
1852.682
1852.919
1853.155
1853.391
1853.628
1853.864
1854.101
1854.337
1854.574
1854.810
1855.047
1855.163
1855.280
1855.397
1855.513
1855.630
1855.747
1855.863
1855.980
1856.097
1856.213
1856.330
1856.447
1856.563
1856.680
1856.797
1856.913
1857.030
1857.147
1857.263
1857.380
1857.497
1857.613
1857.730
1857.847
1858.780
1859.014
1859.248
1859.482
1859.717
1859.951
1860.185
1860.419
1860.653
1860.887
1861.122
1861.356
1861.590
1861.824
1862.058
1862.292
1862.526
1862.761
1862.995
1863.229
1863.463
1863.697
1863.931
1864.166
1864.400
1864.634
1864.868
1865.102
1865.336
1865.570
1865.805
1866.039
1866.273
1866.507
1866.741
1866.975
1867.210
1867.444
1867.678
1867.912
1868.146
1868.380
1868.614
1868.849
1869.083
1869.317
1869.551
1869.785
1870.019
1870.253
1870.488
1870.722
1870.956
1871.190
1871.424
1871.658
1871.893
1872.127
1872.361
1872.595
1872.829
1873.063
1873.547
1873.781
1874.016
1874.250
1874.484
1874.953
1875.422
1875.657
1875.891
1876.126
1876.360
1876.829
1877.298
1877.532
1877.767
1878.001
1878.236
1878.704
1879.173
1879.408
1879.642
1879.877
1880.111
1880.580
1881.049
1881.283
1881.518
1881.752
1881.987
1882.456
1882.924
1883.159
1883.393
1883.628
1883.862
1884.331
1884.800
1885.034
1885.269
1885.503
1885.738
1886.207
1886.676
1886.910
1887.144
1887.379
1887.613
1889.280
1889.514
1889.748
1890.216
1890.685
1891.153
1891.387
1891.621
1892.089
1892.558
1893.026
1893.260
1893.494
1893.962
1894.431
1894.899
1895.133
1895.367
1895.835
1896.303
1896.772
1897.006
1897.240
1897.708
1898.176
1898.645
1898.879
1899.113
1899.581
1900.049
1900.517
1900.752
1900.986
1901.454
1901.922
1902.390
1902.625
1902.859
1903.327
1903.795
1904.263
1904.497
1904.732
1905.200
1905.668
1906.136
1906.370
1906.604
1907.073
1907.541
1908.009
1908.243
1908.477
1908.946
1909.414
1909.882
1910.116
1910.350
1910.819
1911.287
1911.755
1911.989
1912.223
1912.691
1913.160
1913.628
1913.862
1914.096
1914.564
1915.033
1915.501
1915.735
1915.969
1916.437
1916.905
1917.374
1917.608
1917.842
1918.311
1918.780
1919.248
1919.717
1920.186
1920.655
1921.123
1921.592
1922.061
1922.530
1922.999
1923.467
1923.936
1924.405
1924.874
1925.342
1925.811
1926.280
1926.515
1926.751
1926.986
1927.222
1927.457
1927.692
1927.928
1928.163
1928.399
1928.634
1928.870
1929.105
1929.340
1929.576
1929.811
1930.047
1930.163
1930.280
1930.397
1930.513
1930.630
1930.747
1930.863
1930.980
1931.097
1931.213
1931.330
1931.447
1931.563
1931.680
1931.797
1931.913
1932.030
1932.147
1932.263
1932.380
1932.497
1932.613
1932.730
1932.847
1933.780
1934.014
1934.249
1934.483
1934.718
1934.952
1935.186
1935.421
1935.655
1935.890
1936.124
1936.358
1936.593
1936.827
1937.061
1937.296
1937.530
1937.765
1937.999
1938.233
1938.468
1938.702
1938.937
1939.171
1939.405
1939.640
1939.874
1940.109
1940.343
1940.577
1940.812
1941.046
1941.281
1941.515
1941.749
1941.984
1942.218
1942.452
1942.687
1942.921
1943.156
1943.390
1943.624
1943.859
1944.093
1944.328
1944.562
1944.796
1945.031
1945.265
1945.500
1945.734
1945.968
1946.203
1946.437
1946.672
1946.906
1947.140
1947.375
1947.609
1947.843
1948.078
1948.312
1948.547
1948.781
1949.015
1949.250
1949.484
1949.719
1949.953
1950.187
1950.422
1950.656
1950.891
1951.125
1951.359
1951.594
1951.828
1952.063
1952.297
1952.531
1952.766
1953.000
1953.234
1953.469
1953.703
1953.938
1954.172
1954.406
1954.641
1954.875
1955.110
1955.344
1955.578
1955.813
1956.047
1956.282
1956.516
1956.750
1956.985
1957.219
1957.454
1957.688
1957.922
1958.157
1958.391
1958.625
1958.860
1959.094
1959.329
1959.563
1959.797
1960.032
1960.266
1960.501
1960.735
1960.969
1961.204
1961.438
1961.673
1961.907
1962.141
1962.376
1962.610
1962.845
1963.079
1963.313
1971.297
1973.167
1975.038
1976.909
1978.780
1979.720
1980.659
1981.599
1982.538
1983.478
1984.417
1985.357
1986.297
1986.765
1987.234
1987.703
1988.172
1988.640
1989.109
1989.578
1990.047
1990.163
1990.280
1990.397
1990.513
1990.630
1990.747
1990.863
1990.980
1991.097
1991.213
1991.330
1991.447
1991.563
1991.680
1991.797
1991.913
1992.030
1992.147
1992.263
1992.380
1992.497
1992.613
1992.730
1992.847
1993.813
1994.048
1994.282
1994.750
1994.867
1994.985
1995.102
1995.219
1995.336
1995.687
1995.922
1996.156
1996.624
1996.742
1996.859
1996.976
1997.093
1997.210
1997.561
1997.796
1998.030
1998.498
1998.616
1998.733
1998.850
1998.967
1999.084
1999.435
1999.670
1999.904
2000.372
2000.490
2000.607
2000.724
2000.841
2000.958
2001.310
2001.544
2001.778
2002.247
2002.364
2002.481
2002.598
2002.715
2002.832
2003.184
2003.418
2003.652
2004.121
2004.238
2004.355
2004.472
2004.589
2004.706
2005.058
2005.292
2005.526
2005.995
2006.112
2006.229
2006.346
2006.463
2006.580
2006.932
2007.166
2007.400
2007.869
2007.986
2008.103
2008.220
2008.337
2008.454
2008.806
2009.040
2009.274
2009.743
2009.860
2009.977
2010.094
2010.211
2010.328
2010.680
2010.914
2011.148
2011.617
2011.734
2011.851
2011.968
2012.085
2012.202
2012.554
2012.788
2013.022
2013.491
2013.608
2013.725
2013.842
2013.959
2014.076
2014.428
2014.662
2014.896
2015.365
2015.482
2015.599
2015.716
2015.833
2015.950
2016.302
2016.536
2016.770
2017.239
2017.356
2017.473
2017.590
2017.707
2017.825
2018.176
2018.410
2018.644
2019.113
2019.230
2019.347
2019.464
2019.581
2019.699
2020.050
2020.284
2020.518
2020.987
2021.104
2021.221
2021.338
2021.455
2021.573
2021.924
2022.158
2022.392
2022.861
2022.978
2023.095
2023.212
2023.330
2023.447
2059.230
2059.464
2059.933
2060.167
2060.870
2061.104
2061.338
2061.807
2062.041
2062.744
2062.978
2063.213
2063.681
2063.915
2064.618
2064.853
2065.087
2065.555
2065.790
2066.492
2066.727
2066.961
2067.430
2067.664
2068.367
2068.601
2068.835
2069.304
2069.538
2070.241
2070.475
2070.709
2071.178
2071.412
2072.115
2072.349
2072.584
2073.052
2073.286
2073.989
2074.224
2074.458
2074.926
2075.161
2075.863
2076.098
2076.332
2076.801
2077.035
2077.738
2077.972
2078.206
2078.675
2078.909
2079.612
2079.846
2080.080
2080.549
2080.783
2081.486
2081.720
2081.955
2082.423
2082.657
2083.360
2083.595
2083.829
2084.297
2084.532
2085.234
2085.469
2085.703
2086.172
2086.406
2087.109
2087.343
2087.577
2088.046
2088.280
2089.247
2089.715
2090.183
2090.651
2091.120
2091.588
2092.056
2092.524
2092.992
2093.461
2093.929
2094.397
2094.865
2095.334
2095.802
2096.270
2096.738
2097.207
2097.675
2098.143
2098.611
2099.079
2099.548
2100.016
2100.484
2100.952
2101.421
2101.889
2102.357
2102.825
2103.294
2103.762
2104.230
2104.464
2104.698
2105.167
2105.635
2106.104
2106.338
2106.572
2107.040
2107.509
2107.977
2108.211
2108.446
2108.914
2109.382
2109.851
2110.085
2110.319
2110.787
2111.256
2111.724
2111.958
2112.193
2112.661
2113.129
2113.598
2113.832
2114.066
2114.535
2115.003
2115.471
2115.706
2115.940
2116.408
2116.877
2117.345
2117.579
2117.813
2133.930
2134.165
2134.400
2134.635
2134.870
2135.104
2135.339
2135.574
2135.809
2136.044
2136.279
2136.514
2136.749
2136.984
2137.219
2137.453
2137.688
2137.923
2138.158
2138.393
2138.628
2138.863
2139.098
2139.333
2139.568
2139.802
2140.037
2140.272
2140.507
2140.742
2140.977
2141.212
2141.447
2141.682
2141.916
2142.151
2142.386
2142.621
2142.856
2143.091
2143.326
2143.561
2143.796
2144.031
2144.265
2144.500
2144.735
2144.970
2145.205
2145.440
2145.675
2145.910
2146.145
2146.380
2146.614
2146.849
2147.084
2147.319
2147.554
2147.789
2148.024
2148.259
2148.494
2148.728
2148.963
2149.198
2149.433
2149.668
2149.903
2150.138
2150.373
2150.608
2150.843
2151.077
2151.312
2151.547
2151.782
2152.017
2152.252
2152.487
2152.722
2152.957
2153.191
2153.426
2153.661
2153.896
2154.131
