47.614
48.583
49.552
50.521
51.490
52.459
53.428
54.397
55.366
56.335
57.304
58.273
59.242
60.211
61.180
62.149
63.118
64.087
65.056
66.025
66.994
67.963
68.932
69.901
70.870
71.839
72.808
73.776
74.745
75.714
76.683
77.652
78.621
79.590
80.559
81.528
82.497
83.466
84.435
85.404
86.373
87.342
88.311
89.280
90.249
91.218
92.187
93.156
94.125
95.094
96.063
96.304
96.546
97.028
97.270
97.511
97.994
98.235
98.477
98.959
99.201
99.442
99.925
100.166
100.408
100.890
101.132
101.373
101.856
102.097
102.339
102.822
103.063
103.304
103.787
104.029
104.270
104.753
104.994
105.235
105.718
105.960
106.201
106.684
106.925
107.167
107.649
107.891
108.132
108.615
108.856
109.098
109.580
109.822
110.063
110.546
110.787
111.029
111.511
112.480
113.448
114.416
115.384
116.352
117.320
118.289
119.257
120.225
121.193
122.161
123.129
124.098
125.066
126.034
127.002
127.970
128.938
129.906
130.875
131.843
132.811
133.779
134.747
135.715
136.684
137.652
138.620
139.588
140.556
141.524
142.492
143.461
144.429
145.397
146.365
147.333
148.301
149.270
150.238
151.206
152.174
153.142
154.110
155.078
156.047
157.015
157.983
158.951
159.919
160.887
161.856
162.824
163.792
164.760
165.728
166.696
167.664
168.633
169.601
170.569
171.537
172.505
173.473
173.715
173.957
174.440
174.682
174.923
175.407
175.648
175.890
176.373
176.615
176.856
177.340
177.581
177.823
178.306
178.548
178.789
179.273
179.514
179.756
180.239
180.481
180.723
181.206
181.447
181.689
182.172
182.414
182.656
183.139
183.381
183.622
184.106
184.347
184.589
185.072
185.314
185.555
186.039
186.280
186.522
187.005
187.247
187.488
187.972
188.213
188.455
196.697
197.660
198.624
199.587
200.550
201.514
202.477
203.441
204.404
204.646
204.889
205.373
205.615
205.857
206.342
206.584
206.826
207.310
207.553
207.795
208.279
208.521
208.763
209.248
209.490
209.732
210.217
210.459
210.701
211.185
211.427
211.670
212.154
212.396
212.638
213.123
213.365
213.607
214.091
214.334
214.576
215.060
215.302
215.544
216.029
216.271
216.513
216.998
217.240
217.482
217.966
218.208
218.451
218.935
219.177
219.419
221.822
222.283
222.744
223.206
223.667
224.129
224.590
225.051
225.513
225.974
226.436
226.897
227.358
227.820
228.281
228.743
229.204
229.665
230.127
230.588
231.050
231.511
231.972
232.434
232.895
233.357
233.818
234.279
234.741
235.202
235.664
236.125
236.586
237.048
237.509
237.971
238.432
238.893
239.355
239.816
240.278
240.739
241.200
241.662
242.123
242.585
243.046
243.507
243.969
244.430
244.892
245.353
245.814
246.276
246.737
247.199
247.660
248.121
248.583
249.044
249.506
249.967
250.428
250.890
251.351
252.753
253.220
254.488
254.755
254.905
255.055
256.456
256.890
257.824
258.759
260.127
260.594
261.862
262.129
262.279
262.429
263.830
264.264
265.198
266.099
266.560
267.021
267.482
267.943
268.404
268.865
269.325
269.786
270.247
270.708
271.169
271.630
272.091
272.552
273.012
273.473
273.704
273.935
274.166
274.396
274.627
274.858
275.089
275.320
275.550
275.781
276.012
276.243
276.474
276.704
276.935
277.166
277.397
277.627
277.858
278.089
278.320
278.551
278.781
279.012
279.243
279.474
279.705
279.935
280.166
280.397
280.628
280.858
281.089
281.320
281.551
281.782
282.012
282.243
282.474
282.705
282.936
283.166
283.397
283.628
283.859
284.089
284.320
284.551
284.782
285.013
285.243
285.474
285.705
285.936
286.167
286.397
286.628
286.859
287.090
287.320
287.551
287.782
288.013
288.244
288.474
288.705
288.936
289.167
289.398
289.628
289.859
290.090
290.321
290.551
290.782
291.013
291.244
291.475
291.705
291.936
292.167
292.398
292.629
292.859
293.090
293.321
293.552
293.782
294.013
294.244
294.475
294.706
294.936
295.167
295.398
295.629
296.091
296.553
297.016
297.478
297.941
298.403
298.865
299.328
299.790
300.252
300.715
301.177
301.640
302.102
302.564
303.027
303.489
303.951
304.414
304.876
305.338
305.801
306.263
306.726
307.188
307.650
308.113
308.575
310.410
311.812
312.279
313.547
313.814
313.964
314.114
315.515
315.949
316.883
317.784
319.186
319.686
320.954
321.221
321.371
321.521
322.923
323.356
324.291
325.225
325.686
326.147
326.608
327.069
327.529
327.990
328.451
328.912
329.373
329.834
330.295
330.756
331.216
331.677
332.138
332.599
332.830
333.060
333.291
333.521
333.752
333.983
334.213
334.444
334.674
334.905
335.136
335.366
335.597
335.827
336.058
336.289
336.519
336.750
336.980
337.211
337.442
337.672
337.903
338.133
338.364
338.595
338.825
339.056
339.286
339.517
339.748
339.978
340.209
340.439
340.670
340.901
341.131
341.362
341.592
341.823
342.054
342.284
342.515
342.745
342.976
343.207
343.437
343.668
343.898
344.129
344.360
344.590
344.821
345.051
345.282
345.513
345.743
345.974
346.204
346.435
346.666
346.896
347.127
347.357
347.588
347.819
348.049
348.280
348.510
348.741
348.972
349.202
349.433
349.663
349.894
350.125
350.355
350.586
350.816
351.047
351.278
351.508
351.739
351.969
352.200
352.431
352.661
352.892
353.122
353.353
353.584
353.814
354.045
354.275
354.506
369.503
369.963
370.424
370.885
371.346
371.807
372.268
372.729
373.190
373.650
374.111
374.572
375.033
375.494
375.955
376.416
376.877
377.337
377.798
378.259
378.720
379.181
379.642
380.103
380.564
381.024
381.485
381.946
382.407
382.868
383.329
383.790
384.251
385.619
386.086
387.387
387.654
387.804
387.954
389.356
389.789
390.690
391.625
393.026
393.493
394.794
395.061
395.212
395.362
396.730
397.197
398.131
399.065
399.526
399.987
400.448
400.909
401.370
401.831
402.292
402.752
403.213
403.674
404.135
404.596
405.057
405.518
405.979
406.439
406.670
406.900
407.131
407.361
407.592
407.822
408.053
408.283
408.513
408.744
408.974
409.205
409.435
409.666
409.896
410.126
410.357
410.587
410.818
411.048
411.279
411.509
411.740
411.970
412.200
412.431
412.661
412.892
413.122
413.353
413.583
413.813
414.044
414.274
414.505
414.735
414.966
415.196
415.427
415.657
415.887
416.118
416.348
416.579
416.809
417.040
417.270
417.501
417.731
417.961
418.192
418.422
418.653
418.883
419.114
419.344
419.574
419.805
420.035
420.266
420.496
420.727
420.957
421.188
421.418
421.648
421.879
422.109
422.340
422.570
422.801
423.031
423.261
423.492
423.722
423.953
424.183
424.414
424.644
424.875
425.105
425.335
425.566
425.796
426.027
426.257
426.488
426.718
426.948
427.179
427.409
427.640
427.870
428.101
428.331
428.562
429.023
429.485
429.946
430.408
430.869
431.331
431.792
432.254
432.715
433.177
433.638
434.100
434.561
435.023
435.484
435.946
436.407
436.869
437.330
437.792
438.253
438.715
439.177
439.638
440.100
440.561
441.023
441.484
441.946
442.407
442.869
478.211
479.189
480.168
481.146
482.124
483.102
484.080
484.894
485.151
486.133
487.115
488.097
489.079
490.061
491.043
492.025
492.759
492.993
493.226
493.994
494.239
494.485
494.977
495.223
495.469
495.961
496.206
496.452
496.944
497.190
497.436
497.928
498.173
498.419
498.911
499.157
499.403
499.895
500.140
500.386
500.878
501.124
501.370
501.862
502.107
502.353
502.845
503.091
503.337
503.829
504.074
504.320
504.812
505.058
505.304
505.796
506.041
506.287
506.779
507.025
507.271
507.763
508.008
508.254
508.746
508.992
509.238
509.730
509.975
510.221
510.713
510.959
511.205
511.697
511.942
512.188
512.680
512.926
513.172
513.664
513.909
514.155
514.647
514.893
515.139
515.631
515.876
516.122
516.614
516.860
517.106
517.598
517.843
518.089
518.581
518.827
519.073
519.564
519.810
520.056
520.548
520.794
521.040
521.531
521.777
522.023
522.515
522.761
523.007
523.498
523.744
523.990
524.973
525.957
526.940
527.923
528.906
529.889
530.873
531.856
532.839
533.822
534.805
535.789
536.772
537.755
538.738
542.676
542.922
543.169
543.415
543.662
543.908
544.155
544.401
544.648
544.894
545.141
545.387
545.634
545.880
546.127
546.373
546.620
546.866
547.113
547.359
547.606
547.852
548.099
548.345
548.592
548.838
549.085
549.331
549.577
549.824
550.070
550.317
550.563
550.810
551.056
551.303
551.549
551.796
552.042
552.289
552.535
552.782
553.028
553.275
553.521
553.768
554.014
554.261
554.507
554.754
555.000
555.247
555.493
555.740
555.986
556.233
556.479
556.726
556.972
557.219
557.465
557.712
557.958
558.205
558.451
558.698
558.944
559.191
559.437
559.684
559.930
560.177
560.423
560.670
560.916
561.163
561.409
561.656
561.902
562.149
562.395
562.642
562.888
563.135
563.381
563.628
563.874
564.121
564.367
564.614
564.860
565.335
565.579
565.824
566.312
566.556
566.800
567.289
567.533
567.777
568.265
568.509
568.754
569.242
569.486
569.730
570.219
570.463
570.707
571.195
571.439
571.684
572.172
572.416
572.660
573.149
573.393
573.637
574.125
574.370
574.614
575.102
575.346
575.590
576.079
576.323
576.567
577.055
577.300
577.544
579.422
579.669
579.916
580.163
580.657
583.375
583.620
583.864
584.109
584.598
587.289
587.537
587.786
588.034
588.531
591.264
591.506
591.749
591.991
592.476
595.142
595.401
595.661
595.920
596.439
597.218
597.465
597.712
597.960
598.455
599.197
599.444
599.692
599.939
600.434
601.176
601.424
601.671
601.919
602.414
603.156
603.403
603.651
603.898
604.393
605.135
605.357
605.579
605.802
606.246
609.576
610.310
610.777
611.544
612.245
613.513
614.247
614.714
615.448
616.216
617.417
617.906
618.396
618.885
619.374
619.864
620.353
620.843
621.332
621.821
622.311
622.800
623.289
625.291
625.537
625.783
626.029
626.274
626.520
626.766
627.011
627.257
627.503
627.748
627.994
628.240
628.486
628.731
628.977
629.223
629.468
629.714
629.960
630.205
630.451
630.697
630.943
631.188
631.434
631.680
631.925
632.171
632.417
632.662
632.908
633.154
633.400
633.645
633.891
634.137
634.382
634.628
634.874
635.119
635.365
635.611
635.857
636.102
636.348
636.594
636.839
637.085
637.331
637.576
637.822
638.068
638.314
638.559
638.805
639.051
639.296
639.542
639.788
640.033
640.279
640.525
640.771
641.016
641.262
641.508
641.753
641.999
642.245
642.490
642.736
642.982
643.228
643.473
643.719
643.965
644.210
644.456
644.702
644.947
645.193
645.439
645.685
645.930
646.176
646.422
646.667
646.913
648.915
649.159
649.404
649.648
649.892
650.136
650.381
650.625
650.869
651.114
651.358
651.602
651.847
652.091
652.335
652.579
652.824
653.068
653.312
653.557
653.801
654.045
654.289
654.534
654.778
655.022
655.267
655.511
655.755
655.999
656.244
656.488
656.732
656.977
657.221
657.465
657.710
657.954
658.198
658.442
658.687
658.931
659.175
659.420
659.664
659.908
660.152
660.397
660.641
660.885
661.130
661.374
661.618
661.862
662.107
662.351
662.595
682.549
682.983
683.273
683.707
684.141
684.431
684.865
685.300
685.589
686.024
686.458
686.748
687.182
687.617
687.906
688.341
688.775
689.065
689.499
689.933
690.223
691.424
691.715
692.006
692.297
692.588
692.879
693.170
693.461
693.752
694.043
694.334
694.625
694.916
695.207
695.498
695.789
696.080
696.371
696.662
696.953
697.244
697.535
697.826
698.117
698.408
698.699
698.990
699.281
699.572
699.863
700.154
700.445
700.736
701.027
701.318
701.609
701.900
702.191
702.482
702.773
703.064
703.355
703.646
703.937
704.228
704.519
704.810
705.101
705.392
705.683
705.974
706.265
706.556
706.847
707.138
707.429
707.720
708.010
708.301
708.592
708.883
709.174
709.465
709.756
710.047
710.338
710.629
710.920
711.211
711.502
711.793
712.084
712.375
712.666
712.957
713.248
713.539
713.830
714.121
714.412
714.703
714.994
715.285
715.576
715.867
716.158
716.449
716.740
717.031
717.322
717.613
717.904
718.195
718.486
718.777
719.068
719.359
719.650
719.941
720.232
720.523
720.814
721.105
721.396
721.687
721.978
722.269
722.560
722.851
723.142
723.433
723.724
724.015
728.695
728.986
729.277
729.567
729.858
730.149
730.440
730.731
731.022
731.313
731.604
731.895
732.186
732.477
732.768
733.058
733.349
733.640
733.931
734.222
734.513
734.804
735.095
735.386
735.677
735.968
736.259
736.549
736.840
737.131
737.422
737.713
738.004
738.115
738.225
738.335
738.446
738.556
738.667
738.777
738.888
738.998
739.109
739.219
739.330
739.440
739.551
739.661
739.772
739.882
739.993
740.103
740.214
740.324
740.435
740.545
740.656
740.766
740.877
740.987
741.098
741.208
741.319
741.429
741.540
741.650
741.761
741.871
741.982
742.092
742.203
742.313
742.424
742.534
742.645
742.755
742.866
742.976
743.087
743.197
743.308
743.418
743.529
743.639
743.750
743.860
743.970
744.081
744.191
744.302
744.412
744.523
744.633
744.744
744.854
744.965
745.075
745.186
745.296
745.407
745.517
745.628
745.738
745.849
745.959
746.070
746.180
746.291
746.401
746.512
746.622
746.733
746.843
746.954
747.064
747.780
748.217
748.508
748.945
749.381
749.672
750.109
750.545
750.836
751.273
751.710
752.001
752.437
752.874
753.165
753.601
754.038
754.329
754.766
755.202
755.493
755.930
756.366
756.657
757.094
757.530
757.821
758.258
758.695
758.986
759.422
759.859
760.150
760.586
761.023
761.314
761.751
762.187
762.478
762.915
763.351
763.642
764.079
764.515
764.807
765.243
765.680
765.971
766.407
766.844
767.135
767.571
768.008
768.299
768.736
769.172
769.463
769.900
770.336
775.270
775.427
775.584
775.741
775.897
776.054
776.211
776.368
776.524
776.681
776.838
776.995
777.151
777.308
777.465
777.622
777.778
777.935
778.092
778.249
778.405
778.562
778.719
778.876
779.032
779.189
779.346
779.503
779.659
779.816
779.973
780.130
780.286
780.443
780.600
780.757
780.914
781.070
781.227
781.384
781.541
781.697
781.854
782.011
782.168
782.324
782.481
782.638
782.795
782.951
783.108
783.265
783.422
783.578
783.735
783.892
784.049
784.205
784.362
784.519
784.676
784.832
784.989
785.146
785.303
785.459
785.616
785.773
785.930
786.086
786.243
786.400
786.557
786.713
786.870
787.027
787.184
787.340
787.497
787.654
787.811
787.967
788.124
788.281
788.438
788.594
788.751
788.908
789.065
789.221
789.378
789.535
789.692
789.848
790.005
790.162
790.319
790.476
790.632
790.789
790.946
791.103
791.259
791.416
791.573
791.730
791.886
792.043
792.200
792.357
792.513
792.670
792.827
792.984
793.140
793.297
793.454
793.611
793.767
793.924
794.081
794.238
794.394
794.551
794.708
794.865
795.021
795.178
795.335
795.492
795.648
795.805
795.962
796.119
796.275
796.432
796.589
796.746
796.902
797.059
797.216
797.373
797.529
797.686
797.843
798.000
798.156
798.313
798.470
798.627
798.783
798.940
799.097
799.254
799.410
799.567
799.724
799.881
800.038
800.194
800.351
800.508
800.665
800.821
800.978
801.135
801.292
801.448
801.605
801.762
801.919
802.075
802.232
802.389
802.546
802.702
802.859
803.016
803.173
803.329
803.486
803.643
803.800
803.956
804.113
804.270
804.427
804.583
804.740
804.897
805.054
805.210
805.367
805.524
805.681
805.837
805.994
806.151
806.308
806.464
806.621
806.778
806.935
807.091
807.248
807.405
807.562
807.718
807.875
808.032
808.189
808.345
808.502
808.659
808.816
808.972
809.129
809.286
809.443
809.599
809.756
809.913
810.070
810.227
810.383
810.540
810.697
810.854
811.010
812.579
813.015
813.452
813.743
814.179
814.907
815.344
815.780
816.071
816.508
817.235
817.672
818.109
818.400
818.836
819.564
820.000
820.437
820.728
821.165
821.892
822.329
822.765
823.057
823.493
824.221
824.657
825.094
825.385
825.822
826.549
826.986
827.422
827.713
828.150
828.878
829.314
829.751
830.042
830.478
858.992
859.569
860.147
860.725
861.303
861.881
862.459
863.036
863.614
864.192
864.770
865.348
865.925
866.503
867.081
867.659
868.237
868.815
869.392
869.970
870.548
871.126
871.704
872.282
872.859
873.437
874.015
874.593
875.171
875.748
876.326
876.904
877.482
878.060
878.638
879.215
879.793
880.371
880.949
881.527
882.105
882.682
883.260
883.838
884.416
884.994
885.572
886.149
886.727
887.305
887.883
888.461
889.038
889.616
890.194
890.772
891.350
891.928
892.505
893.083
893.661
894.239
894.817
895.395
900.532
900.687
900.842
900.996
901.151
901.306
901.461
901.616
901.770
901.925
902.080
902.235
902.390
902.544
902.699
902.854
903.009
903.164
903.318
903.473
903.628
903.783
903.937
904.092
904.247
904.402
904.557
904.711
904.866
905.021
905.176
905.331
905.485
905.640
905.795
905.950
906.105
906.259
906.414
906.569
906.724
906.879
907.033
907.188
907.343
907.498
907.652
907.807
907.962
908.117
908.272
908.426
908.581
908.736
908.891
909.046
909.200
909.355
909.510
909.665
909.820
909.974
910.129
910.284
910.439
910.594
910.748
910.903
911.058
911.213
911.367
911.522
911.677
911.832
911.987
912.141
912.296
912.451
912.606
912.761
912.915
913.070
913.225
913.380
913.535
913.689
913.844
913.999
914.154
914.309
914.463
914.618
914.773
914.928
915.082
915.237
915.392
915.547
915.702
915.856
916.011
916.166
916.321
916.476
916.630
916.785
916.940
917.095
917.250
917.404
917.559
917.714
917.869
918.024
918.178
918.333
918.488
918.643
918.797
918.952
919.107
919.262
919.417
919.571
919.726
919.881
920.036
920.191
920.345
920.500
920.655
920.810
920.965
921.119
921.274
921.429
921.584
921.739
921.893
922.048
922.203
922.358
922.512
922.667
922.822
922.977
923.132
923.286
923.441
923.596
923.751
923.906
924.060
924.215
924.370
924.525
924.680
924.834
924.989
925.144
925.299
925.454
925.608
925.763
925.918
926.073
926.227
926.382
926.537
926.692
926.847
927.001
927.156
927.311
927.466
927.621
927.775
927.930
928.085
928.240
928.395
928.549
928.704
928.859
929.014
929.169
929.323
929.478
929.633
929.788
929.942
930.097
930.252
930.407
930.562
930.716
930.871
931.026
931.181
931.336
931.490
931.645
931.800
931.955
932.110
932.264
932.419
932.574
932.729
932.884
933.038
933.193
933.348
933.503
933.657
933.812
933.967
934.122
934.277
934.431
934.586
934.741
934.896
935.051
935.205
935.360
935.515
935.670
935.825
935.979
936.134
936.289
936.444
936.599
936.753
936.908
937.063
937.218
939.772
940.350
940.928
941.506
942.084
942.661
943.239
943.817
944.395
944.973
945.551
946.128
946.706
947.284
947.862
948.440
949.017
949.595
950.173
950.751
951.329
951.907
952.484
953.062
953.640
954.218
954.796
955.374
955.951
956.529
957.107
957.685
958.263
958.841
959.418
959.996
960.574
961.152
961.730
962.307
962.885
963.463
964.041
964.619
965.197
965.774
966.352
966.930
967.508
968.086
968.664
969.241
969.819
970.397
970.975
971.553
972.130
972.708
973.286
973.864
974.442
975.020
975.597
976.175
981.261
981.421
981.582
981.742
981.902
982.062
982.222
982.383
982.543
982.703
982.863
983.023
983.183
983.344
983.504
983.664
983.824
983.984
984.145
984.305
984.465
984.625
984.785
984.945
985.106
985.266
985.426
985.586
985.746
985.907
986.067
986.227
986.387
986.547
986.708
986.868
987.028
987.188
987.348
987.508
987.669
987.829
987.989
988.149
988.309
988.470
988.630
988.790
988.950
989.110
989.270
989.431
989.591
989.751
989.911
990.071
990.232
990.392
990.552
990.712
990.872
991.032
991.193
991.353
991.513
991.673
991.833
991.994
992.154
992.314
992.474
992.634
992.794
992.955
993.115
993.275
993.435
993.595
993.756
993.916
994.076
994.236
994.396
994.557
994.717
994.877
995.037
995.197
995.357
995.518
995.678
995.838
995.998
996.158
996.319
996.479
996.639
996.799
996.959
997.119
997.280
997.440
997.600
997.760
997.920
998.081
998.241
998.401
998.561
998.721
998.881
999.042
999.202
999.362
999.522
999.682
999.843
1000.003
1000.163
1000.323
1000.483
1000.643
1000.804
1000.964
1001.124
1001.284
1001.444
1001.605
1001.765
1001.925
1002.085
1002.245
1002.405
1002.566
1002.726
1002.886
1003.046
1003.206
1003.367
1003.527
1003.687
1003.847
1004.007
1004.168
1004.328
1004.488
1004.648
1004.808
1004.968
1005.129
1005.289
1005.449
1005.609
1005.769
1005.930
1006.090
1006.250
1006.410
1006.570
1006.730
1006.891
1007.051
1007.211
1007.371
1007.531
1007.692
1007.852
1008.012
1008.172
1008.332
1008.492
1008.653
1008.813
1008.973
1009.133
1009.293
1009.454
1009.614
1009.774
1009.934
1010.094
1010.254
1010.415
1010.575
1010.735
1010.895
1011.055
1011.216
1011.376
1011.536
1011.696
1011.856
1012.016
1012.177
1012.337
1012.497
1012.657
1012.817
1012.978
1013.138
1013.298
1013.458
1013.618
1013.779
1013.939
1014.099
1014.259
1014.419
1014.579
1014.740
1014.900
1015.060
1015.220
1015.380
1015.541
1015.701
1015.861
1016.021
1016.181
1016.341
1016.502
1016.662
1016.822
1016.982
1017.142
1017.303
1017.463
1017.623
1017.783
1017.943
1019.952
1020.531
1021.110
1021.689
1022.267
1022.846
1023.425
1024.004
1024.583
1025.161
1025.740
1026.319
1026.898
1027.477
1028.055
1028.634
1029.213
1029.792
1030.370
1030.949
1031.528
1032.107
1032.686
1033.264
1033.843
1034.422
1035.001
1037.842
1038.016
1038.189
1038.363
1038.537
1038.710
1038.884
1039.057
1039.231
1039.404
1039.578
1039.752
1039.925
1040.099
1040.272
1040.446
1040.619
1040.793
1040.966
1041.140
1041.314
1041.487
1041.661
1041.834
1042.008
1042.181
1042.355
1042.529
1042.702
1042.876
1043.049
1043.223
1043.396
1043.570
1043.744
1043.917
1044.091
1044.264
1044.438
1044.611
1044.785
1044.959
1045.132
1045.306
1045.479
1045.653
1045.826
1046.000
1046.174
1046.347
1046.521
1046.694
1046.868
1047.041
1047.215
1047.389
1047.562
1047.736
1047.909
1048.083
1048.256
1048.430
1048.603
1048.777
1048.951
1049.124
1049.298
1049.471
1049.645
1049.818
1049.992
1050.166
1050.339
1050.513
1050.686
1050.860
1051.033
1051.207
1051.381
1051.554
1051.728
1051.901
1052.075
1052.248
1052.422
1052.596
1052.769
1052.943
1053.116
1053.290
1053.463
1053.637
1053.811
1053.984
1054.158
1054.331
1054.505
1054.678
1054.852
1055.026
1055.199
1055.373
1055.546
1055.720
1055.893
1056.067
1056.241
1056.414
1056.588
1056.761
1056.935
1057.108
1057.282
1057.455
1057.629
1057.803
1057.976
1058.150
1058.323
1058.497
1058.670
1058.844
1059.018
1059.191
1059.365
1059.538
1059.712
1059.885
1060.059
1060.233
1060.406
1060.580
1060.753
1060.927
1061.100
1061.274
1061.448
1061.621
1061.795
1061.968
1062.142
1062.315
1062.489
1062.663
1062.836
1063.010
1063.183
1063.357
1063.530
1063.704
1063.878
1064.051
1064.225
1064.398
1064.572
1064.745
1064.919
1065.093
1065.266
1065.440
1065.613
1065.787
1065.960
1066.134
1066.307
1066.481
1066.655
1066.828
1067.002
1067.175
1067.349
1067.522
1067.696
1067.870
1068.043
1068.217
1068.390
1068.564
1068.737
1068.911
1069.085
1069.258
1069.432
1069.605
1069.779
1069.952
1070.126
1070.300
1070.473
1070.647
1070.820
1070.994
1071.167
1071.341
1071.515
1071.688
1071.862
1072.035
1072.209
1072.382
1072.556
1072.730
1072.903
1073.077
1073.250
1073.424
1073.597
1073.771
1073.944
1074.118
1074.292
1074.465
1074.639
1074.812
1074.986
1075.159
1075.333
1075.507
1075.680
1079.166
1080.022
1080.878
1081.734
1082.589
1083.445
1084.301
1085.157
1086.013
1086.868
1087.724
1088.580
1089.436
1090.292
1091.148
1092.003
1092.859
1093.715
1094.571
1095.043
1095.515
1095.987
1096.460
1096.932
1097.404
1097.876
1098.348
1098.820
1099.293
1099.765
1100.237
1100.709
1101.181
1101.653
1102.126
1102.598
1103.070
1103.542
1104.014
1104.486
1104.959
1105.431
1105.903
1106.375
1106.847
1107.320
1107.792
1108.264
1109.636
1109.795
1109.953
1110.112
1110.271
1110.430
1110.589
1110.747
1110.906
1111.065
1111.224
1111.382
1111.541
1111.700
1111.859
1112.018
1112.176
1112.335
1112.494
1112.653
1112.811
1112.970
1113.129
1113.288
1113.447
1113.605
1113.764
1113.923
1114.082
1114.240
1114.399
1114.558
1114.717
1114.876
1115.034
1115.193
1115.352
1115.511
1115.669
1115.828
1115.987
1116.146
1116.305
1116.463
1116.622
1116.781
1116.940
1117.098
1117.257
1117.416
1117.575
1117.734
1117.892
1118.051
1118.210
1118.369
1118.528
1118.686
1118.845
1119.004
1119.163
1119.321
1119.480
1119.639
1119.798
1119.957
1120.115
1120.274
1120.433
1120.592
1120.750
1120.909
1121.068
1121.227
1121.386
1121.544
1121.703
1121.862
1122.021
1122.179
1122.338
1122.497
1122.656
1122.815
1122.973
1123.132
1123.291
1123.450
1123.608
1123.767
1123.926
1124.085
1124.244
1124.402
1124.561
1124.720
1124.879
1125.037
1125.196
1125.355
1125.514
1125.673
1125.831
1125.990
1126.149
1126.308
1126.466
1126.625
1126.784
1126.943
1127.102
1127.260
1127.419
1127.578
1127.737
1127.895
1128.054
1128.213
1128.372
1128.531
1128.689
1128.848
1129.007
1129.166
1129.324
1129.483
1129.642
1129.801
1129.960
1130.118
1130.277
1130.436
1130.595
1130.754
1130.912
1131.071
1131.230
1131.389
1131.547
1131.706
1131.865
1132.024
1132.183
1132.341
1132.500
1132.659
1132.818
1132.976
1133.135
1133.294
1133.453
1133.612
1133.770
1133.929
1134.088
1134.247
1134.405
1134.564
1134.723
1134.882
1135.041
1135.199
1135.358
1135.517
1135.676
1135.834
1135.993
1136.152
1136.311
1136.470
1136.628
1136.787
1136.946
1137.105
1137.263
1137.422
1137.581
1137.740
1137.899
1138.057
1138.216
1138.375
1138.534
1138.692
1138.851
1139.010
1139.169
1139.328
1140.273
1140.513
1140.754
1141.235
1141.476
1141.716
1142.198
1142.438
1142.679
1144.123
1144.364
1144.604
1145.085
1145.326
1145.567
1146.048
1146.289
1146.529
1147.973
1148.214
1148.454
1148.936
1149.176
1149.417
1149.898
1150.139
1150.380
1151.823
1152.064
1152.305
1152.786
1153.027
1153.267
1153.749
1153.989
1154.230
1155.674
1155.913
1156.152
1156.631
1156.871
1157.110
1157.589
1157.828
1158.067
1158.546
1158.785
1159.025
1159.503
1159.743
1159.982
1160.461
1160.700
1160.939
1161.418
1161.657
1161.897
1162.375
1162.615
1162.854
1163.333
1163.572
1163.811
1164.290
1164.529
1164.769
1165.247
1165.487
1165.726
1166.205
1166.444
1166.684
1167.162
1167.402
1167.641
1168.120
1168.359
1168.598
1169.077
1169.316
1169.556
1170.034
1170.274
1170.513
1170.992
1171.231
1171.470
1171.949
1172.188
1172.428
1172.906
1173.146
1173.385
1173.864
1174.103
1174.342
1174.821
1175.061
1175.300
1175.779
1176.018
1176.257
1176.736
1176.975
1177.215
1177.693
1177.933
1178.172
1178.651
1178.890
1179.129
1179.608
1179.847
1180.087
1180.565
1180.805
1181.044
1181.523
1181.762
1182.001
1182.480
1182.719
1182.959
1183.437
1183.677
1183.916
1186.385
1186.572
1186.758
1186.945
1187.132
1187.319
1187.506
1187.692
1187.879
1188.066
1188.253
1188.439
1188.626
1188.813
1189.000
1189.187
1189.373
1189.560
1189.747
1189.934
1190.120
1190.307
1190.494
1190.681
1190.868
1191.054
1191.241
1191.428
1191.615
1191.801
1191.988
1192.175
1192.362
1192.549
1192.735
1192.922
1193.109
1193.296
1193.482
1193.669
1193.856
1194.043
1194.230
1194.416
1194.603
1194.790
1194.977
1195.163
1195.350
1195.537
1195.724
1195.911
1196.097
1196.284
1196.471
1196.658
1196.844
1197.031
1197.218
1197.405
1197.592
1197.778
1197.965
1198.152
1198.339
1198.525
1198.712
1198.899
1199.086
1199.272
1199.459
1199.646
1199.833
1200.020
1200.206
1200.393
1200.580
1200.767
1200.953
1201.140
1201.327
1201.514
1201.701
1201.816
1201.932
1202.048
1202.164
1202.279
1202.395
1202.511
1202.627
1202.742
1202.858
1202.974
1203.090
1203.205
1203.321
1203.437
1203.553
1203.668
1203.784
1203.900
1204.016
1204.131
1204.247
1204.363
1204.479
1204.594
1204.710
1204.826
1204.942
1205.057
1205.173
1205.289
1205.405
1205.520
1205.636
1205.752
1205.868
1205.983
1206.099
1206.215
1206.331
1206.446
1206.562
1206.678
1206.794
1206.909
1207.025
1207.141
1207.257
1207.372
1207.488
1207.604
1207.720
1207.835
1207.951
1208.067
1208.183
1208.298
1208.414
1208.530
1208.646
1208.761
1208.877
1208.993
1209.109
1209.224
1209.340
1209.456
1209.572
1209.687
1209.803
1209.919
1210.035
1210.150
1210.266
1210.382
1210.498
1210.613
1210.729
1210.845
1210.961
1211.076
1211.192
1211.308
1211.424
1211.539
1211.655
1211.771
1211.887
1212.002
1212.118
1212.234
1212.350
1212.465
1212.581
1212.697
1212.813
1212.928
1213.044
1213.160
1213.276
1213.391
1213.507
1213.623
1213.739
1213.854
1213.970
1214.086
1214.202
1214.317
1214.433
1214.549
1214.665
1214.780
1214.896
1215.012
1215.128
1215.243
1215.359
1215.475
1215.591
1215.706
1215.822
1215.938
1216.054
1216.169
1216.285
1216.401
1216.517
1217.149
1217.389
1217.628
1218.107
1218.346
1218.585
1219.064
1219.303
1219.542
1220.021
1220.260
1220.500
1220.978
1221.218
1221.457
1221.935
1222.175
1222.414
1222.893
1223.132
1223.371
1223.850
1224.089
1224.329
1224.807
1225.046
1225.286
1225.764
1226.004
1226.243
1226.722
1226.961
1227.200
1227.679
1227.918
1228.157
1228.636
1228.875
1229.115
1229.593
1229.833
1230.072
1230.550
1230.790
1231.029
1231.508
1231.747
1231.986
1232.465
1232.704
1232.944
1233.422
1233.661
1233.901
1234.379
1234.619
1234.858
1235.337
1235.576
1235.815
1236.294
1236.533
1236.772
1237.251
1237.490
1237.730
1238.208
1238.448
1238.687
1239.165
1239.405
1239.644
1240.123
1240.362
1240.601
1241.080
1241.319
1241.559
1242.037
1242.276
1242.516
1242.994
1243.234
1243.473
1243.952
1244.191
1244.430
1244.909
1245.148
1245.387
1245.866
1246.105
1246.345
1246.823
1247.063
1247.302
1247.780
1248.020
1248.259
1248.738
1248.977
1249.216
1249.695
1249.934
1250.174
1250.652
1250.891
1251.131
1251.609
1251.849
1252.088
1252.567
1252.806
1253.045
1253.524
1253.763
1254.002
1254.481
1254.720
1254.960
1255.438
1255.678
1255.917
1256.396
1256.635
1256.874
1257.353
1257.592
1257.831
1258.310
1258.549
1258.789
1259.267
1259.506
1259.746
1260.224
1260.464
1260.703
1261.182
1261.421
1261.660
1262.139
1262.378
1262.617
1263.096
1263.335
1263.575
1264.053
1264.293
1264.532
1265.011
1265.250
1265.489
1265.968
1266.207
1266.446
1266.925
1267.164
1267.404
1267.882
1268.121
1268.361
1268.839
1269.079
1269.318
1269.797
1270.036
1270.275
1270.754
1270.993
1271.232
1271.711
1271.950
1272.190
1272.668
1272.908
1273.147
1273.626
1273.865
1274.104
1274.583
1274.822
1275.061
1275.540
1275.779
1276.019
1276.497
1276.736
1276.976
1296.862
1297.463
1298.064
1298.497
1298.898
1299.532
1300.132
1300.766
1301.400
1301.801
1302.234
1302.835
1303.469
1304.103
1304.704
1305.104
1305.538
1306.172
1306.772
1307.373
1308.007
1308.407
1308.808
1309.442
1310.076
1310.710
1311.343
1312.144
1312.745
1313.345
1313.979
1314.613
1315.514
1316.115
1316.749
1317.349
1317.983
1318.784
1319.385
1320.019
1320.619
1321.253
1322.121
1322.326
1322.530
1322.940
1323.145
1323.349
1323.759
1323.964
1324.168
1324.578
1324.783
1324.987
1325.397
1325.602
1325.806
1326.216
1326.421
1326.625
1328.794
1328.997
1329.201
1329.607
1329.810
1330.014
1330.420
1330.623
1330.827
1331.233
1331.436
1331.639
1332.046
1332.249
1332.452
1332.859
1333.062
1333.265
1335.367
1335.574
1335.781
1336.194
1336.400
1336.607
1337.020
1337.227
1337.433
1337.846
1338.053
1338.259
1338.673
1338.879
1339.086
1339.499
1339.705
1339.912
1340.325
1340.532
1340.738
1341.151
1341.358
1341.564
1341.978
1342.184
1342.391
1342.804
1343.010
1343.217
1343.630
1343.837
1344.043
1344.456
1344.663
1344.870
1345.283
1345.489
1345.696
1346.109
1346.315
1346.522
1346.935
1347.142
1347.348
1347.761
1347.968
1348.175
1348.588
1348.794
1349.001
1349.414
1349.621
1349.827
1350.240
1350.447
1350.653
1351.066
1351.273
1351.480
1351.893
1352.099
1352.306
1352.719
1352.926
1353.132
1353.545
1353.752
1353.958
1354.372
1354.578
1354.785
1355.209
1355.385
1355.560
1355.735
1355.911
1356.086
1356.261
1356.436
1356.612
1356.787
1356.962
1357.138
1357.313
1357.488
1357.664
1357.839
1358.014
1358.190
1358.365
1358.540
1358.715
1358.891
1359.066
1359.241
1359.417
1359.592
1359.767
1359.943
1360.118
1360.293
1360.469
1360.644
1360.819
1361.841
1362.016
1362.192
1362.367
1362.543
1362.718
1362.894
1363.069
1363.244
1363.420
1363.595
1363.771
1363.946
1364.122
1364.297
1364.473
1364.648
1364.824
1364.999
1365.175
1365.350
1365.526
1365.701
1365.877
1366.052
1366.228
1366.403
1366.579
1366.754
1366.930
1367.105
1367.281
1367.456
1367.631
1367.807
1367.982
1368.158
1368.333
1368.509
1368.684
1368.860
1369.035
1369.211
1369.386
1369.562
1369.737
1369.913
1370.088
1370.264
1370.439
1370.615
1370.790
1370.966
1371.141
1371.317
1371.492
1371.668
1371.843
1372.019
1372.194
1372.369
1372.545
1372.720
1372.896
1373.071
1373.247
1375.074
1375.193
1375.313
1375.432
1375.552
1375.671
1375.791
1375.910
1376.030
1376.150
1376.269
1376.389
1376.508
1376.628
1376.747
1376.867
1376.986
1377.106
1377.225
1377.345
1377.464
1377.584
1377.703
1377.823
1377.942
1378.062
1378.181
1378.301
1378.420
1378.540
1378.660
1378.779
1378.899
1379.018
1379.138
1379.257
1379.377
1379.496
1379.616
1379.735
1379.855
1379.974
1380.094
1380.213
1380.333
1380.452
1380.572
1380.691
1380.811
1380.930
1381.050
1381.169
1381.289
1381.409
1381.528
1381.648
1381.767
1381.887
1382.006
1382.126
1382.245
1382.365
1382.484
1382.604
1382.723
1382.843
1382.962
1383.082
1383.201
1383.321
1383.440
1383.560
1383.679
1383.799
1383.919
1384.038
1384.158
1384.277
1384.397
1384.516
1384.636
1384.755
1384.875
1384.994
1385.114
1385.233
1385.353
1385.472
1385.592
1385.711
1385.831
1385.950
1386.070
1386.189
1386.309
1386.429
1386.548
1386.668
1386.787
1386.907
1387.026
1387.146
1387.265
1387.385
1387.504
1387.624
1387.743
1387.863
1387.982
1388.102
1388.221
1388.341
1388.460
1388.580
1388.699
1388.819
1388.939
1389.058
1389.178
1389.297
1389.417
1389.536
1389.656
1389.775
1389.895
1390.014
1390.134
1390.253
1390.373
1390.492
1390.612
1390.731
1390.851
1390.970
1391.090
1391.209
1391.329
1391.449
1391.568
1391.688
1391.807
1391.927
1392.046
1392.166
1392.285
1392.405
1392.524
1392.644
1392.763
1392.883
1393.002
1393.122
1393.241
1393.361
1393.480
1393.600
1393.719
1393.839
1393.959
1394.078
1394.198
1394.317
1394.437
1394.556
1394.676
1394.795
1394.915
1395.034
1395.154
1395.273
1395.393
1395.512
1395.632
1395.751
1395.871
1395.990
1396.110
1396.229
1396.349
1396.469
1396.588
1396.708
1396.827
1396.947
1397.066
1397.186
1397.305
1397.425
1397.544
1397.664
1397.783
1397.903
1398.022
1398.142
1398.261
1398.381
1398.500
1398.620
1398.739
1398.859
1398.979
1399.098
1399.218
1399.337
1399.457
1399.576
1399.696
1399.815
1399.935
1400.054
1400.174
1400.293
1400.413
1400.532
1400.652
1400.771
1400.891
1401.010
1401.130
1401.249
1401.369
1401.488
1401.606
1402.020
1402.434
1402.848
1403.262
1403.676
1404.090
1404.504
1404.918
1405.332
1405.746
1406.160
1406.575
1406.989
1407.403
1407.817
1408.231
1408.645
1409.059
1409.473
1409.887
1410.301
1410.715
1411.129
1411.544
1414.813
1415.226
1415.638
1416.050
1416.462
1416.875
1417.287
1417.699
1418.111
1418.524
1418.936
1419.348
1419.760
1420.173
1420.585
1420.997
1421.409
1421.822
1422.234
1422.646
1423.058
1423.471
1423.883
1424.295
1424.707
1425.119
1425.532
1425.944
1426.356
1426.768
1427.181
1427.593
1427.986
1428.106
1428.226
1428.346
1428.466
1428.586
1428.706
1428.826
1428.946
1429.066
1429.186
1429.306
1429.426
1429.547
1429.667
1429.787
1429.907
1430.027
1430.147
1430.267
1430.387
1430.507
1430.627
1430.747
1430.867
1430.987
1431.107
1431.227
1431.347
1431.467
1431.587
1431.707
1431.827
1431.947
1432.068
1432.188
1432.308
1432.428
1432.548
1432.668
1432.788
1432.908
1433.028
1433.148
1433.268
1433.388
1433.508
1433.628
1433.748
1433.868
1433.988
1434.108
1434.228
1434.348
1434.468
1434.589
1434.709
1434.829
1434.949
1435.069
1435.189
1435.309
1435.429
1435.549
1435.669
1435.789
1435.909
1436.029
1436.149
1436.269
1436.389
1436.509
1436.629
1436.749
1436.869
1436.990
1437.110
1437.230
1437.350
1437.470
1437.590
1437.710
1437.830
1441.273
1441.687
1442.100
1442.513
1442.927
1443.340
1443.753
1444.166
1444.580
1444.993
1445.406
1445.820
1446.233
1446.646
1447.060
1447.473
1447.886
1448.300
1448.713
1449.126
1449.540
1449.953
1450.366
1450.780
1451.193
1451.606
1452.019
1452.433
1452.846
1453.259
1453.673
1454.086
1455.120
1455.283
1455.447
1455.611
1455.774
1455.938
1456.101
1456.265
1456.429
1456.592
1456.756
1456.919
1457.083
1457.247
1457.410
1457.574
1457.737
1457.901
1458.065
1458.228
1458.392
1458.555
1458.719
1458.883
1459.046
1459.210
1459.373
1459.537
1459.701
1459.864
1460.028
1460.191
1460.355
1460.519
1460.682
1460.846
1461.009
1461.173
1461.336
1461.500
1461.664
1461.827
1461.991
1462.154
1462.318
1462.482
1462.645
1462.809
1462.972
1463.136
1463.300
1463.463
1463.627
1463.790
1463.954
1464.118
1464.281
1464.445
1464.608
1464.772
1464.936
1465.099
1465.263
1465.426
1465.590
1465.754
1465.917
1466.081
1466.244
1466.408
1466.572
1466.735
1466.899
1467.314
1467.730
1468.145
1468.561
1468.976
1469.392
1469.807
1470.223
1470.638
1471.054
1471.469
1471.884
1472.300
1472.715
1473.131
1473.546
1473.962
1474.377
1474.793
1475.208
1475.624
1476.039
1476.455
1476.870
1477.286
1477.701
1478.117
1478.532
1478.947
1479.363
1479.778
1487.653
1488.067
1488.481
1488.894
1489.308
1489.722
1490.136
1490.550
1490.963
1491.377
1491.791
1492.205
1492.619
1493.032
1493.446
1493.860
1494.274
1494.688
1495.102
1495.515
1495.929
1496.343
1496.757
1497.171
1497.584
1497.998
1498.412
1498.826
1499.240
1499.653
1500.067
1500.481
1500.895
1501.309
1501.722
1502.136
1502.550
1502.964
1503.378
1503.792
1504.205
1504.619
1505.033
1505.447
1505.861
1506.274
1506.688
1507.102
1507.516
1507.630
1507.744
1507.858
1507.973
1508.087
1508.201
1508.315
1508.430
1508.544
1508.658
1508.772
1508.887
1509.001
1509.115
1509.229
1509.344
1509.458
1509.572
1509.686
1509.800
1509.915
1510.029
1510.143
1510.257
1510.372
1510.486
1510.600
1510.714
1510.829
1510.943
1511.057
1511.171
1511.285
1511.400
1511.514
1511.628
1511.742
1511.857
1511.971
1512.085
1512.199
1512.314
1512.428
1512.542
1512.656
1512.770
1512.885
1512.999
1513.113
1513.227
1513.342
1513.456
1513.570
1513.684
1513.799
1513.913
1514.027
1514.141
1514.256
1514.370
1514.484
1514.598
1514.712
1514.827
1514.941
1515.055
1515.169
1515.284
1515.398
1515.512
1515.626
1515.741
1515.855
1515.969
1516.083
1516.197
1516.312
1516.426
1516.540
1516.654
1516.769
1516.883
1516.997
1517.111
1517.226
1517.340
1517.454
1517.568
1517.682
1517.797
1517.911
1518.025
1518.139
1518.254
1518.368
1518.482
1518.596
1518.711
1518.825
1518.939
1519.053
1519.168
1519.282
1519.396
1519.510
1519.624
1519.739
1519.853
1519.967
1520.081
1520.196
1520.310
1520.424
1520.538
1520.653
1520.767
1520.881
1520.995
1521.109
1521.224
1521.338
1521.452
1521.566
1521.681
1521.795
1521.909
1522.023
1522.138
1522.252
1522.366
1522.480
1522.594
1522.709
1522.823
1522.937
1523.051
1523.166
1523.280
1523.394
1523.508
1523.623
1523.737
1523.851
1523.965
1524.080
1524.194
1524.308
1524.422
1524.536
1524.651
1524.765
1524.879
1524.993
1525.108
1525.222
1525.336
1525.450
1525.565
1525.679
1525.793
1525.907
1526.021
1526.136
1526.250
1526.364
1526.478
1526.593
1526.707
1526.821
1526.935
1527.050
1527.164
1527.331
1527.745
1528.159
1528.574
1528.988
1529.402
1529.816
1530.230
1530.645
1531.059
1531.473
1531.887
1532.301
1532.716
1533.130
1533.544
1533.958
1534.372
1534.787
1535.201
1535.615
1536.029
1536.443
1536.858
1537.272
1537.686
1538.100
1538.514
1538.929
1539.343
1539.757
1540.171
1540.585
1540.999
1541.414
1541.828
1542.242
1542.656
1543.070
1543.485
1543.899
1544.313
1544.727
1545.141
1545.556
1545.970
1546.384
1546.798
1547.212
1547.418
1547.624
1548.036
1548.242
1548.448
1548.860
1549.066
1549.272
1549.684
1549.890
1550.096
1550.508
1550.714
1550.920
1551.332
1551.538
1551.744
1552.156
1552.363
1552.569
1552.981
1553.187
1553.393
1553.805
1554.011
1554.217
1554.629
1554.835
1555.041
1555.453
1555.659
1555.865
1556.277
1556.483
1556.689
1560.426
1560.839
1561.252
1561.665
1562.079
1562.492
1562.905
1563.318
1563.731
1564.145
1564.558
1564.971
1565.384
1565.798
1566.211
1566.624
1567.037
1567.451
1567.864
1568.277
1568.690
1569.104
1569.517
1569.930
1570.343
1570.756
1571.170
1571.583
1571.996
1572.409
1572.823
1573.236
1573.649
1574.062
1574.476
1574.889
1575.302
1575.715
1576.128
1576.542
1576.955
1577.368
1577.781
1578.195
1578.608
1579.021
1579.434
1579.848
1580.261
1580.674
1581.087
1581.501
1581.914
1582.327
1582.740
1583.153
1583.567
1583.980
1584.393
1584.806
1585.220
1585.633
1586.046
1586.459
1586.873
1587.286
1587.699
1588.112
1588.525
1588.939
1589.352
1589.765
1590.178
1590.592
1591.005
1591.418
1591.831
1592.245
1592.658
1593.071
1593.484
1593.898
1594.311
1594.724
1595.137
1595.550
1595.964
1596.377
1596.790
1597.203
1597.617
1598.030
1598.443
1598.856
1599.270
1599.683
1600.096
1600.509
1600.922
1601.336
1601.749
1602.162
1602.575
1602.989
1603.402
1603.815
1604.228
1604.642
1605.055
1605.468
1605.881
1606.295
1606.708
1607.121
1607.534
1607.947
1608.361
1608.774
1609.187
1609.600
1610.014
1610.427
1610.840
1611.253
1611.667
1612.080
1612.493
1612.906
1613.319
1613.733
1614.146
1614.559
1614.972
1615.386
1615.799
1616.212
1616.625
1617.039
1617.452
1617.865
1618.278
1618.692
1619.105
1619.518
1619.931
1620.344
1620.758
1621.171
1621.584
1621.997
1622.411
1622.824
1623.237
1623.650
1624.064
1624.477
1624.890
1625.303
1625.716
1626.130
1626.543
1626.956
1627.369
1627.783
1628.196
1628.609
1629.022
1629.436
1629.849
1630.262
1630.675
1631.089
1631.502
1631.915
1632.328
1632.741
1633.155
1633.568
1633.981
1634.394
1634.808
1635.221
1635.634
1636.047
1636.461
1636.874
1637.287
1637.700
1638.113
1638.527
1638.940
1639.353
1639.766
1640.180
1640.593
1641.006
1641.419
1641.833
1642.246
1642.659
1643.072
1643.486
1643.899
1644.312
1644.725
1645.138
1645.552
1645.965
1646.378
1646.791
1647.205
1647.618
1648.031
1648.444
1648.858
1649.271
1649.684
1650.097
1650.510
1650.924
1651.337
1651.750
1653.118
1653.251
1653.383
1653.515
1653.648
1653.780
1653.913
1654.045
1654.177
1654.310
1654.442
1654.574
1654.707
1654.839
1654.972
1655.104
1655.236
1655.369
1655.501
1655.633
1655.766
1655.898
1656.031
1656.163
1656.295
1656.428
1656.560
1656.693
1656.825
1656.957
1657.090
1657.222
1657.354
1657.487
1657.619
1657.752
1657.884
1658.016
1658.149
1658.281
1658.414
1658.546
1658.678
1658.811
1658.943
1659.075
1659.208
1659.340
1659.473
1659.605
1659.737
1659.870
1660.002
1660.134
1660.267
1660.399
1660.532
1660.664
1660.796
1660.929
1661.061
1661.194
1661.326
1661.458
1661.591
1661.723
1661.855
1661.988
1662.120
1662.253
1662.385
1662.517
1662.650
1662.782
1662.915
1663.047
1663.179
1663.312
1663.444
1663.576
1663.709
1663.841
1663.974
1664.106
1664.238
1664.371
1664.503
1664.635
1664.768
1664.900
1665.033
1665.165
1665.297
1665.430
1665.562
1665.695
1665.827
1665.959
1666.092
1666.224
1666.356
1666.489
1666.621
1666.754
1666.886
1667.018
1667.151
1667.283
1667.416
1667.548
1667.680
1667.813
1667.945
1668.077
1668.210
1668.342
1668.475
1668.607
1668.739
1668.872
1669.004
1669.136
1669.269
1669.401
1669.534
1669.666
1669.798
1669.931
1670.063
1670.196
1670.328
1670.460
1670.593
1670.725
1670.857
1670.990
1671.122
1671.255
1671.387
1671.519
1671.652
1671.784
1671.917
1672.049
1672.181
1672.314
1672.446
1672.578
1672.711
1672.843
1672.976
1673.108
1673.240
1673.373
1673.505
1673.637
1673.770
1673.902
1674.035
1674.167
1674.299
1674.432
1674.564
1674.697
1674.829
1674.961
1675.094
1675.226
1675.358
1675.491
1675.623
1675.756
1675.888
1676.020
1676.153
1676.285
1676.418
1676.550
1676.682
1676.815
1676.947
1677.079
1677.212
1677.344
1677.477
1677.609
1677.741
1677.874
1678.006
1678.138
1678.271
1678.403
1678.536
1678.668
1678.800
1678.933
1679.065
1679.198
1679.330
1679.462
1679.595
1705.804
1706.296
1706.787
1707.279
1707.770
1708.262
1708.754
1709.245
1709.737
1710.228
1710.720
1711.211
1711.703
1712.195
1712.686
1713.178
1713.669
1714.161
1714.652
1715.144
1715.636
1716.127
1716.619
1717.110
1717.602
1718.093
1718.585
1719.077
1719.568
1720.060
1720.551
1721.043
1721.534
1722.026
1722.517
1723.009
1723.501
1723.992
1724.484
1724.975
1725.467
1725.958
1726.450
1726.942
1727.433
1727.925
1728.416
1728.908
1729.399
1729.891
1730.383
1730.874
1731.366
1731.857
1732.349
1732.840
1733.332
1733.824
1734.315
1734.807
1735.298
1735.790
1736.281
1736.773
1737.264
1737.756
1738.248
1738.739
1739.231
1739.722
1740.214
1740.705
1741.197
1741.689
1742.180
1742.672
1743.163
1743.655
1744.146
1744.638
1745.130
1745.621
1746.113
1746.604
1747.096
1747.587
1748.079
1748.571
1749.062
1749.554
1750.045
1750.537
1751.028
1751.520
1752.012
1752.503
1752.995
1753.486
1753.978
1754.469
1754.961
1755.452
1755.944
1756.436
1756.927
1757.419
1757.910
1758.402
1758.893
1759.385
1759.877
1760.368
1760.860
1761.351
1761.843
1762.334
1762.826
1763.318
1763.809
1764.301
1764.792
1765.284
1765.775
1766.267
1766.759
1767.250
1767.742
1768.233
1769.218
1770.202
1771.186
1772.170
1773.155
1774.139
1775.123
1776.108
1777.092
1778.076
1779.061
1780.045
1781.029
1782.014
1782.998
1783.982
1784.476
1784.969
1785.463
1785.956
1786.449
1786.943
1787.436
1787.930
1788.423
1788.917
1789.410
1789.903
1790.397
1790.890
1791.384
1791.877
1792.370
1792.864
1793.357
1793.851
1794.344
1794.838
1795.331
1795.824
1796.318
1796.811
1797.305
1797.798
1798.292
1798.785
1799.278
1799.772
1800.265
1800.509
1800.753
1801.242
1801.486
1801.730
1802.218
1802.462
1802.706
1803.194
1803.438
1803.682
1804.170
1804.414
1804.659
1805.147
1805.391
1805.635
1806.123
1806.367
1806.611
1807.099
1807.343
1807.587
1808.076
1808.320
1808.564
1809.052
1809.296
1809.540
1810.028
1810.272
1810.516
1811.004
1811.248
1811.492
1811.981
1812.225
1812.469
1812.957
1813.201
1813.445
1815.981
1816.471
1816.960
1817.450
1817.940
1818.430
1818.919
1819.409
1819.899
1820.389
1820.878
1821.368
1821.858
1822.348
1822.837
1823.327
1823.817
1824.306
1824.796
1825.286
1825.776
1826.265
1826.755
1827.245
1827.735
1828.224
1828.714
1829.204
1829.694
1830.183
1830.673
1831.163
1834.032
1834.466
1835.234
1835.667
1836.134
1836.435
1836.868
1837.636
1838.103
1838.537
1838.837
1839.304
1840.038
1840.505
1840.973
1841.273
1841.707
1842.765
1842.914
1843.064
1843.214
1843.363
1843.513
1843.663
1843.812
1843.962
1844.111
1844.261
1844.411
1844.560
1844.710
1845.159
1845.308
1845.458
1845.607
1845.757
1845.907
1846.056
1846.206
1846.356
1846.505
1846.655
1846.804
1846.954
1847.104
1847.552
1847.702
1847.852
1848.001
1848.151
1848.301
1848.450
1848.600
1848.749
1848.899
1849.049
1849.198
1849.348
1849.497
1849.946
1850.096
1850.245
1850.395
1850.545
1850.694
1850.844
1850.994
1851.143
1851.293
1851.442
1851.592
1851.742
1851.891
1852.938
1853.100
1853.262
1853.424
1853.586
1853.748
1853.910
1854.073
1854.235
1854.397
1854.559
1854.721
1854.883
1855.045
1855.207
1855.370
1855.532
1855.694
1855.856
1856.018
1856.180
1856.342
1856.504
1856.666
1856.829
1856.991
1857.153
1857.315
1857.477
1857.639
1857.801
1857.963
1858.126
1858.288
1858.450
1858.612
1858.774
1858.936
1859.098
1859.260
1859.422
1859.585
1859.747
1859.909
1860.071
1860.233
1860.395
1860.557
1860.719
1860.882
1861.044
1861.206
1861.368
1861.530
1861.692
1861.854
1862.016
1862.178
1862.341
1862.503
1862.665
1862.827
1862.989
1863.151
1863.313
1863.475
1863.638
1863.800
1863.962
1864.124
1864.286
1864.448
1864.610
1864.772
1864.934
1865.097
1865.259
1865.421
1865.583
1865.745
1865.907
1866.069
1866.231
1866.394
1866.556
1866.718
1866.880
1867.042
1867.204
1867.366
1867.528
1867.690
1867.853
1868.015
1868.177
1868.339
1868.501
1868.663
1868.825
1868.987
1869.150
1869.312
1869.474
1869.636
1869.798
1869.960
1870.122
1870.284
1870.446
1870.609
1870.771
1870.933
1871.095
1871.257
1871.419
1871.581
1871.743
1871.905
1872.068
1872.230
1872.392
1872.554
1872.716
1872.878
1873.040
1873.202
1873.365
1873.527
1873.689
1873.851
1874.013
1874.175
1874.337
1874.499
1874.661
1874.824
1874.986
1875.148
1875.310
1875.472
1875.634
1875.796
1875.958
1876.121
1876.283
1876.445
1876.607
1876.769
1876.931
1877.093
1877.255
1877.417
1877.580
1877.742
1877.904
1878.066
1878.228
1878.390
1878.552
1878.714
1878.877
1879.039
1881.074
1881.231
1881.389
1881.547
1881.705
1881.863
1882.020
1882.178
1882.336
1882.494
1882.651
1882.809
1882.967
1883.125
1883.598
1883.756
1883.914
1884.072
1884.229
1884.387
1884.545
1884.703
1884.860
1885.018
1885.176
1885.334
1885.492
1885.649
1886.123
1886.281
1886.438
1886.596
1886.754
1886.912
1887.069
1887.227
1887.385
1887.543
1887.701
1887.858
1888.016
1888.174
1890.728
1890.882
1891.036
1891.190
1891.344
1891.498
1891.652
1891.807
1891.961
1892.115
1892.269
1892.423
1892.577
1892.731
1893.193
1893.348
1893.502
1893.656
1893.810
1893.964
1894.118
1894.272
1894.426
1894.580
1894.735
1894.889
1895.043
1895.197
1895.659
1895.813
1895.967
1896.121
1896.276
1896.430
1896.584
1896.738
1896.892
1897.046
1897.200
1897.354
1897.508
1897.662
1899.998
1900.146
1900.293
1900.441
1900.588
1900.735
1900.883
1901.030
1901.178
1901.325
1901.473
1901.620
1901.767
1901.915
1902.062
1902.210
1902.357
1902.505
1902.652
1902.800
1902.947
1903.094
1903.242
1903.389
1903.537
1903.684
1903.832
1903.979
1904.127
1904.274
1904.421
1904.569
1904.716
1904.864
1905.011
1905.159
1905.306
1905.453
1905.601
1905.748
1905.896
1906.043
1906.191
1906.338
1906.486
1906.633
1906.780
1906.928
1907.075
1907.223
1907.370
1907.518
1907.665
1907.812
1907.960
1908.107
1908.255
1908.402
1908.550
1908.697
1908.845
1908.992
1909.139
1909.287
1909.434
1909.582
1909.729
1909.877
1910.024
1910.172
1910.319
1910.466
1910.614
1910.761
1910.909
1911.056
1911.204
1911.351
1911.498
1911.646
1911.793
1911.941
1912.088
1912.236
1912.383
1912.531
1912.678
1912.825
1912.973
1913.120
1913.268
1913.415
1913.563
1913.710
1913.857
1914.005
1914.152
1914.300
1914.447
1914.595
1914.742
1914.890
1915.037
1915.184
1915.332
1915.479
1915.627
1915.774
1915.922
1916.069
1916.217
1916.364
1916.511
1916.659
1916.806
1916.954
1917.101
1917.249
1917.396
1917.543
1917.691
1917.838
1917.986
1918.133
1918.281
1918.428
1918.576
1918.723
1918.870
1919.018
1919.165
1920.442
1920.577
1920.712
1920.848
1920.983
1921.118
1921.253
1921.388
1921.523
1921.658
1921.793
1921.928
1922.064
1922.199
1922.334
1922.469
1922.604
1922.739
1922.874
1923.009
1923.144
1923.279
1923.415
1923.550
1923.685
1923.820
1923.955
1924.090
1924.225
1924.360
1924.495
1924.631
1924.766
1924.901
1925.036
1925.171
1925.306
1925.441
1925.576
1925.711
1925.846
1925.982
1926.117
1926.252
1926.387
1926.522
1926.657
1926.792
1926.927
1927.062
1927.198
1927.333
1927.468
1927.603
1927.738
1927.873
1928.008
1928.143
1928.278
1928.413
1928.549
1928.684
1928.819
1928.954
1929.089
1929.224
1929.359
1929.494
1929.629
1929.765
1929.900
1930.035
1930.170
1930.305
1930.440
1930.575
1930.710
1930.845
1930.980
1931.116
1931.251
1931.386
1931.521
1931.656
1931.791
1931.926
1932.061
1932.196
1932.332
1932.467
1932.602
1932.737
1932.872
1933.007
1933.142
1933.277
1933.412
1933.548
1933.683
1933.818
1933.953
1934.088
1934.223
1934.358
1934.493
1934.628
1934.763
1934.899
1935.034
1935.169
1935.304
1935.439
1935.574
1935.709
1935.844
1935.979
1938.470
1938.596
1938.722
1938.848
1938.974
1939.100
1939.226
1939.352
1939.478
1939.603
1939.729
1939.855
1939.981
1940.107
1940.233
1940.359
1940.485
1940.611
1940.737
1940.863
1940.989
1941.115
1941.241
1941.367
1941.493
1941.619
1941.745
1941.870
1941.996
1942.122
1942.248
1942.374
1942.500
1942.626
1942.752
1942.878
1943.004
1943.130
1943.256
1943.382
1943.508
1943.634
1943.760
1943.886
1944.011
1944.137
1944.263
1944.389
1944.515
1944.641
1944.767
1944.893
1945.019
1945.145
1945.271
1945.397
1945.523
1945.649
1945.775
1945.901
1946.027
1946.153
1946.278
1946.404
1946.530
1946.656
1946.782
1946.908
1947.034
1947.160
1947.286
1947.412
1947.538
1947.664
1947.790
1947.916
1948.042
1948.168
1948.294
1948.420
1948.545
1948.671
1948.797
1948.923
1949.049
1949.175
1949.301
1949.427
1949.553
1949.679
1949.805
1949.931
1950.057
1950.183
1950.309
1950.435
1950.561
1950.687
1950.812
1950.938
1951.064
1951.190
1951.316
1951.442
1951.568
1951.694
1951.820
1951.946
1952.072
1952.198
1952.324
1952.450
1952.576
1952.702
1952.828
1952.954
1953.079
1953.205
1953.331
1953.457
1953.583
1953.709
1953.835
1953.961
1954.087
1954.213
1954.339
1954.465
1954.591
1954.717
1954.843
1954.969
1955.095
1955.220
1955.346
1955.472
1955.598
1955.724
1955.850
1955.976
1956.102
1956.228
1956.354
1956.480
1956.606
1956.732
1956.858
1956.984
1957.110
1957.236
1957.362
1957.884
1958.484
1958.783
1959.083
1959.383
1959.683
1960.282
1960.882
1961.181
1961.481
1961.781
1962.081
1962.680
1963.280
1963.579
1963.879
1964.179
1964.479
1965.078
1965.678
1965.977
1966.277
1966.577
1966.877
1967.476
1968.076
1968.375
1968.675
1968.975
1969.275
1969.874
1970.474
1970.773
1971.073
1971.373
1971.672
1972.272
1972.871
1973.171
1973.471
1973.771
1974.070
1974.670
1976.742
1976.884
1977.027
1977.170
1977.313
1977.456
1977.599
1977.742
1977.885
1978.028
1978.170
1978.313
1978.456
1978.599
1978.742
1978.885
1979.028
1979.171
1979.314
1979.456
1979.599
1979.742
1979.885
1980.028
1980.171
1980.314
1980.457
1980.600
1980.742
1980.885
1981.028
1981.171
1981.314
1981.457
1981.600
1981.743
1981.886
1982.028
1982.171
1982.314
1982.457
1982.600
1982.743
1982.886
1983.029
1983.172
1983.314
1983.457
1983.600
1983.743
1983.886
1984.029
1984.172
1984.315
1984.458
1984.600
1984.743
1984.886
1985.029
1985.172
1985.315
1985.458
1985.601
1985.744
1985.886
1986.029
1986.172
1986.315
1986.458
1986.601
1986.744
1986.887
1987.030
1987.172
1987.315
1987.458
1987.601
1987.744
1987.887
1988.030
1988.173
1988.316
1988.458
1988.601
1988.744
1988.887
1989.030
1989.173
1989.316
1989.459
1989.602
1989.744
1989.887
1990.030
1990.173
1990.316
1990.459
1990.602
1990.745
1990.888
1991.030
1991.173
1991.316
1991.459
1991.602
1991.745
1991.888
1992.031
1992.174
1992.316
1992.459
1992.602
1992.745
1992.888
1993.031
1993.174
1993.317
1993.460
1993.603
1993.745
1993.888
1994.031
1994.174
1994.317
1994.460
1994.603
1994.746
1994.889
1995.031
1995.174
1995.317
1995.460
1995.603
1995.746
1995.889
1996.032
1996.175
1996.317
1996.460
1996.603
1996.746
1996.889
1997.032
1997.175
1997.318
1997.461
1997.603
1997.746
1997.889
1998.032
1998.175
1998.318
1998.461
1998.604
1998.747
1998.889
1999.032
1999.175
1999.318
1999.461
1999.604
1999.747
1999.890
2000.033
2000.175
2000.318
2000.461
2000.604
2000.747
2000.890
2001.033
2001.176
2001.319
2001.461
2001.604
2001.747
2001.890
2002.033
2002.176
2002.319
2002.462
2002.605
2002.747
2002.890
2003.033
2003.176
2003.319
2003.462
2003.605
2003.748
2003.891
2004.033
2004.176
2004.319
2004.462
2004.605
2004.748
2004.891
2005.034
2005.177
2005.319
2005.462
2005.605
2005.748
2005.891
2006.034
2006.177
2006.320
2006.463
2006.605
2006.748
2006.891
2007.034
2007.177
2007.320
2007.463
2007.606
2007.749
2007.891
2008.034
2008.177
2008.320
2008.463
2008.606
2008.749
2008.892
2009.035
2009.177
2009.320
2009.463
2009.606
2009.749
2009.892
2010.035
2010.178
2010.321
2010.463
2010.606
2010.749
2010.892
2011.035
2011.178
2011.321
2011.464
2011.607
2011.749
2011.892
2012.035
2012.178
2012.321
2012.464
2012.607
2012.750
2012.893
2013.035
2013.178
2013.321
2013.464
2013.607
2013.750
2013.893
2014.036
2014.179
2014.321
2014.464
2014.607
2014.750
2014.893
2015.036
2015.179
2015.322
2015.433
2015.545
2015.657
2015.769
2015.880
2015.992
2016.104
2016.215
2016.327
2016.439
2016.551
2016.662
2016.774
2016.886
2016.997
2017.109
2017.221
2017.332
2017.444
2017.556
2017.668
2017.779
2017.891
2018.003
2018.114
2018.226
2018.338
2018.450
2018.561
2018.673
2018.785
2018.896
2019.008
2019.120
2019.231
2019.343
2019.455
2019.567
2019.678
2019.790
2019.902
2020.013
2020.125
2020.237
2020.349
2020.460
2020.572
2020.684
2020.795
2020.907
2021.019
2021.131
2021.242
2021.354
2021.466
2021.577
2021.689
2021.801
2021.912
2022.024
2022.136
2022.248
2022.359
2022.471
2022.583
2022.694
2022.806
2022.918
2023.030
2023.141
2023.253
2023.365
2023.476
2023.588
2023.700
2023.812
2023.923
2024.035
2024.147
2024.258
2024.370
2024.482
2024.593
2024.705
2024.817
2024.929
2025.040
2025.152
2025.264
2025.375
2025.487
2025.599
2025.711
2025.822
2025.934
2026.046
2026.157
2026.269
2026.381
2026.492
2026.604
2026.716
2026.828
2026.939
2027.051
2027.163
2027.274
2027.386
2027.498
2027.610
2027.721
2027.833
2027.945
2028.056
2028.168
2028.280
2028.392
2028.503
2028.615
2028.727
2028.838
2028.950
2029.062
2029.173
2029.285
2029.397
2029.509
2029.620
2029.732
2029.844
2029.955
2030.067
2030.179
2030.291
2030.402
2030.514
2030.626
2030.737
2030.849
2030.961
2031.072
2031.184
2031.296
2031.408
2031.519
2031.631
2031.743
2031.854
2031.966
2032.078
2032.190
2032.301
2032.413
2032.525
2032.636
2032.748
2032.860
2032.972
2033.083
2033.195
2033.307
2033.418
2033.530
2033.642
2033.753
2033.865
2033.977
2034.089
2034.200
2035.634
2035.770
2035.906
2036.043
2036.179
2036.316
2036.452
2036.588
2036.725
2036.861
2036.998
2037.134
2037.270
2037.407
2037.543
2037.680
2037.816
2037.952
2038.089
2038.225
2038.362
2038.498
2038.634
2038.771
2038.907
2039.043
2039.180
2039.316
2039.453
2039.589
2039.725
2039.862
2039.998
2040.135
2040.271
2040.407
2040.544
2040.680
2040.817
2040.953
2041.089
2041.226
2041.362
2041.499
2041.635
2041.771
2041.908
2042.044
2042.181
2042.317
2042.453
2042.590
2042.726
2042.862
2042.999
2043.135
2043.272
2043.408
2043.544
2043.681
2043.817
2043.954
2044.090
2044.226
2044.363
2044.499
2044.636
2044.772
2044.908
2045.045
2045.181
2045.318
2045.454
2045.590
2045.727
2045.863
2045.999
2046.136
2046.272
2046.409
2046.545
2046.681
2046.818
2046.954
2047.091
2047.227
2047.363
2047.500
2047.636
2047.773
2047.909
2048.045
2048.182
2048.318
2048.455
2048.591
2048.727
2048.864
2049.000
2049.136
2049.273
2049.409
2049.546
2049.682
2049.818
2049.955
2050.091
2050.228
2050.364
2050.500
2050.637
2050.773
2050.910
2051.046
2051.182
2051.319
2051.455
2051.592
2051.728
2051.864
2052.001
2052.137
2052.273
2052.410
2052.546
2052.683
2052.819
2053.218
2053.330
2053.443
2053.556
2053.668
2053.781
2053.893
2054.006
2054.118
2054.231
2054.343
2054.456
2054.568
2054.681
2054.793
2054.906
2055.018
2055.131
2055.243
2055.356
2055.468
2055.581
2055.693
2055.806
2055.919
2056.031
2056.144
2056.256
2056.369
2056.481
2056.594
2056.706
2056.819
2056.931
2057.044
2057.156
2057.269
2057.381
2057.494
2057.606
2057.719
2057.831
2057.944
2058.057
2058.169
2058.282
2058.394
2058.507
2058.619
2058.732
2058.844
2058.957
2059.069
2059.182
2059.294
2059.407
2059.519
2059.632
2059.744
2059.857
2059.969
2060.082
2060.195
2060.307
2060.420
2060.532
2060.645
2060.757
2060.870
2060.982
2061.095
2061.207
2061.320
2061.432
2061.545
2061.657
2061.770
2061.882
2061.995
2062.107
2062.220
2062.333
2062.445
2062.558
2062.670
2062.783
2062.895
2063.008
2063.120
2063.233
2063.345
2063.458
2063.570
2063.683
2063.795
2063.908
2064.020
2064.133
2064.245
2064.358
2064.470
2064.583
2064.696
2064.808
2064.921
2065.033
2065.146
2065.258
2065.371
2065.483
2065.596
2065.708
2065.821
2065.933
2066.046
2066.158
2066.271
2066.383
2066.496
2066.608
2066.721
2066.834
2066.946
2067.059
2067.171
2067.284
2067.396
2067.509
2067.621
2067.734
2067.846
2067.959
2068.071
2068.184
2068.296
2068.409
2068.521
2068.634
2068.746
2068.859
2068.972
2069.084
2069.197
2069.309
2069.422
2069.534
2069.647
2069.759
2069.872
2069.984
2070.097
2070.209
2070.322
2070.434
2070.547
2070.659
2070.772
2070.884
2070.997
2071.110
2071.222
2071.335
2071.447
2071.560
2071.672
2071.785
2071.897
2072.010
2072.122
2072.235
2072.347
2072.460
2072.572
2072.685
2072.797
2072.910
2073.022
2073.135
2073.247
2073.360
2073.473
2073.585
2073.698
2073.810
2073.923
2074.035
2074.148
2074.260
2074.373
2074.485
2074.598
2074.710
2074.823
2074.935
2075.048
2075.160
2075.273
2075.385
2075.498
2075.611
2075.723
2075.836
2075.948
2076.061
2076.173
2076.286
2076.398
2076.511
2076.623
2076.736
2076.848
2076.961
2077.073
2077.186
2077.298
2077.411
2077.523
2077.636
2077.749
2077.861
2077.974
2078.086
2078.199
2078.311
2078.424
2078.536
2078.649
2078.761
2078.874
2078.986
2079.099
2079.211
2079.324
2079.436
2079.549
2079.661
2079.774
2079.887
2079.999
2080.112
2080.224
2080.337
2080.449
2080.562
2080.674
2080.787
2080.899
2081.012
2081.124
2081.237
2081.349
2081.462
2081.574
2081.687
2081.799
2081.912
2082.024
2082.137
2082.250
2082.362
2082.475
2082.587
2082.700
2082.812
2082.925
2083.037
2083.150
2083.262
2083.375
2083.487
2083.600
2083.712
2083.825
2083.937
2084.050
2084.162
2084.275
2084.388
2084.500
2084.613
2084.725
2084.838
2084.950
2085.063
2085.175
2085.288
2085.400
2085.513
2085.625
2085.738
2085.850
2085.963
2086.075
2086.188
2086.300
2086.413
2086.526
2086.638
2086.751
2086.863
2086.976
2087.088
2087.201
2087.313
2087.426
2087.538
2087.651
2087.763
2087.876
2087.988
2088.101
2088.213
2088.326
2088.438
2088.551
2088.663
2088.776
2088.889
2089.001
2089.114
2089.226
2089.339
2089.451
2089.564
2089.676
2089.789
2089.901
2090.014
2090.126
2090.239
2090.351
2090.464
2090.576
2090.689
2090.801
2090.914
2091.027
2091.139
2091.252
2091.364
2091.477
2091.589
2091.702
2091.814
2091.927
2092.039
2092.152
2092.264
2092.377
2092.489
2092.602
2092.714
2092.827
2092.939
2093.052
2093.165
2093.277
2093.390
2093.502
2093.615
2093.727
2093.840
2093.952
2094.065
2094.177
2094.290
2094.402
2094.515
2094.627
2094.740
2094.852
2094.965
2095.077
2095.190
2095.303
2095.415
2095.528
2095.640
2095.753
2095.865
2095.978
2096.090
2096.203
2096.315
2096.428
2096.540
2096.653
2096.765
2096.878
2096.990
2097.103
2097.215
2097.328
2097.440
2097.553
2097.666
2097.778
2097.891
2098.003
2098.116
2098.228
2098.341
2098.453
2098.566
2098.678
2098.791
2098.903
2099.016
2099.128
2099.241
2099.353
2099.466
2099.578
2099.691
2099.804
2099.916
2100.029
2100.141
2100.254
2100.366
2100.479
2100.591
2100.704
2100.816
2100.929
2101.041
2101.154
2101.266
2101.379
2101.491
2101.604
2101.716
2101.829
2101.942
2102.054
2102.167
2102.279
2102.392
2102.504
2102.617
2102.729
2102.842
2102.954
2103.067
2103.179
2103.292
2103.404
2103.517
2103.629
2103.742
2103.854
2103.967
2104.080
2104.192
2104.305
2104.417
2104.530
2104.642
2104.755
2104.867
2104.980
2105.092
2105.205
2105.317
2105.430
2105.542
2105.655
2105.767
2105.880
2105.992
2106.105
2106.217
2106.330
2106.443
2106.555
2106.668
2106.780
2106.893
2107.005
2107.118
2107.230
2107.343
2107.455
2107.568
2107.680
2107.793
2107.905
2108.018
2108.130
2108.243
2108.355
2108.468
2108.581
2108.693
2108.806
2108.918
2109.031
2109.143
2109.256
2109.368
2109.481
2109.593
2109.706
2109.818
2109.931
2110.043
2110.156
2110.268
2110.381
2110.493
2110.606
2110.719
2110.831
2110.944
2111.056
2111.169
2111.281
2111.394
2111.506
2111.619
2111.731
2111.844
2111.956
2112.069
2112.181
2112.294
2112.406
2112.519
2112.631
2112.744
2112.857
2112.969
2113.082
2113.194
2113.307
2113.419
2113.532
2113.644
2113.757
2113.869
2113.982
2114.094
2114.207
2114.319
2114.432
2114.544
2114.657
2114.769
2114.882
2114.994
2115.107
2115.220
2115.332
2115.445
2115.557
2115.670
2115.782
2115.895
2116.007
2116.120
2116.232
2116.345
2116.457
2116.570
2116.682
2116.795
2116.907
2117.020
2117.132
2117.245
2117.358
2117.470
2117.583
2117.695
2117.808
2117.920
2118.033
2118.145
2118.258
2118.370
2118.483
2118.595
2118.708
2118.820
2118.933
2119.045
2119.158
2119.270
2119.383
2119.496
2119.608
2119.721
2119.833
2119.946
