76.049
76.518
76.987
77.456
77.924
78.393
78.862
79.331
79.799
80.268
80.737
81.205
81.674
82.143
82.612
83.080
83.549
91.049
91.518
91.986
92.924
93.393
93.861
94.799
95.268
95.736
96.674
97.143
97.611
98.549
99.018
99.486
100.424
100.892
101.361
102.299
102.767
103.236
104.174
104.642
105.111
106.049
106.283
106.517
106.752
106.986
107.455
107.924
108.158
108.392
108.627
108.861
109.330
109.799
110.033
110.267
110.502
110.736
111.205
111.673
111.908
112.142
112.377
112.611
113.080
113.548
113.783
114.017
114.252
114.486
114.955
115.423
115.658
115.892
116.126
116.361
116.830
117.298
117.533
117.767
118.001
118.236
118.705
119.173
119.408
119.642
119.876
120.111
120.579
121.048
121.283
121.517
121.751
121.986
122.454
122.923
123.158
123.392
123.626
123.861
124.329
124.798
125.032
125.267
125.501
125.736
125.970
126.204
126.439
128.548
129.017
129.486
129.954
130.423
130.892
131.360
131.829
132.298
132.767
133.235
133.704
134.173
134.642
135.110
135.579
136.048
136.517
136.985
137.454
137.923
138.392
138.860
139.329
139.798
140.267
140.735
141.204
143.548
144.016
144.485
144.954
145.423
145.891
146.360
146.829
147.298
147.766
148.235
148.704
149.173
149.641
150.110
150.579
151.047
151.516
151.985
152.454
152.922
153.391
153.860
154.329
154.797
155.266
155.735
156.204
166.047
166.516
166.985
167.922
168.391
168.860
169.797
170.266
170.734
171.672
172.141
172.609
173.547
174.016
174.484
175.422
175.891
176.359
177.297
177.766
178.234
179.172
179.641
180.109
181.047
181.281
181.515
181.750
181.984
182.453
182.922
183.156
183.390
183.625
183.859
184.328
184.797
185.031
185.265
185.500
185.734
186.203
186.672
186.906
187.140
187.375
187.609
188.078
188.547
188.781
189.015
189.250
189.484
189.953
190.421
190.656
190.890
191.125
191.359
191.828
192.296
192.531
192.765
193.000
193.234
193.703
194.171
194.406
194.640
194.874
195.109
195.578
196.046
196.515
196.984
197.453
197.921
198.390
198.859
199.328
199.796
200.265
200.734
201.202
201.671
202.140
202.609
203.077
203.546
203.781
204.015
204.249
204.484
204.718
204.952
205.187
205.421
205.655
205.890
206.124
206.359
206.593
206.827
207.062
207.296
207.413
207.530
207.648
207.765
207.882
207.999
208.116
208.234
208.351
208.468
208.585
208.702
208.819
208.937
211.046
211.515
211.983
212.452
212.921
213.390
213.858
214.327
214.796
215.265
215.733
216.202
216.671
217.140
217.608
218.077
218.546
219.015
219.483
219.952
220.421
220.889
221.358
221.827
222.296
222.764
223.233
223.702
226.046
226.514
226.983
227.452
227.921
228.389
228.858
229.327
229.795
230.264
230.733
231.202
231.670
232.139
232.608
233.077
233.545
234.014
234.483
234.952
235.420
235.889
236.358
236.827
237.295
237.764
238.233
238.702
287.575
288.059
288.543
289.027
289.269
289.511
289.995
290.478
290.962
291.204
291.446
291.930
292.414
292.898
293.140
293.382
293.866
294.349
294.833
295.075
295.317
295.801
296.285
296.769
297.011
297.253
297.737
298.221
298.704
298.946
299.188
299.672
300.156
300.640
300.882
301.124
301.608
302.092
303.059
303.543
304.027
304.511
304.995
305.479
305.963
306.447
306.930
307.414
307.898
308.382
308.866
309.350
309.834
310.318
310.802
311.285
311.769
312.253
312.737
313.221
313.705
314.189
314.673
315.157
315.640
316.124
316.608
317.092
317.576
318.060
318.544
319.028
319.511
319.995
320.479
320.963
321.447
321.931
322.415
322.899
323.383
323.866
324.350
324.834
325.318
325.802
326.286
326.770
327.254
327.737
328.221
328.705
329.189
329.673
330.157
330.641
331.125
331.609
332.092
332.576
334.028
334.512
334.996
335.480
335.722
335.964
336.447
336.931
337.415
337.657
337.899
338.383
338.867
339.351
339.593
339.835
340.318
340.802
341.286
341.528
341.770
342.254
342.738
343.222
343.464
343.706
344.190
344.673
345.157
345.399
345.641
346.125
346.609
347.093
347.335
347.577
348.061
348.545
349.028
349.996
350.964
351.932
352.899
353.867
354.835
355.803
356.771
357.738
358.706
359.674
360.642
361.609
362.577
363.545
364.513
364.997
365.480
365.964
366.448
366.932
367.416
367.658
367.900
368.142
368.384
368.868
369.352
369.835
370.319
370.803
371.287
371.529
371.771
372.013
372.255
372.739
373.223
373.706
374.190
374.674
375.158
375.400
375.642
375.884
376.126
376.610
377.094
377.578
378.061
378.545
379.029
379.271
379.513
379.755
379.997
380.481
380.965
381.449
381.932
382.416
382.900
383.142
383.384
383.626
383.868
384.352
384.836
385.320
385.804
386.287
386.771
387.013
387.255
387.497
387.739
388.223
388.465
388.707
388.949
389.191
389.433
389.675
389.917
390.159
390.400
390.642
390.884
391.126
391.368
391.610
391.852
392.094
392.336
392.578
392.739
392.901
393.062
393.223
393.384
393.546
393.707
393.868
394.030
394.191
394.352
394.513
394.675
394.836
394.997
397.417
397.901
398.385
398.868
399.352
399.836
400.320
400.804
401.288
401.772
402.256
402.740
403.223
403.707
404.191
404.675
405.159
405.643
406.127
406.611
407.094
407.578
408.062
408.546
409.030
409.514
409.998
410.482
410.966
411.449
411.933
412.417
412.901
413.385
413.869
414.353
414.837
415.321
415.804
416.288
416.772
417.256
417.740
418.224
418.708
419.192
419.675
420.159
420.643
421.127
421.611
422.095
422.579
423.063
423.547
424.030
424.514
424.998
425.482
425.966
426.450
426.934
427.418
427.901
428.385
428.869
429.353
429.837
430.321
430.805
431.289
431.773
432.256
432.740
433.224
433.708
434.192
434.676
435.160
435.644
436.128
436.611
437.095
437.579
438.063
438.547
439.031
439.515
439.999
440.482
440.966
441.450
441.934
442.418
442.902
443.386
443.870
444.354
444.837
445.321
445.805
446.289
446.773
447.257
447.741
448.225
448.708
449.192
449.676
450.160
450.644
451.128
451.612
452.096
452.580
453.063
453.547
454.031
454.515
454.999
455.483
477.263
477.631
477.999
478.367
478.735
479.103
479.472
479.840
480.208
480.576
480.944
481.312
481.680
482.049
482.417
482.785
483.153
483.521
483.889
484.257
484.625
484.994
485.362
485.730
486.098
486.466
486.834
487.202
487.571
487.939
488.307
488.675
494.933
495.301
495.669
496.038
496.406
496.774
497.142
497.510
497.878
498.246
498.615
498.983
499.351
499.719
500.087
500.455
500.823
501.191
501.560
501.928
502.296
502.664
503.032
503.400
503.768
504.137
504.505
504.873
505.241
505.609
505.977
506.345
506.713
507.082
507.450
507.818
508.186
508.554
508.922
509.290
509.659
510.027
510.395
510.763
511.131
511.499
511.867
512.235
512.604
512.972
513.340
513.708
514.076
514.444
514.812
515.181
515.549
515.917
516.285
516.653
517.021
517.389
517.757
518.126
518.494
518.862
519.230
519.598
519.966
520.334
520.703
521.071
521.439
521.807
522.175
522.543
522.911
523.280
523.648
524.016
524.384
524.752
525.120
525.488
525.856
526.225
526.593
526.961
527.329
527.697
528.065
528.433
528.802
529.170
529.538
529.906
530.274
530.642
531.010
531.378
531.747
532.115
532.483
532.851
533.219
533.587
533.955
534.324
534.692
535.060
535.428
535.796
536.164
536.532
536.900
537.269
537.637
538.005
538.373
538.741
539.109
539.477
539.846
540.214
540.582
540.950
541.318
541.686
542.054
542.422
542.791
543.159
543.527
543.895
544.263
544.631
544.999
545.368
545.736
546.104
546.472
546.840
547.208
547.576
547.944
548.313
548.681
549.049
549.417
549.785
550.153
550.521
550.890
551.258
551.626
551.994
552.362
552.730
553.098
553.466
553.835
554.203
554.571
554.939
555.307
555.675
556.043
556.412
556.780
557.148
557.516
557.884
558.252
558.620
558.988
559.357
559.725
560.093
560.461
560.829
561.197
561.565
561.934
562.302
562.670
563.038
563.406
563.774
564.142
564.510
564.879
565.247
565.615
565.983
566.351
566.719
567.087
567.456
567.824
568.192
568.560
568.928
569.296
569.664
570.032
570.401
570.769
571.137
571.505
571.873
572.241
572.609
572.978
573.346
573.714
574.082
574.450
574.818
575.186
575.554
575.923
576.291
576.659
577.027
577.395
577.763
578.131
578.500
578.868
579.236
579.604
579.972
580.340
580.708
581.076
581.445
581.813
582.181
582.549
582.917
583.285
589.175
589.544
589.912
590.280
590.648
591.016
591.384
591.752
592.120
592.489
592.857
593.225
593.593
593.961
594.329
594.697
595.066
595.434
595.802
596.170
596.538
596.906
597.274
597.642
598.011
598.379
598.747
599.115
599.483
599.851
600.219
600.588
600.956
601.324
601.692
602.060
602.428
602.796
603.164
603.533
603.901
604.269
604.637
605.005
605.373
605.741
606.110
606.478
606.846
607.214
607.582
607.950
608.318
608.686
609.055
609.423
609.791
610.159
610.527
610.895
611.263
611.632
612.000
612.368
612.736
613.104
613.472
613.840
614.208
614.577
614.945
615.313
615.681
616.049
616.417
616.785
617.154
617.522
617.890
618.258
618.626
618.994
619.362
619.730
620.099
620.467
620.835
621.203
621.571
621.939
622.307
622.676
623.044
623.412
623.780
624.148
624.516
624.884
625.252
625.621
625.989
626.357
626.725
627.093
627.461
627.829
628.198
628.566
628.934
629.302
629.670
630.038
630.406
630.774
631.143
631.511
631.879
632.247
632.615
632.983
633.351
633.720
634.088
634.456
634.824
635.192
635.560
635.928
636.296
636.665
637.033
637.401
637.769
638.137
638.505
638.873
639.242
639.610
639.978
640.346
640.714
641.082
641.450
685.907
686.240
686.573
686.906
687.240
687.573
687.906
688.240
688.573
688.906
689.239
689.573
689.906
690.239
690.573
690.906
691.239
691.572
691.906
692.239
692.572
692.906
693.239
693.572
693.905
694.239
694.572
694.905
696.572
696.905
697.238
697.572
697.905
698.238
698.572
698.905
699.238
699.571
699.905
700.238
700.571
700.905
701.238
701.571
701.904
702.238
702.571
702.904
703.238
703.571
703.904
704.237
704.571
704.904
705.237
705.571
705.904
706.237
706.570
707.237
707.570
707.904
708.237
708.570
708.903
709.237
709.570
709.903
710.237
710.570
710.903
711.237
711.570
711.903
712.236
712.570
712.903
713.236
713.570
713.903
714.236
714.569
714.903
715.236
715.569
715.903
716.236
716.569
716.902
717.236
717.569
717.902
718.236
718.569
718.902
719.235
719.569
719.902
720.235
720.569
720.735
720.902
721.069
721.235
721.402
721.568
723.235
723.568
723.901
724.235
724.568
724.901
725.235
725.568
725.901
726.235
726.568
726.901
727.234
727.568
727.901
728.234
728.568
728.901
729.234
729.567
729.901
730.234
730.567
730.901
731.234
731.567
731.900
732.234
732.567
732.900
733.234
733.567
733.900
734.233
734.567
734.900
735.233
735.567
735.900
736.233
736.566
736.900
737.233
737.566
737.900
738.233
738.566
738.899
739.233
739.566
739.899
740.233
740.566
740.899
741.233
741.566
741.899
742.232
742.566
742.899
743.232
744.565
744.899
745.232
745.899
746.232
746.565
747.232
747.565
747.898
748.565
748.898
749.231
749.898
750.231
750.565
751.231
751.564
751.898
752.564
752.898
753.231
753.897
754.231
754.564
755.897
757.230
758.564
759.897
761.230
762.563
763.896
765.229
766.562
767.896
769.229
770.562
771.895
773.228
774.561
775.895
776.561
776.894
777.228
777.561
777.894
778.228
778.561
778.894
779.227
779.561
779.894
780.227
780.561
780.894
781.227
781.560
781.894
782.227
782.560
782.894
783.227
783.560
783.893
784.227
784.560
784.893
785.227
785.560
785.893
786.227
786.560
786.893
787.226
787.560
787.893
788.226
788.560
788.893
789.226
789.559
789.893
790.226
790.559
790.893
791.226
791.559
791.892
792.226
792.559
792.892
793.226
793.559
793.892
794.225
794.559
794.892
795.225
795.559
795.892
797.892
798.225
798.558
798.891
799.225
799.558
799.891
800.225
800.558
800.891
801.225
801.558
801.891
802.224
802.558
802.891
803.224
803.558
803.891
804.224
804.557
804.891
805.224
805.557
805.891
806.224
806.557
806.890
807.224
807.557
807.890
808.224
808.557
808.890
809.223
809.557
809.890
810.223
810.557
810.890
811.223
811.556
811.890
812.223
812.556
812.890
813.223
813.556
813.890
814.223
814.556
814.889
815.223
815.556
815.889
816.223
816.556
816.889
817.222
817.556
817.889
818.222
818.556
818.889
819.222
819.555
819.889
820.555
820.889
821.222
821.888
822.222
822.555
823.222
823.555
823.888
824.555
824.888
825.221
825.888
826.221
826.554
827.221
827.554
827.888
828.554
828.887
829.221
829.887
830.054
830.221
830.554
830.887
831.221
831.387
831.554
831.887
832.220
832.554
832.720
832.887
833.220
833.554
833.887
834.053
834.220
834.553
834.887
835.220
835.387
835.553
835.887
836.220
836.553
836.720
836.886
837.220
837.553
837.886
838.053
838.220
838.553
838.886
840.553
840.886
841.219
841.552
841.886
842.219
842.552
842.886
843.219
843.552
843.886
844.219
844.552
844.885
845.219
845.552
845.885
846.219
846.552
846.885
847.218
847.552
847.885
848.218
848.552
848.885
849.218
849.551
849.885
850.218
850.551
850.885
851.218
851.551
851.884
852.218
852.551
852.884
853.218
853.551
853.884
854.217
854.551
854.884
855.217
855.551
855.884
856.217
856.550
856.884
857.217
857.550
857.884
858.217
858.550
858.884
859.217
859.550
859.883
860.217
860.550
867.216
867.549
867.882
868.549
868.882
869.215
869.882
870.215
870.549
871.215
871.548
871.882
872.548
872.882
873.215
873.881
874.215
874.548
875.215
875.548
875.881
876.548
876.881
877.214
877.881
878.214
878.548
879.214
879.547
879.881
880.214
880.547
880.881
881.214
881.547
883.214
883.547
883.880
884.213
884.547
884.880
885.213
885.547
885.880
886.213
886.546
886.880
887.213
887.546
887.880
888.213
888.546
888.880
889.213
889.546
889.879
890.213
890.546
890.879
891.213
891.546
891.879
892.212
892.546
892.879
893.212
894.545
894.879
895.212
895.545
895.879
896.212
896.545
896.878
897.212
897.545
897.878
898.212
898.545
898.878
899.211
899.545
899.878
900.211
900.545
900.878
901.211
901.544
901.878
902.211
902.544
902.878
903.211
903.544
903.878
904.211
904.544
904.877
905.211
905.544
905.877
906.211
906.544
906.877
907.210
907.544
907.877
908.210
908.544
908.877
909.210
909.543
909.877
910.210
910.543
910.877
911.210
911.543
911.876
912.210
912.543
912.876
913.210
913.543
913.876
914.209
914.543
914.876
915.209
915.543
915.876
916.209
916.542
916.876
917.209
917.542
917.876
918.209
918.542
918.876
919.209
919.542
919.875
920.209
920.542
920.875
921.209
921.542
921.875
922.208
922.542
922.875
923.208
923.542
923.875
924.208
924.541
932.349
932.682
933.015
933.349
933.682
934.015
934.348
934.682
935.015
935.348
935.681
936.015
936.348
936.681
937.014
937.348
937.681
938.014
938.347
938.681
939.014
939.347
939.680
940.014
940.347
940.680
941.013
941.346
941.680
942.013
942.346
942.679
943.013
943.346
943.679
944.012
944.346
944.679
945.012
945.345
945.679
946.012
946.345
946.678
947.012
947.345
947.678
948.011
948.345
948.678
949.011
949.344
949.678
950.011
950.344
950.677
951.011
951.344
951.677
952.010
952.343
952.677
953.010
953.343
953.676
954.010
954.343
954.676
955.009
955.343
955.676
956.009
956.342
956.676
957.009
957.342
957.675
958.009
958.342
958.675
959.008
959.342
959.675
960.008
960.341
960.675
961.008
961.341
961.674
962.008
962.341
962.674
963.007
963.341
963.674
964.007
964.340
964.673
965.007
965.340
965.673
966.006
966.340
966.673
967.006
967.339
967.673
968.006
968.339
968.672
969.006
969.339
969.672
970.005
970.339
970.672
971.005
971.338
971.672
972.005
972.338
972.671
973.005
973.338
973.671
