79.490
79.959
80.427
80.896
81.365
81.833
82.302
82.770
83.239
83.707
84.176
84.645
85.113
85.582
86.050
86.519
86.988
87.456
87.925
88.393
88.862
89.330
89.799
90.268
90.736
91.205
91.673
92.142
92.611
93.079
93.548
94.016
94.485
101.982
102.919
103.856
104.794
105.731
106.668
107.605
108.542
109.479
111.354
113.228
115.102
116.977
118.851
120.725
122.600
124.474
124.943
125.411
125.880
126.348
126.817
127.286
127.754
128.223
128.691
129.160
129.628
130.097
130.566
131.034
131.503
131.971
132.440
132.908
133.377
133.846
134.314
134.783
135.251
135.720
136.189
136.657
137.126
137.594
138.063
138.531
139.000
139.469
139.937
140.406
140.874
141.343
141.812
142.280
142.749
143.217
143.686
144.154
144.623
145.092
145.560
146.029
146.497
146.966
147.434
147.903
148.372
148.840
149.309
149.777
150.246
150.715
151.183
151.652
152.120
152.589
153.057
153.526
153.995
154.463
158.212
158.680
159.149
159.618
160.086
160.555
161.023
161.492
161.961
162.429
162.898
163.366
163.835
164.303
164.772
165.241
165.709
166.178
166.646
167.115
167.583
168.052
168.521
168.989
169.458
169.926
170.395
170.864
171.332
171.801
172.269
172.738
173.206
173.675
174.144
174.612
175.081
175.549
176.018
176.487
176.955
177.424
177.892
178.361
178.829
179.298
179.767
180.235
180.704
181.172
181.641
182.110
182.578
183.047
183.515
183.984
184.452
184.921
185.390
185.858
186.327
186.795
187.264
187.732
188.201
203.196
203.664
204.133
204.601
205.070
205.539
206.007
206.476
206.944
207.413
207.881
208.350
208.819
209.287
209.756
210.224
210.459
210.693
210.927
211.162
211.396
211.630
211.864
212.099
212.333
212.567
212.802
213.036
213.270
213.504
213.739
213.973
214.207
214.442
214.676
214.910
215.144
215.379
215.613
215.847
216.082
216.316
218.190
218.659
219.127
219.596
220.065
220.533
221.002
221.470
221.939
222.407
222.876
223.345
223.813
224.282
224.750
225.219
225.688
226.156
226.625
227.093
227.562
228.030
228.499
228.968
229.436
229.905
230.373
230.842
231.311
231.779
232.248
232.716
233.185
233.653
234.122
234.591
235.059
235.528
235.996
236.465
236.933
237.402
237.871
238.339
238.808
239.276
239.745
240.214
240.682
241.151
241.619
242.088
242.556
243.025
243.494
243.962
244.431
244.899
245.368
245.837
246.305
246.774
247.242
247.711
248.179
248.648
249.117
249.585
250.054
250.522
250.991
251.460
251.928
252.397
252.865
253.334
253.802
254.271
254.740
255.208
255.677
256.145
256.614
257.082
257.551
258.020
258.488
258.957
259.425
259.894
260.363
260.831
261.300
261.768
262.237
262.705
263.174
286.523
286.937
287.351
287.765
288.179
288.593
289.007
289.421
289.835
290.249
290.663
291.076
291.490
291.904
292.318
292.732
293.146
293.560
293.974
294.388
294.802
295.216
295.629
296.043
296.457
296.871
297.285
297.699
298.113
298.527
298.941
299.355
299.769
300.182
300.596
301.010
301.424
301.838
302.252
302.666
303.080
303.494
303.908
304.321
304.735
305.149
305.563
305.977
306.391
306.805
307.219
307.633
308.047
308.461
308.874
309.288
309.702
310.116
310.530
310.944
311.358
311.772
312.186
312.600
313.014
313.427
313.841
314.255
314.669
314.876
315.083
315.290
315.497
315.704
315.911
316.118
316.325
316.532
316.739
316.946
317.153
317.360
317.567
317.773
317.980
318.187
318.394
318.601
318.808
319.015
319.222
319.429
319.636
319.843
320.050
320.257
320.464
320.671
320.878
321.085
321.292
321.499
321.706
321.913
322.120
322.326
322.533
322.740
322.947
323.154
323.361
323.568
323.775
323.982
324.189
324.396
324.603
324.810
325.017
325.224
325.431
325.638
325.845
326.052
326.259
326.466
326.673
326.879
327.086
327.293
327.500
327.707
327.914
328.121
328.328
328.535
328.742
328.949
329.156
329.363
329.570
329.777
329.984
330.191
330.398
330.605
330.812
331.019
331.225
331.432
331.639
331.846
332.053
332.260
332.467
332.674
332.881
333.088
333.295
333.502
333.709
333.916
334.123
334.330
334.537
334.744
334.951
335.158
335.365
335.572
335.778
335.985
336.192
336.399
336.606
336.813
337.020
337.227
337.434
337.641
337.848
338.055
338.262
338.469
338.676
338.883
339.090
339.297
339.504
339.711
339.918
340.125
340.331
340.538
340.745
340.952
341.159
341.573
341.987
342.401
342.815
343.229
343.643
344.057
344.471
344.884
345.298
345.712
346.126
346.540
346.954
347.368
347.782
348.196
348.610
349.024
349.437
349.851
350.265
350.679
351.093
351.507
351.921
352.335
352.749
353.163
353.577
353.990
354.404
354.818
355.232
355.646
356.060
356.474
356.888
357.302
357.716
358.130
358.543
358.957
359.371
359.785
360.199
360.613
361.027
361.441
361.855
362.269
362.682
363.096
363.510
363.924
364.338
364.752
365.166
365.580
365.994
366.408
366.822
367.235
367.649
368.063
368.477
368.891
369.098
369.305
369.719
369.926
370.133
370.547
370.754
370.961
371.375
371.582
371.788
372.202
372.409
372.616
373.030
373.237
373.444
373.858
374.065
374.272
374.686
374.893
375.100
375.514
375.721
375.928
376.341
376.548
376.755
377.169
377.376
377.583
377.997
378.204
378.411
378.825
379.032
379.239
379.653
379.860
380.067
380.481
380.687
380.894
381.308
381.515
381.722
382.136
382.343
382.550
382.964
383.171
383.378
383.792
383.999
384.206
384.620
384.827
385.034
385.447
385.654
385.861
386.275
386.482
386.689
387.103
387.310
387.517
387.931
388.138
388.345
388.759
388.966
389.173
389.587
389.793
390.000
390.414
390.621
390.828
391.242
391.449
391.656
392.070
392.277
392.484
392.898
393.105
393.312
393.726
393.933
394.140
394.553
394.760
394.967
395.381
395.588
395.795
409.040
409.454
409.868
410.282
410.696
411.110
411.524
411.938
412.351
412.765
413.179
413.593
414.007
414.421
414.835
415.249
415.663
416.077
416.491
416.904
417.318
417.732
418.146
418.560
418.974
419.388
419.802
420.216
420.630
421.044
421.457
421.871
422.285
422.699
423.113
423.527
423.941
425.597
425.803
426.010
426.217
426.424
426.631
426.838
427.045
427.252
427.459
427.666
427.873
428.080
428.287
428.494
428.701
428.908
429.115
429.322
429.529
429.736
429.943
430.149
430.356
430.563
430.770
430.977
431.184
431.391
431.598
431.805
432.012
432.219
432.426
432.633
432.840
433.047
433.254
433.461
433.668
433.875
434.082
434.289
434.496
434.702
434.909
435.116
435.323
435.530
435.737
435.944
436.151
436.358
436.565
436.772
436.979
437.186
437.393
437.600
437.807
438.014
438.221
438.428
438.635
438.842
439.049
439.255
439.462
439.669
439.876
440.083
440.290
440.497
440.704
440.911
441.118
441.325
441.532
441.739
441.946
442.153
442.360
442.567
442.774
442.981
443.188
443.395
443.601
443.808
444.015
444.222
444.429
444.636
444.843
445.050
445.257
445.464
445.671
445.878
446.085
446.292
446.499
446.706
446.913
447.120
447.327
447.534
447.741
447.948
448.154
448.361
448.568
448.775
448.982
449.189
449.396
449.603
449.810
450.017
450.224
450.431
450.638
450.845
451.052
451.259
451.466
451.673
451.880
452.087
452.294
452.501
452.707
452.914
453.121
453.328
453.535
453.742
453.949
454.156
454.363
454.570
454.777
454.984
455.191
455.398
455.605
455.812
456.019
456.226
456.433
456.640
456.847
457.053
457.260
457.467
457.674
457.881
458.088
458.295
458.502
458.709
458.916
459.123
459.330
459.537
459.744
459.951
460.158
460.365
460.572
460.779
460.986
461.193
461.400
461.606
461.813
462.020
462.227
462.434
462.641
462.848
463.055
463.262
463.469
463.676
463.883
464.090
464.297
464.504
464.711
464.918
465.125
465.332
465.539
465.746
465.953
466.159
466.366
466.573
466.780
466.987
467.194
467.401
467.608
467.815
468.022
468.229
468.436
468.643
468.850
469.057
469.264
469.471
469.678
469.885
470.092
470.299
470.506
470.712
470.919
471.126
471.333
471.540
471.747
471.954
472.161
472.368
472.575
472.782
472.989
473.196
473.403
473.610
473.817
474.024
474.231
474.438
474.645
474.852
475.058
475.265
475.472
475.679
475.886
476.093
476.300
476.507
476.714
476.921
477.128
477.335
477.542
477.749
477.956
478.163
478.370
478.577
502.367
502.829
503.290
503.752
504.213
504.675
505.137
505.598
506.060
506.521
506.983
507.445
507.906
508.368
508.830
509.291
509.753
510.214
510.676
511.138
511.599
512.061
512.522
512.984
513.446
513.676
513.907
514.138
514.369
514.600
514.830
515.061
515.292
515.523
515.754
515.985
516.215
516.446
516.677
516.908
517.139
524.524
525.448
526.371
527.294
528.217
529.140
530.064
530.987
531.910
532.372
532.833
533.295
533.757
534.218
534.680
535.141
535.603
536.065
536.526
536.988
537.450
537.911
538.373
538.834
539.296
539.758
539.988
540.219
540.681
540.912
541.142
541.604
541.835
542.066
542.527
542.758
542.989
543.450
543.681
543.912
544.374
544.605
544.835
545.297
545.528
545.759
546.220
546.451
546.682
547.143
547.374
547.605
548.067
548.297
548.528
548.990
549.221
549.451
549.913
550.144
550.375
550.836
551.067
551.298
551.760
551.990
552.221
552.683
552.914
553.144
553.606
553.837
554.068
554.529
554.760
554.991
555.452
555.683
555.914
556.376
556.606
556.837
557.299
557.530
557.760
558.222
558.453
558.684
559.145
559.376
559.607
560.069
560.299
560.530
560.992
561.223
561.453
561.915
562.146
562.377
562.838
563.069
563.300
563.761
563.992
564.223
564.685
564.916
565.146
565.608
565.839
566.070
566.531
566.762
566.993
567.454
567.685
567.916
568.378
568.608
568.839
569.301
569.532
569.762
570.224
570.455
570.686
571.147
571.378
571.609
572.071
572.301
572.532
572.994
573.225
573.455
573.917
574.148
574.379
574.840
575.071
575.302
575.763
575.994
576.225
576.687
576.917
577.148
577.610
577.841
578.071
578.533
578.764
578.995
579.456
579.687
579.918
580.380
580.610
580.841
581.303
581.534
581.764
582.226
582.457
582.688
583.149
583.611
584.072
584.534
584.996
585.457
585.919
586.381
586.842
587.304
587.765
588.227
588.689
589.150
589.612
590.073
590.535
590.997
591.458
591.920
592.381
592.843
593.305
593.766
594.228
594.690
595.151
595.613
596.074
596.536
596.998
597.459
597.921
598.382
598.844
599.306
599.767
600.229
600.691
601.152
601.614
602.075
602.537
602.999
603.460
603.922
604.383
604.845
605.307
605.768
606.230
606.691
607.153
607.615
608.076
608.538
609.000
609.461
609.923
610.384
610.846
611.308
611.769
612.231
612.692
613.154
613.616
614.077
614.539
615.001
615.231
615.462
615.693
615.924
616.155
616.385
616.847
617.309
617.770
618.232
618.693
618.924
619.155
619.386
619.617
619.847
620.078
620.540
621.001
621.463
621.925
622.386
622.617
622.848
623.079
623.310
623.540
623.771
624.233
624.694
625.156
625.618
626.079
626.310
626.541
626.772
627.002
627.233
627.464
627.926
628.387
628.849
629.311
629.772
630.234
630.695
631.157
631.619
632.080
632.542
633.003
633.465
633.927
634.388
634.850
635.311
635.773
636.235
636.696
637.158
637.620
638.081
638.543
639.004
639.466
639.928
640.389
640.851
642.697
643.621
644.544
645.467
646.390
646.852
647.313
647.775
648.237
648.698
649.160
649.622
650.083
650.545
651.006
651.468
651.930
652.391
652.853
653.314
653.776
654.238
654.699
655.161
655.622
656.084
656.546
657.007
657.469
657.931
658.392
658.854
659.315
659.777
660.239
660.700
661.162
661.623
662.085
662.547
663.008
663.470
663.932
664.393
664.855
665.316
665.778
666.240
666.701
667.163
667.624
668.086
668.548
669.009
669.471
669.932
670.394
670.856
671.317
671.779
672.241
672.702
673.164
673.625
674.087
674.549
675.010
675.472
675.933
676.395
676.857
677.318
677.780
678.242
678.703
679.165
679.626
681.473
683.319
684.242
685.166
686.089
687.012
687.935
688.859
689.782
690.705
691.628
692.552
693.475
694.398
694.860
695.321
695.783
696.244
696.475
696.706
696.937
697.168
697.398
697.629
697.860
698.091
698.322
698.552
698.783
699.014
699.245
699.476
699.707
699.937
700.168
700.399
700.630
700.861
701.091
701.322
701.553
701.784
702.015
702.245
702.476
702.707
702.938
703.169
703.399
703.630
703.861
704.092
704.323
704.553
704.784
705.015
705.246
705.477
705.707
705.938
706.169
706.400
706.631
706.862
707.092
707.323
707.554
707.785
708.016
708.246
708.477
708.708
708.939
709.170
709.400
709.631
709.862
710.093
710.324
710.554
710.785
711.016
711.247
711.478
711.708
711.939
712.170
712.401
712.632
712.862
713.093
713.324
713.555
713.786
714.017
714.247
714.478
714.709
714.940
715.171
715.401
715.632
715.863
716.094
716.325
716.555
716.786
717.017
717.248
717.479
717.709
717.940
718.171
718.402
718.633
718.863
719.094
719.325
719.556
719.787
720.017
720.248
720.479
720.710
720.941
721.172
721.402
721.633
721.864
722.095
722.326
722.556
722.787
723.018
723.249
723.480
723.710
723.941
724.172
724.403
724.634
724.864
725.095
725.326
725.557
725.788
726.018
726.249
726.480
726.711
726.942
727.172
727.403
727.634
738.350
739.273
740.196
741.118
742.041
742.964
743.887
744.810
745.733
746.656
747.578
748.501
749.424
750.347
751.270
752.193
753.116
754.039
754.961
755.884
756.807
757.730
758.653
759.576
760.499
761.421
762.344
763.267
764.190
764.651
765.113
765.574
766.036
766.497
766.959
767.420
767.882
768.343
768.804
769.266
769.727
770.189
770.650
771.112
771.573
772.034
772.496
772.957
773.419
773.880
774.342
774.803
775.264
775.726
776.187
776.649
777.110
777.572
778.033
778.494
778.956
779.417
779.879
780.340
780.802
781.263
781.725
782.186
782.647
783.109
783.570
784.032
784.493
784.955
785.416
785.877
786.339
786.800
787.262
787.723
788.185
788.646
789.107
789.569
790.030
790.492
790.953
791.415
791.876
792.337
792.799
793.260
794.183
795.106
796.029
796.952
797.875
798.798
799.720
800.643
801.566
802.489
803.412
804.335
805.258
806.180
807.103
808.026
808.949
809.872
810.795
811.718
812.641
813.563
814.486
815.409
816.332
817.255
818.178
819.101
820.023
820.946
821.869
822.792
823.715
824.638
825.561
826.484
827.406
828.329
829.252
830.175
831.098
832.021
832.944
833.866
834.789
835.712
836.635
837.558
838.481
839.404
840.327
841.249
842.172
843.095
844.018
844.941
845.864
846.787
847.709
848.632
849.555
850.478
851.401
852.324
853.247
853.477
853.708
854.170
854.400
854.631
855.092
855.323
855.554
856.015
856.246
856.477
856.938
857.169
857.400
857.861
858.092
858.322
858.784
859.015
859.245
859.707
859.937
860.168
860.630
860.860
861.091
861.552
861.783
862.014
862.475
862.706
862.937
863.398
863.629
863.860
864.321
864.552
864.782
865.244
865.475
865.705
866.167
866.397
866.628
867.090
867.320
867.551
868.013
868.243
868.474
868.935
869.166
869.397
869.858
870.089
870.320
870.781
871.012
871.243
871.704
871.935
872.165
872.627
872.858
873.088
873.550
873.780
874.011
874.473
874.703
874.934
875.395
875.626
875.857
876.318
876.549
876.780
877.241
877.472
877.703
878.164
878.395
878.625
879.087
879.318
879.548
880.010
880.240
880.471
880.933
881.163
881.394
881.856
882.086
882.317
882.778
883.009
883.240
883.701
883.932
884.163
884.624
884.855
885.086
885.547
885.778
886.008
886.470
886.701
886.931
887.393
887.623
887.854
888.316
888.546
888.777
889.238
889.469
889.700
890.161
890.392
890.623
891.084
891.315
891.546
892.007
892.238
892.468
892.930
893.161
893.391
893.853
894.083
894.314
894.776
895.006
895.237
895.698
895.929
896.160
896.621
896.852
897.083
897.544
898.006
898.467
898.929
899.390
899.851
900.313
900.774
901.236
901.697
902.159
902.620
903.081
903.543
904.004
904.466
904.927
905.389
905.850
906.311
906.773
907.234
907.696
908.157
908.619
909.080
909.541
910.003
910.464
910.926
911.387
911.849
912.310
912.772
913.233
913.464
913.694
914.156
914.617
915.079
915.309
915.540
916.002
916.463
916.924
917.155
917.386
917.847
918.309
918.770
919.001
919.232
919.693
920.154
920.616
920.847
921.077
921.539
922.000
922.462
922.692
922.923
923.384
923.846
924.307
924.538
924.769
925.230
925.692
926.153
926.384
926.615
927.076
927.537
927.999
928.230
928.460
928.922
929.383
929.845
930.075
930.306
930.767
931.229
931.690
931.921
932.152
932.613
933.075
933.536
933.767
933.997
934.459
934.920
935.382
935.612
935.843
936.305
936.766
937.227
937.458
937.689
938.150
938.612
939.073
939.304
939.535
939.996
940.458
940.919
941.150
941.380
941.842
942.303
942.765
942.995
943.226
943.688
944.149
944.610
944.841
945.072
945.533
945.995
946.456
946.687
946.918
947.379
947.840
948.302
948.533
948.763
949.225
949.686
950.148
950.378
950.609
951.070
951.301
951.532
951.763
951.993
952.224
952.455
952.916
953.147
953.378
953.608
953.839
954.070
954.301
954.762
954.993
955.223
955.454
955.685
955.916
956.146
956.608
956.838
957.069
957.300
957.531
957.761
957.992
958.453
958.684
958.915
959.146
959.376
959.607
959.838
960.299
960.530
960.761
960.991
961.222
961.453
961.683
962.145
962.376
962.606
962.837
963.068
963.298
963.529
963.991
964.221
964.452
964.683
964.913
965.144
965.375
965.836
966.067
966.298
966.528
966.759
966.990
967.221
967.682
967.913
968.143
968.374
968.605
968.836
969.066
969.528
969.759
969.989
970.220
970.451
970.681
970.912
971.374
971.604
971.835
972.066
972.296
972.527
972.758
973.219
973.450
973.681
973.911
974.142
974.373
974.604
975.065
975.296
975.526
975.757
975.988
976.219
976.449
976.911
977.141
977.372
977.603
977.834
978.064
978.295
978.756
978.987
979.218
979.449
979.679
979.910
980.141
980.602
980.833
981.064
981.294
981.525
981.756
981.986
982.448
982.679
982.909
983.140
983.371
983.602
983.832
984.294
984.524
984.755
984.986
985.217
985.447
985.678
986.139
986.370
986.601
986.832
987.062
987.293
987.524
987.985
988.216
988.447
988.677
988.908
989.139
989.369
989.831
990.062
990.292
990.523
990.754
990.984
991.215
991.677
991.907
992.138
992.369
992.599
992.830
993.061
993.522
993.753
993.984
994.214
994.445
994.676
994.907
1010.134
1010.365
1010.595
1010.826
1011.057
1011.287
1011.518
1011.749
1011.980
1012.210
1012.441
1012.672
1012.903
1013.133
1013.364
1013.595
1013.825
1014.056
1014.287
1014.518
1014.748
1014.979
1015.210
1015.440
1015.671
1015.902
1016.133
1016.363
1016.594
1016.825
1017.055
1017.286
1017.517
1017.748
1017.978
1018.209
1018.440
1018.670
1018.901
1019.132
1019.363
1019.593
1019.824
1020.055
1020.285
1020.516
1020.747
1020.978
1021.208
1021.439
1021.670
1021.900
1022.131
1022.362
1022.593
1022.823
1023.054
1023.285
1023.515
1023.746
1023.977
1024.208
1024.438
1024.669
1024.900
1025.130
1025.361
1025.592
1025.823
1026.053
1026.284
1026.515
1026.745
1026.976
1027.207
1027.438
1027.668
1027.899
1028.130
1028.361
1028.591
1028.822
1029.053
1029.283
1029.514
1029.745
1029.976
1030.206
1030.437
1030.668
1030.898
1031.129
1031.360
1031.591
1031.821
1032.052
1032.283
1032.513
1032.744
1032.975
1033.206
1033.436
1033.667
1033.898
1034.128
1034.359
1034.590
1034.821
1035.051
1035.282
1035.513
1035.743
1035.974
1036.205
1036.436
1036.666
1036.897
1037.128
1037.358
1037.589
1037.820
1038.051
1038.281
1038.512
1038.743
1038.973
1039.204
1039.435
1039.666
1039.896
1040.127
1040.358
1040.588
1040.819
1041.050
1041.281
1041.511
1041.742
1041.973
1042.204
1042.434
1042.665
1042.896
1043.126
1043.357
1043.588
1043.819
1044.049
1044.280
1044.511
1044.741
1044.972
1045.203
1045.434
1045.664
1045.895
1046.126
1046.356
1046.587
1046.818
1047.049
1047.279
1047.510
1047.741
1047.971
1048.202
1048.433
1048.664
1048.894
1049.125
1049.356
1049.586
1049.817
1050.048
1050.279
1050.509
1050.740
1050.971
1051.201
1051.432
1051.663
1051.894
1052.124
1052.355
1052.586
1052.816
1053.047
1053.278
1053.509
1053.739
1053.970
1054.201
1054.431
1091.699
1092.168
1092.637
1093.105
1093.574
1094.043
1094.511
1094.980
1095.449
1095.917
1096.386
1096.855
1097.323
1097.792
1098.261
1098.729
1099.198
1099.667
1100.135
1100.604
1101.073
1101.541
1102.010
1102.479
1102.947
1103.416
1103.885
1104.353
1104.822
1105.291
1105.759
1106.228
1106.697
1107.165
1107.634
1108.103
1108.571
1109.040
1109.509
1109.978
1110.446
1110.915
1111.384
1111.852
1112.321
1112.790
1113.258
1113.727
1114.196
1114.664
1115.133
1115.602
1116.070
1116.539
1117.008
1117.476
1117.945
1118.414
1118.882
1119.351
1119.820
1121.694
1122.163
1122.632
1122.866
1123.100
1123.569
1124.038
1124.506
1124.741
1124.975
1125.444
1125.912
1126.381
1126.615
1126.850
1127.318
1127.787
1128.256
1128.490
1128.725
1129.193
1129.662
1130.131
1130.365
1130.599
1131.068
1131.537
1132.005
1132.240
1132.474
1132.943
1133.411
1133.880
1134.114
1134.349
1134.817
1135.286
1135.755
1135.989
1136.223
1136.692
1137.161
1137.629
1137.864
1138.098
1138.567
1139.035
1139.504
1139.738
1139.973
1140.441
1140.910
1141.379
1141.613
1141.847
1142.316
1142.785
1143.253
1143.488
1143.722
1144.191
1144.659
1145.128
1145.362
1145.597
1146.065
1146.534
1147.003
1147.237
1147.472
1147.940
1148.409
1148.878
1149.112
1149.346
1149.815
1150.284
1150.752
1150.987
1151.221
1151.690
1152.158
1152.627
1152.861
1153.096
1153.564
1154.033
1154.502
1154.736
1154.970
1155.439
1155.908
1156.376
1156.611
1156.845
1157.314
1157.782
1158.251
1158.485
1158.720
1159.188
1159.423
1159.657
1159.891
1160.126
1160.594
1161.063
1161.297
1161.532
1161.766
1162.000
1162.469
1162.938
1163.172
1163.406
1163.641
1163.875
1164.344
1164.812
1165.047
1165.281
1165.515
1165.750
1166.219
1166.687
1166.922
1167.156
1167.390
1167.625
1168.093
1168.562
1168.796
1169.031
1169.265
1169.499
1169.968
1170.437
1170.671
1170.905
1171.140
1171.374
1171.843
1172.311
1172.546
1172.780
1173.014
1173.249
1173.717
1174.186
1174.420
1174.655
1174.889
1175.123
1175.592
1176.061
1176.295
1176.529
1176.764
1176.998
1177.467
1177.935
1178.170
1178.404
1178.638
1178.873
1179.341
1179.810
1180.044
1180.279
1180.513
1180.747
1181.216
1181.685
1181.919
1182.153
1182.388
1182.622
1183.091
1183.559
1183.794
1184.028
1184.262
1184.497
1184.965
1185.434
1185.669
1185.903
1186.137
1186.372
1186.840
1187.309
1187.543
1187.778
1188.012
1188.246
1188.715
1189.184
1189.418
1189.652
1189.887
1190.121
1190.355
1190.590
1191.058
1191.293
1191.527
1191.761
1191.996
1192.230
1192.464
1192.933
1193.167
1193.402
1193.636
1193.870
1194.105
1194.339
1194.808
1195.042
1195.276
1195.511
1195.745
1195.979
1196.214
1196.682
1196.917
1197.151
1197.385
1197.620
1197.854
1198.088
1198.557
1198.791
1199.026
1199.260
1199.494
1199.729
1199.963
1200.432
1200.666
1200.900
1201.135
1201.369
1201.603
1201.838
1202.306
1202.541
1202.775
1203.009
1203.244
1203.478
1203.712
1204.181
1204.416
1204.650
1204.884
1205.119
1205.353
1205.587
1206.056
1206.290
1206.525
1206.759
1206.993
1207.228
1207.462
1207.931
1208.165
1208.399
1208.634
1208.868
1209.102
1209.337
1209.805
1210.040
1210.274
1210.508
1210.743
1210.977
1211.211
1211.680
1211.914
1212.149
1212.383
1212.617
1212.852
1213.086
1213.555
1213.789
1214.023
1214.258
1214.492
1214.726
1214.961
1215.429
1215.664
1215.898
1216.132
1216.367
1216.601
1216.835
1217.304
1217.538
1217.773
1218.007
1218.241
1218.476
1218.710
1219.179
1219.647
1220.116
1220.585
1221.053
1221.522
1221.991
1222.459
1222.928
1223.397
1223.866
1224.334
1224.803
1225.272
1225.740
1226.209
1226.678
1227.146
1227.615
1228.084
1228.552
1229.021
1229.490
1229.958
1230.427
1230.896
1231.364
1231.833
1232.302
1232.770
1233.239
1233.708
1234.176
1234.645
1235.114
1235.582
1236.051
1236.520
1236.988
1237.457
1237.926
1238.394
1238.863
1239.332
1239.800
1240.269
1240.738
1241.206
1241.675
1242.144
1242.613
1243.081
1243.550
1244.019
1244.487
1244.956
1245.425
1245.893
1246.362
1246.831
1247.299
1247.768
1248.237
1248.705
1249.174
1256.673
1257.141
1257.610
1258.079
1258.547
1259.016
1259.485
1259.953
1260.422
1260.891
1261.360
1261.828
1262.297
1262.766
1263.234
1263.703
1264.172
1264.640
1265.109
1265.578
1266.046
1266.515
1266.984
1267.452
1267.921
1268.390
1268.858
1269.327
1269.796
1270.264
1270.733
1271.202
1271.670
1272.139
1272.608
1273.076
1273.545
1274.014
1274.482
1274.951
1275.420
1275.888
1276.357
1276.826
1277.294
1277.763
1278.232
1278.700
1279.169
1279.638
1280.107
1280.575
1281.044
1281.513
1281.981
1282.450
1282.919
1283.387
1283.856
1284.325
1284.793
1285.262
1285.731
1286.199
1286.668
1287.137
1287.605
1288.074
1288.543
1289.011
1289.480
1289.949
1290.417
1290.886
1291.355
1291.823
1292.292
1292.761
1293.229
1293.698
1294.167
1316.761
1317.222
1317.682
1318.143
1318.604
1319.065
1319.526
1319.987
1320.447
1320.908
1321.369
1321.830
1322.291
1322.752
1323.212
1323.673
1324.134
1324.595
1325.056
1325.517
1325.978
1326.438
1326.899
1327.360
1327.821
1328.282
1328.743
1329.203
1329.664
1330.125
1330.586
1331.047
1331.508
1331.968
1332.429
1332.890
1333.351
1333.812
1334.273
1334.733
1335.194
1335.655
1336.116
1336.577
1337.038
1337.499
1337.959
1338.420
1338.881
1339.342
1339.803
1340.264
1340.724
1341.185
1341.646
1342.107
1342.568
1343.029
1343.489
1343.950
1344.411
1344.872
1345.333
1345.794
1346.254
1346.715
1347.176
1347.637
1348.098
1348.559
1349.019
1349.480
1349.941
1350.402
1350.863
1351.324
1351.785
1352.245
1352.706
1353.167
1353.628
1354.089
1354.550
1355.010
1355.471
1355.932
1356.393
1356.854
1357.315
1357.775
1358.236
1358.697
1359.158
1359.619
1360.080
1360.540
1361.001
1361.232
1361.925
1362.156
1362.849
1363.080
1363.773
1364.004
1364.697
1364.928
1365.621
1365.852
1366.545
1366.776
1367.469
1367.700
1368.393
1368.624
1369.317
1369.548
1370.241
1370.472
1371.165
1371.396
1372.089
1372.320
1373.013
1373.244
1373.937
1374.168
1374.861
1375.092
1375.785
1376.016
1376.709
1376.940
1377.633
1377.863
1378.556
1378.787
1379.480
1379.711
1380.404
1380.635
1381.328
1381.559
1382.252
1382.483
1383.176
1383.407
1384.100
1384.331
1385.024
1385.255
1385.948
1386.179
1386.872
1387.103
1387.796
1388.027
1388.720
1388.951
1389.644
1389.875
1390.568
1391.488
1392.408
1393.328
1394.248
1395.168
1396.088
1397.008
1397.928
1398.848
1399.768
1400.688
1401.608
1402.529
1403.449
1404.369
1405.289
1405.751
1406.213
1406.675
1407.137
1407.599
1408.062
1408.524
1408.986
1409.448
1409.910
1410.372
1410.834
1411.297
1411.759
1412.221
1412.683
1413.145
1413.607
1414.070
1414.532
1414.994
1415.456
1415.918
1416.380
1416.842
1417.305
1417.767
1418.229
1418.691
1419.153
1419.615
1420.077
1420.540
1421.002
1421.464
1421.926
1422.388
1422.850
1423.312
1423.775
1424.237
1424.699
1425.161
1425.623
1426.085
1426.548
1427.010
1427.472
1427.934
1428.396
1428.858
1429.320
1429.783
1430.245
1430.707
1431.169
1431.631
1432.093
1432.555
1433.018
1433.480
1433.942
1434.404
1434.866
1435.328
1435.791
1436.253
1436.715
1436.945
1437.176
1437.637
1437.868
1438.098
1438.559
1438.790
1439.020
1439.481
1439.712
1439.943
1440.404
1440.634
1440.865
1441.326
1441.557
1441.787
1442.248
1442.479
1442.709
1443.170
1443.401
1443.632
1444.093
1444.323
1444.554
1445.015
1445.245
1445.476
1445.937
1446.168
1446.398
1446.859
1447.090
1447.320
1447.782
1448.012
1448.243
1448.704
1448.934
1449.165
1449.626
1449.857
1450.087
1450.548
1450.779
1451.009
1465.796
1466.026
1466.718
1466.949
1467.641
1467.872
1468.564
1468.795
1469.487
1469.718
1470.410
1470.641
1471.333
1471.564
1472.256
1472.487
1473.179
1473.409
1474.102
1474.332
1475.025
1475.255
1475.947
1476.178
1476.870
1477.101
1477.793
1478.024
1478.716
1478.947
1479.639
1479.870
1480.562
1480.793
1481.485
1481.716
1482.408
1482.639
1483.331
1483.561
1484.254
1484.484
1485.177
1485.407
1486.099
1486.330
1487.022
1487.253
1487.945
1488.176
1488.868
1489.099
1489.791
1490.022
1490.714
1490.945
1491.637
1491.868
1492.560
1492.791
1493.483
1493.713
1494.406
1494.636
1495.329
1495.559
1496.251
1497.173
1498.094
1499.015
1499.937
1500.858
1501.779
1502.701
1503.622
1504.544
1505.465
1506.386
1507.308
1508.229
1509.150
1510.072
1510.993
1511.914
1512.836
1513.757
1514.678
1515.600
1516.521
1517.442
1518.364
1519.285
1520.206
1521.128
1522.049
1522.970
1523.892
1524.813
1525.734
1543.337
1543.568
1543.798
1544.029
1544.260
1544.490
1544.721
1544.951
1545.182
1545.413
1545.643
1545.874
1546.105
1546.335
1546.566
1546.797
1547.027
1547.258
1547.488
1547.719
1547.950
1548.180
1548.411
1548.642
1548.872
1549.103
1549.334
1549.564
1549.795
1550.025
1550.256
1550.487
1550.717
1550.948
1551.179
1551.409
1551.640
1551.871
1552.101
1552.332
1552.562
1552.793
1553.024
1553.254
1553.485
1553.716
1553.946
1554.177
1554.408
1554.638
1554.869
1555.099
1555.330
1555.561
1555.791
1556.022
1556.253
1556.483
1556.714
1556.944
1557.175
1557.406
1557.636
1557.867
1558.098
1558.328
1558.559
1558.790
1559.020
1559.251
1559.481
1559.712
1559.943
1560.173
1560.404
1560.635
1560.865
1561.096
1561.327
1561.557
1561.788
1562.018
1562.249
1562.480
1562.710
1562.941
1563.172
1563.402
1563.633
1563.864
1564.094
1564.325
1564.555
1564.786
1565.017
1565.247
1565.478
1565.709
1565.939
1566.170
1566.401
1566.631
1566.862
1567.092
1567.323
1567.554
1567.784
1568.015
1568.246
1568.476
1568.707
1568.938
1569.168
1569.399
1569.629
1569.860
1570.091
1570.321
1570.552
1570.783
1571.013
1571.244
1571.474
1571.705
1571.936
1572.166
1572.397
1572.628
1572.858
1573.089
1573.320
1573.550
1573.781
1574.011
1574.242
1574.705
1575.167
1575.630
1576.093
1576.556
1577.018
1577.481
1577.944
1578.406
1578.869
1579.332
1579.794
1580.257
1580.720
1581.182
1581.645
1582.108
1582.570
1583.033
1583.496
1583.958
1584.421
1584.884
1585.346
1585.809
1586.272
1586.734
1587.197
1587.660
1588.122
1588.585
1589.048
1589.279
1589.509
1589.740
1589.971
1590.202
1590.433
1590.663
1590.894
1591.125
1591.356
1591.587
1591.818
1592.048
1592.279
1592.510
1592.741
1592.972
1593.202
1593.433
1593.664
1593.895
1594.126
1594.356
1594.587
1594.818
1595.049
1595.280
1595.510
1595.741
1595.972
1596.203
1596.434
1596.664
1596.895
1597.126
1597.357
1597.588
1597.818
1598.049
1598.280
1598.511
1598.742
1598.972
1599.203
1599.434
1599.665
1599.896
1600.126
1600.357
1600.588
1600.819
1601.050
1601.281
1601.511
1601.742
1601.973
1602.204
1602.435
1602.665
1602.896
1603.127
1603.358
1603.589
1603.819
1604.050
1604.281
1604.512
1604.743
1605.204
1605.666
1606.127
1606.589
1607.050
1607.511
1607.973
1608.434
1608.896
1609.357
1609.819
1610.280
1610.742
1611.203
1611.665
1612.126
1612.588
1613.049
1613.511
1613.972
1614.434
1614.895
1615.357
1615.818
1616.280
1616.741
1617.203
1617.664
1716.680
1717.149
1717.618
1718.087
1718.556
1719.025
1719.493
1719.962
1720.431
1720.900
1721.369
1721.838
1722.307
1722.775
1723.244
1723.713
1724.182
1724.651
1725.120
1725.589
1726.057
1726.526
1726.995
1727.464
1727.933
1728.402
1728.871
1729.339
1729.808
1730.277
1730.746
1731.215
1731.684
1732.153
1732.387
1732.621
1733.090
1733.325
1733.559
1734.028
1734.262
1734.497
1734.966
1735.200
1735.435
1735.903
1736.138
1736.372
1736.841
1737.075
1737.310
1737.779
1738.013
1738.248
1738.716
1738.951
1739.185
1739.654
1739.889
1740.123
1740.592
1740.826
1741.061
1741.530
1741.764
1741.998
1742.467
1742.702
1742.936
1743.405
1743.639
1743.874
1744.343
1744.577
1744.812
1745.280
1745.749
1746.218
1746.687
1747.156
1747.625
1748.094
1748.562
1749.031
1749.500
1749.969
1750.438
1750.907
1751.376
1751.844
1752.313
1752.782
1753.251
1753.720
1754.189
1754.423
1754.657
1754.892
1755.126
1755.361
1755.595
1755.830
1756.064
1756.298
1756.533
1756.767
1757.002
1757.236
1757.471
1757.705
1757.939
1758.174
1758.408
1758.643
1758.877
1759.112
1759.346
1759.580
1759.815
1760.049
1760.284
1760.518
1760.753
1760.987
1761.221
1761.456
1761.690
1776.694
1777.162
1777.631
1778.100
1778.569
1779.038
1779.507
1779.976
1780.444
1780.913
1781.382
1781.851
1782.320
1782.789
1783.258
1783.726
1784.195
1784.664
1785.133
1785.602
1786.071
1786.540
1787.008
1787.477
1787.946
1788.415
1788.884
1789.353
1789.821
1790.290
1790.759
1791.228
1791.697
1792.166
1792.635
1793.103
1793.572
1794.041
1794.510
1794.979
1795.448
1795.917
1796.385
1796.854
1797.323
1797.792
1798.261
1798.730
1799.199
1799.667
1800.136
1800.605
1801.074
1801.543
1802.012
1802.481
1802.949
1803.418
1803.887
1804.356
1804.825
1805.294
1805.763
1806.231
1806.700
1806.935
1807.169
1807.403
1807.638
1807.872
1808.107
1808.341
1808.576
1808.810
1809.044
1809.279
1809.513
1809.748
1809.982
1810.217
1810.451
1810.685
1810.920
1811.154
1811.389
1811.623
1811.858
1812.092
1812.326
1812.561
1812.795
1813.030
1813.264
1813.499
1813.733
1813.967
1814.202
1814.436
1814.671
1814.905
1815.140
1815.374
1815.608
1815.843
1816.077
1816.312
1816.546
1816.781
1817.015
1817.249
1817.484
1817.718
1817.953
1818.187
1818.422
1818.656
1818.890
1819.125
1819.359
1819.594
1819.828
1820.063
1820.297
1820.531
1820.766
1821.000
1821.235
1821.469
1821.704
1821.938
1822.172
1822.407
1822.641
1822.876
1823.110
1823.345
1823.579
1823.813
1824.048
1824.282
1824.517
1824.751
1824.986
1825.220
1825.454
1825.689
1825.923
1826.158
1826.392
1826.626
1826.861
1827.095
1827.330
1827.564
1827.799
1828.033
1828.267
1828.502
1828.736
1828.971
1829.205
1829.440
1829.674
1829.908
1830.143
1830.377
1830.612
1830.846
1831.081
1831.315
1831.549
1831.784
1832.018
1832.253
1832.487
1832.722
1832.956
1833.190
1833.425
1833.659
1833.894
1834.128
1834.363
1834.597
1834.831
1835.066
1835.300
1835.535
1835.769
1836.004
1836.238
1836.472
1836.707
1836.941
1837.176
1837.645
1837.879
1838.113
1838.582
1838.817
1839.051
1839.520
1839.754
1839.989
1840.458
1840.692
1840.927
1841.395
1841.630
1841.864
1842.333
1842.568
1842.802
1843.271
1843.505
1843.740
1844.208
1844.443
1844.677
1845.146
1845.381
1845.615
1846.084
1846.318
1846.553
1847.022
1847.256
1847.490
1847.959
1848.194
1848.428
1848.897
1849.131
1849.366
1849.835
1850.069
1850.304
1850.772
1851.007
1851.241
1866.713
1867.182
1867.651
1868.120
1868.589
1869.058
1869.527
1869.995
1870.464
1870.933
1871.402
1871.871
1872.340
1872.809
1873.277
1873.746
1874.215
1874.684
1875.153
1875.622
1876.091
1876.559
1877.028
1877.497
1877.966
1878.435
1878.904
1879.372
1879.841
1880.310
1880.779
1881.248
1881.717
1882.186
1882.654
1883.123
1883.592
1884.061
1884.530
1884.999
1885.468
1885.936
1886.405
1886.874
1887.343
1887.812
1888.281
1888.750
1889.218
1889.687
1890.156
1890.625
1891.094
1891.563
1892.032
1892.500
1892.969
1893.438
1893.907
1894.376
1894.845
1895.314
1895.782
1896.251
1896.720
1896.954
1897.189
1897.423
1897.658
1897.892
1898.127
1898.595
1898.830
1899.064
1899.299
1899.533
1899.768
1900.002
1900.471
1900.705
1900.940
1901.174
1901.409
1901.643
1901.877
1902.346
1902.581
1902.815
1903.050
1903.284
1903.518
1903.753
1904.222
1904.456
1904.691
1904.925
1905.159
1905.394
1905.628
1906.097
1906.332
1906.566
1906.800
1907.035
1907.269
1907.504
1907.973
1908.207
1908.441
1908.676
1908.910
1909.145
1909.379
1909.848
1910.082
1910.317
1910.551
1910.786
1911.020
1911.255
1911.723
1911.958
1912.192
1912.427
1912.661
1912.896
1913.130
1913.599
1913.833
1914.068
1914.302
1914.537
1914.771
1915.005
1915.474
1915.709
1915.943
1916.177
1916.412
1916.646
1916.881
1917.350
1917.584
1917.818
1918.053
1918.287
1918.522
1918.756
1919.225
1919.459
1919.694
1919.928
1920.163
1920.397
1920.632
1921.100
1921.335
1921.569
1921.804
1922.038
1922.273
1922.507
1922.976
1923.210
1923.445
1923.679
1923.914
1924.148
1924.382
1924.851
1925.086
1925.320
1925.555
1925.789
1926.023
1926.258
1926.727
1926.961
1927.196
1927.430
1927.664
1927.899
1928.133
1928.602
1928.837
1929.071
1929.305
1929.540
1929.774
1930.009
1930.478
1930.712
1930.946
1931.181
1931.415
1931.650
1931.884
1932.353
1932.587
1932.822
1933.056
1933.291
1933.525
1933.759
1934.228
1934.463
1934.697
1934.932
1935.166
1935.400
1935.635
1936.104
1936.338
1936.573
1936.807
1937.041
1937.276
1937.510
1937.979
1938.214
1938.448
1938.682
1938.917
1939.151
1939.386
1939.855
1940.323
1940.792
1941.261
1941.730
1942.199
1942.668
1943.137
1943.605
1944.074
1944.543
1945.012
1945.481
1945.950
1946.419
1946.887
1947.356
1947.825
1948.294
1948.883
1949.472
1950.060
1950.649
1951.249
1951.849
1952.450
1953.050
1953.650
1954.250
1954.850
1955.450
1956.050
1956.650
1957.251
1957.851
1958.151
1958.451
1958.751
1959.051
1959.351
1959.651
1959.951
1960.251
1960.551
1960.851
1961.151
1961.451
1961.751
1962.052
1962.652
1963.252
1963.852
1964.152
1964.452
1964.752
1965.052
1965.652
1966.252
1966.552
1966.853
1967.153
1967.453
1968.053
1968.653
1968.953
1969.253
1969.553
1969.853
1970.453
1971.053
1971.353
1971.653
1971.954
1972.254
1972.854
1973.454
1973.754
1974.054
1974.354
1974.654
1975.254
1975.854
1976.154
1976.454
1976.755
1977.055
1977.655
1978.255
1978.555
1978.855
1979.155
1979.455
1980.055
1980.655
1980.955
1981.255
1981.556
1981.856
1982.456
1983.056
1983.356
1983.656
1983.956
1984.256
1984.856
1985.456
1985.756
1986.056
1986.356
1986.657
1987.257
1987.857
1988.157
1988.457
1988.757
1989.057
1989.657
1990.257
1990.557
1990.857
1991.157
1991.458
1992.058
1992.658
1992.958
1993.258
1993.558
1993.858
1994.458
1995.058
1995.358
1995.658
1995.958
1996.259
1996.859
1997.459
1997.759
1998.059
1998.359
1998.659
1999.259
1999.859
2000.159
2000.459
2000.759
2001.060
2001.660
2002.260
2002.560
2002.860
2003.160
2003.460
2004.060
2004.660
2004.960
2005.260
2005.560
2005.860
2006.461
2007.061
2007.361
2007.661
2007.961
2008.261
2008.861
2009.461
2009.761
2010.061
2010.361
2010.661
2011.262
2011.862
2012.162
2012.462
2012.762
2013.062
2013.662
2014.262
2014.562
2014.862
2015.162
2015.462
2016.063
2016.663
2017.263
2017.863
2018.463
2019.063
2019.663
2020.263
2020.864
2021.464
2022.064
2022.664
2023.264
2023.864
2024.464
2025.064
2025.665
2026.265
2026.865
2027.465
2028.065
2028.665
2029.265
2029.865
2030.466
2031.066
2031.666
2032.266
2032.866
2033.466
2034.066
2034.666
2035.267
2035.867
2036.467
2037.067
2037.667
2038.267
2038.867
2039.467
2040.067
2040.668
2041.268
2041.868
2042.468
2043.068
2043.668
2044.268
2044.868
2045.469
2046.069
2046.669
2047.269
2047.869
2048.469
2049.069
2049.669
2050.270
2050.870
2051.470
2052.070
2052.670
2053.270
2053.870
2054.470
2055.071
2055.671
2056.271
2056.871
2057.471
2058.071
2058.671
2058.971
2059.271
2059.571
2059.872
2060.172
2060.472
2060.772
2061.072
2061.372
2061.672
2061.972
2062.272
2062.572
2062.872
2063.172
2063.472
2063.772
2064.072
2064.372
2064.673
2064.973
2065.273
2065.573
2065.873
2066.173
2066.473
2066.773
2067.073
2067.373
2067.673
2067.973
2068.273
2068.573
2068.873
2069.173
2069.474
2069.774
2070.074
2070.374
2070.674
2070.974
2071.274
2071.574
2071.874
2072.174
2072.474
2072.774
2073.074
2073.374
2073.674
2073.974
2074.274
2074.575
2074.875
2075.175
2075.475
2075.775
2076.075
2076.375
2076.675
2076.975
2077.275
2077.575
2077.875
2078.175
2078.475
2078.775
2079.075
2079.376
2079.676
2079.976
2080.276
2080.576
2080.876
2081.176
2081.476
2081.776
2082.076
2082.376
2082.676
2082.976
2083.276
2083.576
2083.876
2084.177
2084.477
2084.777
2085.077
2085.377
2085.677
2085.977
2086.277
2086.577
2086.877
2087.177
2087.477
2087.777
2088.077
2088.377
2088.677
2088.977
2089.278
2089.578
2089.878
2090.178
2090.478
2090.778
2091.078
2091.378
2091.678
2091.978
2092.278
2092.578
2092.878
2093.178
2093.478
2093.778
2094.079
2094.379
2094.679
2094.979
2095.279
2095.579
2095.879
2096.179
2096.479
2096.779
2097.079
2097.379
2097.529
2097.679
2097.829
2097.979
2098.129
2098.279
2098.429
2098.579
2098.729
2098.880
2099.030
2099.180
2099.330
2099.480
2099.630
2099.780
2099.930
2100.080
2100.230
2100.380
2100.530
2100.680
2100.830
2100.980
2101.130
2101.280
2101.430
2101.580
2101.730
2101.880
2102.030
2102.180
2102.330
2102.480
2102.630
2102.780
2102.930
2103.080
2103.230
2103.380
2103.530
2103.681
2103.831
2103.981
2104.131
2104.281
2104.431
2104.581
2104.731
2104.881
2105.031
2105.181
2105.331
2105.481
2105.631
2105.781
2105.931
2106.081
2106.231
2106.381
2106.531
2106.681
2106.831
2106.981
2107.131
2107.281
2107.431
2107.581
2107.731
2107.881
2108.031
2108.181
2108.331
2108.481
2108.632
2108.782
2108.932
2109.082
2109.232
2109.382
2109.532
2109.682
2109.832
2109.982
2110.132
2110.282
2110.432
2110.582
2110.732
2110.882
2111.032
2111.182
2111.332
2111.482
2111.632
2111.782
2111.932
2112.082
2112.232
2112.382
2112.532
2112.682
2112.832
2112.982
2113.132
2113.282
2113.432
2113.583
2113.733
2113.883
2114.033
2114.183
2114.333
2114.483
2114.633
2114.783
2114.933
2115.083
2115.233
2115.383
2115.533
2115.683
2115.833
2115.983
2116.133
2116.283
2116.433
2116.583
2116.733
2116.883
2117.033
2117.183
2117.333
2117.483
2117.633
2117.783
2117.933
2118.083
2118.233
2118.384
2118.534
2118.684
2118.834
2118.984
2119.134
2119.284
2119.434
2119.584
2119.734
2119.884
2120.034
2120.184
2120.334
2120.484
2120.634
2120.784
2120.934
2121.084
2121.234
2121.384
2121.534
2121.684
2121.834
2121.984
2122.134
2122.284
2122.434
2122.584
2122.734
2122.884
2123.034
2123.184
2123.335
2123.485
2123.635
2123.785
2123.935
2124.085
2124.235
2124.385
2124.535
2124.685
2124.835
2124.985
2125.135
2125.285
2125.435
2125.585
2125.735
2125.885
2126.035
2126.185
2126.335
2126.485
2126.635
2126.785
2126.935
2127.085
2127.235
2127.385
2127.535
2127.685
2127.835
2127.985
2128.136
2128.286
2128.436
2128.586
2128.736
2128.886
2129.036
2129.186
2129.336
2129.486
2129.636
2129.786
2129.936
2130.086
2130.236
2130.386
2130.536
2130.686
2130.836
2130.986
2131.136
2131.286
2131.436
2131.586
2131.736
2131.886
2132.036
2132.186
2132.336
2132.486
2132.636
2132.786
2132.936
2133.087
2133.237
2133.387
2133.537
2133.687
2133.837
2133.987
2134.137
2134.287
2134.437
2134.587
2134.737
2134.887
2135.037
2135.187
2135.487
2135.788
2136.089
2136.390
2136.691
2136.993
2137.294
2137.595
2137.896
2138.197
2138.498
2138.799
2139.100
2139.401
2139.702
2140.003
2140.305
2140.606
2140.907
2141.208
2141.509
2141.810
2142.111
2142.412
2142.713
2143.014
2143.316
2143.617
2143.918
2144.219
2144.520
2145.122
2145.724
2146.327
2146.929
2147.531
2148.133
2148.735
2149.338
2149.940
2150.542
2151.144
2151.746
2152.349
2152.951
2153.553
2154.155
2186.866
2187.342
2187.819
2188.295
2188.771
2189.248
2189.724
2190.201
2190.677
2191.153
2191.630
2192.106
2192.583
2193.059
2193.535
2194.012
2194.488
2194.965
2195.441
2195.917
2196.394
2196.870
2197.347
2197.823
2198.299
2198.776
2199.252
2199.729
2200.205
2200.681
2201.158
2201.634
2202.110
2202.587
2203.063
2203.540
2204.016
2204.492
2204.969
2205.445
2205.922
2206.398
2206.874
2207.351
2207.827
2208.304
2208.780
2209.256
2209.733
2209.971
2210.209
2210.686
2211.162
2211.638
2211.877
2212.115
2212.591
2213.068
2213.544
2213.782
2214.020
2214.497
2214.973
2215.450
2215.688
2215.926
2216.402
2216.879
2217.355
2217.593
2217.832
2218.308
2218.784
2219.261
2219.499
2219.737
2220.214
2220.690
2221.166
2221.404
2221.643
2222.119
2222.595
2223.072
2223.310
2223.548
2224.025
2224.501
2224.977
2225.216
2225.454
2225.930
2226.407
2226.883
2227.121
2227.359
2227.836
2228.312
2228.789
2229.027
2229.265
2229.741
2230.218
2230.694
2230.932
2231.171
2231.647
2232.123
2232.600
2232.838
2233.076
2233.553
2234.029
2234.505
2234.744
2234.982
2235.458
2235.935
2236.411
2236.649
2236.887
2237.364
2237.840
2238.317
2238.555
2238.793
2239.269
2239.746
2240.222
2240.460
2240.698
2241.175
2241.651
2242.128
2242.366
2242.604
2243.080
2243.557
2244.033
2244.271
2244.510
2244.986
2245.462
2245.939
2246.177
2246.415
2246.892
2247.368
2247.844
2248.083
2248.321
2248.797
2249.274
2249.750
2249.988
2250.226
2250.703
2251.179
2251.656
2251.894
2252.132
2252.608
2253.085
2253.561
2253.799
2254.038
2254.514
2254.990
2255.467
2255.705
2255.943
2256.420
2256.896
2257.372
2257.611
2257.849
2258.325
2258.802
2259.278
2259.516
2259.754
2260.231
2260.707
2261.183
2261.422
2261.660
2262.136
2262.613
2263.089
2263.327
2263.565
2264.042
2264.518
2264.995
2265.233
2265.471
2265.947
2266.424
2266.900
2267.138
2267.377
2267.853
2268.329
2268.806
2269.044
2269.282
2269.759
2285.003
2285.480
2285.956
2286.432
2286.909
2287.385
2287.862
2288.338
2288.814
2289.291
2289.767
2290.244
2290.720
2291.196
2291.673
2292.149
2292.626
2293.102
2293.578
2294.055
2294.531
2295.008
2295.484
2295.960
2296.437
2296.913
2297.390
2297.866
2298.342
2298.819
2299.295
2299.772
2300.248
2300.724
2301.201
2301.677
2302.153
2302.630
2303.106
2303.583
2304.059
2304.535
2305.012
2305.488
2305.965
2306.441
2306.917
2307.394
2307.870
2308.347
2308.823
2309.299
2309.776
2310.252
2310.729
2311.205
2311.681
2312.158
2312.634
2313.111
2313.587
2314.063
2314.540
2315.016
2315.493
2315.969
2316.445
2316.922
2317.398
2317.875
2318.351
2318.827
2319.304
2319.780
2320.257
2320.733
2321.209
2321.686
2322.162
2322.638
2323.115
2323.591
2324.068
2324.544
2325.020
2325.497
2325.973
2326.450
2326.926
2327.402
2327.879
2328.355
2328.832
2329.308
2329.784
2330.261
2330.499
2330.737
2330.975
2331.214
2331.452
2331.690
2331.928
2332.166
2332.405
2332.643
2332.881
2333.119
2333.357
2333.596
2333.834
2334.072
2334.310
2334.548
2334.787
2335.025
2335.263
2335.501
2335.739
2335.978
2336.216
2336.454
2336.692
2336.930
2337.169
2337.407
2337.645
2337.883
2338.121
2338.360
2338.598
2338.836
2339.074
2339.312
2339.551
2339.789
2340.027
2340.265
2340.503
2340.742
2340.980
2341.218
2341.456
2341.694
2341.932
2342.171
2342.409
2342.647
2342.885
2343.123
2343.362
2343.600
2343.838
2344.076
2344.314
2344.553
2344.791
2345.029
2345.267
2345.505
2345.744
2345.982
2346.220
2346.458
2346.696
2346.935
2347.173
2347.411
2347.649
2347.887
2348.126
2348.364
2348.602
2348.840
2349.078
2349.317
2349.555
2349.793
2350.031
2350.269
2350.508
2350.746
2350.984
2351.222
2351.460
2351.699
2351.937
2352.175
2352.413
2352.651
2352.890
2353.128
2353.366
2353.604
2353.842
2354.081
2354.319
2354.557
2354.795
2355.033
2355.272
2355.510
2355.748
2355.986
2356.224
2356.463
2356.701
2356.939
2357.177
2357.415
2357.654
2357.892
2358.130
2358.368
2358.606
2358.845
2359.083
2359.321
2359.559
2359.797
2360.036
2360.274
2360.512
2360.750
2360.988
2361.227
2361.465
2361.703
2361.941
2362.179
2362.417
2362.656
2362.894
2363.132
2363.370
2363.608
2363.847
2364.085
2364.323
2364.561
2364.799
2365.038
2365.276
2365.514
2365.752
2365.990
2366.229
2366.467
2366.705
2366.943
2367.181
2367.420
2367.658
2367.896
2368.134
2368.372
2368.611
2368.849
2369.087
2369.325
2369.563
2369.802
2370.040
2370.278
2370.516
2370.754
2370.993
2371.231
2371.469
2371.707
2371.945
2372.184
2372.422
2372.660
2372.898
2373.136
2373.375
2373.613
2373.851
2374.089
2374.327
2374.566
2374.804
2375.042
2375.280
2375.518
2375.757
2375.995
2376.233
2376.471
2376.709
2376.948
2377.186
2377.424
2377.662
2377.900
2378.139
2378.377
2378.615
2378.853
2379.091
2379.330
2379.568
2379.806
2380.044
2380.282
2380.521
2380.759
2380.997
2381.235
2381.473
2381.711
2381.950
2382.188
2382.426
2382.664
2382.902
2383.141
2383.379
2383.617
2383.855
2384.093
2384.332
2384.570
2384.808
2385.046
2385.284
2385.523
2385.761
2385.999
2386.237
2386.475
2386.714
2386.952
2387.190
2387.428
2387.666
2387.905
2388.143
2388.381
2388.619
2388.857
2389.096
2389.334
2389.572
2389.810
