76.610
77.678
78.745
79.813
80.914
81.982
83.050
84.117
85.185
86.253
87.321
88.388
89.456
90.557
91.625
92.693
93.760
94.828
95.896
96.964
98.031
99.099
100.200
101.268
102.336
103.403
104.471
105.539
106.607
107.674
108.742
109.843
110.911
111.445
111.979
112.513
113.046
113.580
114.114
114.648
115.182
115.716
116.250
116.783
117.317
117.851
118.385
118.952
119.486
120.020
120.554
121.088
121.622
122.155
122.689
123.223
123.757
124.291
124.825
125.359
125.893
126.426
126.960
127.494
128.028
128.295
128.595
129.129
129.396
129.663
130.197
130.464
130.731
131.265
131.532
131.798
132.332
132.599
132.866
133.400
133.667
133.934
134.468
134.735
135.002
135.536
135.802
136.069
136.603
136.870
137.137
137.671
137.938
138.238
138.772
139.039
139.306
139.840
140.107
140.374
140.908
141.175
141.441
141.975
142.242
142.509
143.043
143.310
143.577
144.111
144.378
144.645
145.179
145.712
146.246
146.780
147.314
147.881
148.415
148.949
149.483
150.017
150.551
151.084
151.618
152.152
152.686
153.220
153.754
154.288
154.821
155.355
155.889
156.423
156.957
157.524
158.058
158.592
159.126
159.660
160.194
160.727
161.261
161.795
162.329
162.863
163.397
163.931
164.464
164.998
165.532
166.066
166.600
167.167
167.701
168.235
168.769
169.303
169.837
170.370
170.904
171.438
171.972
172.506
173.040
173.574
174.107
174.641
175.175
175.709
176.243
176.810
177.344
177.878
178.412
178.946
179.479
180.013
180.547
180.814
181.081
181.615
182.149
182.683
182.950
183.217
183.750
184.284
184.818
185.085
185.352
185.886
186.420
186.987
187.254
187.521
188.055
188.589
189.122
189.389
189.656
190.190
190.724
191.258
191.525
191.792
192.326
192.860
193.393
193.660
193.927
194.461
194.995
195.529
195.796
196.063
196.630
197.164
197.698
197.965
198.232
198.765
199.299
199.833
200.100
200.367
200.901
201.435
201.969
202.236
202.503
203.036
203.570
204.104
204.371
204.638
205.172
205.706
206.273
206.540
206.807
207.341
207.875
208.408
208.675
208.942
209.476
210.010
210.544
210.811
211.078
211.612
212.145
212.679
212.946
213.213
213.747
214.014
214.281
214.548
214.815
215.082
215.349
215.649
215.916
216.183
216.450
216.717
216.984
217.251
217.518
217.784
218.051
218.318
218.585
218.852
219.119
219.386
219.653
219.920
220.187
220.454
220.721
220.988
221.255
221.522
221.788
222.055
222.322
222.589
222.856
223.123
223.390
223.657
223.924
224.191
224.458
224.725
224.992
225.292
225.559
225.826
226.093
226.360
226.627
226.894
227.160
227.427
227.694
227.961
228.228
228.495
228.762
229.029
229.296
229.563
229.830
230.097
230.364
230.631
230.898
231.164
231.431
231.698
231.965
232.232
232.499
232.766
233.033
233.300
233.567
233.834
234.101
234.368
234.635
234.935
235.202
235.469
235.736
236.003
236.270
236.537
236.803
237.070
237.337
237.604
237.871
238.138
238.405
238.672
238.939
239.206
239.473
239.740
240.007
240.274
240.541
240.807
241.074
241.341
241.608
241.875
242.142
242.409
242.676
242.943
243.210
243.477
243.744
244.011
244.278
244.578
244.845
245.112
245.379
245.646
245.913
246.180
246.446
246.713
246.980
247.247
247.514
247.781
280.747
280.981
281.248
281.715
281.949
282.182
282.683
282.916
283.150
283.617
283.884
284.117
284.585
284.818
285.085
285.552
285.786
286.019
286.520
286.753
286.987
287.487
287.721
287.955
288.422
288.689
288.922
289.389
289.623
289.857
290.357
290.591
290.824
291.325
291.558
291.792
292.259
292.526
292.759
293.227
293.460
293.727
294.194
294.428
294.661
296.129
296.597
297.064
297.564
298.031
298.498
298.999
299.466
299.967
300.434
300.901
301.401
301.869
302.369
302.836
303.303
303.804
304.271
304.738
305.239
305.706
306.206
306.673
307.140
307.641
308.108
308.609
309.076
309.543
310.043
310.511
310.978
311.478
311.945
312.179
312.446
312.679
312.913
313.380
313.881
314.114
314.348
314.581
314.848
315.315
315.782
316.049
316.283
316.517
316.750
317.217
317.718
317.951
318.185
318.418
318.685
319.152
319.620
319.887
320.120
320.354
320.587
321.088
321.555
321.788
322.022
322.289
322.523
322.990
323.457
323.724
323.957
324.191
324.424
324.925
325.392
325.626
325.859
326.126
326.360
326.827
327.327
327.561
327.794
328.028
328.262
328.762
329.229
329.463
329.730
329.963
330.197
330.664
331.164
331.398
331.632
331.865
332.099
332.599
333.066
333.300
333.567
333.800
334.034
334.501
335.002
335.235
335.469
335.702
335.969
336.436
336.904
337.137
337.404
337.638
337.871
338.338
338.839
339.072
339.306
339.540
339.806
340.274
340.741
341.008
341.241
341.475
341.708
342.209
343.143
344.111
345.078
346.046
346.980
347.948
348.916
349.883
350.817
351.785
352.753
353.720
354.688
355.622
356.590
357.558
358.525
359.459
360.427
361.395
362.362
363.297
364.264
365.232
366.200
367.167
368.101
369.069
370.037
371.004
371.939
372.906
373.140
373.407
373.640
373.874
374.107
374.341
374.842
375.075
375.309
375.542
375.809
376.043
376.276
376.743
376.977
377.244
377.477
377.711
377.945
378.178
378.679
378.912
379.146
379.379
379.646
379.880
380.113
380.581
380.848
381.081
381.315
381.548
381.782
382.049
382.516
382.749
382.983
383.217
383.483
383.717
383.951
384.418
384.685
384.918
385.152
385.385
385.619
385.886
386.353
386.587
386.820
387.087
387.321
387.554
387.788
388.288
388.755
389.223
389.723
390.190
390.657
391.158
391.625
392.125
392.593
393.060
393.560
394.027
394.528
394.995
395.462
395.963
396.430
396.897
397.397
397.865
398.365
398.832
399.299
399.800
400.267
400.767
401.235
401.702
402.202
402.669
403.170
403.637
404.104
404.605
405.072
405.539
406.039
406.507
407.007
407.474
407.941
408.442
408.909
409.409
409.877
410.344
410.844
411.311
411.778
412.279
412.746
413.247
413.714
414.181
414.681
415.148
415.649
416.116
416.583
418.986
419.219
419.486
419.720
419.953
420.187
420.420
420.687
420.921
421.154
421.388
421.622
421.889
422.122
422.356
422.589
422.823
423.090
423.323
423.557
423.790
424.024
424.258
424.525
424.758
424.992
425.225
425.459
425.726
425.959
426.193
426.426
426.660
426.927
427.160
427.394
427.628
427.861
428.128
428.362
428.595
428.829
429.062
429.329
429.563
429.796
430.030
430.264
430.497
430.764
430.998
431.231
431.465
431.698
434.368
434.601
434.835
435.068
435.302
435.569
435.802
436.036
436.270
436.503
436.737
437.004
437.237
437.471
437.704
437.938
438.205
438.438
438.672
438.906
439.139
439.406
439.640
439.873
440.107
440.340
440.607
440.841
441.074
441.308
441.542
441.808
442.042
442.276
442.509
442.743
443.010
443.243
443.477
443.710
443.944
444.178
444.444
444.678
444.912
445.145
445.379
445.646
445.879
446.113
446.346
446.580
446.847
447.080
447.314
447.548
447.781
448.048
448.282
448.515
448.749
448.982
449.249
449.483
449.716
485.085
486.086
487.054
488.021
488.989
489.990
490.958
491.925
492.893
493.894
494.862
495.829
496.797
497.764
498.765
499.733
500.701
501.201
501.668
502.669
503.136
503.637
504.605
505.105
505.572
506.573
507.040
507.541
508.509
509.009
509.476
510.477
510.944
511.445
512.412
512.913
513.380
514.381
514.848
515.349
516.316
516.817
517.284
518.285
518.752
519.253
520.220
520.721
521.188
522.155
522.656
523.156
524.124
524.625
525.092
526.059
526.560
527.060
528.028
528.529
528.996
529.963
530.464
530.964
531.932
532.165
532.399
532.900
533.133
533.400
533.867
534.134
534.368
534.868
535.102
535.335
535.836
536.069
536.303
536.803
537.037
537.304
537.771
538.038
538.272
538.772
539.006
539.239
539.740
539.973
540.207
540.707
540.941
541.208
541.675
541.942
542.176
542.643
542.910
543.143
543.644
543.877
544.111
544.611
544.845
545.112
545.579
545.846
546.079
546.547
546.813
547.047
547.548
547.781
548.015
548.515
548.749
549.016
549.483
549.716
549.983
550.450
550.717
550.951
551.451
551.685
551.919
552.419
552.653
552.886
553.387
553.620
553.887
554.354
554.621
554.855
555.355
555.589
555.822
556.323
556.557
556.790
557.291
557.524
557.791
558.258
558.525
558.759
559.259
559.493
559.726
560.227
560.460
560.694
561.195
561.428
561.695
562.162
562.429
562.663
563.130
563.630
564.131
564.598
565.098
565.599
566.066
566.567
567.034
567.534
568.035
568.502
569.002
569.503
569.970
570.470
570.938
571.438
571.939
572.406
572.906
573.407
573.874
574.374
574.842
575.342
575.843
576.310
576.810
577.277
577.778
578.278
578.745
579.246
579.746
580.214
580.714
581.181
581.682
582.182
582.649
583.150
583.650
584.117
584.618
585.085
585.586
586.086
586.553
587.054
587.521
588.021
588.522
588.989
589.489
589.990
590.457
590.958
591.425
591.925
592.426
592.893
593.393
593.894
594.361
595.329
596.330
597.297
598.265
599.233
600.234
601.201
602.169
603.136
604.137
605.105
606.073
607.040
608.008
609.009
609.977
610.477
610.944
611.211
611.445
611.912
612.412
612.913
613.146
613.380
613.881
614.381
614.848
615.082
615.349
615.816
616.316
616.817
617.050
617.284
617.784
618.285
618.752
618.986
619.253
619.720
620.220
620.721
620.954
621.188
621.688
622.155
622.656
622.890
623.156
623.624
624.124
624.625
624.858
625.092
625.592
625.826
626.059
626.326
626.560
626.793
627.060
627.294
627.528
627.794
628.028
628.262
628.529
628.762
628.996
629.229
629.496
629.730
629.963
630.230
630.464
630.697
630.964
631.198
631.431
631.698
631.932
632.165
632.399
632.666
632.900
633.133
633.400
633.634
633.867
634.134
634.368
634.601
634.868
635.102
635.335
635.569
635.836
636.069
636.303
636.570
636.803
637.037
637.304
637.538
637.771
638.038
638.272
638.505
638.772
639.006
639.239
639.473
639.740
639.973
640.207
640.474
640.707
640.941
641.208
641.441
641.675
641.942
642.176
642.409
642.643
642.910
643.143
643.377
643.644
643.877
644.111
644.378
644.611
644.845
645.112
645.345
645.579
645.846
646.079
646.313
646.547
646.813
647.047
647.281
647.548
647.781
648.015
648.282
648.515
648.749
649.016
649.249
649.483
649.716
649.983
650.217
650.450
650.717
650.951
651.185
651.451
651.685
651.919
652.186
652.419
652.653
652.886
653.153
653.387
653.620
653.887
654.121
654.354
654.621
654.855
655.088
655.355
655.589
655.822
656.089
656.323
656.557
692.826
693.293
693.760
694.695
695.162
695.629
696.563
697.030
697.497
698.432
698.899
699.366
700.334
700.801
701.268
702.202
702.669
703.136
704.071
704.538
705.005
705.939
706.406
706.874
707.808
708.275
708.742
709.676
710.177
710.644
711.578
712.045
712.513
713.447
713.914
714.381
715.315
715.782
716.250
717.184
717.651
718.118
719.052
719.553
720.020
720.954
721.421
721.889
722.823
723.290
723.757
724.691
725.158
725.626
726.560
727.027
727.494
728.428
728.896
729.396
730.330
730.797
731.265
732.199
732.666
733.133
734.067
734.535
735.002
737.804
738.038
738.272
738.739
739.006
739.239
739.706
739.940
740.174
740.407
740.641
741.575
741.808
742.042
742.509
742.743
742.976
743.443
743.677
743.911
744.144
744.378
745.312
745.546
745.779
746.246
746.480
746.713
747.181
747.414
747.648
747.881
748.115
749.082
749.316
749.550
750.017
750.250
750.484
750.951
751.185
751.418
751.652
751.885
752.819
753.053
753.287
753.754
753.987
754.221
754.688
754.922
755.155
755.389
755.622
756.557
756.790
757.024
757.491
757.724
757.958
758.458
758.692
758.926
759.159
759.393
760.327
760.561
760.794
761.261
761.495
761.728
762.196
762.429
762.663
762.896
763.130
764.064
764.298
764.531
764.998
765.232
765.465
765.933
766.166
766.400
766.633
766.867
767.801
768.302
768.769
769.236
769.703
770.170
770.637
771.104
771.572
772.039
772.506
772.973
773.440
773.907
774.374
774.842
775.309
775.776
776.243
776.710
777.177
777.678
778.145
778.612
779.079
779.546
780.013
780.480
780.948
781.415
781.882
782.349
782.816
783.283
783.750
784.218
784.685
785.152
785.619
786.086
786.553
787.020
787.521
787.988
788.455
788.922
789.389
789.857
790.324
790.791
791.258
791.725
792.192
792.659
793.126
793.594
794.061
794.528
794.995
795.462
795.929
796.396
796.897
797.364
797.831
798.065
798.298
798.532
798.765
799.233
799.700
799.933
800.167
800.400
800.634
801.101
801.568
801.802
802.035
802.269
802.503
802.970
803.437
803.670
803.904
804.137
804.371
804.838
805.305
805.539
805.772
806.006
806.240
806.740
807.207
807.441
807.674
807.908
808.141
808.609
809.076
809.309
809.543
809.776
810.010
810.477
810.944
811.178
811.411
811.645
811.879
812.346
812.813
813.046
813.280
813.514
813.747
814.214
814.681
814.915
815.148
815.382
815.616
816.083
816.583
816.817
817.050
817.284
817.518
817.985
818.452
818.685
818.919
819.152
819.386
819.853
820.320
820.554
820.787
821.021
821.255
821.722
822.189
822.422
822.656
822.890
823.123
823.590
824.057
824.291
824.525
824.758
824.992
825.459
825.959
826.193
826.426
826.660
826.894
827.361
827.828
828.061
828.295
828.762
828.996
829.229
829.696
829.930
830.163
830.397
830.631
831.565
831.798
832.032
832.499
832.733
832.966
833.433
833.667
833.901
834.134
834.368
835.302
835.536
835.802
836.270
836.503
836.737
837.204
837.437
837.671
837.905
838.138
839.072
839.306
839.540
840.007
840.240
840.474
840.941
841.175
841.408
841.642
841.875
842.809
843.043
843.277
843.744
843.977
844.211
844.678
844.912
845.145
845.412
845.646
846.580
846.813
847.047
847.514
847.748
847.981
848.448
848.682
848.916
849.149
849.383
850.317
850.551
850.784
851.251
851.485
851.718
852.186
852.419
852.653
852.886
853.120
854.054
854.288
854.521
855.022
855.255
855.489
855.956
856.190
856.423
856.657
856.890
902.069
903.003
903.971
904.905
905.873
906.807
907.774
908.709
909.676
910.644
911.578
912.546
913.480
914.448
915.382
916.350
917.284
917.784
918.252
918.485
918.719
919.186
919.686
920.153
920.387
920.621
921.121
921.588
922.055
922.289
922.523
923.023
923.490
923.957
924.191
924.424
924.925
925.392
925.859
926.093
926.326
926.827
927.294
927.761
927.995
928.262
928.729
929.196
929.663
929.930
930.163
930.631
931.098
931.565
931.832
932.065
932.533
933.000
933.500
933.734
933.967
934.434
934.902
935.402
935.636
935.869
936.336
936.803
937.304
937.538
937.771
938.238
938.739
939.206
939.439
939.673
940.140
940.641
941.108
941.341
941.575
942.042
942.543
943.010
943.243
943.477
943.977
944.444
944.912
945.145
945.379
945.879
946.346
946.813
947.047
947.281
947.781
948.248
948.715
949.216
949.683
950.150
950.617
951.118
951.585
952.052
952.519
953.020
953.487
953.954
954.421
954.922
955.389
955.856
956.356
956.823
957.291
957.758
958.258
958.725
959.193
959.660
960.160
960.627
961.094
961.595
962.062
962.529
962.996
963.497
963.964
964.431
964.898
965.399
965.866
966.333
966.834
967.301
967.768
968.235
968.735
969.203
969.670
970.137
970.637
971.104
971.572
972.072
972.539
973.006
973.473
973.974
974.441
974.908
975.375
975.876
976.343
976.810
977.311
977.778
978.245
979.213
980.147
981.114
982.049
983.016
983.951
984.918
985.853
986.820
987.788
988.722
989.690
990.624
991.592
992.526
993.493
993.961
994.428
994.928
995.395
995.863
996.330
996.830
997.297
997.764
998.232
998.732
999.199
999.666
1000.167
1000.634
1001.101
1001.568
1002.069
1002.536
1003.003
1003.470
1003.971
1004.438
1004.905
1005.405
1005.873
1006.340
1006.807
1007.307
1007.774
1008.242
1008.709
1008.976
1009.209
1009.443
1009.676
1009.910
1010.143
1010.377
1010.644
1010.878
1011.111
1011.345
1011.578
1011.812
1012.045
1012.279
1012.546
1012.779
1013.013
1013.247
1013.480
1013.714
1013.947
1014.214
1014.448
1014.681
1014.915
1015.148
1015.382
1015.616
1015.883
1016.116
1016.350
1016.583
1016.817
1017.050
1017.284
1017.518
1017.784
1018.018
1018.252
1018.485
1018.719
1018.952
1019.186
1019.453
1019.686
1019.920
1020.153
1020.387
1020.621
1020.854
1021.088
1021.355
1021.588
1021.822
1022.055
1022.289
1022.523
1022.756
1023.023
1023.257
1023.490
1023.724
1027.761
1027.995
1028.262
1028.495
1028.729
1028.962
1029.196
1029.429
1029.663
1029.930
1030.163
1030.397
1030.631
1030.864
1031.098
1031.331
1031.565
1031.832
1032.065
1032.299
1032.533
1032.766
1033.000
1033.233
1033.500
1033.734
1033.967
1034.201
1034.434
1034.668
1034.902
1035.169
1035.402
1035.636
1035.869
1036.103
1036.336
1036.570
1036.803
1037.070
1037.304
1037.538
1037.771
1038.005
1038.238
1038.472
1038.739
1038.972
1039.206
1081.348
1081.815
1082.316
1083.283
1083.750
1084.218
1085.185
1085.686
1086.153
1087.120
1087.588
1088.088
1089.022
1089.523
1089.990
1090.958
1091.425
1091.925
1092.860
1093.360
1093.827
1094.795
1095.262
1095.762
1096.697
1097.197
1097.664
1098.165
1098.632
1099.099
1099.600
1100.067
1100.567
1101.034
1101.502
1102.002
1102.469
1102.936
1103.437
1103.904
1104.404
1104.872
1105.339
1105.839
1106.306
1106.807
1107.274
1107.741
1108.242
1108.709
1109.176
1109.676
1110.143
1110.644
1111.111
1111.578
1112.079
1112.546
1113.046
1113.514
1113.981
1114.481
1114.948
1115.415
1115.916
1116.383
1116.884
1117.351
1117.818
1118.318
1118.785
1119.286
1119.753
1120.220
1120.721
1121.188
1121.688
1122.155
1122.623
1123.123
1123.590
1124.057
1124.558
1125.025
1127.427
1127.661
1127.928
1128.395
1128.629
1128.862
1129.363
1129.596
1129.830
1130.297
1130.564
1130.797
1131.265
1131.498
1131.765
1132.232
1132.466
1132.699
1133.200
1133.433
1133.667
1134.168
1134.401
1134.635
1135.102
1135.335
1135.602
1136.069
1136.303
1136.537
1137.037
1137.271
1137.504
1138.005
1138.238
1138.472
1138.939
1139.206
1139.439
1139.907
1140.140
1140.407
1140.874
1141.108
1141.341
1141.842
1142.075
1142.309
1142.776
1143.043
1143.277
1143.744
1143.977
1144.244
1144.711
1144.945
1145.179
1145.679
1145.913
1146.146
1146.647
1146.880
1147.114
1147.581
1147.848
1148.081
1148.549
1148.782
1149.016
1149.516
1149.750
1149.983
1150.484
1150.717
1150.951
1151.418
1151.685
1151.919
1152.386
1152.619
1152.886
1153.353
1153.587
1153.820
1154.321
1154.555
1154.788
1155.255
1155.522
1155.756
1156.223
1156.456
1156.723
1157.191
1157.424
1157.658
1158.158
1158.625
1159.126
1159.593
1160.060
1160.561
1161.028
1161.528
1161.995
1162.462
1162.963
1163.430
1163.897
1164.398
1164.865
1165.365
1165.832
1166.300
1166.800
1167.267
1167.768
1168.235
1168.702
1169.203
1169.670
1170.137
1170.637
1171.104
1171.605
1172.072
1172.539
1173.040
1173.507
1174.007
1174.474
1174.942
1175.442
1175.909
1176.376
1176.877
1177.344
1177.845
1178.312
1178.779
1179.279
1179.746
1180.247
1180.714
1181.181
1181.682
1182.149
1182.616
1183.116
1183.584
1184.084
1184.551
1185.018
1185.519
1185.986
1186.486
1188.856
1189.122
1189.356
1189.590
1189.823
1190.057
1190.324
1190.557
1190.791
1191.024
1191.258
1191.525
1191.758
1191.992
1192.226
1192.459
1192.726
1192.960
1193.193
1193.427
1193.660
1193.927
1194.161
1194.394
1194.628
1194.862
1195.095
1195.362
1195.596
1195.829
1196.063
1196.296
1196.563
1196.797
1197.030
1197.264
1197.497
1197.764
1197.998
1198.232
1198.465
1198.699
1198.966
1199.199
1199.433
1199.666
1199.900
1200.167
1200.400
1200.634
1200.868
1201.101
1201.368
1201.602
1201.835
1202.069
1202.302
1202.536
1202.803
1203.036
1203.270
1203.504
1203.737
1204.004
1204.238
1204.471
1204.705
1204.938
1205.205
1205.439
1205.672
1205.906
1206.139
1206.406
1206.640
1206.874
1207.107
1207.341
1207.608
1207.841
1208.075
1208.308
1208.542
1208.775
1209.042
1209.276
1209.510
1209.743
1209.977
1210.244
1210.477
1210.711
1210.944
1211.178
1211.445
1211.678
1211.912
1212.145
1212.379
1212.646
1212.880
1213.113
1213.347
1213.580
1213.847
1214.081
1214.314
1214.548
1214.781
1215.015
1215.282
1215.516
1215.749
1215.983
1216.216
1216.483
1216.717
1216.950
1217.184
1217.417
1217.684
1217.918
1218.151
1218.385
1218.619
1218.886
1219.119
1219.353
1219.586
1220.087
1220.554
1221.021
1221.522
1221.989
1222.456
1222.956
1223.423
1223.924
1224.391
1224.858
1225.359
1225.826
1226.326
1226.793
1227.261
1227.761
1228.228
1228.695
1229.196
1229.663
1230.163
1230.631
1231.098
1231.598
1232.065
1232.566
1233.033
1234.968
1235.202
1235.435
1235.669
1235.903
1236.136
1236.403
1236.637
1236.870
1237.104
1237.337
1237.604
1237.838
1238.071
1238.305
1238.539
1238.805
1239.039
1239.273
1239.506
1239.740
1240.007
1240.240
1240.474
1240.707
1240.941
1241.208
1241.441
1241.675
1241.909
1242.142
1242.376
1242.643
1242.876
1243.110
1243.343
1243.577
1243.844
1244.077
1244.311
1244.545
1244.778
1245.045
1245.279
1245.512
1245.746
1245.979
1246.246
1246.480
1246.713
1246.947
1247.181
1247.447
1247.681
1247.915
1248.148
1248.382
1248.615
1248.882
1249.116
1249.349
1249.583
1249.816
1250.083
1250.317
1250.551
1250.784
1251.018
1251.285
1251.518
1251.752
1251.985
1252.219
1252.486
1252.719
1252.953
1253.187
1253.420
1253.687
1253.921
1254.154
1254.388
1254.621
1254.888
1255.122
1255.355
1255.589
1255.822
1256.056
1256.323
1256.557
1256.790
1257.024
1257.257
1257.524
1257.758
1257.991
1258.225
1258.458
1258.725
1258.959
1259.193
1259.426
1259.660
1259.927
1260.160
1260.394
1260.627
1260.861
1261.128
1261.361
1261.595
1261.828
1262.062
1262.296
1262.563
1262.796
1263.030
1263.263
1263.497
1263.764
1263.997
1264.231
1264.464
1264.698
1264.965
1265.199
1265.432
