46.446
46.992
47.537
48.083
48.628
49.173
49.719
50.264
50.809
51.355
51.900
52.445
52.991
53.536
54.081
54.627
55.172
55.717
56.263
56.808
57.353
57.899
58.444
58.989
59.535
60.080
60.625
61.171
61.716
62.261
62.807
63.352
63.897
64.443
64.988
65.533
66.079
66.624
67.169
67.715
68.260
68.805
69.351
69.896
70.441
70.987
71.532
72.077
72.623
73.168
73.713
74.259
74.804
75.349
75.895
76.440
76.985
77.531
78.076
78.621
79.167
79.712
80.257
80.803
81.348
81.621
81.893
82.166
82.439
82.711
82.984
83.257
83.529
83.802
84.075
84.347
84.620
84.893
85.165
85.438
85.711
85.983
86.256
86.529
86.801
87.074
87.347
87.619
87.892
88.165
88.437
88.710
88.983
89.255
89.528
89.801
90.073
90.346
90.619
90.891
91.164
91.437
91.709
91.982
92.255
92.527
92.800
93.073
93.345
93.618
93.891
94.163
94.436
94.709
94.981
95.254
95.527
95.799
96.072
96.345
96.617
96.890
97.163
97.435
97.708
97.981
98.253
98.526
98.799
107.541
108.086
108.632
109.177
109.722
110.268
110.813
111.358
111.904
112.449
112.994
113.540
114.085
114.630
115.176
115.721
116.266
116.812
117.357
117.902
118.448
118.993
119.538
120.084
120.629
121.174
121.720
122.265
122.810
123.356
123.901
124.446
124.992
125.537
126.082
126.628
127.173
127.718
128.264
128.809
129.354
129.900
130.445
130.990
131.536
132.081
132.626
133.172
133.717
134.262
134.808
135.353
135.898
136.444
136.989
137.534
138.080
138.625
139.170
139.716
140.261
140.806
141.352
141.897
142.442
142.715
142.988
143.260
143.533
143.806
144.078
144.351
144.624
144.896
145.169
145.442
145.714
145.987
146.260
146.532
146.805
147.078
147.350
147.623
147.896
148.168
148.441
148.714
148.986
149.259
149.532
149.804
150.077
150.350
150.622
150.895
151.168
151.440
151.713
151.986
152.258
152.531
152.804
153.076
153.349
153.622
153.894
154.167
154.440
154.712
154.985
155.258
155.530
155.803
156.076
156.348
156.621
156.894
157.166
157.439
157.712
157.984
158.257
158.530
158.802
159.075
159.348
159.620
159.893
160.439
160.985
161.530
162.076
162.622
163.167
163.713
164.259
164.804
165.350
165.896
166.441
166.987
167.533
168.078
168.624
169.170
169.715
170.261
170.807
171.353
171.898
172.444
172.990
173.535
174.081
174.627
175.172
175.718
176.264
176.809
177.355
177.901
178.446
178.992
179.538
180.083
180.629
181.175
181.721
182.266
182.812
183.358
183.903
184.449
184.995
185.540
186.086
186.358
186.630
186.902
187.175
187.447
187.719
187.991
188.263
188.535
188.807
189.080
189.352
189.624
189.896
190.168
190.440
190.712
190.985
191.257
191.529
191.801
192.073
192.345
192.618
192.890
193.162
193.434
193.706
193.978
194.250
194.523
194.795
203.537
203.810
204.083
204.355
204.628
204.901
205.174
205.447
205.720
205.993
206.266
206.539
206.812
207.085
207.357
207.630
207.903
208.176
208.449
208.722
208.995
209.268
209.541
209.814
210.086
210.359
210.632
210.905
211.178
211.451
211.724
211.997
212.270
212.543
212.816
213.088
213.361
213.634
213.907
214.180
214.453
214.726
214.999
215.272
215.545
215.817
216.090
216.363
216.636
216.909
217.182
217.455
217.728
218.001
218.274
218.546
218.819
219.092
219.365
219.638
219.911
220.184
220.457
220.730
221.003
221.276
221.548
221.821
222.094
222.367
222.640
222.913
223.186
223.459
223.732
224.005
224.277
224.550
224.823
225.096
225.369
225.642
225.915
226.188
226.461
226.734
227.007
227.279
227.552
227.825
228.098
228.371
228.644
228.917
229.190
229.463
236.403
236.873
237.343
237.813
238.283
238.753
239.222
239.692
240.162
240.632
241.102
241.572
242.042
242.512
242.982
243.452
243.922
244.391
244.861
245.331
245.801
246.271
246.741
247.211
247.681
248.151
248.621
249.091
249.561
250.030
250.500
250.970
251.440
251.910
252.380
252.850
253.320
253.790
254.260
254.730
255.199
255.669
256.139
256.609
257.079
257.549
258.019
258.489
258.959
259.193
259.427
259.661
259.895
260.363
260.832
261.066
261.300
261.534
261.768
262.236
262.705
262.939
263.173
263.407
263.641
264.109
264.577
264.812
265.046
265.280
265.514
265.982
266.450
266.684
266.919
267.153
267.387
267.855
268.323
268.557
268.791
269.025
269.260
269.728
270.196
270.430
270.664
270.898
271.132
271.601
272.069
272.303
272.537
272.771
273.005
273.474
273.942
274.176
274.410
274.644
274.878
275.346
275.815
276.049
276.283
276.517
276.751
277.219
277.688
277.922
278.156
278.390
278.624
279.092
279.560
279.795
280.029
280.263
280.497
280.965
281.433
281.667
281.901
282.136
282.370
282.838
283.306
283.540
283.774
284.008
284.243
284.711
285.179
285.413
285.647
285.881
286.115
286.584
287.052
287.286
287.520
287.754
308.075
308.547
309.020
309.493
309.966
310.438
310.911
311.384
311.857
312.330
312.802
313.275
313.748
314.221
314.693
315.166
315.639
316.112
316.585
317.057
317.530
318.003
318.476
318.948
319.421
319.894
320.367
320.840
321.312
321.785
322.258
322.731
323.203
323.676
324.149
324.622
325.095
325.567
326.040
326.513
326.986
327.459
327.931
328.404
328.877
329.350
329.822
330.295
330.768
331.241
331.714
332.186
332.659
333.132
333.605
334.077
334.550
335.023
335.496
335.969
336.441
336.914
337.387
337.860
338.332
338.805
339.041
339.277
339.749
340.221
340.694
340.930
341.166
341.638
342.110
342.582
342.818
343.054
343.526
343.998
344.470
344.706
344.942
345.414
345.887
346.359
346.595
346.831
347.303
347.775
348.247
348.483
348.719
349.191
349.663
350.135
350.371
350.607
351.079
351.552
352.024
352.260
352.496
352.968
353.440
353.912
354.148
354.384
354.856
355.328
355.800
356.036
356.272
356.745
357.217
357.689
357.925
358.161
358.633
359.105
359.577
359.813
360.049
360.521
360.993
361.465
361.701
361.937
362.410
362.882
363.354
363.590
363.826
364.298
364.770
365.242
365.478
365.714
366.186
366.658
367.130
367.366
367.602
368.075
368.547
369.019
369.255
369.491
369.963
370.435
370.907
371.143
371.379
371.851
372.323
372.795
373.031
373.268
373.740
374.212
374.684
374.920
375.156
375.628
376.100
376.572
376.808
377.044
377.516
377.988
378.460
378.697
378.933
379.405
379.877
380.349
380.585
380.821
381.293
381.765
382.237
382.473
382.709
383.181
383.653
384.125
384.362
384.598
385.070
385.542
386.014
386.250
386.486
386.958
387.430
387.902
388.138
388.374
388.846
389.318
389.791
390.027
390.263
390.735
391.207
391.679
391.915
392.151
392.623
393.095
393.567
393.803
394.039
394.511
394.983
395.456
395.692
395.928
396.400
396.872
397.344
397.580
397.816
398.288
398.761
399.233
399.706
400.178
400.650
401.123
401.595
402.068
402.540
403.013
403.485
403.957
404.430
404.902
405.375
405.847
406.319
406.792
407.264
407.737
408.209
408.682
409.154
409.626
410.099
410.571
411.044
411.516
411.988
412.461
412.933
413.406
413.878
414.350
414.823
415.295
415.768
416.240
416.713
417.185
417.657
418.130
418.602
419.075
419.547
420.019
420.492
420.964
421.437
421.909
422.382
422.854
423.326
423.799
424.271
424.744
425.216
425.688
426.161
426.633
427.106
427.578
428.050
428.523
428.995
444.110
444.583
445.056
445.529
446.002
446.474
446.947
447.420
447.893
448.365
448.838
449.311
449.784
450.257
450.729
451.202
451.675
452.148
452.620
453.093
453.566
454.039
454.512
454.984
455.457
455.930
456.403
456.875
457.348
457.821
458.294
458.767
459.239
459.712
460.185
460.658
461.131
461.603
462.076
462.549
463.022
463.494
463.967
464.440
464.913
465.386
465.858
466.331
466.804
467.277
467.749
468.222
468.695
469.168
469.641
470.113
470.586
471.059
471.532
472.004
472.477
472.950
473.423
473.896
474.368
474.841
475.077
475.313
475.785
476.258
476.730
476.966
477.202
477.674
478.146
478.618
478.855
479.091
479.563
480.035
480.507
480.743
480.979
481.451
481.924
482.396
482.632
482.868
483.340
483.812
484.284
484.521
484.757
485.229
485.701
486.173
486.409
486.645
487.117
487.590
488.062
488.298
488.534
489.006
489.478
489.950
490.186
490.423
490.895
491.367
491.839
492.075
492.311
492.783
493.256
493.728
493.964
494.200
494.672
495.144
495.616
495.852
496.089
496.561
497.033
497.505
497.741
497.977
498.449
498.922
499.394
499.630
499.866
500.338
500.810
501.282
501.518
501.755
502.227
502.699
503.171
503.407
503.643
504.115
504.588
505.060
505.296
505.532
506.004
506.476
506.948
507.184
507.421
507.893
508.365
508.837
509.073
509.309
509.781
510.253
510.726
510.962
511.198
511.670
512.142
512.614
512.850
513.086
513.559
514.031
514.503
514.739
514.975
515.447
515.919
516.392
516.628
516.864
517.336
517.808
518.280
518.516
518.752
519.225
519.697
520.169
520.405
520.641
521.113
521.585
522.058
522.294
522.530
523.002
523.474
523.946
524.182
524.418
524.891
525.363
525.835
526.071
526.307
526.779
527.251
527.724
527.960
528.196
528.668
529.140
529.612
529.848
530.084
530.557
531.029
531.501
531.737
531.973
532.445
532.917
533.390
533.626
533.862
534.334
552.919
553.381
553.843
554.304
554.766
555.228
555.690
556.151
556.613
557.075
557.537
557.999
558.460
558.922
559.384
559.846
560.307
560.769
561.231
561.693
562.154
562.616
563.078
563.540
564.001
564.463
564.925
565.387
565.849
566.310
566.772
567.234
567.696
568.157
568.619
569.081
569.543
570.004
570.466
570.928
571.390
571.851
572.313
572.775
573.237
573.699
574.160
574.622
575.084
575.546
576.007
576.469
576.931
577.393
577.854
578.316
578.778
579.240
579.701
580.163
580.625
581.087
581.548
582.010
582.472
582.934
583.396
583.857
584.319
584.781
585.243
585.704
586.166
586.628
587.090
587.551
588.013
588.475
588.937
589.398
589.860
590.322
590.784
591.246
591.707
592.169
592.631
593.093
626.926
627.373
627.820
628.267
628.714
629.160
629.607
630.054
630.501
630.948
631.395
631.841
632.288
632.735
633.182
633.629
634.076
634.522
634.969
635.416
635.863
636.310
636.756
637.203
637.650
638.097
638.544
638.991
639.437
639.884
640.331
640.778
641.225
641.671
642.118
642.565
643.012
643.459
643.906
644.352
644.799
645.246
645.693
646.140
646.586
647.033
647.480
647.927
648.374
648.821
649.267
649.714
650.161
650.608
651.055
651.501
651.948
652.395
652.842
653.289
653.736
654.182
654.629
655.076
655.523
655.970
656.416
656.863
657.310
657.757
658.204
658.651
659.097
659.544
659.991
660.438
660.885
661.331
661.778
662.225
662.672
663.119
663.566
664.012
664.459
664.906
665.353
665.800
666.246
666.693
667.140
667.587
668.034
668.481
668.927
669.374
669.821
670.268
670.715
671.161
671.608
672.055
672.502
672.949
673.396
673.842
674.289
674.736
675.183
675.630
676.077
676.523
676.970
677.417
677.864
678.311
678.757
679.204
679.651
680.098
680.545
680.992
681.438
681.885
682.332
682.779
683.226
683.672
684.119
684.566
685.013
685.460
685.907
686.353
686.800
687.247
687.694
688.141
688.587
689.034
689.481
689.928
690.375
690.822
691.268
691.715
692.162
692.609
693.056
693.502
693.949
694.396
694.843
695.290
695.737
696.183
696.630
697.077
697.524
697.971
698.417
698.864
699.311
699.758
700.205
700.652
701.098
701.545
701.992
702.439
702.886
703.332
703.779
704.226
704.673
705.120
705.567
706.013
706.460
706.907
707.354
707.801
708.247
708.694
709.141
709.588
710.035
710.482
710.928
711.375
711.822
712.269
712.716
713.162
713.609
714.056
714.503
714.950
715.397
715.843
716.290
716.737
717.184
717.631
718.077
718.524
718.971
719.418
719.865
720.312
720.758
721.205
721.652
722.099
722.546
722.993
723.439
723.886
724.333
724.780
725.227
725.673
726.120
726.567
727.014
727.461
727.908
728.354
728.801
729.248
729.695
730.142
730.588
731.035
731.482
731.929
732.376
732.823
733.269
733.716
734.163
734.610
735.057
735.503
735.950
736.397
736.844
737.291
737.738
738.184
738.631
739.078
739.525
739.972
740.418
740.865
741.312
741.759
742.206
742.653
743.099
743.546
743.993
744.440
744.887
745.333
745.780
746.227
746.674
747.121
747.568
748.014
748.461
748.908
749.355
749.802
750.248
750.695
751.142
751.589
752.036
752.483
752.929
753.376
753.823
754.270
754.717
755.163
755.610
756.057
756.504
756.951
757.398
757.844
758.291
758.738
759.185
759.632
760.078
760.525
760.972
761.419
761.866
762.313
762.759
763.206
763.653
764.100
764.547
764.994
765.440
765.887
766.334
766.781
767.228
767.674
768.121
768.568
769.015
769.462
769.909
770.355
770.802
771.249
771.696
772.143
772.589
773.036
773.483
773.930
774.377
774.824
775.270
775.717
776.164
776.611
777.058
777.504
777.951
778.398
778.845
779.292
779.739
780.185
780.632
781.079
781.526
781.973
782.419
782.866
783.313
783.760
784.207
784.654
785.100
785.547
785.994
786.441
786.888
787.334
787.781
788.228
788.675
789.122
795.929
796.294
796.660
797.026
797.392
797.758
798.124
798.490
798.856
799.222
799.587
799.953
800.319
800.685
801.051
801.417
801.783
802.149
802.514
802.880
803.246
803.612
803.978
804.344
804.710
805.076
805.442
805.807
806.173
806.539
806.905
807.271
807.637
808.003
808.369
808.734
809.100
809.466
809.832
810.198
810.564
810.930
811.296
811.662
812.027
812.393
812.759
813.125
813.491
813.857
814.223
814.589
814.954
815.320
815.686
816.052
816.418
816.784
817.150
817.516
817.882
818.247
818.613
818.979
819.345
819.711
820.077
820.443
820.809
821.174
821.540
821.906
822.272
822.638
823.004
823.370
823.736
824.102
824.467
824.833
825.199
825.565
825.931
826.297
826.663
827.029
827.394
827.760
828.126
828.492
828.858
829.224
829.590
829.956
830.322
830.687
831.053
831.419
831.785
832.151
832.517
832.883
833.249
833.614
833.980
834.346
834.712
835.078
835.444
835.810
836.176
836.542
836.907
837.273
837.639
838.005
838.371
838.737
839.103
839.469
839.834
840.200
840.566
840.932
841.298
841.664
842.030
842.396
842.762
843.127
843.493
843.859
844.225
844.591
844.957
845.323
845.689
846.054
846.420
846.786
847.152
847.518
847.884
848.250
848.616
848.982
867.300
867.758
868.216
868.674
869.132
869.590
870.048
870.506
870.964
871.422
871.880
872.338
872.796
873.254
873.711
874.169
874.627
875.085
875.543
876.001
876.459
876.917
877.375
877.833
878.291
878.749
879.207
879.665
880.123
880.581
881.039
881.497
881.955
882.413
882.871
883.329
883.787
884.245
884.703
885.161
885.619
886.077
886.535
886.993
887.451
887.909
888.367
888.825
889.283
889.741
890.199
890.657
891.115
891.572
892.030
892.488
892.946
893.404
893.862
894.320
894.778
895.236
895.694
896.152
896.610
897.068
897.526
897.984
898.442
898.900
899.358
899.816
900.274
900.732
901.190
901.648
902.106
902.564
903.022
903.480
903.938
904.396
904.854
905.312
905.770
906.228
906.686
907.144
907.602
908.060
908.518
908.975
909.433
909.891
910.349
910.807
911.265
911.723
912.181
912.639
913.097
913.555
914.013
914.471
914.929
915.387
915.845
916.303
916.761
917.219
917.677
918.135
918.593
919.051
919.509
919.967
920.425
920.883
921.341
921.799
922.257
922.715
923.173
923.631
924.089
924.547
925.005
925.463
925.921
926.378
926.836
927.294
927.752
928.210
928.668
929.126
929.584
930.042
930.500
930.958
931.416
931.874
932.332
932.790
933.248
933.706
934.164
934.622
935.080
935.538
935.996
936.454
936.912
937.370
937.828
938.286
938.744
939.202
939.660
940.118
940.576
941.034
941.492
941.950
942.408
942.866
943.324
943.781
944.239
944.697
945.155
945.613
946.071
946.529
946.987
947.445
947.903
948.361
948.819
949.277
949.735
950.193
950.651
951.109
951.567
952.025
952.483
952.941
953.399
953.857
954.315
954.773
955.231
955.689
956.147
956.605
957.063
957.521
957.979
958.437
958.895
959.353
959.811
960.269
960.727
961.184
961.642
962.100
962.558
963.016
963.474
963.932
964.390
964.848
965.306
965.764
966.222
966.680
967.138
967.596
968.054
968.512
968.970
969.428
969.886
970.344
970.802
971.260
971.718
972.176
972.634
973.092
973.550
974.008
974.466
974.924
975.382
975.840
976.298
976.756
977.214
977.672
978.130
978.588
979.045
979.503
979.961
980.419
980.877
981.335
981.793
982.251
982.709
983.167
983.625
984.083
1008.407
1008.866
1009.324
1009.782
1010.240
1010.698
1011.156
1011.614
1012.072
1012.530
1012.988
1013.447
1013.905
1014.363
1014.821
1015.279
1015.737
1016.195
1016.653
1017.111
1017.569
1018.028
1018.486
1018.944
1019.402
1019.860
1020.318
1020.776
1021.234
1021.692
1022.150
1022.608
1023.067
1023.525
1023.983
1024.441
1024.899
1025.357
1025.815
1026.273
1026.731
1027.189
1027.648
1028.106
1028.564
1029.022
1029.480
1029.938
1030.396
1030.854
1031.312
1031.770
1032.229
1032.687
1033.145
1033.603
1034.061
1034.519
1034.977
1035.435
1035.893
1036.351
1036.809
1037.268
1037.726
1038.184
1038.642
1039.100
1039.558
1040.016
1040.474
1040.932
1041.390
1041.849
1042.307
1042.765
1043.223
1043.681
1044.139
1044.597
1045.055
1045.513
1045.971
1046.430
1046.888
1047.346
1047.804
1048.262
1048.720
1049.178
1049.636
1050.094
1050.552
1051.010
1051.469
1051.927
1052.385
1052.613
1052.841
1053.069
1053.298
1053.526
1053.754
1053.982
1054.210
1054.438
1054.667
1054.895
1055.123
1055.351
1055.579
1055.808
1056.036
1056.264
1056.492
1056.720
1056.948
1057.177
1057.405
1057.633
1057.861
1058.089
1058.318
1058.546
1058.774
1059.002
1059.230
1059.458
1076.876
1077.352
1077.828
1078.304
1078.780
1079.256
1079.732
1080.208
1080.684
1081.159
1081.635
1082.111
1082.587
1083.063
1083.539
1084.015
1084.491
1084.967
1085.443
1085.919
1086.395
1086.871
1087.347
1087.823
1088.299
1088.775
1089.251
1089.727
1090.203
1090.679
1091.155
1091.630
1092.106
1092.582
1093.058
1093.534
1094.010
1094.486
1094.962
1095.438
1095.914
1096.390
1096.866
1097.342
1097.818
1098.294
1098.770
1099.246
1099.722
1100.198
1100.674
1101.150
1101.626
1102.101
1102.577
1103.053
1103.529
1104.005
1104.481
1104.957
1105.433
1105.909
1106.385
1106.861
1107.337
1107.813
1108.289
1108.765
1109.241
1109.717
1110.193
1110.669
1111.145
1111.621
1112.097
1112.572
1113.048
1113.524
1114.000
1114.476
1114.952
1115.428
1115.904
1116.380
1116.856
1117.332
1117.808
1118.284
1123.856
1124.097
1124.337
1124.818
1125.058
1125.298
1125.779
1126.019
1126.260
1126.740
1126.981
1127.221
1127.702
1127.942
1128.182
1128.663
1128.903
1129.144
1129.624
1129.865
1130.105
1130.586
1130.826
1131.066
1131.547
1131.788
1132.028
1132.509
1132.749
1132.989
1133.470
1133.710
1133.951
1134.431
1134.672
1134.912
1135.393
1135.633
1135.873
1136.354
1136.594
1136.835
1137.315
1137.556
1137.796
1138.277
1138.517
1138.758
1139.237
1139.717
1140.197
1140.676
1141.156
1141.636
1142.115
1142.595
1143.075
1143.554
1144.034
1144.514
1144.993
1145.473
1145.953
1146.432
1146.912
1147.392
1147.871
1148.351
1148.831
1149.310
1149.790
1150.270
1150.749
1151.229
1151.709
1152.188
1152.668
1153.148
1153.627
1154.107
1154.587
1155.066
1155.546
1156.026
1156.505
1156.985
1157.465
1157.944
1158.424
1158.904
1159.383
1159.863
1160.343
1160.822
1161.302
1161.782
1162.261
1162.501
1162.741
1163.221
1163.461
1163.701
1164.181
1164.421
1164.661
1165.141
1165.381
1165.621
1166.101
1166.341
1166.581
1167.061
1167.301
1167.541
1168.021
1168.261
1168.501
1168.981
1169.221
1169.461
1169.941
1170.181
1170.421
1170.901
1171.141
1171.381
1171.861
1172.101
1172.341
1172.821
1173.061
1173.301
1173.781
1174.021
1174.261
1174.741
1174.981
1175.221
1175.701
1175.941
1176.181
1176.661
1176.901
1177.141
1177.621
1177.861
1178.101
1178.581
1178.821
1179.061
1179.541
1179.781
1180.021
1180.501
1180.741
1180.981
1181.461
1181.701
1181.941
1182.421
1182.661
1182.901
1183.381
1183.621
1183.861
1184.341
1184.581
1184.821
1185.301
1185.541
1185.781
1186.261
1186.501
1186.741
1187.221
1187.461
1187.701
1188.181
1188.421
1188.661
1189.141
1189.381
1189.621
1190.101
1190.341
1190.581
1191.061
1191.301
1191.541
1192.021
1192.261
1192.501
1192.981
1193.221
1193.461
1193.941
1194.181
1194.421
1194.901
1195.141
1195.381
1195.861
1196.101
1196.341
1196.821
1197.061
1197.301
1197.781
1198.021
1198.261
1198.741
1198.981
1199.221
1199.701
1199.941
1200.181
1200.661
1200.901
1201.141
1201.621
1201.861
1202.101
1202.581
1202.821
1203.061
1203.541
1203.781
1204.021
1204.501
1204.741
1204.981
1205.461
1205.701
1205.941
1206.421
1206.661
1206.901
1207.381
1207.621
1207.861
1208.340
1208.820
1209.300
1209.780
1210.260
1210.740
1211.219
1211.699
1212.179
1212.659
1213.139
1213.619
1214.099
1214.578
1215.058
1215.538
1216.018
1216.498
1216.978
1217.457
1217.937
1218.417
1218.897
1219.377
1219.857
1220.337
1220.816
1221.296
1221.776
1222.256
1222.736
1223.216
1223.696
1224.175
1224.655
1225.135
1225.615
1226.095
1226.575
1227.054
1227.534
1228.014
1228.494
1228.974
1229.454
1229.934
1230.413
1230.893
1231.373
1231.853
1232.333
1232.813
1233.292
1233.772
1234.252
1234.732
1235.212
1235.692
1236.172
1236.651
1237.131
1237.611
1238.091
1238.571
1246.712
1246.952
1247.192
1247.672
1247.913
1248.153
1248.633
1248.873
1249.113
1249.593
1249.833
1250.073
1250.553
1250.793
1251.033
1251.514
1251.754
1251.994
1252.474
1252.714
1252.954
1253.434
1253.674
1253.914
1254.394
1254.634
1254.874
1255.355
1255.595
1255.835
1256.315
1256.555
1256.795
1257.275
1257.515
1257.755
1258.235
1258.475
1258.715
1259.196
1259.436
1259.676
1260.156
1260.396
1260.636
1261.116
1261.356
1261.596
1262.076
1262.316
1262.556
1263.037
1263.277
1263.517
1263.997
1264.237
1264.477
1264.957
1265.197
1265.437
1265.917
1266.157
1266.397
1266.878
1267.118
1267.358
1267.838
1268.078
1268.318
1268.798
1269.038
1269.278
1269.758
1269.998
1270.239
1270.719
1270.959
1271.199
1271.679
1271.919
1272.159
1272.639
1272.879
1273.119
1273.599
1273.839
1274.080
1274.560
1274.800
1275.040
1275.520
1275.760
1276.000
1276.480
1276.720
1276.960
1277.440
1277.681
1277.921
1278.401
1278.641
1278.881
1279.361
1279.601
1279.841
1280.321
1280.561
1280.801
1281.281
1281.522
1281.762
1282.242
1282.482
1282.722
1283.202
1283.442
1283.682
1284.162
1284.402
1284.642
1285.123
1285.363
1285.603
1286.083
1286.323
1286.563
1287.043
1287.283
1287.523
1288.003
1288.243
1288.483
1288.964
1289.204
1289.444
1289.924
1290.164
1290.404
1290.884
1291.124
1291.364
1291.844
1292.084
1292.324
1302.034
1302.269
1302.503
1302.737
1302.972
1303.206
1303.440
1303.675
1303.909
1304.143
1304.378
1304.612
1304.846
1305.081
1305.315
1305.549
1305.784
1306.018
1306.253
1306.487
1306.721
1306.956
1307.190
1307.424
1307.659
1307.893
1308.127
1308.362
1308.596
1308.830
1309.065
1309.299
1309.534
1309.768
1310.002
1310.237
1310.471
1310.705
1310.940
1311.174
1311.408
1311.643
1311.877
1312.111
1312.346
1312.580
1312.814
1313.049
1313.283
1313.518
1313.752
1313.986
1314.221
1314.455
1314.689
1314.924
1315.158
1315.392
1315.627
1315.861
1316.095
1316.330
1316.564
1316.799
1317.033
1317.267
1317.502
1317.736
1317.970
1318.205
1318.439
1318.673
1318.908
1319.142
1319.376
1319.611
1319.845
1320.079
1320.314
1320.548
1320.783
1321.017
1321.251
1321.486
1321.720
1321.954
1322.189
1322.423
1322.657
1322.892
1323.126
1323.360
1323.595
1323.829
1324.064
1324.298
1324.532
1324.767
1325.001
1325.235
1325.470
1325.704
1325.938
1326.173
1326.407
1326.641
1326.876
1327.110
1327.344
1327.579
1327.813
1328.048
1328.282
1328.516
1328.751
1328.985
1329.219
1329.454
1329.688
1329.922
1330.157
1330.391
1330.625
1330.860
1331.094
1331.329
1331.563
1331.797
1339.572
1340.036
1340.501
1340.966
1341.431
1341.895
1342.360
1342.825
1343.289
1343.754
1344.219
1344.684
1345.148
1345.613
1346.078
1346.543
1347.007
1347.472
1347.937
1348.402
1348.866
1349.331
1349.796
1350.260
1350.725
1351.190
1351.655
1352.119
1352.584
1353.049
1353.514
1353.978
1354.443
1354.908
1355.372
1355.837
1356.302
1356.767
1357.231
1357.696
1358.161
1358.626
1359.090
1359.555
1360.020
1360.484
1360.949
1361.414
1361.879
1362.343
1362.808
1363.273
1363.738
1364.202
1364.667
1365.132
1365.596
1366.061
1366.526
1366.991
1367.455
1367.920
1368.385
1368.850
1369.314
1369.779
1370.244
1370.708
1371.173
1371.638
1372.103
1372.567
1373.032
1373.497
1373.962
1374.426
1374.891
1375.356
1375.820
1376.285
1376.750
1377.215
1377.679
1378.144
1378.609
1379.074
1379.538
1380.003
1380.468
1380.933
1381.397
1381.862
1382.327
1382.791
1383.256
1383.721
1384.186
1384.650
1385.115
1385.580
1386.045
1386.509
1386.974
1387.439
1387.903
1388.368
1388.833
1389.298
1389.762
1390.227
1390.692
1391.157
1397.897
1398.391
1398.639
1398.886
1399.381
1399.752
1400.123
1401.855
1402.350
1402.598
1402.845
1403.340
1403.711
1404.082
1405.814
1406.309
1406.556
1406.804
1407.298
1407.670
1408.041
1409.773
1410.267
1410.515
1410.762
1411.257
1411.628
1411.999
1413.731
1414.226
1414.473
1414.721
1415.216
1415.587
1415.958
1417.690
1418.185
1418.432
1418.680
1419.174
1419.546
1419.917
1421.649
1422.143
1422.391
1422.638
1423.133
1423.504
1423.875
1425.607
1426.102
1426.349
1426.597
1427.092
1427.463
1427.834
1429.566
1430.061
1430.308
1430.556
1431.050
1431.421
1431.793
1433.525
1434.019
1434.267
1434.514
1435.009
1435.380
1435.751
1437.483
1437.978
1438.225
1438.473
1438.968
1439.339
1439.710
1441.442
1441.937
1442.184
1442.431
1442.926
1443.297
1443.669
1445.400
1445.895
1446.143
1446.390
1446.885
1447.256
1447.627
1449.359
1449.854
1450.101
1450.349
1450.844
1451.215
1451.586
1453.318
1453.813
1454.060
1454.307
1454.802
1455.173
1455.545
1457.276
1457.771
1458.019
1458.266
1458.761
1459.132
1459.503
1461.235
1461.730
1461.977
1462.225
1462.720
1463.091
1463.462
1465.194
1465.689
1465.936
1466.183
1466.678
1467.049
1467.420
1469.152
1469.647
1469.895
1470.142
1470.637
1471.008
1471.379
1473.111
1473.606
1473.853
1474.101
1474.596
1474.967
1475.338
1477.070
1477.565
1477.812
1478.059
1478.554
1478.925
1479.296
1481.028
1481.523
1481.771
1482.018
1482.513
1482.884
1483.255
1484.987
1485.482
1485.729
1485.977
1486.472
1486.843
1487.214
1488.946
1489.441
1489.688
1489.935
1490.430
1490.801
1491.172
1492.904
1493.399
1493.647
1493.894
1494.389
1494.760
1495.131
1496.863
1497.358
1497.605
1497.853
1498.347
1498.719
1499.090
1500.822
1501.316
1501.564
1501.811
1502.306
1502.677
1503.048
1504.780
1505.275
1505.523
1505.770
1506.265
1506.636
1507.007
1508.739
1509.234
1509.481
1509.729
1510.223
1510.595
1510.966
1512.698
1513.192
1513.440
1513.687
1514.182
1514.553
1514.924
1516.656
1517.151
1517.399
1517.646
1518.141
1518.512
1518.883
1520.615
1521.110
1521.357
1521.605
1522.099
1522.471
1522.842
1524.574
1525.068
1525.316
1525.563
1526.058
1526.429
1526.800
1528.532
1529.027
1529.274
1529.522
1530.017
1530.388
1530.759
1532.491
1532.986
1533.233
1533.481
1533.975
1534.347
1534.718
1536.450
1536.944
1537.192
1537.439
1537.934
1538.305
1538.676
1540.408
1540.903
1541.150
1541.398
1541.893
1542.264
1542.635
1544.367
1544.862
1545.109
1545.357
1545.851
1546.222
1546.594
1548.326
1548.820
1549.068
1549.315
1549.810
1550.181
1550.552
1552.284
1552.779
1553.026
1553.274
1553.769
1554.140
1554.511
1556.243
1556.738
1556.985
1557.233
1557.727
1558.098
1558.470
1560.201
1560.696
1560.944
1561.191
1561.686
1562.057
1562.428
1564.160
1564.655
1564.902
1565.150
1565.645
1566.016
1566.387
1568.119
1568.614
1568.861
1569.108
1569.603
1569.974
1570.346
1572.077
1572.572
1572.820
1573.067
1573.562
1573.933
1574.304
1576.036
1576.531
1576.778
1577.026
1577.521
1577.892
1578.263
1579.995
1580.490
1580.737
1580.984
1581.479
1581.850
1582.222
1583.953
1584.448
1584.696
1584.943
1585.438
1585.809
1586.180
1587.912
1588.407
1588.654
1588.902
1589.397
1589.768
1590.139
1591.871
1592.366
1592.613
1592.860
1593.355
1593.726
1594.097
1595.829
1596.324
1596.572
1596.819
1597.314
1597.685
1598.056
1599.788
1600.283
1600.530
1600.778
1601.273
1601.644
1602.015
1603.747
1604.242
1604.489
1604.736
1605.231
1605.602
1605.973
1607.705
1608.200
1608.448
1608.695
1609.190
1609.561
1609.932
1611.664
1612.159
1612.406
1612.654
1613.149
1613.520
1613.891
1615.623
1616.118
1616.365
1616.612
1617.107
1617.478
1617.849
1640.005
1640.463
1640.922
1641.380
1641.838
1642.297
1642.755
1643.213
1643.671
1644.130
1644.588
1645.046
1645.505
1645.963
1646.421
1646.879
1647.338
1647.796
1648.254
1648.713
1649.171
1649.629
1650.087
1650.546
1651.004
1651.462
1651.921
1652.379
1652.837
1653.296
1653.754
1654.212
1654.670
1655.129
1655.587
1656.045
1656.504
1656.962
1657.420
1657.878
1658.337
1658.795
1659.253
1659.712
1660.170
1660.628
1661.086
1661.545
1662.003
1662.461
1662.920
1663.378
1663.836
1664.294
1664.753
1665.211
1665.669
1666.128
1666.586
1667.044
1667.502
1667.961
1668.419
1668.877
1669.336
1669.794
1670.252
1670.711
1671.169
1671.627
1672.085
1672.544
1673.002
1673.460
1673.919
1674.377
1674.835
1675.293
1675.752
1676.210
1676.668
1677.127
1677.585
1678.043
1691.890
1692.180
1692.469
1692.758
1693.048
1693.337
1693.626
1693.916
1694.205
1694.494
1694.784
1695.073
1695.363
1695.652
1695.941
1696.231
1696.520
1696.809
1697.099
1697.388
1697.677
1697.967
1698.256
1698.545
1698.835
1699.124
1699.413
1699.703
1699.992
1700.281
1700.571
1700.860
1701.150
1701.439
1701.728
1702.018
1702.307
1702.596
1702.886
1703.175
1703.464
1703.754
1704.043
1704.332
1704.622
1704.911
1705.200
1705.490
1705.779
1706.069
1706.358
1706.647
1706.937
1707.226
1707.515
1707.805
1708.094
1708.383
1708.673
1708.962
1709.251
1709.541
1709.830
1710.119
1710.409
1710.986
1711.564
1712.141
1712.718
1713.296
1713.873
1714.451
1715.028
1715.605
1716.183
1716.760
1717.337
1717.915
1718.492
1719.070
1719.647
1720.224
1720.802
1721.379
1721.957
1722.534
1723.111
1723.689
1724.266
1724.844
1725.421
1725.998
1726.576
1727.153
1727.730
1728.308
1728.885
1729.463
1730.040
1730.617
1731.195
1731.772
1732.350
1732.927
1733.504
1734.082
1734.659
1735.236
1735.814
1736.391
1736.969
1738.137
1738.426
1738.715
1739.005
1739.294
1739.583
1739.873
1740.162
1740.451
1740.741
1741.030
1741.319
1741.609
1741.898
1742.187
1742.477
1742.766
1743.055
1743.345
1743.634
1743.924
1744.213
1744.502
1744.792
1745.081
1745.370
1745.660
1745.949
1746.238
1746.528
1746.817
1747.106
1747.396
1747.685
1747.974
1748.264
1748.553
1748.843
1749.132
1749.421
1749.711
1750.000
1750.289
1750.579
1750.868
1751.157
1751.447
1751.736
1752.025
1752.315
1752.604
1752.893
1753.183
1753.472
1753.761
1754.051
1754.340
1754.630
1754.919
1755.208
1755.498
1755.787
1756.076
1756.366
1756.655
1757.232
1757.810
1758.387
1758.965
1759.542
1760.119
1760.697
1761.274
1761.851
1762.429
1763.006
1763.584
1764.161
1764.738
1765.316
1765.893
1766.471
1767.048
1767.625
1768.203
1768.780
1769.358
1769.935
1770.512
1771.090
1771.667
1772.244
1772.822
1773.399
1773.977
1774.554
1775.131
1775.709
1776.286
1776.864
1777.441
1778.018
1778.596
1779.173
1779.751
1780.328
1780.905
1781.483
1782.060
1782.637
1783.215
1784.383
1784.672
1784.961
1785.251
1785.540
1785.829
1786.119
1786.408
1786.698
1786.987
1787.276
1787.566
1787.855
1788.144
1788.434
1788.723
1789.012
1789.302
1789.591
1789.880
1790.170
1790.459
1790.748
1791.038
1791.327
1791.616
1791.906
1792.195
1792.485
1792.774
1793.063
1793.353
1793.642
1793.931
1794.221
1794.510
1794.799
1795.089
1795.378
1795.667
1795.957
1796.246
1796.535
1796.825
1797.114
1797.404
1797.693
1797.982
1798.272
1798.561
1798.850
1799.140
1799.429
1799.718
1800.008
1800.297
1800.586
1800.876
1801.165
1801.454
1801.744
1802.033
1802.322
1802.612
1802.901
1803.478
1804.056
1804.633
1805.210
1805.787
1806.365
1806.942
1807.519
1808.096
1808.674
1809.251
1809.828
1810.405
1810.983
1811.560
1812.137
1812.714
1813.292
1813.869
1814.446
1815.023
1815.601
1816.178
1816.755
1817.332
1817.910
1818.487
1819.064
1819.641
1820.218
1821.386
1821.676
1821.965
1822.254
1822.543
1822.832
1823.122
1823.411
1823.700
1823.989
1824.279
1824.568
1824.857
1825.146
1825.436
1825.725
1826.014
1826.303
1826.592
1826.882
1827.171
1827.460
1827.749
1828.039
1828.328
1828.617
1828.906
1829.195
1829.485
1829.774
1830.063
1830.352
1830.642
1830.931
1831.220
1831.509
1831.799
1832.088
1832.377
1832.666
1832.955
1833.245
1833.534
1833.823
1834.112
1834.402
1834.691
1834.980
1835.269
1835.558
1835.848
1836.137
1836.426
1836.715
1837.005
1837.294
1837.583
1837.872
1838.162
1838.451
1838.740
1839.029
1839.318
1839.608
1839.897
1840.186
1840.475
1840.765
1841.054
1841.343
1841.632
1841.921
1842.211
1842.500
1842.789
1843.078
1843.368
1843.657
1843.946
1844.235
1844.525
1844.814
1845.103
1845.392
1845.681
1845.971
1846.260
1846.549
1846.838
1847.128
1847.417
1847.706
1847.995
1848.285
1848.574
1848.863
1849.152
1849.441
1849.731
1850.020
1850.309
1850.598
1850.888
1851.177
1851.466
1851.755
1852.044
1852.334
1852.623
1852.912
1853.201
1853.491
1853.780
1854.069
1854.358
1854.648
1854.937
1855.226
1855.515
1855.804
1856.094
1856.383
1856.672
1856.961
1857.251
1857.540
1857.829
1858.118
1858.407
1858.697
1858.986
1859.275
1859.564
1859.854
1860.143
1860.432
1860.721
1861.011
1861.300
1861.589
1861.878
1862.167
1862.457
1862.746
1863.035
1863.324
1863.614
1863.903
1864.192
1864.481
1864.770
1865.060
1865.349
1865.638
1865.927
1866.217
1866.506
1866.795
1867.084
1867.374
1867.663
1867.952
1868.241
1868.530
1868.820
1869.109
1869.398
1869.687
1869.977
1870.266
1870.555
1870.844
1871.133
1871.423
1871.712
1872.001
1872.290
1872.580
1872.869
1873.158
1873.447
1873.737
1874.026
1874.315
1874.604
1874.893
1875.183
1875.472
1875.761
1876.050
1876.340
1876.629
1876.918
1877.207
1877.496
1877.786
1878.075
1878.364
1878.653
1878.943
1879.232
1879.521
1879.810
1880.100
1880.389
1880.678
1880.967
1881.256
1881.546
1881.835
1882.124
1882.413
1882.703
1882.992
1883.281
1883.570
1883.859
1884.149
1884.438
1884.727
1885.016
1885.306
1885.595
1885.884
1894.059
1894.443
1894.828
1895.212
1895.596
1895.981
1896.365
1896.750
1897.134
1897.518
1897.903
1898.287
1898.671
1899.056
1899.440
1899.825
1900.209
1900.593
1900.978
1901.362
1901.746
1902.131
1902.515
1902.900
1903.284
1903.668
1904.053
1904.437
1904.821
1905.206
1905.590
1905.975
1906.359
1906.743
1907.128
1907.512
1907.896
1908.281
1908.665
1909.049
1909.434
1909.818
1910.203
1910.587
1910.971
1911.356
1911.740
1912.124
1912.509
1912.893
1913.278
1913.662
1914.046
1914.431
1914.815
1915.199
1915.584
1915.968
1916.353
1916.737
1917.121
1917.506
1917.890
1918.274
1918.659
1919.043
1919.428
1919.812
1920.196
1920.581
1920.965
1921.349
1921.734
1922.118
1922.503
1922.887
1923.271
1923.656
1924.040
1924.424
1924.809
1925.193
1925.578
1925.962
1926.346
1926.731
1927.115
1927.499
1927.884
1928.268
1928.653
1929.037
1929.421
1929.806
1930.190
1930.574
1930.959
1931.343
1931.728
1932.112
1932.496
1932.881
1933.265
1933.649
1934.034
1934.418
1934.803
1935.187
1935.571
1935.956
1936.340
1936.724
1937.109
1937.493
1937.878
1938.262
1938.646
1939.031
1939.415
1939.799
1940.184
1940.568
1940.952
1941.337
1941.721
1942.106
1942.490
1942.874
1975.941
1976.388
1977.730
1978.177
1979.518
1979.966
1981.307
1981.754
1983.096
1983.543
1984.885
1985.332
1986.674
1987.121
1988.463
1988.910
1990.251
1990.699
1992.040
1992.487
1993.829
1994.276
1995.618
1996.065
1997.407
1997.854
1999.195
1999.643
2000.984
2001.431
2002.773
2003.220
2004.562
2005.009
2006.351
2006.798
2008.140
2008.490
2008.841
2010.243
2010.593
2010.944
2012.346
2012.697
2013.047
2014.449
2014.800
2015.150
2016.553
2016.903
2017.254
2018.656
2019.006
2019.357
2020.759
2021.110
2021.460
2022.862
2023.213
2023.563
2024.965
2025.316
2025.667
2027.069
2027.419
2027.770
2029.172
2029.522
2029.873
2031.275
2031.626
2031.976
2033.378
2033.729
2034.079
2035.482
2035.832
2036.183
2037.585
2037.935
2038.286
2039.688
2040.039
2040.389
2041.791
2042.142
2042.492
2043.895
2044.245
2044.596
2045.998
2046.348
2046.699
2048.101
2048.452
2048.802
2050.204
2050.555
2050.905
2052.308
2052.658
2053.009
2054.411
2054.761
2055.112
2056.514
2056.865
2057.215
2058.617
2058.968
2059.318
2060.720
2061.071
2061.422
2062.824
2063.174
2063.525
2064.927
2065.278
2065.628
2067.030
2067.381
2067.731
2069.133
2069.484
2069.835
2071.236
2071.588
2071.940
2072.292
2073.700
2074.052
2074.404
2074.756
2076.164
2076.516
2076.868
2077.220
2078.627
2078.979
2079.331
2079.683
2081.091
2081.443
2081.795
2082.147
2083.555
2083.907
2084.259
2084.611
2086.019
2086.371
2086.723
2087.075
2088.483
2088.835
2089.187
2089.539
2090.947
2091.299
2091.651
2092.003
2093.411
2093.762
2094.114
2094.466
2095.874
2096.226
2096.578
2096.930
2098.338
2098.690
2099.042
2099.394
2100.802
2101.154
2101.506
2101.858
2103.266
2103.618
2103.970
2104.322
2105.730
2106.082
2106.434
2106.786
2108.194
2108.546
2108.898
2109.250
2110.657
2111.009
2111.361
2111.713
2113.121
2113.473
2113.825
2114.177
2115.585
2115.937
2116.289
2116.641
2118.049
2118.401
2118.753
2119.105
2120.513
2120.865
2121.217
2121.569
2122.977
2123.329
2123.681
2124.033
2125.440
2125.792
2126.144
2126.496
2127.904
2128.256
2128.608
2128.960
2137.269
2140.171
2142.974
2145.677
2148.280
2150.715
2153.151
2155.554
2157.856
2160.125
2162.294
2164.462
2166.598
2168.633
2170.669
2172.637
2174.506
2176.308
2178.009
2179.711
2181.346
2182.881
2184.316
2185.684
2186.985
2188.219
2189.387
2190.488
2191.590
2192.657
2193.725
2194.759
2195.727
2196.695
2197.629
2198.530
2199.497
2200.432
2201.333
2202.300
2203.234
2204.135
2205.070
2205.971
2206.938
2207.872
2208.773
2209.741
2210.709
2211.610
2212.544
2213.445
2214.412
2215.347
2216.247
2217.215
2218.149
2219.050
2219.951
2220.852
2221.753
2222.654
2223.555
2224.489
2225.390
2226.257
2227.125
2227.926
2228.693
2229.461
2230.228
2230.929
2231.663
2232.364
2233.098
2233.798
2234.532
2235.266
2235.967
2236.701
2237.402
2238.136
2238.837
2239.571
2240.305
2241.006
2241.740
2242.474
2243.174
2243.908
2244.609
2245.343
2246.044
2246.778
2247.512
2248.213
2248.947
2249.648
2250.382
2251.082
2251.816
2252.584
2253.284
2253.952
2254.619
2255.253
2255.887
2256.454
2257.055
2257.622
2258.156
2258.723
2259.257
2259.791
2260.291
2260.759
2261.259
2261.726
2262.160
2262.594
2262.994
2263.428
2263.828
2264.229
2264.596
2264.963
2265.363
2265.730
2266.131
2266.498
2266.865
2267.265
2267.632
2267.999
2268.366
2268.767
2269.134
2269.534
2269.901
2270.268
2270.635
2271.002
2271.403
2271.803
2272.170
2272.537
2272.904
2273.304
2273.623
2273.919
2274.233
2274.546
2274.869
2275.171
2275.412
2275.668
2275.901
2276.113
2276.341
2276.574
2276.808
2277.042
2277.275
2277.509
2277.742
