35.247
35.715
36.184
36.652
37.121
37.589
38.058
38.526
38.995
39.463
39.932
40.400
40.869
41.337
41.806
42.275
42.743
43.212
43.680
44.149
44.617
45.086
45.554
46.023
46.491
46.960
47.428
47.897
48.365
48.834
49.303
49.771
50.240
50.708
51.177
51.645
52.114
52.582
53.051
53.519
53.988
54.456
54.925
55.393
55.862
56.330
56.799
57.268
57.736
58.205
58.673
59.142
59.610
60.079
60.547
61.016
61.484
61.953
62.421
62.890
63.358
63.827
64.295
64.764
65.233
65.701
66.170
66.638
67.107
67.575
68.044
68.512
68.981
69.449
69.918
70.386
70.855
71.323
71.792
72.261
72.729
73.198
73.666
74.135
74.603
75.072
75.540
76.009
76.477
76.946
77.414
77.883
78.351
78.820
79.288
79.757
80.226
80.694
81.163
81.631
82.100
82.568
83.037
83.505
83.974
84.442
84.911
95.219
95.687
96.156
96.624
97.093
97.561
98.030
98.498
98.967
99.435
99.904
100.372
100.841
101.309
101.778
102.246
102.715
103.184
103.652
104.121
104.589
105.058
105.526
105.995
106.463
106.932
107.400
107.869
108.337
108.806
109.274
109.743
110.211
110.680
111.149
111.617
112.086
112.554
113.023
113.491
113.960
114.428
114.897
115.365
115.834
116.302
116.771
117.239
117.708
118.177
118.645
119.114
119.582
120.051
120.519
120.988
121.456
121.925
122.393
122.862
123.330
123.799
124.267
124.736
125.204
125.673
126.142
126.610
127.079
127.547
128.016
128.484
128.953
129.421
129.890
130.358
130.827
131.295
131.764
132.232
132.701
133.169
133.638
134.107
134.575
135.044
135.512
135.981
136.449
136.918
137.386
137.855
138.323
138.792
139.260
139.729
140.197
140.666
141.135
141.603
142.072
142.540
143.009
143.477
143.946
144.414
144.883
145.351
155.659
156.127
156.596
157.065
157.533
158.002
158.470
158.939
159.407
159.876
160.344
160.813
161.281
161.750
162.218
162.687
163.155
163.624
164.093
164.561
165.030
165.498
165.967
166.435
166.904
167.372
167.841
168.309
168.778
169.246
169.715
170.183
170.652
171.120
171.589
172.058
172.526
172.995
173.463
173.932
174.400
174.869
175.337
175.806
176.274
176.743
177.211
177.680
178.148
178.617
179.085
179.554
180.023
180.491
180.960
181.428
181.897
182.365
182.834
183.302
183.771
184.239
184.708
185.176
185.645
186.113
186.582
187.051
187.519
187.988
188.456
188.925
189.393
189.862
190.330
190.799
191.267
191.736
192.204
192.673
193.141
193.610
194.078
194.547
195.016
195.484
195.953
196.421
196.890
197.358
197.827
198.295
198.764
199.232
199.701
200.169
200.638
201.106
201.575
202.043
202.512
202.981
203.449
203.918
204.386
204.855
205.323
210.946
211.414
211.883
212.351
212.820
213.288
213.757
214.225
214.694
215.162
215.631
216.099
216.568
217.036
217.505
217.974
218.442
218.911
219.379
219.848
220.316
220.785
221.253
221.722
222.190
222.659
223.127
223.596
224.064
224.533
225.001
225.470
225.939
226.407
226.876
227.344
227.813
228.281
228.750
229.218
229.687
230.155
230.624
230.858
231.092
231.327
231.561
231.795
232.029
232.264
232.498
232.732
232.967
233.201
233.435
233.669
233.904
234.138
234.372
234.606
234.841
235.075
235.309
235.543
235.778
236.012
236.246
236.480
236.715
236.949
237.183
237.418
237.652
237.886
238.120
238.355
238.589
238.823
239.057
239.292
239.526
239.760
239.994
240.229
240.463
240.697
240.932
241.166
241.400
241.634
241.869
242.103
242.337
242.571
242.806
243.040
243.274
243.508
243.743
243.977
244.211
244.446
244.680
244.914
245.148
245.383
245.617
245.851
246.085
246.320
246.554
246.788
247.022
247.257
247.491
247.725
247.959
248.194
248.428
248.662
248.897
249.131
249.365
249.599
249.834
250.068
250.302
250.536
250.771
251.005
251.239
251.473
251.708
251.942
252.176
252.411
252.645
252.879
253.113
253.348
253.582
253.816
254.050
254.285
254.519
254.753
254.987
255.222
255.456
255.690
255.925
256.159
256.393
256.627
256.862
257.096
257.330
257.564
257.799
258.033
258.267
258.501
258.736
258.970
259.204
259.438
259.673
259.907
260.141
260.376
260.610
260.844
261.078
261.547
262.015
262.484
262.952
263.421
263.890
264.358
264.827
265.295
265.764
266.232
266.701
267.169
267.638
268.106
268.575
269.043
269.512
269.980
270.449
270.917
271.386
271.855
272.323
272.792
273.260
273.773
274.286
274.799
275.311
275.780
276.248
276.717
277.185
277.654
278.123
278.591
279.060
279.528
279.997
280.465
280.934
286.088
286.322
286.556
286.790
287.025
287.259
287.493
287.727
287.962
288.196
288.430
288.664
288.899
289.133
289.367
289.601
289.836
290.070
290.304
290.539
290.773
291.007
291.241
291.476
291.710
291.944
292.178
292.413
292.647
292.881
293.115
293.350
293.584
293.818
294.053
294.287
294.521
294.755
294.990
295.224
295.458
295.692
295.927
296.161
296.395
296.629
296.864
297.098
297.332
297.566
297.801
298.035
298.269
298.504
298.738
298.972
299.206
299.441
299.675
299.909
300.143
300.378
300.612
300.846
301.080
301.315
301.549
301.783
302.018
302.252
302.486
302.720
302.955
303.189
303.423
303.657
303.892
304.126
304.360
304.594
304.829
305.063
305.297
305.531
305.766
306.000
306.234
306.469
306.703
306.937
307.171
307.406
307.640
307.874
308.108
308.343
308.577
308.811
309.045
309.280
309.514
309.748
309.983
310.217
310.451
310.685
310.920
311.154
311.388
311.622
311.857
312.091
312.325
312.559
312.794
313.028
313.262
313.496
313.731
313.965
314.199
314.434
314.668
314.902
315.136
315.371
315.605
315.839
316.073
316.542
317.010
317.479
317.948
318.416
318.885
319.353
319.822
320.290
320.759
321.227
321.696
322.164
322.633
323.101
323.570
324.038
324.507
324.975
325.444
325.913
326.381
326.850
327.318
327.787
328.255
328.724
329.192
329.661
330.129
330.598
331.066
331.535
332.003
332.472
332.940
333.409
333.878
334.346
334.815
335.283
335.752
336.220
336.454
336.689
336.923
337.157
337.391
337.626
337.860
338.094
338.329
338.563
338.797
339.031
339.266
339.500
339.734
339.968
340.203
340.437
340.671
340.905
341.140
341.374
341.608
341.843
342.077
342.311
342.545
342.780
343.014
343.248
343.482
343.717
343.951
344.185
344.419
344.654
344.888
345.122
345.356
345.591
345.825
346.059
346.294
346.528
346.762
346.996
347.231
347.465
347.699
347.933
348.168
348.402
348.636
348.870
349.105
349.339
349.573
349.807
350.042
350.276
350.510
350.745
350.979
351.213
351.447
351.682
351.916
352.150
352.384
352.619
352.853
353.087
353.321
353.556
353.790
354.024
354.259
354.493
354.727
354.961
355.196
355.430
355.664
355.898
356.133
356.367
356.601
356.835
357.070
357.304
357.538
357.772
358.007
358.241
358.475
358.710
358.944
359.178
359.412
359.647
359.881
360.115
360.349
360.584
360.818
361.052
361.286
361.521
361.755
361.989
362.224
362.458
362.692
362.926
363.161
363.395
363.629
363.863
364.098
364.332
364.566
364.800
365.035
365.269
365.503
365.737
365.972
366.206
368.549
368.783
369.017
369.251
369.486
369.720
369.954
370.189
370.423
370.657
370.891
371.126
371.360
371.594
371.828
372.063
372.297
372.531
372.765
373.000
373.234
373.468
373.702
373.937
374.171
374.405
374.640
374.874
375.108
375.342
375.577
375.811
376.045
376.279
376.514
376.748
376.982
377.216
377.451
377.685
377.919
378.154
378.388
378.622
378.856
379.091
379.325
379.559
379.793
380.028
380.262
380.496
380.730
380.965
381.199
381.433
381.667
381.902
382.136
382.370
382.605
382.839
383.073
383.307
383.542
383.776
384.010
384.244
384.479
384.713
384.947
385.181
385.416
385.650
385.884
386.119
386.353
386.587
386.821
387.056
387.290
387.524
387.758
387.993
388.227
388.461
388.695
388.930
389.164
389.398
389.632
389.867
390.101
390.335
390.570
390.804
391.038
391.272
391.507
391.741
391.975
392.209
392.444
392.678
392.912
393.146
393.381
393.615
393.849
394.084
394.318
394.552
394.786
395.021
395.255
395.489
395.723
395.958
396.192
396.426
396.660
396.895
397.129
397.363
397.597
397.832
398.066
398.300
398.535
398.769
399.003
399.237
399.472
399.706
399.940
400.174
400.409
400.643
400.877
401.111
401.346
401.580
401.814
402.049
402.283
402.517
402.751
402.986
403.220
403.454
403.688
403.923
404.157
404.391
404.625
404.860
405.094
405.328
405.562
405.797
406.031
406.265
406.500
406.734
406.968
407.202
407.437
407.671
407.905
408.139
408.374
408.608
408.842
409.076
409.311
409.545
409.779
410.014
410.248
410.482
410.716
410.951
411.185
411.419
411.653
411.888
412.122
412.356
412.590
412.825
413.059
413.293
413.527
413.762
413.996
414.230
414.465
414.699
414.933
415.167
415.402
415.636
415.870
416.104
416.339
416.573
416.807
417.041
417.276
417.510
417.744
417.979
418.213
418.447
418.681
419.150
419.618
420.087
420.555
421.024
421.492
421.961
422.430
422.898
423.367
425.709
425.944
426.178
426.412
426.646
426.881
427.115
427.349
427.583
427.818
428.052
428.286
428.520
428.755
428.989
429.223
429.457
429.692
429.926
430.160
430.395
430.629
430.863
431.097
431.332
431.566
431.800
432.034
432.269
432.503
432.737
432.971
433.206
433.440
433.674
433.909
434.143
434.377
434.611
434.846
435.080
435.314
435.548
435.783
436.017
436.251
436.485
436.720
436.954
437.188
437.422
437.657
437.891
438.125
438.360
438.594
438.828
439.062
439.297
439.531
439.765
439.999
440.234
440.468
440.702
440.936
441.171
441.405
441.639
441.874
442.108
442.342
442.576
442.811
443.045
443.279
443.513
443.748
443.982
444.216
444.450
444.685
444.919
445.153
445.387
445.622
445.856
446.090
446.325
446.559
446.793
447.027
447.262
447.496
447.730
447.964
448.199
448.433
448.667
448.901
449.136
449.370
449.604
449.839
450.073
450.307
450.541
450.776
451.010
451.244
451.478
451.713
451.947
452.181
452.415
452.650
452.884
453.118
453.352
453.587
453.821
454.055
454.290
454.524
454.758
454.992
455.227
455.461
455.695
455.929
456.164
456.398
456.632
456.866
457.101
457.335
457.569
457.803
458.038
458.272
458.506
458.741
458.975
459.209
459.443
459.678
459.912
460.146
460.380
460.615
460.849
461.083
461.317
461.552
461.786
462.020
462.255
462.489
462.723
462.957
463.192
463.426
463.660
463.894
464.129
464.363
464.597
464.831
465.066
465.300
465.534
465.768
466.003
466.237
466.471
466.706
466.940
467.174
467.408
467.643
467.877
468.111
468.345
468.580
468.814
469.048
469.282
469.517
469.751
469.985
470.220
470.454
470.688
470.922
471.157
471.391
471.625
471.859
472.094
472.328
472.562
472.796
473.031
473.265
473.499
473.733
473.968
474.202
474.436
474.671
474.905
475.139
475.373
475.608
475.842
477.247
477.482
477.716
477.950
478.185
478.419
478.653
478.887
479.122
479.356
479.590
479.824
480.059
480.293
480.527
480.761
480.996
481.230
481.464
481.698
481.933
482.167
482.401
482.636
482.870
483.104
483.338
483.573
483.807
484.041
484.275
484.510
484.744
484.978
485.212
485.447
485.681
485.915
486.150
486.384
486.618
486.852
487.087
487.321
487.555
487.789
488.024
488.258
488.492
488.726
488.961
489.195
489.429
489.663
489.898
490.132
490.366
490.601
490.835
491.079
491.323
491.568
491.812
492.056
492.301
492.545
492.789
493.034
493.278
493.512
493.747
493.981
494.215
494.450
494.684
494.918
495.153
495.387
495.621
495.856
496.090
496.324
496.559
496.793
497.028
497.262
497.496
497.731
497.965
498.199
498.434
498.668
498.902
499.137
499.371
499.605
499.840
500.074
500.309
500.543
500.777
501.012
501.246
501.480
501.715
501.949
502.183
502.418
502.652
502.886
503.121
503.355
503.589
503.824
504.058
504.293
504.527
504.761
504.996
505.230
505.464
505.699
505.933
506.167
506.402
506.636
506.870
507.105
507.339
507.573
507.808
508.042
508.277
508.511
508.745
508.980
509.214
509.448
509.683
509.917
510.151
510.386
510.620
510.854
511.089
511.323
511.557
511.792
512.026
512.261
512.495
512.729
512.964
513.198
513.432
513.667
513.901
514.135
514.370
514.604
514.838
515.073
515.307
515.542
515.776
516.010
516.245
516.479
516.713
516.948
517.182
517.416
517.651
517.885
518.119
518.354
518.588
518.822
519.057
519.291
519.526
519.760
519.994
520.229
520.463
520.697
520.932
521.166
521.400
521.635
521.869
522.103
522.338
522.572
522.806
523.041
523.275
523.510
523.744
523.978
524.213
524.447
524.681
524.916
525.150
525.384
525.619
525.853
526.087
526.322
526.556
526.790
527.025
527.494
527.962
528.431
528.900
529.368
529.837
530.306
530.775
531.243
531.712
532.181
532.649
533.118
533.587
534.055
534.524
534.993
535.462
535.930
536.399
536.868
537.336
537.571
537.805
538.039
538.274
538.508
538.743
538.977
539.211
539.446
539.680
539.914
540.149
540.383
540.617
540.852
541.086
541.320
541.555
541.789
542.023
542.258
542.492
542.727
542.961
543.195
543.430
543.664
543.898
544.133
544.367
544.601
544.836
545.070
545.304
545.539
545.773
546.008
546.242
546.476
546.711
546.945
547.179
547.414
547.648
547.882
548.117
548.351
548.585
548.820
549.054
549.288
549.523
549.757
549.992
550.226
550.460
550.695
550.929
551.163
551.398
551.632
551.866
552.101
552.335
552.569
552.804
553.038
553.272
553.507
553.741
553.976
554.210
554.444
554.679
554.913
555.147
555.382
555.616
555.850
556.085
556.319
556.553
556.788
557.022
557.256
557.491
557.725
557.960
558.194
558.428
558.663
558.897
559.131
559.366
559.600
559.834
560.069
560.303
560.537
560.772
561.006
561.241
561.475
561.709
561.944
562.178
562.412
562.647
562.881
563.115
563.350
563.584
563.818
564.053
564.287
564.521
564.756
564.990
565.225
565.459
565.693
565.928
566.162
566.396
566.631
566.865
567.099
567.334
567.568
567.802
568.037
568.271
568.505
568.740
568.974
569.209
569.443
569.677
569.912
570.146
570.380
570.615
570.849
571.083
571.318
571.552
571.786
572.021
572.255
572.489
572.724
572.958
573.193
573.427
573.661
573.896
574.130
574.364
574.599
574.833
575.067
575.302
575.536
575.770
576.005
576.239
576.473
576.708
576.942
577.177
577.411
577.645
577.880
578.114
578.348
578.583
578.817
579.051
579.286
579.520
579.754
579.989
580.223
580.458
580.692
580.926
581.161
581.395
581.629
581.864
582.098
582.332
582.567
582.801
583.035
583.270
583.504
583.738
583.973
584.207
584.442
584.676
584.910
585.145
585.379
585.613
585.848
586.082
586.316
586.551
586.785
587.019
587.254
587.488
587.722
587.957
588.191
588.426
588.660
588.894
589.129
589.363
589.597
589.832
590.066
590.300
590.535
590.769
591.003
591.238
591.472
591.706
591.941
592.175
592.410
592.644
592.878
593.113
593.347
593.581
593.816
594.050
594.284
594.519
594.753
594.987
595.222
595.456
595.691
595.925
596.159
596.394
596.628
596.862
597.097
597.331
597.565
597.800
598.034
598.268
598.503
598.737
598.971
599.206
599.440
599.675
599.909
600.143
600.378
600.612
600.846
601.081
601.315
601.549
601.784
602.018
602.252
602.487
602.721
602.955
603.190
603.424
603.659
603.893
604.127
604.362
604.596
604.830
605.065
605.299
605.533
605.768
606.002
606.236
606.471
606.705
606.939
607.174
607.408
607.643
607.877
608.111
608.346
608.580
608.814
609.049
609.283
609.517
609.752
609.986
610.220
610.455
610.689
610.924
611.158
611.392
611.627
611.861
612.095
612.330
612.564
612.798
613.033
613.267
613.501
613.736
613.970
614.204
614.439
614.673
614.908
615.142
615.376
615.611
615.845
616.079
616.314
616.548
616.782
617.017
617.251
617.485
617.720
617.954
618.188
618.423
618.657
618.892
619.126
619.360
619.595
619.829
620.063
620.298
620.532
620.766
621.001
621.235
621.469
621.704
621.938
622.172
622.407
622.641
622.876
623.110
623.344
623.579
623.813
624.047
624.282
624.516
624.750
624.985
625.219
625.453
625.688
625.922
626.157
626.391
626.625
626.860
627.094
627.328
627.563
627.797
628.031
628.266
628.500
628.734
628.969
629.203
629.437
629.672
629.906
630.141
630.375
630.609
630.844
631.078
631.312
631.547
631.781
632.015
632.250
632.484
632.718
632.953
633.187
633.421
633.656
633.890
634.125
634.359
634.593
634.828
635.062
635.296
635.531
635.765
635.999
636.234
636.468
636.702
636.937
637.171
642.327
642.796
643.264
643.733
644.202
644.670
645.139
645.608
646.077
646.545
647.014
647.483
647.951
648.420
648.889
649.358
649.826
650.295
650.764
651.232
651.701
652.170
652.638
653.107
653.576
654.045
654.513
654.982
655.451
655.919
656.388
656.857
657.326
657.794
658.263
658.732
659.200
659.669
660.138
660.607
661.075
661.544
662.013
662.481
664.825
665.059
665.294
665.528
665.762
665.997
666.231
666.465
666.700
666.934
667.168
667.403
667.637
667.871
668.106
668.340
668.575
668.809
669.043
669.278
669.512
669.746
669.981
670.215
670.449
670.684
670.918
671.152
671.387
671.621
671.855
672.090
672.324
672.559
672.793
673.027
673.262
673.496
673.730
673.965
674.199
674.433
674.668
674.902
675.136
675.371
675.605
675.840
676.074
676.308
676.543
676.777
677.011
677.246
677.480
677.714
677.949
678.183
678.417
678.652
678.886
679.120
679.355
679.589
679.824
680.058
680.292
680.527
680.761
680.995
681.230
681.464
681.698
681.933
682.167
682.401
682.636
682.870
683.104
683.339
683.573
683.808
684.042
684.276
684.511
687.792
688.260
688.729
689.198
689.666
690.135
690.604
691.073
691.541
692.010
692.479
692.947
693.416
693.885
694.353
694.822
695.291
695.760
696.228
696.697
697.166
697.634
698.103
698.572
699.041
699.509
699.978
700.447
700.915
701.384
701.853
702.321
702.790
703.259
703.728
704.196
704.665
705.134
705.602
706.071
706.540
707.009
707.477
707.946
709.821
710.055
710.290
710.524
710.758
710.993
711.227
711.461
711.696
711.930
712.164
712.399
712.633
712.867
713.102
713.336
713.570
713.805
714.039
714.274
714.508
714.744
714.981
715.218
715.454
715.691
715.927
716.164
716.400
716.637
716.873
717.110
717.347
717.581
717.815
718.050
718.284
718.518
718.753
718.987
719.221
719.456
719.690
719.924
720.159
720.393
720.627
720.862
721.096
721.331
721.565
721.799
722.034
722.268
722.502
722.737
722.971
723.205
723.440
723.674
723.908
724.143
724.377
724.611
724.846
725.080
725.314
725.549
725.783
726.017
726.252
726.486
726.721
726.955
727.189
727.424
727.658
727.892
728.127
728.361
728.595
728.830
729.064
729.298
729.533
729.767
730.001
733.282
733.751
734.220
734.688
735.157
735.626
736.095
736.563
737.032
737.501
737.969
738.438
738.907
739.375
739.844
740.313
740.781
741.250
741.719
742.188
742.656
743.125
743.594
744.062
744.531
745.000
745.468
745.937
746.406
746.875
747.343
747.812
748.281
748.749
749.218
749.687
750.155
750.624
751.093
751.562
752.030
752.499
752.968
755.311
755.545
755.780
756.014
756.249
756.483
756.717
756.952
757.186
757.420
757.655
757.889
758.123
758.358
758.592
758.826
759.061
759.295
759.529
759.764
759.998
760.232
760.467
760.701
760.936
761.170
761.404
761.639
761.873
762.107
762.342
762.576
762.810
763.045
763.279
763.513
763.748
763.982
764.216
764.451
764.685
764.919
765.154
765.388
765.622
765.857
766.091
766.326
766.560
766.794
767.029
767.263
767.497
767.732
767.966
768.200
768.435
768.669
768.903
769.138
769.372
769.606
769.841
770.075
770.309
770.544
770.778
771.013
771.247
771.481
771.716
771.950
772.184
772.419
772.653
772.887
773.122
773.356
773.590
773.825
774.059
774.293
774.528
774.762
774.996
775.231
775.465
778.746
779.215
779.683
780.152
780.621
781.090
781.558
782.027
782.496
782.964
783.433
783.902
784.370
784.839
785.308
785.777
786.245
786.714
787.183
787.651
788.120
788.589
789.057
789.526
789.995
790.463
790.932
791.401
791.870
792.338
792.807
793.276
793.744
794.213
794.682
795.150
795.619
796.088
796.557
797.025
797.494
797.963
798.431
800.775
801.009
801.244
801.478
801.712
801.947
802.181
802.415
802.650
802.884
803.118
803.353
803.587
803.821
804.056
804.290
804.524
804.759
804.993
805.227
805.462
805.696
805.931
806.165
806.399
806.634
806.868
807.102
807.337
807.571
807.805
808.040
808.274
808.508
808.743
808.977
809.211
809.446
809.680
809.914
810.149
810.383
810.618
810.852
811.086
811.321
811.555
811.789
812.024
812.258
812.492
812.727
812.961
813.195
813.430
813.664
813.898
814.133
814.367
814.601
814.836
815.070
815.304
815.539
815.773
816.008
816.242
816.476
816.711
816.945
817.179
817.414
817.648
817.882
818.117
818.351
818.585
818.820
819.054
819.288
819.523
819.757
819.991
820.226
820.460
820.695
823.741
824.210
824.678
825.147
825.616
826.085
826.553
827.022
827.491
827.959
828.428
828.897
829.365
829.834
830.303
830.772
831.240
831.709
832.178
832.646
833.115
833.584
834.052
834.521
834.990
835.459
835.927
836.396
836.865
837.333
837.802
838.271
838.739
839.208
839.677
840.146
840.614
841.083
841.552
842.020
842.489
842.958
843.426
843.895
846.239
846.473
846.707
846.942
847.176
847.410
847.645
847.879
848.113
848.348
848.582
848.816
849.051
849.285
849.519
849.754
849.988
850.223
850.457
850.691
850.926
851.160
851.394
851.629
851.863
852.097
852.332
852.566
852.800
853.035
853.269
853.503
853.738
853.972
854.206
854.441
854.675
854.909
855.144
855.378
855.613
855.847
856.081
856.316
856.550
856.784
857.019
857.253
857.487
857.722
857.956
858.190
858.425
858.659
858.893
859.128
859.362
859.596
859.831
860.065
860.300
860.534
860.768
861.003
861.237
861.471
861.706
861.940
862.174
862.409
862.643
862.877
863.112
863.346
863.580
863.815
864.049
864.283
864.518
864.752
864.987
865.221
865.455
865.690
865.924
866.158
866.393
866.627
866.861
867.096
867.330
867.564
867.799
868.033
868.267
868.502
868.736
868.970
869.205
869.439
869.673
869.908
870.142
870.377
870.611
870.845
871.080
871.314
871.548
871.783
872.017
872.251
872.486
872.720
872.954
873.189
873.423
873.657
873.892
874.126
874.360
874.595
874.829
875.064
875.298
875.532
875.767
876.001
876.235
879.516
879.985
880.454
880.922
881.391
881.860
882.328
882.797
883.266
883.734
884.203
884.437
884.672
884.906
885.140
885.375
885.609
885.843
886.078
886.312
886.546
886.781
887.015
887.249
887.484
887.718
887.952
888.187
888.421
888.655
888.890
889.124
889.358
889.593
889.827
890.061
890.296
890.530
890.764
890.999
891.233
891.467
891.702
891.936
892.170
892.405
892.639
892.873
893.108
893.342
893.576
893.811
894.045
894.279
894.514
894.748
894.982
895.217
895.451
895.685
895.920
896.154
896.388
896.623
896.857
897.091
897.326
897.560
897.794
898.029
898.263
898.497
898.732
898.966
899.200
899.435
899.669
899.903
900.138
900.372
900.606
900.841
901.075
901.309
901.544
901.778
902.012
902.247
902.481
902.715
902.949
903.184
903.418
903.652
903.887
904.121
904.355
904.590
904.824
905.058
905.293
905.527
905.761
905.996
906.230
906.464
906.699
906.933
907.167
907.402
907.636
907.870
908.105
908.339
908.573
908.808
909.042
909.276
909.511
909.745
909.979
910.214
910.448
910.682
910.917
911.151
911.385
911.620
911.854
912.088
912.323
912.557
912.791
913.026
913.260
913.494
913.729
913.963
914.197
914.432
914.666
915.135
915.603
916.072
916.541
917.009
917.478
917.947
918.415
918.884
919.353
919.821
920.056
920.290
920.524
920.759
920.993
921.227
921.462
921.696
921.930
922.165
922.399
922.633
922.868
923.102
923.336
923.570
923.805
924.039
924.273
924.508
924.742
924.976
925.211
925.445
925.679
925.914
926.148
926.382
926.617
926.851
927.085
927.320
927.554
927.788
928.023
928.257
928.491
928.726
928.960
929.194
929.429
929.663
929.897
930.132
930.366
930.600
930.835
931.069
931.303
931.538
931.772
932.006
932.241
932.475
932.709
932.944
933.178
933.412
933.647
933.881
934.115
934.350
934.584
934.818
935.054
935.289
935.524
935.760
935.994
936.228
936.462
936.696
936.931
937.165
937.399
937.633
937.867
938.102
938.336
938.570
938.804
939.038
939.273
939.507
939.741
939.975
940.209
940.444
940.678
940.912
941.146
941.380
941.615
941.849
942.083
942.317
942.551
942.786
943.020
943.254
943.488
943.722
943.957
944.191
944.425
944.659
944.893
945.128
945.362
945.596
945.830
946.064
946.299
946.533
946.767
947.001
947.235
947.470
947.704
947.938
948.172
948.406
948.641
948.875
949.109
949.343
949.577
949.812
950.280
950.748
951.217
951.685
952.154
952.622
953.091
953.559
954.027
954.496
954.964
955.198
955.433
955.667
955.901
956.135
956.369
956.604
956.838
957.072
957.306
957.540
957.775
958.009
958.243
958.477
958.711
958.946
959.180
959.414
959.648
959.882
960.117
960.351
960.585
960.819
961.053
961.288
961.522
961.756
961.990
962.224
962.459
962.693
962.927
963.161
963.395
963.630
963.864
964.098
964.332
964.566
964.801
965.035
965.269
965.503
965.737
965.972
966.206
966.440
966.674
966.908
967.143
967.377
967.611
967.845
968.079
968.314
968.548
968.782
969.016
969.250
969.485
969.719
969.953
970.187
970.421
970.656
970.890
971.124
971.358
971.592
971.827
972.061
972.295
972.529
972.763
972.998
973.232
973.466
973.700
973.934
974.169
974.403
974.637
974.871
975.105
975.340
975.574
975.808
976.042
976.276
976.511
976.745
976.979
977.213
977.447
977.682
977.916
978.150
978.384
978.618
978.853
979.087
979.321
979.555
979.789
980.024
980.258
980.492
980.726
980.960
981.195
981.429
981.663
981.897
982.131
982.366
982.600
982.834
983.068
983.303
983.537
983.771
984.005
984.239
984.474
984.708
984.942
985.410
985.879
986.347
986.816
987.284
987.752
988.221
988.689
989.158
989.626
990.094
990.329
990.563
990.797
991.031
991.265
991.500
991.734
991.968
992.202
992.436
992.671
992.905
993.139
993.373
993.607
993.842
994.076
994.310
994.544
994.778
995.013
995.247
995.481
995.715
995.949
996.184
996.418
996.652
996.886
997.120
997.355
997.589
997.823
998.057
998.291
998.526
998.760
998.994
999.228
999.462
999.697
999.931
1000.165
1000.399
1000.633
1000.868
1001.102
1001.336
1001.570
1001.804
1002.039
1002.273
1002.507
1002.741
1002.975
1003.210
1003.444
1003.678
1003.912
1004.146
1004.381
1004.615
1004.849
1005.083
1005.317
1005.552
1005.786
1006.020
1006.254
1006.488
1006.723
1006.957
1007.191
1007.425
1007.659
1007.894
1008.128
1008.362
1008.596
1008.830
1009.065
1009.299
1009.533
1009.767
1010.001
1010.236
1010.470
1010.704
1010.938
1011.172
1011.407
1011.641
1011.875
1012.109
1012.343
1012.578
1012.812
1013.046
1013.280
1013.514
1013.749
1013.983
1014.217
1014.451
1014.686
1014.920
1015.154
1015.388
1015.622
1015.857
1016.091
1016.325
1016.559
1016.793
1017.028
1017.262
1017.496
1017.730
1017.964
1018.199
1018.433
1018.667
1018.901
1019.135
1019.370
1019.604
1019.838
1020.072
1020.541
1021.009
1021.477
1021.946
1022.414
1022.883
1023.351
1023.819
1024.288
1024.756
1025.225
1025.459
1025.693
1025.927
1026.161
1026.396
1026.630
1026.864
1027.098
1027.332
1027.567
1027.801
1028.035
1028.269
1028.503
1028.738
1028.972
1029.206
1029.440
1029.674
1029.909
1030.143
1030.377
1030.611
1030.845
1031.080
1031.314
1031.548
1031.782
1032.016
1032.251
1032.485
1032.719
1032.953
1033.187
1033.422
1033.656
1033.890
1034.124
1034.358
1034.593
1034.827
1035.061
1035.295
1035.529
1035.764
1035.998
1036.232
1036.466
1036.700
1036.935
1037.169
1037.403
1037.637
1037.871
1038.106
1038.340
1038.574
1038.808
1039.042
1039.277
1039.511
1039.745
1039.979
1040.213
1040.448
1040.682
1040.916
1041.150
1041.384
1041.619
1041.853
1042.087
1042.321
1042.555
1042.790
1043.024
1043.258
1043.492
1043.726
1043.961
1044.195
1044.429
1044.663
1044.897
1045.132
1045.366
1045.600
1045.834
1046.069
1046.303
1046.537
1046.771
1047.005
1047.240
1047.474
1047.708
1047.942
1048.176
1048.411
1048.645
1048.879
1049.113
1049.347
1049.582
1049.816
1050.050
1050.284
1050.518
1050.753
1050.987
1051.221
1051.455
1051.689
1051.924
1052.158
1052.392
1052.626
1052.860
1053.095
1053.329
1053.563
1053.797
1054.031
1054.266
1054.500
1054.734
1054.968
1055.202
1055.671
1056.139
1056.608
1057.076
1057.544
1058.013
1058.481
1058.950
1059.418
1059.886
1060.355
1060.823
1061.292
1061.760
1062.228
1062.697
1063.165
1063.634
1064.102
1064.570
1065.039
1065.507
1065.976
1066.444
1066.912
1067.381
1067.849
1068.318
1068.786
1069.254
1069.723
1070.191
1070.660
1071.128
1071.596
1072.065
1072.533
1073.002
1073.470
1073.938
1074.407
1074.875
1075.344
1078.623
1079.091
1079.559
1080.028
1080.496
1080.965
1081.433
1081.901
1082.370
1082.838
1083.307
1083.775
1084.243
1084.712
1085.180
1085.649
1086.117
1086.585
1087.054
1087.522
1087.991
1088.459
1088.927
1089.396
1089.864
1090.333
1090.801
1091.269
1091.738
1092.206
1092.675
1093.143
1093.611
1096.890
1097.359
1097.827
1098.295
1098.764
1099.232
1099.701
1100.169
1100.637
1101.106
1101.574
1102.043
1102.511
1102.979
1103.448
1103.916
1104.385
1104.853
1105.321
1105.790
1106.258
1106.727
1109.069
1109.537
1110.006
1110.474
1110.942
1111.411
1111.879
1112.348
1112.816
1113.284
1113.753
1115.158
1115.392
1115.626
1115.861
1116.095
1116.329
1116.563
1116.797
1117.032
1117.266
1117.500
1117.734
1117.968
1118.203
1118.437
1118.671
1118.905
1119.139
1119.374
1119.608
1119.842
1120.076
1120.310
1120.545
1120.779
1121.013
1121.247
1121.481
1121.716
1121.950
1122.184
1122.418
1122.652
1122.887
1123.121
1123.355
1123.589
1123.823
1124.058
1124.292
1124.526
1124.760
1124.994
1125.229
1125.463
1125.697
1125.931
1126.165
1126.400
1126.634
1126.868
1127.102
1127.336
1127.571
1127.805
1128.039
1128.273
1128.507
1128.742
1128.976
1129.210
1129.444
1129.678
1129.913
1130.147
1130.381
1130.615
1130.849
1131.084
1131.318
1131.552
1131.786
1132.020
1132.255
1132.489
1132.723
1132.957
1133.191
1133.426
1133.660
1133.894
1134.128
1134.362
1134.597
1134.831
1135.065
1135.299
1136.704
1136.939
1137.173
1137.407
1137.641
1137.875
1138.110
1138.344
1138.578
1138.812
1139.047
1139.281
1139.515
1139.749
1139.983
1140.218
1140.452
1140.686
1140.920
1141.154
1141.389
1141.623
1141.857
1142.091
1142.325
1142.560
1142.794
1143.028
1143.262
1143.496
1143.731
1143.965
1144.199
1144.433
1144.667
1144.902
1145.136
1145.370
1145.604
1145.838
1146.073
1146.307
1146.541
1146.775
1147.009
1147.244
1147.478
1147.712
1147.946
1148.180
1148.415
1148.649
1148.883
1149.117
1149.351
1149.586
1149.820
1150.054
1150.288
1150.522
1150.757
1150.991
1151.225
1151.459
1151.693
1151.928
1152.162
1152.396
1152.630
1152.864
1153.099
1153.333
1153.567
1153.801
1154.035
1154.270
1154.504
1154.738
1154.972
1155.206
1155.441
1155.675
1155.909
1156.143
1156.377
1157.783
1158.017
1158.251
1158.485
1158.719
1158.954
1159.188
1159.422
1159.656
1159.890
1160.125
1160.359
1160.593
1160.827
1161.061
1161.296
1161.530
1161.764
1161.998
1162.232
1162.467
1162.701
1162.935
1163.169
1163.403
1163.638
1163.872
1164.106
1164.340
1164.574
1164.809
1165.043
1165.277
1165.511
1165.745
1165.980
1166.214
1166.448
1166.682
1166.916
1167.151
1167.385
1167.619
1167.853
1168.087
1168.322
1168.556
1168.790
1169.024
1169.258
1169.493
1169.727
1169.961
1170.195
1170.430
1170.664
1170.898
1171.132
1171.366
1171.601
1171.835
1172.069
1172.303
1172.537
1172.772
1173.006
1173.240
1173.474
1173.708
1173.943
1174.177
1174.411
1174.645
1174.879
1175.114
1175.348
1175.582
1175.816
1176.050
1176.285
1176.519
1176.753
1176.987
1177.221
1177.456
1178.861
1179.329
1179.798
1180.266
1180.734
1181.203
1181.671
1182.140
1182.608
1183.076
1183.545
1184.950
1185.184
1185.418
1185.653
1185.887
1186.121
1186.355
1186.589
1186.824
1187.058
1187.292
1187.526
1187.760
1187.995
1188.229
1188.463
1188.697
1188.931
1189.166
1189.400
1189.634
1189.868
1190.102
1190.337
1190.571
1190.805
1191.039
1191.273
1191.508
1191.742
1191.976
1192.210
1192.444
1192.679
1192.913
1193.147
1193.381
1193.615
1193.850
1194.084
1194.318
1194.552
1194.786
1195.021
1195.255
1195.489
1195.723
1195.957
1196.192
1196.426
1196.660
1196.894
1197.128
1197.363
1197.597
1197.831
1198.065
1198.299
1198.534
1198.768
1199.002
1199.236
1199.470
1199.705
1199.939
1200.173
1200.407
1200.641
1200.876
1201.110
1201.344
1201.578
1201.813
1202.047
1202.281
1202.515
1202.749
1202.984
1203.218
1203.452
1203.686
1203.920
1204.155
1204.389
1204.623
1204.857
1205.091
1205.956
1206.436
1206.915
1207.395
1207.875
1208.354
1208.834
1209.314
1209.794
1210.274
1210.753
1211.233
1212.673
1212.913
1213.153
1213.392
1213.632
1213.872
1214.112
1214.352
1214.592
1214.832
1215.072
1215.312
1215.552
1215.792
1216.031
1216.271
1216.511
1216.751
1216.991
1217.231
1217.471
1217.711
1217.951
1218.191
1218.430
1218.670
1218.910
1219.150
1219.390
1219.630
1219.870
1220.110
1220.350
1220.590
1220.830
1221.069
1221.309
1221.549
1221.789
1222.029
1222.269
1222.509
1222.749
1222.989
1223.229
1223.468
1223.708
1223.948
1224.188
1224.428
1224.668
1224.908
1225.148
1225.388
1225.628
1225.868
1226.107
1226.347
1226.587
1226.827
1227.067
1227.307
1227.547
1227.787
1228.027
1228.267
1228.506
1228.746
1228.986
1229.226
1229.466
1229.706
1229.946
1230.186
1230.426
1230.666
1230.906
1231.145
1231.385
1231.625
1231.865
1232.105
1232.345
1232.585
1232.825
1233.065
1233.305
1233.545
1233.784
1234.024
1234.264
1234.504
1234.744
1234.984
1235.224
1235.464
1235.704
1235.944
1236.183
1236.423
1236.663
1236.903
1237.143
1237.383
1237.623
1237.863
1238.103
1238.343
1238.583
1238.822
1239.062
1239.302
1239.542
1239.782
1240.022
1240.262
1240.502
1240.742
1240.982
1241.221
1241.461
1241.701
1241.941
1242.181
1242.421
1242.661
1242.901
1243.141
1243.381
1248.659
1249.138
1249.618
1250.098
1250.578
1251.058
1251.537
1252.017
1252.497
1252.977
1253.457
1253.936
1254.416
1254.896
1255.376
1255.856
1256.336
1256.815
1257.295
1257.775
1258.255
1258.735
1259.214
1259.694
1260.174
1260.654
1261.134
1261.613
1262.093
1262.573
1263.053
1263.533
1264.013
1264.492
1264.972
1265.452
1265.932
1266.412
1266.891
1267.371
1267.851
1268.331
1268.811
1269.051
1269.290
1269.530
1269.770
1270.010
1270.250
1270.490
1270.730
1270.970
1271.210
1271.450
1271.689
1271.929
1272.169
1272.409
1272.649
1272.889
1273.129
1273.369
1273.609
1273.849
1274.089
1274.328
1274.568
1274.808
1275.048
1275.288
1275.528
1275.768
1276.008
1276.248
1276.488
1276.728
1276.967
1277.207
1277.447
1277.687
1277.927
1278.167
1278.407
1278.647
1278.887
1279.127
1279.366
1279.606
1279.846
1280.086
1280.326
1280.566
1280.806
1281.046
1281.286
1281.526
1281.766
1282.005
1282.245
1282.485
1282.725
1282.965
1283.205
1283.445
1283.685
1283.925
1284.165
1284.404
1284.644
1284.884
1285.124
1285.364
1285.604
1285.844
1286.084
1286.324
1286.564
1286.804
1287.043
1287.283
1287.523
1287.763
1288.003
1288.243
1288.483
1288.723
1288.963
1289.442
1289.922
1290.402
1290.882
1291.362
1291.842
1292.321
1292.801
1293.281
1293.761
1294.001
1294.241
1294.481
1294.720
1294.960
1295.200
1295.440
1295.680
1295.920
1296.160
1296.400
1296.640
1296.880
1297.119
1297.359
1297.599
1297.839
1298.079
1298.319
1298.559
1298.799
1299.039
1299.279
1299.519
1299.758
1299.998
1300.238
1300.478
1300.718
1300.958
1301.198
1301.438
1301.678
1301.918
1302.157
1302.397
1302.637
1302.877
1303.117
1303.357
1303.597
1303.837
1304.077
1304.317
1304.557
1304.796
1305.036
1305.276
1305.516
1305.756
1305.996
1306.236
1306.476
1306.716
1306.956
1307.196
1307.435
1307.675
1307.915
1308.155
1308.395
1308.635
1308.875
1309.115
1309.355
1309.595
1309.834
1310.074
1310.314
1310.554
1310.794
1311.034
1311.274
1311.514
1311.754
1311.994
1312.234
1312.473
1312.713
1312.953
1313.193
1313.433
1313.673
1313.913
1314.393
1314.872
1315.352
1315.832
1316.312
1316.792
1317.272
1317.751
1318.231
1318.711
1319.191
1319.431
1319.671
1319.910
1320.150
1320.390
1320.630
1320.870
1321.110
1321.350
1321.590
1321.830
1322.070
1322.310
1322.549
1322.789
1323.029
1323.269
1323.509
1323.749
1323.989
1324.229
1324.469
1324.709
1324.949
1325.188
1325.428
1325.668
1325.908
1326.148
1326.388
1326.628
1326.868
1327.108
1327.348
1327.587
1327.827
1328.067
1328.307
1328.547
1328.787
1329.027
1329.267
1329.507
1329.747
1329.987
1330.226
1330.466
1330.706
1330.946
1331.186
1331.426
1331.666
1331.906
1332.146
1332.386
1332.625
1332.865
1333.105
1333.345
1333.585
1333.825
1334.065
1334.305
1334.545
1334.785
1335.025
1335.264
1335.504
1335.744
1335.984
1336.224
1336.464
1336.704
1336.944
1337.184
1337.424
1337.663
1337.903
1338.143
1338.383
1338.623
1338.863
1339.343
1339.823
1340.302
1340.782
1341.262
1341.742
1342.222
1342.702
1343.181
1343.661
1344.141
1344.381
1344.621
1344.861
1345.101
1345.340
1345.580
1345.820
1346.060
1346.300
1346.540
1346.780
1347.020
1347.260
1347.500
1347.740
1347.979
1348.219
1348.459
1348.699
1348.939
1349.179
1349.419
1349.659
1349.899
1350.139
1350.378
1350.618
1350.858
1351.098
1351.338
1351.578
1351.818
1352.058
1352.298
1352.538
1352.778
1353.017
1353.257
1353.497
1353.737
1353.977
1354.217
1354.457
1354.697
1354.937
1355.177
1355.417
1355.656
1355.896
1356.136
1356.376
1356.616
1356.856
1357.096
1357.336
1357.576
1357.816
1358.055
1358.295
1358.535
1358.775
1359.015
1359.255
1359.495
1359.735
1359.975
1360.215
1360.455
1360.694
1360.934
1361.174
1361.414
1361.654
1361.894
1362.134
1362.374
1362.614
1362.854
1363.093
1363.333
1363.573
1363.813
1364.053
1364.293
1364.533
1364.773
1365.013
1365.253
1365.493
1365.732
1365.972
1366.212
1366.452
1366.692
1366.932
1367.172
1367.412
1367.652
1367.892
1368.131
1368.371
1368.611
1368.851
1369.091
1369.331
1369.571
1369.811
1370.051
1370.291
1370.531
1370.770
1371.010
1371.250
1371.490
1371.730
1371.970
1372.210
1372.450
1372.690
1372.930
1373.170
1373.409
1373.649
1373.889
1374.129
1374.369
1374.849
1375.329
1375.808
1376.288
1376.768
1377.248
1377.728
1378.208
1378.687
1379.167
1379.407
1379.647
1379.887
1380.127
1380.367
1380.607
1380.846
1381.086
1381.326
1381.566
1381.806
1382.046
1382.286
1382.526
1382.766
1383.006
1383.246
1383.485
1383.725
1383.965
1384.205
1384.445
1384.685
1384.925
1385.165
1385.405
1385.645
1385.885
1386.124
1386.364
1386.604
1386.844
1387.084
1387.324
1387.564
1387.804
1388.044
1388.284
1388.523
1388.763
1389.003
1389.243
1389.483
1389.723
1389.963
1390.203
1390.443
1390.683
1390.923
1391.162
1391.402
1391.642
1391.882
1392.122
1392.362
1392.602
1392.842
1393.082
1393.322
1393.561
1393.801
1394.041
1394.281
1394.521
1394.761
1395.001
1395.241
1395.481
1395.721
1395.961
1396.200
1396.440
1396.680
1396.920
1397.160
1397.400
1397.640
1397.880
1398.120
1398.360
1398.599
1398.839
1399.079
1399.319
1424.749
1425.229
1425.709
1426.189
1426.668
1427.148
1427.628
1428.108
1428.588
1429.067
1429.547
1454.977
1455.457
1455.937
1456.417
1456.897
1457.376
1457.856
1458.336
1458.816
1459.296
1459.775
1490.139
1490.608
1491.077
1491.546
1492.015
1492.483
1492.952
1493.421
1493.890
1494.359
1494.828
1525.306
1525.541
1525.775
1526.010
1526.244
1526.479
1526.713
1526.947
1527.182
1527.416
1527.651
1527.885
1528.120
1528.354
1528.589
1528.823
1529.057
1529.292
1529.526
1529.761
1529.995
1530.230
1530.464
1560.474
1560.942
1561.411
1561.880
1562.349
1562.818
1563.287
1563.756
1564.225
1564.694
1565.163
1565.631
1595.641
1595.875
1596.110
1596.344
1596.579
1596.813
1597.048
1597.282
1597.516
1597.751
1597.985
1598.220
1598.454
1598.689
1598.923
1599.158
1599.392
1599.627
1599.861
1600.095
1600.330
1600.564
1600.799
1601.033
1601.268
1601.502
1601.737
1601.971
1602.205
1602.440
1602.674
1602.909
1603.143
1603.378
1603.612
1603.847
1604.081
1604.315
1604.550
1604.784
1605.019
1605.253
1605.488
1605.722
1605.957
1606.191
1606.426
1606.660
1606.894
1607.129
1607.363
1607.598
1607.832
1608.067
1608.301
1608.536
1608.770
1609.004
1609.239
1609.473
1609.708
1609.942
1610.177
1610.411
1610.646
1610.880
1611.114
1611.349
1611.583
1611.818
1612.052
1612.287
1612.521
1612.756
1612.990
1613.225
1613.459
1613.693
1613.928
1614.162
1614.397
1614.631
1614.866
1615.100
1615.335
1615.569
1615.803
1618.148
1618.382
1618.617
1618.851
1619.086
1619.320
1619.555
1619.789
1620.024
1620.258
1620.492
1620.727
1620.961
1621.196
1621.430
1621.665
1621.899
1622.134
1622.368
1622.602
1622.837
1623.071
1623.306
1623.540
1623.775
1624.009
1624.244
1624.478
1624.713
1624.947
1625.181
1625.416
1625.650
1625.885
1626.119
1626.354
1626.588
1626.823
1627.057
1627.291
1627.526
1627.760
1627.995
1628.229
1628.464
1628.698
1628.933
1629.167
1629.401
1629.636
1629.870
1630.105
1630.339
1630.574
1630.808
1631.043
1631.277
1631.512
1631.746
1631.980
1632.215
1632.449
1632.684
1632.918
1633.153
1633.387
1633.622
1633.856
1634.090
1634.325
1634.559
1634.794
1635.028
1635.263
1635.497
1635.732
1635.966
1636.201
1636.435
1636.669
1636.904
1637.138
1637.373
1637.607
1637.842
1640.186
1640.421
1640.655
1640.889
1641.124
1641.358
1641.593
1641.827
1642.062
1642.296
1642.531
1642.765
1643.000
1643.234
1643.468
1643.703
1643.937
1644.172
1644.406
1644.641
1644.875
1645.110
1645.344
1645.578
1645.813
1646.047
1646.282
1646.516
1646.751
1646.985
1647.220
1647.454
1647.688
1647.923
1648.157
1648.392
1648.626
1648.861
1649.095
1649.330
1649.564
1649.799
1650.033
1650.267
1650.502
1650.736
1650.971
1651.205
1651.440
1651.674
1651.909
1652.143
1652.377
1652.612
1652.846
1653.081
1653.315
1653.550
1653.784
1654.019
1654.253
1654.488
1654.722
1654.956
1655.191
1655.425
1655.660
1655.894
1656.129
1656.363
1656.598
1656.832
1657.066
1657.301
1657.535
1657.770
1658.004
1658.239
1658.473
1658.708
1658.942
1659.176
1659.411
1659.645
1659.880
1662.224
1662.459
1662.693
1662.928
1663.162
1663.397
1663.631
1663.865
1664.100
1664.334
1664.569
1664.803
1665.038
1665.272
1665.507
1665.741
1665.975
1666.210
1666.444
1666.679
1666.913
1667.148
1667.382
1667.617
1667.851
1668.086
1668.320
1668.554
1668.789
1669.023
1669.258
1669.492
1669.727
1669.961
1670.196
1670.430
1670.664
1670.899
1671.133
1671.368
1671.602
1671.837
1672.071
1672.306
1672.540
1672.775
1673.009
1673.243
1673.478
1673.712
1673.947
1674.181
1674.416
1674.650
1674.885
1675.119
1675.353
1675.588
1675.822
1676.057
1676.291
1676.526
1676.760
1676.995
1677.229
1677.463
1677.698
1677.932
1678.167
1678.401
1678.636
1678.870
1679.105
1679.339
1679.574
1679.808
1680.042
1680.277
1680.511
1680.746
1680.980
1681.215
1681.449
1681.684
1681.918
1682.152
1682.387
1682.621
1682.856
1683.090
1683.325
1683.559
1683.794
1684.028
1684.262
1684.497
1684.731
1684.966
1685.200
1685.435
1685.669
1685.904
1686.138
1686.373
1686.607
1686.841
1687.076
1687.310
1687.545
1687.779
1688.014
1688.248
1688.483
1688.717
1688.951
1689.186
1689.420
1689.655
1689.889
1690.124
1690.358
1690.593
1690.827
1691.062
1691.296
1691.530
1691.765
1691.999
1692.234
1694.578
1694.813
1695.047
1695.282
1695.516
1695.750
1695.985
1696.219
1696.454
1696.688
1696.923
1697.157
1697.392
1697.626
1697.861
1698.095
1698.329
1698.564
1698.798
1699.033
1699.267
1699.502
1699.736
1699.971
1700.205
1700.439
1700.674
1700.908
1701.143
1701.377
1701.612
1701.846
1702.081
1702.315
1702.549
1702.784
1703.018
1703.253
1703.487
1703.722
1703.956
1704.191
1704.425
1704.660
1704.894
1705.128
1705.363
1705.597
1705.832
1706.066
1706.301
1706.535
1706.770
1707.004
1707.238
1707.473
1707.707
1707.942
1708.176
1708.411
1708.645
1708.880
1709.114
1709.349
1709.583
1709.817
1710.052
1710.286
1710.521
1710.755
1710.990
1711.224
1711.459
1711.693
1711.927
1712.162
1712.396
1712.631
1712.865
1713.100
1713.334
1713.569
1713.803
1714.037
1714.272
1716.616
1717.085
1717.554
1718.023
1718.492
1718.961
1719.430
1719.899
1720.368
1720.836
1721.305
1721.774
1731.621
1732.090
1732.559
1733.028
1733.497
1733.966
1734.435
1734.903
1735.372
1735.841
1736.310
1736.779
1747.095
1747.564
1748.033
1748.501
1748.970
1749.439
1749.908
1750.377
1750.846
1751.315
1751.784
1752.253
1752.487
1752.722
1752.956
1753.190
1753.425
1753.659
1753.894
1754.128
1754.363
1754.597
1754.832
1755.066
1755.300
1755.535
1755.769
1756.004
1756.238
1756.473
1756.707
1756.942
1757.176
1757.410
1757.645
1757.879
1758.114
1758.348
1758.583
1758.817
1759.052
1759.286
1759.521
1759.755
1759.989
1760.224
1760.458
1760.693
1760.927
1761.162
1761.396
1761.631
1761.865
1762.099
1762.334
1762.568
1762.803
1763.037
1763.272
1763.506
1763.741
1763.975
1764.209
1764.444
1764.678
1764.913
1765.147
1765.382
1765.616
1765.851
1766.082
1766.313
1766.544
1766.775
1767.007
1767.238
1767.469
1767.700
1767.932
1768.163
1768.394
1768.625
1768.856
1769.088
1769.322
1769.556
1769.790
1770.024
1770.259
1770.493
1770.727
1770.961
1771.195
1771.429
1771.664
1771.898
1772.132
1774.240
1774.474
1774.708
1774.942
1775.176
1775.410
1775.645
1775.879
1776.113
1776.347
1776.581
1776.815
1777.050
1777.284
1777.518
1777.752
1777.986
1778.221
1778.455
1778.689
1778.923
1779.157
1779.391
1779.626
1779.860
1780.094
1780.328
1780.562
1780.797
1781.031
1781.265
1781.499
1781.733
1781.967
1782.202
1782.436
1782.670
1782.904
1783.138
1783.372
1783.607
1783.841
1784.075
1784.309
1784.543
1784.778
1785.012
1785.246
1785.480
1785.714
1785.948
1786.183
1786.417
1786.651
1786.885
1787.119
1787.353
1787.588
1787.822
1788.056
1788.290
1788.524
1788.759
1788.993
1789.227
1789.461
1789.695
1789.929
1790.164
1790.398
1790.632
1790.866
1791.100
1791.335
1791.569
1791.803
1792.037
1792.271
1792.505
1792.740
1792.974
1793.208
1793.442
1793.676
1793.910
1794.145
1794.379
1796.721
1796.955
1797.189
1797.423
1797.657
1797.892
1798.126
1798.360
1798.594
1798.828
1799.062
1799.297
1799.531
1799.765
1799.999
1800.233
1800.467
1800.702
1800.936
1801.170
1801.404
1801.638
1801.873
1802.107
1802.341
1802.575
1802.809
1803.043
1803.278
1803.512
1803.746
1803.980
1804.214
1804.448
1804.683
1804.917
1805.151
1805.385
1805.619
1805.854
1806.088
1806.322
1806.556
1806.790
1807.024
1807.259
1807.493
1807.727
1807.961
1808.195
1808.430
1808.664
1808.898
1809.132
1809.366
1809.600
1809.835
1810.069
1810.303
1810.537
1810.771
1811.005
1811.240
1811.474
1811.708
1811.942
1812.176
1812.411
1812.645
1812.879
1813.113
1813.347
1813.581
1813.816
1814.050
1814.284
1814.518
1814.752
1814.986
1815.221
1815.455
1815.689
1815.923
1816.157
1816.392
1818.733
1818.968
1819.202
1819.436
1819.670
1819.904
1820.138
1820.373
1820.607
1820.841
1821.075
1821.309
1821.543
1821.778
1822.012
1822.246
1822.480
1822.714
1822.949
1823.183
1823.417
1823.651
1823.885
1824.119
1824.354
1824.588
1824.822
1825.056
1825.290
1825.524
1825.759
1825.993
1826.227
1826.461
1826.695
1826.930
1827.164
1827.398
1827.632
1827.866
1828.100
1828.335
1828.569
1828.803
1829.037
1829.271
1829.506
1829.740
1829.974
1830.208
1830.442
1830.676
1830.911
1831.145
1831.379
1831.613
1831.847
1832.081
1832.316
1832.550
1832.784
1833.018
1833.252
1833.487
1833.721
1833.955
1834.189
1834.423
1834.657
1834.892
1835.126
1835.360
1835.594
1835.828
1836.063
1836.297
1836.531
1836.765
1836.999
1837.233
1837.468
1837.702
1837.936
1838.170
1838.404
1838.638
1838.873
1839.107
1839.341
1839.575
1839.809
1840.044
1840.278
1840.512
1840.746
1840.980
1841.214
1841.449
1841.683
1841.917
1842.151
1842.385
1842.619
1842.854
1843.088
1843.322
1843.556
1843.790
1844.025
1844.259
1844.493
1844.727
1844.961
1845.195
1845.430
1845.664
1845.898
1846.132
1846.366
1846.601
1846.835
1847.069
1847.303
1847.537
1847.771
1848.006
1848.240
1848.474
1848.708
1853.860
1854.328
1854.797
1855.265
1855.733
1856.202
1856.670
1857.139
1857.607
1858.075
1858.544
1859.012
1859.480
1859.949
1860.417
1860.885
1861.354
1861.822
1862.290
1862.759
1863.227
1863.695
1864.164
1864.632
1865.101
1865.569
1866.037
1866.506
1866.974
1867.442
1867.911
1868.379
1868.847
1869.316
1869.784
1870.252
1870.721
1871.189
1871.658
1872.126
1872.594
1873.063
1873.531
1873.999
1874.468
1874.936
1875.404
1875.873
1876.341
1876.809
1877.278
1877.746
1878.215
1878.683
1884.303
1884.537
1884.772
1885.006
1885.240
1885.474
1885.708
1885.942
1886.177
1886.411
1886.645
1886.879
1887.113
1887.347
1887.582
1887.816
1888.050
1888.284
1888.518
1888.753
1888.987
1889.221
1889.455
1889.689
1889.923
1890.158
1890.392
1890.626
1890.860
1891.094
1891.328
1891.563
1891.797
1892.031
1892.265
1892.499
1892.734
1892.968
1893.202
1893.436
1893.670
1893.904
1894.139
1894.373
1894.607
1894.841
1895.075
1895.310
1895.544
1895.778
1896.012
1896.246
1896.480
1896.715
1896.949
1897.183
1897.417
1897.651
1897.885
1898.120
1898.354
1898.588
1898.822
1899.056
1899.291
1899.525
1899.759
1899.993
1900.227
1900.461
1900.696
1900.930
1901.164
1901.398
1901.632
1901.866
1902.101
1902.335
1902.569
1902.803
1903.037
1903.272
1903.506
1903.740
1903.974
1904.208
1904.442
1904.677
1904.911
1905.145
1905.379
1905.613
1905.848
1906.082
1906.316
1906.550
1906.784
1907.018
1907.253
1907.487
1907.721
1907.955
1908.189
1908.423
1908.658
1908.892
1909.126
1909.360
1909.594
1909.829
1910.063
1910.297
1910.531
1910.765
1910.999
1911.234
1911.468
1911.702
1911.936
1912.170
1912.404
1912.639
1912.873
1913.107
1913.341
1913.575
1913.810
1914.044
1919.430
1919.898
1920.367
1920.835
1921.303
1921.772
1922.240
1922.708
1923.177
1923.645
1924.113
1924.582
1925.050
1925.518
1925.987
1926.455
1926.924
1927.392
1927.860
1928.329
1928.797
1929.265
1929.734
1930.202
1930.670
1931.139
1931.607
1932.075
1932.544
1933.012
1933.481
1933.949
1934.417
1934.886
1935.354
1935.822
1936.291
1936.759
1937.227
1937.696
1938.164
1938.632
1939.101
1939.569
1940.037
1940.506
1940.974
1941.443
1941.911
1942.379
1942.848
1943.316
1943.784
1944.253
1944.721
1945.189
1945.658
1946.126
1946.594
1947.063
1947.531
1948.000
1948.468
1948.936
1954.516
1954.745
1954.974
1955.203
1955.432
1955.661
1955.890
1956.119
1956.348
1956.583
1956.817
1957.052
1957.286
1957.521
1957.755
1957.989
1958.224
1958.458
1958.693
1958.927
1959.162
1959.396
1959.631
1959.865
1960.099
1960.334
1960.568
1960.803
1961.037
1961.272
1961.506
1961.741
1961.975
1962.210
1962.444
1962.678
1962.913
1963.147
1963.382
1963.616
1963.851
1964.085
1964.320
1964.554
1964.789
1965.023
1965.257
1965.492
1965.726
1965.961
1966.195
1966.430
1966.664
1966.899
1967.133
1967.367
1967.602
1967.836
1968.071
1968.305
1968.540
1968.774
1969.009
1969.243
1969.478
1969.712
1969.946
1970.181
1970.415
1970.650
1970.884
1971.119
1971.353
1971.588
1971.822
1972.056
1972.291
1972.525
1972.760
1972.994
1973.229
1973.463
1973.698
1973.932
1974.167
1974.401
1974.635
1974.870
1975.104
1975.339
1975.573
1975.808
1976.042
1976.277
1976.511
1976.746
1976.980
1977.214
1977.449
1977.683
1977.918
1978.152
1978.387
1978.621
1978.856
1979.090
1979.324
1979.559
1979.793
1980.028
1980.262
1980.497
1980.731
1980.966
1981.200
1981.435
1981.669
1981.903
1982.138
1982.372
1982.607
1982.841
1983.076
1983.310
1983.545
1983.779
1984.013
1984.248
1984.482
1989.640
1990.109
1990.578
1991.047
1991.516
1991.985
1992.454
1992.923
1993.392
1993.860
1994.329
1994.798
1995.267
1995.736
1996.205
1996.674
1997.143
1997.612
1998.081
1998.549
1999.018
1999.487
1999.956
2000.425
2000.894
2001.363
2001.832
2002.301
2002.770
2003.238
2003.707
2004.176
2004.645
2005.114
2005.583
2006.052
2006.521
2006.990
2007.459
2007.928
2008.396
2008.865
2009.334
2009.803
2010.272
2010.741
2011.210
2011.679
2012.148
2012.617
2013.085
2013.554
2014.023
2014.492
2014.961
2015.430
2015.899
2016.368
2016.837
2017.306
2017.774
2018.243
2018.712
2019.181
2019.650
2024.808
2025.042
2025.277
2025.511
2025.746
2025.980
2026.215
2026.449
2026.684
2026.918
2027.153
2027.387
2027.621
2027.856
2028.090
2028.325
2028.559
2028.794
2029.028
2029.263
2029.497
2029.731
2029.966
2030.200
2030.435
2030.669
2030.904
2031.138
2031.373
2031.607
2031.842
2032.076
2032.310
2032.545
2032.779
2033.014
2033.248
2033.483
2033.717
2033.952
2034.186
2034.420
2034.655
2034.889
2035.124
2035.358
2035.593
2035.827
2036.062
2036.296
2036.531
2036.765
2036.999
2037.234
2037.468
2037.703
2037.937
2038.172
2038.406
2038.641
2038.875
2039.110
2039.344
2039.578
2039.813
2040.047
2040.282
2040.516
2040.751
2040.985
2041.220
2041.454
2041.688
2041.923
2042.157
2042.392
2042.626
2042.861
2043.095
2043.330
2043.564
2043.799
2044.033
2044.267
2044.502
2044.736
2044.971
2045.205
2045.440
2045.674
2045.909
2046.143
2046.378
2046.612
2046.846
2047.081
2047.315
2047.550
2047.784
2048.019
2048.253
2048.488
2048.722
2048.956
2049.191
2049.425
2049.660
2049.894
2050.129
2050.363
2050.598
2050.832
2051.067
2051.301
2051.535
2051.770
2052.004
2052.239
2052.473
2052.708
2052.942
2053.177
2053.411
2053.645
2053.880
2054.114
2054.349
2054.583
2054.818
2059.976
2060.445
2060.913
2061.382
2061.851
2062.320
2062.789
2063.258
2063.727
2064.196
2064.665
2065.134
2065.603
2066.071
2066.540
2067.009
2067.478
2067.947
2068.416
2068.885
2069.354
2069.823
2070.292
2070.760
2071.229
2071.698
2072.167
2072.636
2073.105
2073.574
2074.043
2074.512
2074.981
2075.449
2075.918
2076.387
2076.856
2077.325
2077.794
2078.263
2078.732
2079.201
2079.670
2080.138
2080.607
2081.076
2081.545
2082.014
2082.483
2082.952
2083.421
2083.890
2084.359
2084.827
2085.296
2085.765
2086.234
2086.703
2087.172
2087.641
2088.110
2088.579
2089.048
2089.517
2089.985
2095.143
2095.378
2095.612
2095.847
2096.081
2096.316
2096.550
2096.785
2097.019
2097.253
2097.488
2097.722
2097.957
2098.191
2098.426
2098.660
2098.895
2099.129
2099.363
2099.598
2099.832
2100.067
2100.301
2100.536
2100.770
2101.005
2101.239
2101.474
2101.708
2101.942
2102.177
2102.411
2102.646
2102.880
2103.115
2103.349
2103.584
2103.818
2104.052
2104.287
2104.521
2104.756
2104.990
2105.225
2105.459
2105.694
2105.928
2106.163
2106.397
2106.631
2106.866
2107.100
2107.335
2107.569
2107.804
2108.038
2108.273
2108.507
2108.742
2108.976
2109.210
2109.445
2109.679
2109.914
2110.148
2110.383
2110.617
2110.852
2111.086
2111.320
2111.555
2111.789
2112.024
2112.258
2112.493
2112.727
2112.962
2113.196
2113.431
2113.665
2113.899
2114.134
2114.368
2114.603
2114.837
2115.072
2115.306
2115.541
2115.775
2116.009
2116.244
2116.478
2116.713
2116.947
2117.182
2117.416
2117.651
2117.885
2118.120
2118.354
2118.588
2118.823
2119.057
2119.292
2119.526
2119.761
2119.995
2120.230
2120.464
2120.699
2120.933
2121.167
2121.402
2121.636
2121.871
2122.105
2122.340
2122.574
2122.809
2123.043
2123.277
2123.512
2123.746
2123.981
2124.215
2124.450
2124.684
2124.919
2125.153
2125.388
2130.780
2131.249
2131.718
2132.187
2132.656
2133.124
2133.593
2134.062
2134.531
2135.000
2135.469
2135.938
2136.407
2136.876
2137.345
2137.813
2138.282
2138.751
2139.220
2139.689
2140.158
2140.627
2141.096
2141.565
2142.034
2142.502
2142.971
2143.440
2143.909
2144.378
2144.847
2145.316
2145.785
2146.254
2146.723
2147.192
2147.660
2148.129
2148.598
2149.067
2149.536
2150.005
2150.474
2155.632
2155.866
2156.101
2156.335
2156.570
2156.804
2157.038
2157.273
2157.507
2157.742
2157.976
2158.211
2158.445
2158.680
2158.914
2159.149
2159.383
2159.617
2159.852
2160.086
2160.321
2160.555
2160.790
2161.024
2161.259
2161.493
2161.727
2161.962
2162.196
2162.431
2162.665
2162.900
2163.134
2163.369
2163.603
2163.838
2164.072
2164.306
2164.541
2164.775
2165.010
2165.244
2165.479
2165.713
2165.948
2166.182
2166.416
2166.651
2166.885
2167.120
2167.354
2167.589
2167.823
2168.058
2168.292
2168.527
2168.761
2168.995
2169.230
2169.464
2169.699
2169.933
2170.168
2170.386
2170.605
2170.824
2171.043
2171.261
2171.480
2171.699
2171.917
2172.136
2172.355
2172.574
2172.792
2173.023
2173.254
2173.484
2173.715
2173.945
2174.176
2174.407
2174.637
2174.868
2175.099
2175.329
2175.560
2181.095
2181.556
2182.017
2182.478
2182.940
2183.401
2183.862
2184.323
2184.784
2185.246
2185.707
2186.168
2186.399
2186.629
2186.860
2187.091
2187.321
2187.552
2187.783
2188.013
2188.244
2188.474
2188.705
2188.936
2189.166
2189.397
2189.627
2189.858
2190.089
2190.319
2190.550
2190.781
2191.011
2191.242
2191.472
2191.703
2191.934
2192.164
2192.395
2192.626
2192.856
2193.087
2193.317
2193.548
2193.779
2194.009
2194.240
2194.470
2194.701
2194.932
2195.162
2195.393
2195.624
2195.854
2196.085
2196.315
2196.546
2196.777
2197.007
2197.238
2197.468
2197.699
2197.930
2198.160
2198.391
2198.622
2198.852
2199.083
2199.313
2199.544
2199.775
2200.005
2200.236
2200.467
2200.697
2200.928
2201.158
2201.389
2201.620
2201.850
2202.081
2202.311
2202.542
2202.773
2203.003
2203.234
2203.465
2203.695
2203.926
2204.156
2204.387
2204.618
2204.848
2205.079
2205.310
2205.540
2205.771
2206.001
2206.463
2206.924
2207.385
2207.846
2208.308
2208.769
2209.230
2209.691
2210.152
2210.614
2211.075
2211.306
2211.536
2211.767
2211.997
2212.228
2212.459
2212.689
2212.920
2213.151
2213.381
2213.612
2213.842
2214.073
2214.304
2214.534
2214.765
2214.995
2215.226
2215.457
2215.687
2215.918
2216.149
2216.379
2216.610
2216.840
2217.071
2217.302
2217.532
2217.763
2217.994
2218.224
2218.455
2218.685
2218.916
2219.147
2219.377
2219.608
2219.838
2220.069
2220.300
2220.530
2220.761
2220.992
2221.222
2221.453
2221.683
2221.914
2222.145
2222.375
2222.606
2222.836
2223.067
2223.298
2223.528
2223.759
2223.990
2224.220
2224.451
2224.681
2224.912
2225.143
2225.373
2225.604
2225.835
2226.065
2226.296
2226.526
2226.757
2226.988
2227.218
2227.449
2227.679
2227.910
2228.141
2228.371
2228.602
2228.833
2229.063
2229.294
2229.524
2229.755
2229.986
2230.216
2230.447
2230.678
2230.908
2231.139
2231.369
2231.831
2232.292
2232.753
2233.214
2233.676
2234.137
2234.598
2235.059
2235.520
2235.982
2236.443
2236.674
2236.904
2237.135
2237.365
2237.596
2237.827
2238.057
2238.288
2238.519
2238.749
2238.980
2239.210
2239.441
2239.672
2239.902
2240.133
2240.363
2240.594
2240.825
2241.055
2241.286
2241.517
2241.747
2241.978
2242.208
2242.439
2242.670
2242.900
2243.131
2243.362
2243.592
2243.823
2244.053
2244.284
2244.515
2244.745
2244.976
2245.206
2245.437
2245.668
2245.898
2246.129
2246.360
2246.590
2246.821
2247.051
2247.282
2247.513
2247.743
2247.974
2248.204
2248.435
2248.666
2248.896
2249.127
2249.358
2249.588
2249.819
2250.049
2250.280
2250.511
2250.741
2250.972
2251.203
2251.433
2251.664
2251.894
2252.125
2252.356
2252.586
2252.817
2253.047
2253.278
2253.509
2253.739
2253.970
2254.201
2254.431
2254.662
2254.892
2255.123
2255.354
2255.584
2255.815
2256.046
2256.276
2256.507
2256.737
2256.968
2257.199
2257.429
2257.660
2257.890
2258.121
2258.352
2258.582
2258.813
2259.044
2259.274
2259.505
2259.735
2259.966
2260.197
2260.427
2260.658
2260.888
2261.119
2261.350
2261.580
2261.811
2262.042
2262.272
2262.503
2262.733
2262.964
2263.195
2263.425
2263.656
2263.887
2264.117
2264.348
2264.578
2264.809
2265.040
2265.270
2265.501
2265.731
2265.962
2266.193
2266.423
2266.885
2267.346
2267.807
2268.268
2268.730
2269.191
2269.652
2270.113
2270.574
2271.036
2271.497
2271.728
2271.958
2272.189
2272.419
2272.650
2272.881
2273.111
2273.342
2273.572
2273.803
2274.034
2274.264
2274.495
2274.726
2274.956
2275.187
2275.417
2275.648
2275.879
2276.109
2276.340
2276.571
2276.801
2277.032
2277.262
2277.493
2277.724
2277.954
2278.185
2278.415
2278.646
2278.877
2279.107
2279.338
2279.569
2279.799
2280.030
2280.260
2280.491
2280.722
2280.952
2281.183
2281.413
2281.644
2281.875
2282.105
2282.336
2282.567
2282.797
2283.028
2283.258
2283.489
2283.720
2283.950
2284.181
2284.412
2284.642
2284.873
2285.103
2285.334
2285.565
2285.795
2286.026
2286.256
2286.487
2286.718
2286.948
2287.179
2287.410
2287.640
2287.871
2288.101
2288.332
2288.563
2288.793
2289.024
2289.255
2289.485
2289.716
2289.946
2290.177
2290.408
2290.638
2290.869
2291.099
2291.330
2291.791
2292.253
2292.714
2293.175
2293.636
2294.097
2294.559
2295.020
2295.481
2295.942
2296.404
2296.865
2297.096
2297.326
2297.557
2297.787
2298.018
2298.249
2298.479
2298.710
2298.940
2299.171
2299.402
2299.632
2299.863
2300.094
2300.324
2300.555
2300.785
2301.016
2301.247
2301.477
2301.708
2301.939
2302.169
2302.400
2302.630
2302.861
2303.092
2303.322
2303.553
2303.783
2304.014
2304.245
2304.475
2304.706
2304.937
2305.167
2305.398
2305.628
2305.859
2306.090
2306.320
2306.551
2306.781
2307.012
2307.243
2307.473
2307.704
2307.935
2308.165
2308.396
2308.626
2308.857
2309.088
2309.318
2309.549
2309.780
2310.010
2310.241
2310.471
2310.702
2310.933
2311.163
2311.394
2311.624
2311.855
2312.086
2312.316
2312.547
2312.778
2313.008
2313.239
2313.469
2313.700
2313.931
2314.161
2314.392
2314.623
2314.853
2315.084
2315.314
2315.545
2315.776
2316.006
2316.237
2316.467
2316.698
2316.929
2317.159
2317.390
2317.621
2317.851
2318.082
2318.312
2318.543
2318.774
2319.004
2319.235
2319.465
2319.696
2319.927
2320.157
2320.388
2320.619
2320.849
2321.080
2321.310
2321.541
2321.772
2322.002
2322.233
2322.464
2322.694
2322.925
2323.155
2323.386
2323.617
2323.847
2324.078
2324.308
2324.539
2324.770
2325.000
2325.231
2325.462
2325.692
2325.923
2326.153
2326.384
2326.615
2326.845
2327.307
2327.768
2328.229
2328.690
2329.151
2329.613
2330.074
2330.535
2330.996
2331.458
2331.919
2332.380
2332.841
2333.303
2333.764
2334.225
2334.686
2335.148
2335.609
2336.070
2336.531
2336.992
2341.144
2341.605
2342.066
2342.527
2342.989
2343.450
2343.911
2344.372
2344.833
2345.295
2345.756
2346.217
2346.678
2347.140
2347.601
2348.062
2348.523
2348.985
2349.446
2349.907
2350.368
2350.830
2354.519
2354.981
2355.442
2355.903
2356.364
2356.826
2357.287
2357.748
2358.209
2358.671
2359.132
2359.593
2360.054
2360.516
2360.977
2361.438
2361.899
2362.360
2362.822
2363.283
2363.744
2364.205
2365.589
2366.050
2366.512
2366.973
2367.434
2367.895
2368.357
2368.818
2369.279
2369.740
2370.201
2370.663
2371.124
2371.585
2372.046
2372.508
2372.969
2373.430
2373.891
2374.353
2374.814
2375.275
2376.659
2376.889
2377.120
2377.351
2377.581
2377.812
2378.043
2378.273
2378.504
2378.734
2378.965
2379.196
2379.426
2379.657
2379.887
2380.118
2380.349
2380.579
2380.810
2381.041
2381.271
2381.502
2381.732
2381.963
2382.194
2382.424
2382.655
2382.885
2383.116
2383.347
2383.577
2383.808
2384.039
2384.269
2384.500
2384.730
2384.961
2385.192
2385.422
2385.653
2385.884
2386.114
2386.345
2386.575
2386.806
2388.190
2388.420
2388.651
2388.882
2389.112
2389.343
2389.573
2389.804
2390.035
2390.265
2390.496
2390.727
2390.957
2391.188
2391.418
2391.649
2391.880
2392.110
2392.341
2392.571
2392.802
2393.033
2393.263
2393.494
2393.725
2393.955
2394.186
2394.416
2394.647
2394.878
2395.108
2395.339
2395.569
2395.800
2396.031
2396.261
2396.492
2396.723
2396.953
2397.184
2397.414
2397.645
2397.876
2399.260
2399.491
2399.722
2399.953
2400.184
2400.415
2400.646
2400.877
2401.107
2401.338
2401.569
2401.800
2402.031
2402.262
2402.493
2402.724
2402.954
2403.185
2403.416
2403.647
2403.878
2404.109
2404.340
2404.571
2404.802
2405.032
2405.263
2405.494
2405.725
2405.956
2406.187
2406.418
2406.649
2406.880
2407.110
2407.341
2407.572
2407.803
2408.034
2408.265
2408.496
2408.727
2408.957
2409.188
2410.343
2410.805
2411.266
2411.728
2412.190
2412.652
2413.113
2413.575
2414.037
2414.499
2414.960
2415.422
2416.807
2417.038
2417.269
2417.500
2417.731
2417.962
2418.193
2418.424
2418.655
2418.885
2419.116
2419.347
2419.578
2419.809
2420.040
2420.271
2420.502
2420.733
2420.963
2421.194
2421.425
2421.656
2422.810
2423.272
2423.734
2424.196
2424.658
2425.119
2425.581
2426.043
2426.505
2426.966
2427.428
2427.890
2428.813
2429.044
2429.275
2429.506
2429.737
2429.968
2430.199
2430.430
2430.660
2430.891
2431.122
2431.353
2431.584
2431.815
2432.046
2432.277
2432.508
2432.738
2432.969
2433.200
2433.431
2433.662
2433.893
2434.124
2434.355
2434.586
2434.816
2435.047
2435.278
2435.509
2435.740
2435.971
2436.202
2436.433
2436.663
2436.894
2437.125
2437.356
2437.587
2437.818
2438.049
2438.280
2438.511
2438.741
2438.972
2439.203
2439.434
2439.665
2439.896
2440.127
2440.358
2440.588
2440.819
2441.050
2441.281
2441.512
2441.743
2441.974
2442.205
2442.436
2442.666
2442.897
2443.128
2443.359
2443.590
2443.821
2444.052
2444.283
2444.513
2444.744
2444.975
2445.206
2445.437
2445.668
2445.899
2446.130
2446.361
2446.591
2446.822
2447.053
2447.284
2447.515
2447.746
2447.977
2448.208
2448.439
2448.669
2448.900
2449.131
2449.362
2449.593
2449.824
2450.055
2450.286
2450.516
2450.747
2450.978
2451.209
2451.440
2451.671
2451.902
2452.133
2452.364
2452.594
2452.825
2453.056
2453.287
2453.518
2453.749
2453.980
2454.211
2454.441
2454.672
2454.903
2455.134
2455.365
2455.596
2455.827
2456.058
2456.289
2456.519
2456.750
2456.981
2457.212
2457.443
2457.674
2457.905
2458.136
2458.366
2458.597
2458.828
2459.059
2459.290
2459.521
2459.752
2459.983
2460.214
2460.444
2460.675
2460.906
2461.137
2461.368
2461.599
2461.830
2462.061
2462.292
2462.522
2462.753
2462.984
2463.215
2463.446
2463.677
2463.908
2464.139
2464.369
2464.600
2464.831
2465.062
2465.293
2465.524
2465.755
2465.986
2466.217
2466.447
2466.678
2466.909
2467.140
2467.371
2467.602
2467.833
2468.064
2468.294
2468.525
2468.756
2468.987
2469.218
2469.449
2469.680
2469.911
2470.142
2470.372
2470.603
2470.834
2471.065
2471.296
2471.527
2471.758
2471.989
2472.219
2472.450
2472.681
2472.912
2473.143
2473.374
2473.605
2473.836
2474.067
2474.297
2474.528
2474.759
2474.990
2475.221
2475.452
2475.683
2475.914
2476.145
2476.375
2476.606
2476.837
2477.068
2477.299
2477.530
2477.761
2477.992
2478.222
2478.453
2478.684
2478.915
2479.146
2479.377
2479.608
2479.839
2480.070
2480.300
2480.531
2480.762
2480.993
2481.224
2481.455
2481.686
2481.917
2482.147
2482.378
2482.609
2482.840
2483.071
2483.302
2483.533
2483.764
2483.995
2484.225
2484.456
2484.687
2484.918
2485.149
2485.380
2485.611
2485.842
2486.072
2486.303
2486.534
2486.765
2486.996
2487.227
2487.458
2487.689
2487.920
2488.150
2488.381
2488.612
2488.843
2489.074
2489.305
2489.536
2489.767
2489.998
2490.228
2490.459
2490.690
2490.921
2491.152
2491.383
2491.614
2491.845
2492.075
2492.306
2492.537
2492.768
2492.999
2493.230
2493.461
2493.692
2493.923
2494.153
2494.384
2494.615
2494.846
2495.077
2495.308
2495.539
2495.770
2496.000
2496.231
2496.462
2496.693
2496.924
2497.155
2497.386
2497.617
2497.848
2498.078
2498.309
2498.540
2498.771
2499.002
2499.233
2499.464
2499.695
2499.925
2500.156
2500.387
2500.618
2500.849
2501.080
2501.311
2501.542
2501.773
2502.003
2502.234
2502.465
2502.696
2502.927
2503.158
2503.389
2503.620
2503.851
2504.081
2504.312
2504.543
2504.774
2505.005
2505.236
2505.467
2505.698
2505.928
2506.159
2506.390
2506.621
2506.852
2507.083
2507.314
2507.545
2507.776
2508.006
2508.237
2508.468
2508.699
2508.930
2509.161
2509.392
2509.623
2509.853
2510.084
2510.315
2510.546
2510.777
2511.008
2511.239
2511.470
2511.701
2511.931
2512.162
2512.393
2512.624
2512.855
2513.086
2513.317
2513.548
2513.778
2514.009
2514.240
2514.471
2514.702
2514.933
2515.164
2515.395
2515.626
2515.856
2516.087
2516.318
2516.549
2516.780
2517.011
2517.242
2517.473
2517.704
2517.934
2518.165
2518.396
2518.627
2518.858
2519.089
2519.320
2519.551
2519.781
2520.012
2520.243
2520.474
2520.705
2520.936
2521.167
2521.398
2521.629
2521.859
2522.090
2522.321
2522.552
2522.783
2523.014
2523.245
2523.476
2523.706
2523.937
2524.168
2524.399
2524.630
2524.861
2525.092
2525.323
2525.554
2525.784
2526.015
2526.246
2526.477
2526.708
2526.939
2527.170
2527.401
2527.631
2527.862
2528.093
2528.324
2528.555
2528.786
2529.017
2529.248
2529.479
2529.709
2529.940
2530.171
2530.402
2530.633
2530.864
2531.095
2531.326
2531.557
2531.787
2532.018
2532.249
2532.480
2532.711
2532.942
2533.173
2533.404
2533.634
2533.865
2534.096
2534.327
2534.558
2534.789
2535.020
2535.251
2535.482
2535.712
2535.943
2536.174
2536.405
2536.636
2536.867
2537.098
2537.329
2537.559
2537.790
2538.021
2538.252
2538.483
2538.714
2538.945
2539.176
2539.407
2539.637
2539.868
2540.099
2540.330
2540.561
2540.792
2541.023
2541.254
2541.484
2541.715
2541.946
2542.177
2542.408
2542.639
2542.870
2543.101
2543.332
2543.562
2543.793
2544.024
2544.255
2544.486
2544.717
2544.948
2545.179
2545.409
2545.640
2545.871
2546.102
2546.333
2546.564
2546.795
2547.026
2547.257
2547.487
2547.718
2547.949
2548.180
2548.411
2548.642
2548.873
2549.104
2549.335
2549.565
2549.796
2550.027
2550.258
2550.489
2550.720
2550.951
2551.182
2551.412
2551.643
2551.874
2552.105
2552.336
2552.567
2552.798
2553.029
2553.260
2553.490
2553.721
2553.952
2554.183
2554.414
2554.645
2554.876
2555.107
2555.337
2555.568
2555.799
2556.030
2556.261
2556.492
2556.723
2556.954
2557.185
2557.415
2557.646
2557.877
2558.108
2558.339
2558.570
2558.801
2559.032
2559.262
2559.493
2559.724
2559.955
2560.186
2560.417
2560.648
2560.879
2561.110
2561.340
2561.571
2561.802
2562.033
2562.264
2562.495
2562.726
2562.957
2563.188
2563.418
2563.649
2563.880
2564.111
2564.342
2564.573
2564.804
2565.035
2565.265
2565.496
2565.727
2565.958
2566.189
2566.420
2566.651
2566.882
2567.113
2567.343
2567.574
2567.805
2568.036
2568.267
2568.498
2568.729
2568.960
2569.190
2569.421
2569.652
2569.883
2570.114
2570.345
2570.576
2570.807
2571.038
2571.268
2571.499
2571.730
2571.961
2572.192
2572.423
2572.654
2572.885
2573.115
2573.346
2573.577
2573.808
2574.039
2574.270
2574.501
2574.732
2574.963
2575.193
2575.424
2575.655
2575.886
2576.117
2576.348
2576.579
2576.810
2577.041
2577.271
2577.502
2577.733
2577.964
2578.195
2578.426
2578.657
2578.888
2579.118
2579.349
2579.580
2579.811
2580.042
2580.273
2580.504
2580.735
2580.966
2581.196
2581.427
2581.658
2581.889
2582.120
2582.351
2582.582
2582.813
2583.043
2583.274
2583.505
2583.736
2583.967
2584.198
2584.429
2584.660
2584.891
2585.121
2585.352
2585.583
2585.814
2586.045
2586.276
2586.507
2586.738
2586.968
2587.199
2587.430
2587.661
2587.892
2588.123
2588.354
2588.585
2588.816
2589.046
2589.277
2589.508
2589.739
2589.970
2590.201
2590.432
2590.663
2590.894
2591.124
2591.355
2591.586
2591.817
2592.048
2592.279
2592.510
2592.741
2592.971
2593.202
2593.433
2593.664
2593.895
2594.126
2594.357
2594.588
2594.819
2595.049
2595.280
2595.511
2595.742
2595.973
2596.204
2596.435
2596.666
2596.896
2597.127
2597.358
2597.589
2597.820
2598.051
2598.282
2598.513
2598.744
2598.974
2599.205
2599.436
2599.667
2599.898
2600.129
2600.360
2600.591
2600.821
2601.052
2601.283
2601.514
2601.745
2601.976
2602.207
2602.438
2602.669
2602.899
2603.130
2603.361
2603.592
2603.823
2604.054
2604.285
2604.516
2604.747
2604.977
2605.208
2605.439
2605.670
2605.901
2606.132
2606.363
2606.594
2606.824
2607.055
2607.286
2607.517
2607.748
2607.979
2608.210
2608.441
2608.672
2608.902
2609.133
2609.364
2609.595
2609.826
2610.057
2610.288
2610.519
2610.749
2610.980
2611.211
2611.442
2611.673
2611.904
2612.135
2612.366
2612.597
2612.827
2613.058
2613.289
2613.520
2613.751
2613.982
2614.213
2614.444
2614.674
2614.905
2615.136
2615.367
2615.598
2615.829
2616.060
2616.291
2616.522
2616.752
2616.983
2617.214
2617.445
2617.676
2617.907
2618.138
2618.369
2618.600
2618.830
2619.061
2619.292
2619.523
2619.754
2619.985
2620.216
2620.447
2620.677
2620.908
2621.139
2621.370
2621.601
2621.832
2622.063
2622.294
2622.525
2622.755
2622.986
2623.217
2623.448
2623.679
2623.910
2624.141
2624.372
2624.602
2624.833
2625.064
2625.295
2625.526
2625.757
2625.988
2626.219
2626.450
2626.680
2626.911
2627.142
2627.373
2627.604
2627.835
2628.066
2628.297
2628.527
2628.758
2628.989
2629.220
2629.451
2629.682
2629.913
2630.144
2630.375
2630.605
2630.836
2631.067
2631.298
2631.529
2631.760
2631.991
2632.222
2632.453
2632.683
2632.914
2633.145
2633.376
2633.607
2633.838
2634.069
2634.300
2634.530
2634.761
2634.992
2635.223
2635.454
2635.685
2635.916
2636.147
2636.378
2636.608
2636.839
2637.070
2637.301
2637.532
2637.763
2637.994
2638.225
2638.455
2638.686
2638.917
2639.148
2639.379
2639.610
2639.841
2640.072
2640.303
2640.533
2640.764
2640.995
2641.226
2641.457
2641.688
2641.919
2642.150
2642.380
2642.611
2642.842
2643.073
2643.304
2643.535
2643.766
2643.997
2644.228
2644.458
2644.689
2644.920
2645.151
2645.382
2645.613
2645.844
2646.075
2646.306
2646.536
2646.767
2646.998
2647.229
2647.460
2647.691
2647.922
2648.153
2648.383
2648.614
2648.845
2649.076
2649.307
2649.538
2649.769
2650.000
2650.231
2650.461
2650.692
2650.923
2651.154
2651.385
2651.616
2651.847
2652.078
2652.308
2652.539
2652.770
2653.001
2653.232
2653.463
2653.694
2653.925
2654.156
2654.386
2654.617
2654.848
2655.079
2655.310
2655.541
2655.772
2656.003
2656.233
2656.464
2656.695
2656.926
2657.157
2657.388
2657.619
2657.850
2658.081
2658.311
2658.542
2658.773
2659.004
2659.235
2659.466
2659.697
2659.928
2660.158
2660.389
2660.620
2660.851
2661.082
2661.313
2661.544
2661.775
2662.006
2662.236
2662.467
2662.698
2662.929
2663.160
2663.391
2663.622
2663.853
2664.084
2664.314
2664.551
2664.788
2665.025
2665.262
2665.499
2665.735
2665.971
2666.207
2666.444
2666.680
2666.916
2667.152
2667.388
2667.625
2667.861
2668.097
2668.333
2668.570
2668.806
2669.042
2669.278
2669.515
2669.751
2669.987
2670.223
2670.460
2670.696
2670.932
2671.168
2671.405
2671.641
2671.877
2672.113
2672.350
2672.586
2672.822
2673.058
2673.294
2673.531
2673.767
2674.003
2674.239
2674.476
2674.712
2674.948
2675.184
2675.421
2675.657
2675.893
2676.129
2676.366
2676.602
2676.838
2677.074
2677.311
2677.547
2677.783
2678.019
2678.256
2678.492
2678.728
2678.964
2679.200
2679.437
2679.673
2679.909
2680.145
2680.382
2680.618
2680.854
2681.090
2681.327
2681.563
2681.799
2682.035
2682.272
2682.508
2682.744
2682.980
2683.217
2683.453
2683.689
2683.925
2684.162
2684.398
2684.634
2684.870
2685.106
2685.343
2685.579
2685.815
2686.051
2686.288
2686.524
2686.760
2686.996
2687.233
2687.469
2687.705
2687.941
2688.178
2688.414
2688.650
2688.886
2689.123
2689.359
2689.595
2689.831
2690.068
2690.304
2690.540
2690.776
2691.013
2691.249
2691.485
2691.721
2691.957
2692.194
2692.430
2692.666
2692.902
2693.139
2693.375
2693.611
2693.847
2694.084
2694.320
2694.556
2694.792
2695.029
2695.265
2695.501
2695.737
2695.974
2696.210
2696.446
2696.682
2696.919
2697.155
2697.391
2697.627
2697.863
2698.100
2698.336
2698.572
2698.808
2699.045
2699.281
2699.517
2699.753
2699.990
2700.226
2700.462
2700.698
2700.935
2701.171
2701.407
2701.643
2701.880
2702.116
2702.352
2702.588
2702.825
2703.061
2703.297
2703.533
2703.769
2704.006
2704.242
2704.478
2704.714
2704.951
2705.187
2705.423
2705.659
2705.896
2706.132
2706.368
2706.604
2706.841
2707.077
2707.313
2707.549
2707.786
2708.022
2708.258
2708.494
2708.731
2708.967
2709.203
2709.439
2709.675
2709.912
2710.148
2710.384
2710.620
2710.857
2711.093
2711.329
2711.565
2711.802
2712.038
2712.274
2712.510
2712.747
2712.983
2713.219
2713.455
2713.692
2713.928
2714.164
2714.400
2714.637
2714.873
2715.109
2715.345
2715.582
2715.818
2716.054
2716.290
2716.526
2716.763
2716.999
2717.235
2717.471
2717.708
2717.944
2718.180
2718.416
2718.653
2718.889
2719.125
2719.361
2719.598
2719.834
2720.070
2720.306
2720.543
2720.779
2721.015
2721.251
2721.488
2721.724
2721.960
2722.196
2722.432
2722.669
2722.905
2723.141
2723.377
2723.614
2723.850
2724.086
2724.322
2724.559
2724.795
2725.031
2725.267
2725.504
2725.740
2725.976
2726.212
2726.449
2726.685
2726.921
2727.157
2727.394
2727.630
2727.866
2728.102
2728.338
2728.575
2728.811
2729.047
2729.283
2729.520
2729.756
2729.992
2730.228
2730.465
2730.701
2730.937
2731.173
2731.410
2731.646
2731.882
2732.118
2732.355
2732.591
2732.827
2733.063
2733.300
2733.536
2733.772
2734.008
2734.245
2734.481
2734.717
2734.953
2735.189
2735.426
2735.662
2735.898
2736.134
2736.371
2736.607
2736.843
2737.079
2737.316
2737.552
2737.788
2738.024
2738.261
2738.497
2738.733
2738.969
2739.206
2739.442
2739.678
2739.914
2740.151
2740.387
2740.623
2740.859
2741.095
2741.332
2741.568
2741.804
2742.040
2742.277
2742.513
2742.749
2742.985
2743.222
2743.458
2743.694
2743.930
2744.167
2744.403
2744.639
2744.875
2745.112
2745.348
2745.584
2745.820
2746.057
2746.293
2746.529
2746.765
2747.001
2747.238
2747.474
2747.710
2747.946
2748.183
2748.419
2748.655
2748.891
2749.128
2749.364
2749.600
2749.836
2750.073
2750.309
2750.545
2750.781
2751.018
2751.254
2751.490
2751.726
2751.963
2752.199
2752.435
2752.671
2752.907
2753.144
2753.380
2753.616
2753.852
2754.089
2754.325
2754.561
2754.797
2755.034
2755.270
2755.506
2755.742
2755.979
2756.215
2756.451
2756.687
2756.924
2757.160
2757.396
2757.632
2757.869
2758.105
2758.341
2758.577
2758.814
2759.050
2759.286
2759.522
2759.758
2759.995
2760.231
2760.467
2760.703
2760.940
2761.176
2761.412
2761.648
2761.885
2762.121
2762.357
2762.593
2762.830
2763.066
2763.302
2763.538
2763.775
2764.011
2764.247
2764.483
2764.720
2764.956
2765.192
2765.428
2765.664
2765.901
2766.137
2766.373
2766.609
2766.846
2767.082
2767.318
2767.554
2767.791
2768.027
2768.263
2768.499
2768.736
2768.972
2769.208
2769.444
2769.681
2769.917
2770.153
2770.389
2770.626
2770.862
2771.098
2771.334
2771.570
2771.807
2772.043
2772.279
2772.515
2772.752
2772.988
2773.224
2773.460
2773.697
2773.933
2774.169
2774.405
2774.642
2774.878
2775.114
2775.350
2775.587
2775.823
2776.059
2776.295
2776.532
2776.768
2777.004
2777.240
2777.476
2777.713
2777.949
2778.185
2778.421
2778.658
2778.894
2779.130
2779.366
2779.603
2779.839
2780.075
2780.311
2780.548
2780.784
2781.020
2781.256
2781.493
2781.729
2781.965
2782.201
2782.438
2782.674
2782.910
2783.146
2783.383
2783.619
2783.855
2784.091
2784.327
2784.564
2784.800
2785.036
2785.272
2785.509
2785.745
2785.981
2786.217
2786.454
2786.690
2786.926
2787.162
2787.399
2787.635
2787.871
2788.107
2788.344
2788.580
2788.816
2789.052
2789.289
2789.525
2789.761
2789.997
2790.233
2790.470
2790.706
2790.942
2791.178
2791.415
2791.651
2791.887
2792.123
2792.360
2792.596
2792.832
2793.068
2793.305
2793.541
2793.777
2794.013
2794.250
2794.486
2794.722
2794.958
2795.195
2795.431
2795.667
2795.903
2796.139
2796.376
2796.612
2796.848
2797.084
2797.321
2797.557
2797.793
2798.029
2798.266
2798.502
2798.738
2798.974
2799.211
2799.447
2799.683
2799.919
2800.156
2800.392
2800.628
2800.864
2801.101
2801.337
2801.573
2801.809
2802.045
2802.282
2802.518
2802.754
2802.990
2803.227
2803.463
2803.699
2803.935
2804.172
2804.408
2804.644
2804.880
2805.117
2805.353
2805.589
2805.825
2806.062
2806.298
2806.534
2806.770
2807.007
2807.243
2807.479
2807.715
2807.952
2808.188
2808.424
2808.660
2808.896
2809.133
2809.369
2809.605
2809.841
2810.078
2810.314
2810.550
2810.786
2811.023
2811.259
2811.495
2811.731
2811.968
2812.204
2812.440
2812.676
2812.913
2813.149
2813.385
2813.621
2813.858
2814.094
2814.330
2814.566
2814.802
2815.039
2815.275
2815.511
2815.747
2815.984
2816.220
2816.456
2816.692
2816.929
2817.165
2817.401
2817.637
2817.874
2818.110
2818.346
2818.582
2818.819
2819.055
2819.291
2819.527
2819.794
2820.061
2820.328
2820.595
2820.862
2821.095
2821.329
2821.563
2821.797
2822.031
2822.265
2822.499
2822.733
2822.967
2823.201
2823.435
2823.669
2823.903
2824.137
2824.371
2824.605
2824.839
2825.073
2825.307
2825.540
2825.774
2826.008
2826.242
2826.476
2826.710
2826.944
2827.178
2827.412
2827.646
2827.880
2828.114
2828.348
2828.582
2828.816
2829.050
2829.284
2829.518
2829.752
2829.985
2830.219
2830.453
2830.687
2830.921
2831.155
2831.389
2831.623
2831.857
2832.091
2832.325
2832.559
2832.793
2833.027
2833.261
2833.495
2833.729
2833.963
2834.197
2834.430
2834.664
2834.898
2835.132
2835.366
2835.600
2835.834
2836.068
2836.302
2836.536
2836.770
2837.004
2837.238
2837.472
2837.706
2837.940
2838.174
2838.408
2838.642
2838.875
2839.109
2839.343
2839.577
2839.811
2840.045
2840.279
2840.513
2840.747
2840.981
2841.215
2841.449
2841.683
2841.917
2842.151
2842.385
2842.619
2842.853
2843.087
2843.320
2843.554
2843.788
2844.022
2844.256
2844.490
2844.724
2844.958
2845.192
2845.426
2845.660
2845.894
2846.128
2846.362
2846.596
2846.830
2847.064
2847.298
2847.532
2847.765
2847.999
2848.233
2848.467
2848.701
2848.935
2849.169
2849.403
2849.637
2849.871
2850.105
2850.339
2850.573
2850.807
2851.041
2851.275
2851.509
2851.743
2851.977
2852.210
2852.444
2852.678
2852.912
2853.146
2853.380
2853.614
2853.848
2854.082
2854.316
2854.550
2854.784
2855.018
2855.252
2855.486
2855.720
2855.954
2856.188
2856.422
2856.655
2856.889
2857.123
2857.357
2857.591
2857.825
2858.059
2858.293
2858.527
2858.761
2858.995
2859.229
2859.463
2859.697
2859.931
2860.165
2860.399
2860.633
2860.867
2861.100
2861.334
2861.568
2861.802
2862.036
2862.270
2862.504
2862.738
2862.972
2863.206
2863.440
2863.674
2863.908
2864.142
2864.376
2864.610
2864.844
2865.078
2865.312
2865.545
2865.779
2866.013
2866.247
2866.481
2866.715
2866.949
2867.183
2867.417
2867.651
2867.885
2868.119
2868.353
2868.587
2868.821
2869.055
2869.289
2869.523
