33.850
36.214
38.577
40.941
43.304
45.668
48.032
50.395
52.702
53.891
55.079
56.267
57.455
58.643
59.820
60.997
62.174
63.351
64.527
65.704
66.888
68.072
69.256
70.440
71.624
72.808
73.981
75.154
76.327
77.500
78.673
79.846
81.019
82.192
83.349
84.506
85.663
86.821
87.978
89.135
90.292
91.124
91.413
91.703
92.571
93.439
93.725
94.012
94.872
95.732
96.019
96.307
97.168
98.029
98.309
98.590
99.431
100.272
100.548
100.824
101.653
102.481
102.755
103.030
103.853
104.677
104.948
105.220
106.035
106.850
107.119
107.388
108.183
109.250
110.309
111.360
112.456
113.511
114.568
115.633
116.697
117.757
118.810
119.870
120.936
122.007
123.080
124.140
125.200
126.257
127.309
128.364
129.414
130.451
131.495
132.542
133.592
134.641
135.692
136.741
137.790
138.833
139.876
140.923
141.965
143.002
144.043
145.090
146.131
147.166
148.200
149.234
150.268
151.305
152.337
153.351
154.371
155.401
156.433
157.467
165.983
166.481
166.979
167.478
167.976
168.474
168.970
169.466
169.961
170.457
170.952
171.450
171.947
172.445
172.942
173.446
173.949
174.453
174.956
175.460
175.958
176.456
176.954
177.451
177.949
178.447
178.944
179.442
179.939
180.437
180.929
181.422
181.914
182.406
182.899
183.394
183.889
184.385
184.880
185.379
185.877
186.376
186.874
187.373
187.876
188.379
188.882
189.374
189.865
190.356
190.848
191.339
191.832
192.325
192.819
193.312
193.805
194.303
194.801
195.299
195.797
196.295
196.787
197.279
197.771
198.263
198.755
199.247
199.744
200.241
200.738
201.235
201.732
202.219
202.706
203.193
203.680
204.167
204.654
205.147
205.641
206.134
206.628
207.122
207.604
208.087
208.570
209.053
209.536
210.018
210.509
211.000
211.491
211.982
212.472
212.963
213.951
214.939
215.927
216.915
217.892
218.869
219.846
220.824
221.801
222.778
223.756
224.737
225.718
226.700
227.681
228.663
229.644
230.624
231.604
232.584
233.564
234.544
235.524
236.504
244.783
245.270
245.757
246.244
246.730
247.217
247.704
248.191
248.677
249.164
249.651
250.138
250.624
251.111
251.598
252.085
252.571
253.058
253.545
254.032
254.518
255.005
255.492
255.979
256.465
256.952
257.439
257.926
258.412
258.899
259.386
259.873
260.359
260.846
261.333
261.576
261.819
262.305
262.791
263.277
263.520
263.764
264.250
264.736
265.222
265.465
265.708
266.194
266.680
267.166
267.409
267.652
268.138
268.625
269.111
269.354
269.597
270.083
270.569
271.055
271.298
271.541
272.027
272.513
273.000
273.243
273.486
273.972
274.458
274.944
275.187
275.430
275.919
276.406
276.649
276.893
277.136
277.380
277.867
278.354
278.597
278.840
279.084
279.327
279.814
280.301
280.545
280.788
281.032
281.275
281.762
282.249
282.493
282.736
282.980
283.223
283.710
284.197
284.441
284.684
284.928
285.171
285.658
286.145
286.389
286.632
286.876
287.119
287.606
288.093
288.337
288.580
288.824
289.067
289.554
290.041
290.285
290.528
290.772
291.015
291.502
291.745
291.989
292.232
292.475
292.718
292.961
293.447
293.691
293.934
294.177
294.420
294.663
294.906
295.393
295.636
295.879
296.122
296.365
296.608
296.852
297.338
297.581
297.824
298.067
298.310
298.554
298.797
299.283
299.526
299.769
300.013
300.256
300.499
300.742
301.228
301.471
301.715
301.958
302.201
302.444
302.687
303.174
303.417
303.660
303.903
304.146
304.389
304.632
305.119
305.362
305.605
305.848
306.091
306.335
306.578
307.551
308.525
309.498
310.471
311.439
312.406
313.373
314.340
315.321
316.301
317.282
318.262
319.240
320.217
321.194
322.171
323.137
324.102
325.068
326.033
327.007
327.981
328.955
329.929
330.902
331.875
332.848
333.821
334.798
335.776
336.754
337.731
338.705
339.679
340.653
341.627
342.593
343.559
344.525
345.491
346.461
347.430
348.399
349.369
350.332
351.296
352.259
353.223
354.175
356.085
357.995
359.905
376.711
377.398
377.627
377.856
378.544
379.231
379.460
379.689
380.376
381.063
381.293
381.522
382.209
382.896
383.125
383.354
384.041
384.729
384.958
385.187
385.874
386.561
386.790
387.019
387.707
388.394
388.623
388.852
389.539
390.226
390.452
390.679
390.905
391.362
391.819
392.047
392.275
392.732
393.189
393.646
393.875
394.103
394.560
395.017
395.474
395.702
395.931
396.388
396.844
397.301
397.530
397.758
398.215
398.672
399.129
399.357
399.586
400.043
400.500
400.957
401.185
401.414
401.870
402.327
402.784
403.013
403.241
403.698
404.155
404.612
404.840
405.069
405.526
405.983
406.211
406.440
406.668
406.897
407.354
407.811
408.039
408.268
408.496
408.725
409.182
409.639
409.868
410.096
410.325
410.553
411.010
411.467
411.696
411.924
412.153
412.381
412.838
413.296
413.524
413.753
413.981
414.210
414.667
415.124
415.352
415.581
415.809
416.038
416.495
416.952
417.181
417.409
417.638
417.866
418.323
418.780
419.009
419.237
419.466
419.694
420.157
420.619
421.082
421.310
421.538
421.994
422.451
422.907
423.135
423.363
423.819
424.276
424.732
424.960
425.188
425.645
426.101
426.557
426.785
427.013
427.470
427.926
428.382
428.610
428.839
429.295
429.751
430.207
430.436
430.664
431.120
431.576
432.033
432.261
432.489
432.945
433.401
433.858
434.086
434.314
434.770
434.999
435.229
435.458
435.687
435.916
436.145
436.603
436.833
437.062
437.291
437.520
437.749
437.978
438.437
438.666
438.895
439.124
439.353
439.582
439.811
440.270
440.499
440.728
440.957
441.186
441.415
441.645
442.103
442.332
442.561
442.790
443.019
443.249
443.478
443.936
444.165
444.394
444.623
444.853
445.082
445.311
445.769
445.998
446.227
446.456
446.686
446.915
447.144
447.602
447.831
448.060
448.290
448.519
448.748
448.977
449.435
449.664
449.892
450.121
450.349
450.578
450.806
451.035
451.263
451.492
451.720
451.949
452.177
452.406
452.634
452.863
453.091
453.320
453.548
453.777
454.005
454.234
454.462
454.691
454.919
455.148
455.376
455.605
455.833
456.062
456.290
456.518
456.747
456.975
457.204
457.432
457.661
457.889
458.118
458.346
458.575
458.803
459.032
459.260
459.489
459.717
459.946
460.174
460.403
460.631
460.860
461.088
461.317
461.545
461.774
462.002
462.231
462.459
462.688
462.916
463.145
463.373
463.602
463.830
464.059
464.287
464.516
464.744
464.973
465.201
465.430
465.658
465.887
466.115
466.344
466.572
466.801
467.029
467.257
467.486
467.714
467.943
468.171
468.400
468.628
468.857
469.085
469.314
469.542
469.771
469.999
470.228
470.456
470.685
470.913
471.142
471.370
471.599
471.827
472.056
472.284
472.513
472.741
472.970
473.198
473.427
473.655
473.884
474.112
474.341
474.569
474.798
475.026
475.255
475.483
475.712
475.940
476.169
476.397
476.626
476.854
477.083
477.311
477.540
477.768
477.996
478.225
478.453
478.682
479.137
479.591
480.046
480.500
480.955
481.410
481.864
482.319
482.777
483.235
483.692
484.150
484.608
485.066
485.524
485.982
486.439
486.897
487.354
487.810
488.267
488.724
489.180
489.637
490.093
490.550
491.006
491.463
491.919
492.374
492.830
493.285
493.741
494.197
494.652
495.108
495.564
496.019
496.475
496.930
497.386
497.841
498.296
498.752
499.207
499.663
500.118
500.573
501.028
501.483
501.939
502.394
502.849
503.304
503.759
504.214
504.669
505.124
505.576
506.028
506.480
506.932
507.384
507.836
508.288
508.741
509.193
509.636
510.080
510.524
510.967
511.411
511.855
512.298
512.742
513.179
513.615
514.052
514.489
515.363
516.036
516.257
516.478
517.141
517.804
518.025
518.246
518.909
519.572
519.793
520.014
520.677
521.340
521.561
521.782
522.444
523.107
523.328
523.549
524.212
524.875
525.096
525.317
525.980
526.643
526.864
527.085
527.748
528.411
528.632
528.853
529.516
530.179
530.400
530.621
531.284
531.946
532.167
532.388
533.051
533.714
533.935
534.156
534.819
535.482
535.703
535.924
536.587
537.250
537.471
537.692
538.355
539.018
539.239
539.460
540.123
540.786
541.007
541.228
541.890
542.553
542.774
542.995
543.658
544.321
544.542
544.763
545.426
546.089
546.310
546.531
547.194
547.857
548.078
548.299
548.962
549.625
549.848
550.071
550.294
550.742
551.189
551.636
552.083
552.535
552.987
553.438
553.890
554.350
554.810
555.270
555.730
556.254
556.778
557.303
558.517
559.760
561.011
562.253
563.495
564.737
565.979
567.221
568.463
569.705
570.947
572.189
573.431
574.673
575.915
577.157
578.399
579.641
580.883
582.125
583.367
584.609
585.851
587.093
587.714
588.335
588.956
589.577
590.198
590.819
591.441
592.061
592.681
593.300
593.920
594.540
595.160
595.780
596.407
597.033
597.659
598.286
598.912
599.539
600.165
600.777
601.389
602.001
602.614
603.226
603.838
604.450
605.059
605.668
606.278
606.887
607.496
608.105
608.714
609.307
609.900
610.493
611.086
611.679
612.272
612.865
613.436
614.006
614.576
615.146
615.717
616.287
616.857
617.428
617.983
618.539
619.095
619.651
620.207
620.763
621.319
621.874
622.406
622.937
623.468
624.000
624.531
625.062
625.594
626.125
626.657
627.190
627.723
628.255
628.788
629.320
629.853
630.386
630.913
631.441
631.968
632.496
633.023
633.551
634.078
634.606
635.111
635.617
636.123
636.629
637.134
637.623
638.111
638.600
639.088
639.551
640.013
640.476
640.938
641.401
641.863
642.326
642.789
643.251
643.714
644.150
644.586
645.022
645.459
645.895
646.331
646.767
647.203
647.640
648.054
648.468
648.882
649.296
649.710
650.124
650.538
650.951
651.365
651.779
652.180
652.580
652.981
653.381
653.781
654.182
654.582
654.983
655.383
655.783
656.186
656.588
656.990
657.392
657.794
658.197
658.599
659.001
659.403
659.806
660.208
660.606
661.005
661.403
661.802
662.200
662.598
662.997
663.395
663.794
664.192
664.591
664.992
665.394
665.796
666.198
666.600
667.002
667.404
667.806
668.208
668.610
669.012
669.414
669.816
670.218
670.616
671.014
671.412
671.811
672.209
672.607
673.005
673.404
673.802
674.200
674.599
674.997
675.395
675.789
676.182
676.576
676.969
677.363
677.756
678.150
678.543
678.937
679.330
679.724
680.114
680.503
680.893
681.283
681.673
682.062
682.452
682.842
683.232
683.621
684.011
684.401
684.791
685.183
685.576
685.969
686.362
686.755
693.385
693.779
694.172
694.566
694.959
695.353
695.746
696.140
696.533
696.927
697.320
697.710
698.100
698.491
698.881
699.271
699.661
700.051
700.441
700.831
701.222
701.612
702.002
702.392
702.785
703.179
703.572
703.965
704.359
704.752
705.145
705.539
705.932
706.325
706.719
707.112
707.505
707.893
708.282
708.670
709.058
709.446
709.834
710.222
710.610
710.998
711.386
711.774
712.163
712.554
712.946
713.337
713.729
714.121
714.512
714.904
715.295
715.687
716.079
716.470
716.862
717.253
717.645
718.036
718.427
718.818
719.210
719.601
719.992
720.384
720.775
721.166
721.558
721.949
722.340
722.735
723.129
723.524
723.919
724.313
724.708
725.102
725.497
725.891
726.286
726.641
726.996
727.350
727.705
728.060
728.415
728.770
729.124
729.479
729.834
730.189
730.544
731.326
732.109
732.891
733.674
734.457
735.243
736.029
736.815
737.602
738.388
739.174
739.960
740.737
741.513
742.290
743.066
743.842
744.619
745.398
746.178
746.958
747.737
748.517
749.297
750.076
750.854
751.633
752.411
753.189
753.968
754.746
755.507
756.267
756.861
757.053
757.246
757.824
758.402
758.594
758.787
759.365
759.943
760.135
760.328
760.906
761.484
761.676
761.869
762.447
763.025
763.217
763.410
763.988
764.566
764.759
764.951
765.529
766.107
766.300
766.492
767.070
767.648
767.837
768.025
768.214
768.600
768.986
769.179
769.372
769.759
770.145
770.531
770.724
770.917
771.303
771.689
772.075
772.268
772.461
772.848
773.234
773.620
773.813
774.006
774.392
774.778
775.164
775.357
775.550
775.937
776.323
776.709
776.902
777.095
777.481
777.867
778.253
778.446
778.639
779.025
779.412
779.798
779.991
780.184
780.565
780.947
781.328
781.710
782.091
782.473
782.854
783.236
783.617
783.999
784.384
784.770
785.155
785.541
785.926
786.312
786.697
787.083
787.468
787.854
788.239
788.625
789.010
789.393
789.777
790.160
790.543
790.926
791.310
791.693
792.076
792.459
792.842
793.226
793.609
793.992
794.375
794.757
795.139
795.521
795.903
796.285
796.667
797.049
797.431
797.813
798.195
798.577
798.959
799.341
799.727
800.113
800.499
800.885
801.271
801.657
802.043
802.429
802.815
803.201
803.587
803.973
804.359
804.742
805.124
805.315
805.507
805.698
805.889
806.080
806.271
806.653
806.844
807.035
807.227
807.418
807.609
807.800
808.182
808.373
808.564
808.755
808.947
809.138
809.329
809.711
809.902
810.093
810.284
810.475
810.667
810.858
811.240
811.431
811.622
811.813
812.004
812.196
812.387
812.769
812.960
813.151
813.342
813.533
813.724
813.916
814.298
814.489
814.680
814.871
815.062
815.253
815.444
815.827
816.018
816.209
816.400
816.591
816.782
816.973
817.356
817.739
817.930
818.122
818.313
818.505
818.888
819.271
819.463
819.655
819.846
820.038
820.421
820.804
820.996
821.187
821.379
821.570
821.953
822.337
822.528
822.720
822.911
823.103
823.486
823.869
824.061
824.252
824.444
824.635
825.019
825.402
825.593
825.785
825.977
826.168
826.551
826.934
827.126
827.318
827.509
827.701
828.084
828.467
828.659
828.850
829.042
829.233
829.995
830.757
831.519
832.280
833.042
833.810
834.579
835.347
836.116
836.884
837.648
838.412
838.791
839.170
839.550
839.929
840.309
840.688
841.068
841.447
841.827
842.018
842.209
842.400
842.591
842.782
842.973
843.164
843.355
843.546
843.737
843.928
844.119
844.310
844.501
844.692
844.883
845.074
845.265
845.456
845.647
845.838
846.029
846.218
846.408
846.597
846.786
846.975
847.164
847.353
847.542
847.731
847.921
848.110
848.299
848.488
848.677
848.866
849.055
849.244
849.434
849.623
849.812
850.001
850.190
850.379
850.568
850.757
850.944
851.130
851.317
851.503
851.690
851.876
852.063
852.249
852.436
852.622
852.808
852.995
853.181
853.368
853.554
853.741
853.927
854.114
854.300
854.487
854.673
854.860
855.046
855.235
855.423
855.612
855.801
855.990
856.178
856.367
856.556
856.745
856.933
857.122
857.311
857.499
857.688
857.873
858.058
858.243
858.427
858.612
858.797
858.982
859.167
859.351
859.536
859.720
859.904
860.087
860.271
860.455
860.638
860.822
861.006
861.189
861.373
861.557
861.740
861.924
862.108
862.292
862.475
862.659
862.843
863.027
863.211
863.395
863.579
863.763
863.947
864.131
864.315
864.499
864.683
864.868
865.052
865.237
865.421
865.606
865.790
865.975
866.159
866.344
866.528
866.713
866.897
867.079
867.261
867.443
867.624
867.806
867.988
868.170
868.351
868.533
868.715
868.897
869.078
869.258
869.439
869.620
869.801
869.981
870.162
870.343
870.524
870.704
870.885
871.065
871.246
871.426
871.607
871.787
871.968
872.148
872.329
872.509
872.690
872.870
873.051
873.232
873.412
873.594
873.777
873.959
874.141
874.323
874.505
874.688
874.870
875.052
875.234
875.417
875.599
875.781
875.963
876.146
876.328
876.506
876.685
876.864
877.042
877.221
877.400
877.578
877.757
877.936
878.114
878.293
878.472
878.650
878.829
879.008
879.186
879.365
879.544
879.722
879.901
880.079
880.258
880.436
880.615
880.793
880.972
881.150
881.329
881.507
881.686
881.864
882.043
882.221
882.400
882.578
882.757
882.936
883.115
883.295
883.474
883.654
883.833
884.013
884.192
884.372
884.551
884.731
884.910
885.090
885.269
885.449
885.628
885.807
885.985
886.162
886.339
886.517
886.694
886.871
887.048
887.226
887.403
887.580
887.758
887.935
888.112
888.290
888.467
888.644
888.819
888.994
889.170
889.345
889.520
889.695
889.870
890.045
890.221
890.396
890.571
890.746
890.921
891.097
891.272
891.447
891.624
891.802
891.979
892.156
892.334
892.511
892.688
892.866
893.043
893.220
893.398
893.575
893.752
893.930
894.107
894.284
894.462
894.639
894.816
894.994
895.171
895.348
895.526
895.702
895.879
896.056
896.232
896.409
896.586
896.762
896.939
897.116
897.293
897.469
897.646
897.823
897.999
898.176
898.353
898.529
898.706
898.883
899.059
899.236
899.412
899.589
899.766
899.942
900.119
900.295
900.472
