28.277
29.215
30.152
31.090
32.027
32.965
33.902
34.840
35.777
36.715
37.652
38.589
39.527
40.464
41.402
42.339
43.277
44.214
45.152
46.089
47.027
47.964
48.902
49.839
50.777
51.714
52.652
53.589
54.527
55.464
56.402
57.339
58.277
59.214
60.152
61.089
62.027
62.964
63.901
64.839
65.776
66.714
67.651
68.589
69.526
70.464
71.401
72.339
73.276
74.214
75.151
76.089
77.026
77.964
78.901
79.839
80.776
81.714
82.651
83.589
84.526
85.464
86.401
87.338
88.276
89.213
90.151
91.088
92.026
92.963
93.901
94.838
95.776
96.713
97.651
98.588
99.526
100.463
101.401
102.338
103.276
104.213
105.151
106.088
107.026
107.963
108.901
109.838
110.776
111.713
112.650
113.588
114.525
115.463
116.400
117.338
118.275
119.213
120.150
121.088
122.025
122.963
123.900
124.838
125.775
126.713
127.650
128.588
129.525
130.463
131.400
132.338
133.275
134.213
135.150
136.087
137.025
137.962
138.900
139.837
140.775
141.712
142.650
143.587
144.525
145.462
146.400
147.337
148.275
149.212
150.150
151.087
152.025
152.962
153.900
154.837
155.775
156.712
157.650
158.587
159.525
160.462
161.399
162.337
163.274
164.212
165.149
166.087
167.024
167.962
168.899
169.837
170.774
171.712
172.649
173.587
174.524
175.462
176.399
177.337
178.274
179.212
180.149
181.087
182.024
182.962
183.899
184.836
185.774
186.711
187.649
188.586
189.524
190.461
191.399
192.336
193.274
194.211
195.149
196.086
197.024
197.961
198.899
199.836
200.774
201.711
202.649
203.586
204.524
205.461
206.399
207.336
208.274
209.211
210.148
211.086
212.023
212.961
213.898
214.836
215.773
216.711
217.648
218.586
219.523
220.461
221.398
222.336
223.273
224.211
225.148
226.086
227.023
227.961
228.898
229.836
230.773
231.711
232.648
235.160
235.660
236.160
236.660
237.160
237.660
238.160
238.660
239.160
239.661
240.161
240.661
241.161
241.661
242.161
242.661
243.161
243.661
244.162
244.662
245.162
245.662
246.162
246.662
247.162
247.662
248.162
248.662
249.163
249.663
250.163
250.663
251.163
251.663
252.163
252.663
253.163
253.664
254.164
254.664
255.164
255.664
256.164
256.664
257.164
257.664
258.165
258.665
259.165
259.665
260.165
260.665
261.165
261.665
262.165
262.666
263.166
263.666
264.166
264.666
265.166
265.666
266.166
266.666
267.166
267.667
268.167
268.667
269.167
269.667
270.167
270.667
271.167
271.667
272.168
272.668
273.168
273.668
274.168
274.668
275.168
275.668
276.168
276.669
277.169
277.669
278.169
278.669
279.169
279.669
280.169
280.669
281.169
281.670
282.170
282.670
283.170
283.670
284.170
284.670
285.170
285.670
286.171
286.671
287.171
287.671
288.171
288.671
289.171
289.671
290.171
290.672
291.172
291.672
292.172
292.672
293.172
293.672
294.172
294.672
295.172
295.673
296.173
296.673
297.173
297.673
298.173
298.673
299.173
299.673
300.174
300.674
301.174
301.674
302.174
302.674
303.174
303.674
304.174
304.675
305.175
305.675
306.175
306.675
307.175
307.675
308.175
308.675
309.176
309.676
310.176
310.676
311.176
311.676
312.176
312.676
313.176
313.676
314.177
314.677
315.177
315.677
316.177
316.677
317.177
317.677
318.177
318.678
319.178
319.678
320.178
320.678
321.178
321.678
322.178
322.678
323.179
323.679
324.179
324.679
325.179
325.679
326.179
326.679
327.179
327.679
328.180
328.680
329.180
329.680
330.180
330.680
331.180
331.680
332.180
332.681
333.181
333.681
334.181
334.681
335.181
335.681
336.181
336.681
337.182
337.682
338.182
338.682
339.182
339.682
340.182
340.682
341.182
341.682
342.183
342.683
343.183
343.683
344.183
344.683
345.183
345.683
346.183
346.684
347.184
347.684
348.184
348.684
349.184
349.684
350.184
350.684
351.185
351.685
352.185
352.685
353.185
353.685
354.185
354.685
355.185
355.685
356.186
356.686
357.186
357.686
358.186
358.686
359.186
359.686
360.186
360.687
361.187
361.687
362.187
362.687
363.187
363.687
364.187
364.687
365.188
365.688
366.188
366.688
367.188
367.688
368.188
368.688
369.188
369.689
370.189
370.689
371.189
371.689
372.189
372.689
373.189
373.689
374.189
374.690
375.190
375.690
376.190
376.690
377.190
377.690
378.190
378.690
379.191
379.691
380.191
380.691
381.191
381.691
382.191
382.691
383.191
383.692
384.192
384.692
385.192
385.692
386.192
386.692
387.192
387.692
388.192
388.693
391.473
392.411
393.349
394.286
395.224
396.161
397.099
398.036
398.974
399.911
400.849
401.787
402.724
403.662
404.599
405.537
406.474
407.412
408.350
409.287
410.225
411.162
412.100
413.037
413.975
414.913
415.850
416.788
417.725
418.663
419.600
420.538
421.476
422.413
423.351
424.288
425.226
426.163
427.101
428.039
428.976
429.914
430.851
431.789
432.726
433.664
434.602
435.539
436.477
437.414
438.352
439.289
440.227
441.165
442.102
443.040
443.977
444.915
445.852
446.790
447.728
448.665
449.603
450.540
451.478
452.415
453.353
454.291
455.228
456.166
457.103
458.041
458.978
459.916
460.854
461.791
462.729
463.666
464.604
465.541
466.479
467.417
468.354
469.292
470.229
471.167
472.104
473.042
473.980
474.917
475.855
476.792
477.730
478.667
479.605
480.543
481.480
482.418
483.355
484.293
485.230
486.168
487.106
488.043
488.981
489.918
490.856
491.793
492.731
493.669
494.606
495.544
496.481
497.419
498.356
499.294
500.232
501.169
502.107
503.044
503.982
504.919
505.857
506.795
507.732
508.670
509.607
510.545
511.482
512.420
513.357
514.295
515.233
516.170
517.108
518.045
518.983
519.920
520.858
521.796
522.733
523.671
524.608
525.546
526.483
527.421
528.359
529.296
530.234
531.171
532.109
533.046
533.984
534.922
535.859
536.797
537.734
538.672
539.609
540.547
541.485
542.422
543.360
544.297
545.235
546.172
547.110
548.048
548.985
549.923
550.860
551.798
552.735
553.673
554.611
555.548
556.486
557.423
558.361
559.298
560.236
561.174
562.111
563.049
563.986
564.924
565.861
566.799
567.737
568.674
569.612
570.549
571.487
572.424
573.362
574.300
575.237
576.175
577.112
578.050
578.987
579.925
580.863
581.800
584.096
584.595
585.095
585.595
586.095
586.595
587.095
587.595
588.095
588.594
589.094
589.594
590.094
590.594
591.094
591.594
592.094
592.594
593.093
593.593
594.093
594.593
595.093
595.593
596.093
596.593
597.092
597.592
598.092
598.592
599.092
599.592
600.092
600.592
601.091
601.591
602.091
602.591
603.091
603.591
604.091
604.591
605.091
605.590
606.090
606.590
607.090
607.590
608.090
608.590
609.090
609.589
610.089
610.589
611.089
611.589
612.089
612.589
613.089
613.588
614.088
614.588
615.088
615.588
616.088
616.588
617.088
617.588
618.087
618.587
619.087
619.587
620.087
620.587
621.087
621.587
622.086
622.586
623.086
623.586
624.086
624.586
625.086
625.586
626.085
626.585
627.085
627.585
628.085
628.585
629.085
629.585
630.085
630.584
631.084
631.584
632.084
632.584
633.084
633.584
634.084
634.583
635.083
635.583
636.083
636.583
637.083
637.583
638.083
638.582
639.082
639.582
640.082
640.582
641.082
641.582
642.082
642.582
643.081
643.581
644.081
644.581
645.081
645.581
646.081
646.581
647.080
647.580
648.080
648.580
649.080
649.580
650.080
650.580
651.079
651.579
652.079
652.579
653.079
653.579
654.079
654.579
655.079
655.578
656.078
656.578
657.078
657.578
658.078
658.578
659.078
659.577
660.077
660.577
661.077
661.577
662.077
662.577
663.077
663.576
664.076
664.576
665.076
665.576
666.076
666.576
667.076
667.576
668.075
668.575
669.075
669.575
670.075
670.575
671.075
671.575
672.074
672.574
673.074
673.574
674.074
674.574
675.074
675.574
676.073
676.573
677.073
677.573
678.073
678.573
679.073
679.573
680.073
680.572
681.072
681.572
682.072
682.572
683.072
683.572
684.072
684.571
685.071
685.571
686.071
686.571
687.071
687.571
688.071
688.570
689.070
689.570
690.070
690.570
691.070
691.570
692.070
692.570
693.069
693.569
694.069
694.569
695.069
695.569
696.069
696.569
697.068
697.568
698.068
698.568
699.068
699.568
700.068
701.149
702.087
703.024
703.962
704.899
705.837
706.774
707.712
708.649
709.587
710.524
711.462
712.399
713.337
714.274
715.212
716.149
717.087
718.024
718.962
719.899
720.837
721.774
722.712
723.649
724.587
725.524
726.462
727.399
728.336
729.274
730.211
731.149
732.086
733.024
733.961
734.899
735.836
736.774
737.711
738.649
739.586
740.524
741.461
742.399
743.336
744.274
745.211
746.149
747.086
748.024
748.961
749.899
750.836
751.774
752.711
753.649
754.586
755.524
756.461
757.399
758.336
759.274
760.211
761.149
762.086
763.023
763.961
764.898
765.836
766.773
767.711
768.648
769.586
770.523
771.461
772.398
773.336
774.273
775.211
776.148
777.086
778.023
778.961
779.898
780.836
781.773
782.711
783.648
784.586
785.523
786.461
787.398
788.336
789.273
790.211
791.148
792.086
793.023
793.961
794.898
795.836
796.773
797.710
798.648
799.585
800.523
801.460
802.398
803.335
804.273
805.210
806.148
807.085
808.023
808.960
809.898
810.835
811.773
812.710
813.648
814.585
815.523
816.460
817.398
818.335
819.273
820.210
821.148
822.085
823.023
823.960
824.898
825.835
826.773
827.710
828.648
829.585
830.522
831.460
832.397
833.335
834.272
835.210
836.147
837.085
838.022
838.960
839.897
840.835
841.772
842.710
843.647
844.585
845.522
846.460
847.397
848.335
849.272
850.210
851.147
852.085
853.022
853.960
854.897
855.835
856.772
857.710
858.647
859.585
860.522
861.460
862.397
863.335
864.272
865.209
866.147
867.084
868.022
868.959
869.897
870.834
871.772
872.709
873.647
874.584
875.522
876.459
877.397
878.334
879.272
880.209
881.147
882.084
883.022
883.959
884.897
885.834
886.772
887.709
888.647
889.584
890.522
891.459
892.397
893.334
894.272
895.209
896.147
897.084
898.022
898.959
899.896
900.834
901.771
902.709
903.646
904.584
905.521
906.459
907.396
908.334
909.271
910.209
911.146
912.084
913.021
913.959
914.896
915.834
918.392
918.892
919.392
919.892
920.392
920.892
921.392
921.892
922.392
922.892
923.392
923.892
924.391
924.891
925.391
925.891
926.391
926.891
927.391
927.891
928.391
928.891
929.391
929.891
930.391
930.891
931.391
931.891
932.391
932.891
933.391
933.891
934.391
934.891
935.391
935.891
936.391
936.890
937.390
937.890
938.390
938.890
939.390
939.890
940.390
940.890
941.390
941.890
942.390
942.890
943.390
943.890
944.390
944.890
945.390
945.890
946.390
946.890
947.390
947.890
948.390
948.889
949.389
949.889
950.389
950.889
951.389
951.889
952.389
952.889
953.389
953.889
954.389
954.889
955.389
955.889
956.389
956.889
957.389
957.889
958.389
958.889
959.389
959.889
960.389
960.889
961.388
961.888
962.388
962.888
963.388
963.888
964.388
964.888
965.388
965.888
966.388
966.888
967.388
967.888
968.388
968.888
969.388
969.888
970.388
970.888
971.388
971.888
972.388
972.888
973.388
973.887
974.387
974.887
975.387
975.887
976.387
976.887
977.387
977.887
978.387
978.887
979.387
979.887
980.387
980.887
981.387
981.887
982.387
982.887
983.387
983.887
984.387
984.887
985.387
985.886
986.386
986.886
987.386
987.886
988.386
988.886
989.386
989.886
990.386
990.886
991.386
991.886
992.386
992.886
993.386
993.886
994.386
994.886
995.386
995.886
996.386
996.886
997.386
997.886
998.385
998.885
999.385
999.885
1000.385
1000.885
1001.385
1001.885
1002.385
1002.885
1003.385
1003.885
1004.385
1004.885
1005.385
1005.885
1006.385
1006.885
1007.385
1007.885
1008.385
1008.885
1009.385
1009.885
1010.384
1010.884
1011.384
1011.884
1012.384
1012.884
1013.384
1013.884
1014.384
1014.884
1015.384
1015.884
1016.384
1016.884
1017.384
1017.884
1018.384
1018.884
1019.384
1019.884
1020.384
1020.884
1021.384
1021.884
1022.384
1022.883
1023.383
1023.883
1024.383
1024.883
1025.383
1025.883
1026.383
1026.883
1027.383
1030.378
1031.274
1032.170
1033.065
1033.961
1034.856
1035.752
1036.648
1037.543
1038.439
1039.334
1040.230
1041.126
1042.021
1042.917
1043.813
1044.708
1045.604
1046.499
1047.395
1048.291
1049.186
1050.082
1050.977
1051.873
1052.769
1053.664
1054.560
1055.456
1056.351
1057.247
1058.142
1059.038
1059.934
1060.829
1061.725
1062.621
1063.516
1064.412
1065.307
1066.203
1067.099
1067.994
1068.890
1069.785
1070.681
1071.577
1072.472
1073.368
1074.264
1075.159
1076.055
1076.950
1077.846
1078.742
1079.637
1080.533
1081.428
1082.324
1083.220
1084.115
1085.011
1085.907
1086.802
1087.698
1088.593
1089.489
1090.385
1091.280
1092.176
1093.071
1093.967
1094.863
1095.758
1096.654
1097.550
1098.445
1099.341
1100.236
1101.132
1102.028
1102.923
1103.819
1104.715
1105.610
1106.506
1107.401
1108.297
1109.193
1110.088
1110.984
1111.879
1112.775
1113.671
1114.566
1115.462
1116.358
1117.253
1118.149
1119.044
1119.940
1120.836
1121.731
1122.627
1123.522
1124.418
1125.314
1126.209
1127.105
1128.001
1128.896
1129.792
1130.687
1131.583
1132.479
1133.374
1134.270
1135.165
1136.061
1136.957
1137.852
1138.748
1139.644
1140.539
1141.435
1142.330
1143.226
1144.122
1145.017
1145.913
1146.808
1147.704
1148.600
1149.495
1150.391
1151.287
1152.182
1153.078
1153.973
1154.869
1155.765
1156.660
1157.556
1158.452
1159.347
1160.243
1161.138
1162.034
1162.930
1163.825
1164.721
1165.616
1166.512
1167.408
1168.303
1169.199
1170.095
1170.990
1171.886
1172.781
1173.677
1174.573
1175.468
1176.364
1177.259
1178.155
1179.051
1179.946
1180.842
1181.738
1182.633
1183.529
1184.424
1185.320
1186.216
1187.111
1188.007
1188.902
1189.798
1190.694
1191.589
1192.485
1193.381
1194.276
1195.172
1196.067
1196.963
1197.859
1198.754
1199.650
1200.546
1201.441
1202.337
1203.232
1204.128
1205.024
1205.919
1206.815
1207.710
1208.606
1209.502
1210.397
1211.293
1212.189
1213.084
1213.980
1214.875
1215.771
1216.667
1217.562
1218.458
1219.353
1220.249
1221.145
1222.040
1222.936
1223.832
1224.727
1225.623
1226.518
1227.414
1228.310
1229.205
1230.101
1230.996
1231.892
1232.788
1233.683
1234.579
1235.475
1236.370
1237.266
1238.161
1239.057
1239.953
1240.848
1241.744
1242.640
1243.535
1244.431
1245.326
1246.222
1247.118
1248.013
1250.105
1250.605
1251.106
1251.606
1252.106
1252.606
1253.106
1253.606
1254.106
1254.606
1255.106
1255.606
1256.106
1256.606
1257.107
1257.607
1258.107
1258.607
1259.107
1259.607
1260.107
1260.607
1261.107
1261.607
1262.107
1262.607
1263.108
1263.608
1264.108
1264.608
1265.108
1265.608
1266.108
1266.608
1267.108
1267.608
1268.108
1268.608
1269.108
1269.609
1270.109
1270.609
1271.109
1271.609
1272.109
1272.609
1273.109
1273.609
1274.109
1274.609
1275.109
1275.610
1276.110
1276.610
1277.110
1277.610
1278.110
1278.610
1279.110
1279.610
1280.110
1280.610
1281.110
1281.611
1282.111
1282.611
1283.111
1283.611
1284.111
1284.611
1285.111
1285.611
1286.111
1286.611
1287.111
1287.612
1288.112
1288.612
1289.112
1289.612
1290.112
1290.612
1291.112
1291.612
1292.112
1292.612
1293.112
1293.613
1294.113
1294.613
1295.113
1295.613
1296.113
1296.613
1297.113
1297.613
1298.113
1298.613
1299.113
1299.614
1300.114
1300.614
1301.114
1301.614
1302.114
1302.614
1303.114
1303.614
1304.114
1304.614
1305.114
1305.615
1306.115
1306.615
1307.115
1307.615
1308.115
1308.615
1309.115
1309.615
1310.115
1310.615
1311.115
1311.616
1312.116
1312.616
1313.116
1313.616
1314.116
1314.616
1315.116
1315.616
1316.116
1316.616
1317.116
1317.617
1318.117
1318.617
1319.117
1319.617
1320.117
1320.617
1321.117
1321.617
1322.117
1322.617
1323.117
1323.618
1324.118
1324.618
1325.118
1325.618
1326.118
1326.618
1327.118
1327.618
1328.118
1328.618
1329.118
1329.619
1330.119
1330.619
1331.119
1331.619
1332.119
1332.619
1333.119
1333.619
1334.119
1334.619
1335.119
1335.620
1336.120
1336.620
1337.120
1337.620
1338.120
1338.620
1339.120
1339.620
1340.120
1340.620
1341.120
1341.621
1342.121
1342.621
1343.121
1343.621
1344.121
1344.621
1345.121
1345.621
1346.121
1346.621
1347.121
1347.622
1348.122
1348.622
1349.122
1349.622
1350.122
1350.622
1351.122
1351.622
1352.122
1352.622
1353.122
1353.623
1354.123
1354.623
1355.123
1355.623
1356.123
1356.623
1357.123
1357.623
1358.123
1358.623
1359.123
1359.624
1360.124
1360.624
1361.124
1361.624
1362.124
1362.624
1363.124
1363.624
1364.124
1364.624
1365.124
1365.625
1366.125
1366.625
1367.125
1367.625
1368.125
1368.625
1369.125
1369.625
1370.125
1370.625
1371.125
1371.626
1372.126
1372.626
1373.126
1373.626
1374.126
1374.626
1376.257
1377.971
1379.685
1381.398
1383.112
1384.826
1386.540
1388.253
1389.967
1391.681
1393.395
1395.108
1396.822
1398.536
1400.249
1401.963
1403.677
1405.391
1407.104
1408.818
1410.532
1412.246
1413.959
1415.673
1417.387
1419.101
1420.814
1422.528
1424.242
1425.955
1427.669
1429.383
1431.097
1432.810
1434.524
1436.238
1437.952
1439.665
1441.379
1443.093
1444.807
1446.520
1448.234
1449.948
1451.661
1453.375
1455.089
1456.803
1458.516
1460.230
1461.944
1463.658
1465.371
1467.085
1468.799
1470.513
1472.226
1473.940
1475.654
1477.367
1479.081
1480.795
1481.652
1482.510
1483.367
1484.224
1485.082
1485.939
1486.797
1487.654
1488.511
1489.369
1490.226
1491.084
1491.941
1492.798
1493.656
1494.513
1495.371
1496.228
1497.085
1497.943
1498.800
1499.658
1500.515
1501.372
1502.230
1503.087
1503.944
1504.802
1505.659
1506.517
1507.374
1508.231
1509.089
1509.946
1510.804
1511.661
1512.518
1513.376
1514.233
1515.091
1515.948
1516.805
1517.663
1518.520
1519.377
1520.235
1521.092
1521.950
1522.807
1523.664
1524.522
1525.379
1526.237
1527.094
1527.951
1528.809
1529.666
1530.524
1531.381
1532.238
1533.096
1533.953
1534.810
1535.668
1536.525
1537.383
1538.240
1539.097
1539.955
1540.812
1541.670
1542.527
1543.384
1544.242
1545.099
1545.957
1546.814
1547.671
1548.529
1549.386
1550.244
1551.101
1551.958
1552.816
1553.673
1554.530
1555.388
1556.245
1557.103
1557.960
1558.817
1559.675
1560.532
1561.390
1562.247
1563.104
1563.962
1564.819
1565.677
1566.534
1567.391
1568.249
1569.106
1569.963
1570.821
1571.678
1572.536
1573.393
1574.250
1575.108
1575.965
1576.823
1577.680
1578.537
1579.395
1580.252
1581.110
1581.967
1582.824
1583.682
1584.539
1585.396
1586.254
1587.111
1587.969
1588.826
1589.683
1590.541
1591.398
1592.256
1593.113
1593.970
1594.828
1595.685
1596.543
1597.400
1600.816
1601.316
1601.816
1602.316
1602.816
1603.316
1603.816
1604.316
1604.816
1605.316
1605.816
1606.316
1606.816
1607.316
1607.816
1608.316
1608.816
1609.316
1609.816
1610.316
1610.816
1611.316
1611.816
1612.316
1612.816
1613.316
1613.816
1614.316
1614.816
1615.316
1615.816
1616.316
1616.816
1617.316
1617.816
1618.316
1618.816
1619.316
1619.816
1620.316
1620.815
1621.315
1621.815
1622.315
1622.815
1623.315
1623.815
1624.315
1624.815
1625.315
1625.815
1626.315
1626.815
1627.315
1627.815
1628.315
1628.815
1629.315
1629.815
1630.315
1630.815
1631.315
1631.815
1632.315
1632.815
1633.315
1633.815
1634.315
1634.815
1635.315
1635.815
1636.315
1636.815
1637.315
1637.815
1638.315
1638.815
1639.315
1639.815
1640.315
1640.815
1641.315
1641.815
1642.315
1642.815
1643.315
1643.815
1644.315
1644.815
1645.314
1645.814
1646.314
1646.814
1647.314
1647.814
1648.314
1648.814
1649.314
1649.814
1650.314
1650.814
1651.314
1651.814
1652.314
1652.814
1653.314
1653.814
1654.314
1654.814
1655.314
1655.814
1656.314
1656.814
1657.314
1657.814
1658.314
1658.814
1659.314
1659.814
1660.314
1660.814
1661.314
1661.814
1662.314
1662.814
1663.314
1663.814
1664.314
1664.814
1665.314
1665.814
1666.314
1666.814
1667.314
1667.814
1668.314
1668.814
1669.313
1669.813
1670.313
1670.813
1671.313
1671.813
1672.313
1672.813
1673.313
1673.813
1674.313
1674.813
1675.313
1675.813
1676.313
1676.813
1677.313
1677.813
1678.313
1678.813
1679.313
1679.813
1680.313
1680.813
1681.313
1681.813
1682.313
1682.813
1683.313
1683.813
1684.313
1684.813
1685.313
1685.813
1686.313
1686.813
1687.313
1687.813
1688.313
1688.813
1689.313
1689.813
1690.313
1690.813
1691.313
1691.813
1692.313
1692.813
1693.312
1693.812
1694.312
1694.812
1695.312
1695.812
1696.312
1696.812
1697.312
1697.812
1698.312
1698.812
1699.312
1699.812
1700.312
1700.812
1701.312
1701.812
1702.312
1702.812
1703.312
1703.812
1704.312
1704.812
1705.312
1705.812
1706.312
1706.812
1707.312
1707.812
1708.312
1708.812
1709.312
1709.812
1710.312
1710.812
1711.312
1711.812
1712.312
1712.812
1713.312
1713.812
1714.312
1714.812
1715.312
1715.812
1716.312
1716.812
1717.312
1717.811
1718.311
1718.811
1719.311
1719.811
1720.311
1720.811
1721.311
1721.811
1722.311
1722.811
1723.311
1723.811
1724.311
1724.811
1725.311
1725.811
1726.311
1728.200
1729.095
1729.990
1730.886
1731.781
1732.677
1733.572
1734.468
1735.363
1736.259
1737.154
1738.050
1738.945
1739.840
1740.736
1741.631
1742.527
1743.422
1744.318
1745.213
1746.109
1747.004
1747.899
1748.795
1749.690
1750.586
1751.481
1752.377
1753.272
1754.168
1755.063
1755.959
1756.854
1757.749
1758.645
1759.540
1760.436
1761.331
1762.227
1763.122
1764.018
1764.913
1765.809
1766.704
1767.599
1768.495
1769.390
1770.286
1771.181
1772.077
1772.972
1773.868
1774.763
1775.658
1776.554
1777.449
1778.345
1779.240
1780.136
1781.031
1781.927
1782.822
1783.718
1784.613
1785.508
1786.404
1787.299
1788.195
1789.090
1789.986
1790.881
1791.777
1792.672
1793.568
1794.463
1795.358
1796.254
1797.149
1798.045
1798.940
1799.836
1800.731
1801.627
1802.522
1803.417
1804.313
1805.208
1806.104
1806.999
1807.895
1808.790
1809.686
1810.581
1811.477
1812.372
1813.267
1814.163
1815.058
1815.954
1816.849
1817.745
1818.640
1819.536
1820.431
1821.327
1822.222
1823.117
1824.013
1824.908
1825.804
1826.699
1827.595
1828.490
1829.386
1830.281
1831.177
1832.072
1832.967
1833.863
1834.758
1835.654
1836.549
1837.445
1838.340
1839.236
1840.131
1841.026
1841.922
1842.817
1843.713
1844.608
1845.504
1846.399
1847.295
1848.190
1849.086
1849.981
1850.876
1851.772
1852.667
1853.563
1854.458
1855.354
1856.249
1857.145
1858.040
1858.936
1859.831
1860.726
1861.622
1862.517
1863.413
1864.308
1865.204
1866.099
1866.995
1867.890
1868.785
1869.681
1870.576
1871.472
1872.367
1873.263
1874.158
1875.054
1875.949
1876.845
1877.740
1878.635
1879.531
1880.426
1881.322
1882.217
1883.113
1884.008
1884.904
1885.799
1886.695
1887.590
1888.485
1889.381
1890.276
1891.172
1892.067
1892.963
1893.858
1894.754
1895.649
1896.544
1897.440
1898.335
1899.231
1900.126
1901.022
1901.917
1902.813
1903.708
1904.604
1905.499
1906.394
1907.290
1908.185
1909.081
1909.976
1910.872
1911.767
1912.663
1913.558
1914.454
1915.349
1916.244
1917.140
1918.035
1918.931
1919.826
1920.722
1921.617
1922.513
1923.408
1924.304
1925.199
1926.094
1926.990
1927.885
1928.781
1929.676
1930.572
1931.467
1932.363
1933.258
1934.153
1935.049
1935.944
1936.840
1937.735
1938.631
1939.526
1940.422
1941.317
1942.213
1943.108
1944.003
1944.899
1945.794
1946.690
1947.585
1948.481
1949.376
1950.272
1951.167
1952.063
1952.958
1955.475
1956.371
1957.266
1958.161
1959.056
1959.951
1960.846
1961.742
1962.637
1963.532
1964.427
1965.322
1966.217
1967.113
1968.008
1968.903
1969.798
1970.693
1971.588
1972.484
1973.379
1974.274
1975.169
1976.064
1976.959
1977.855
1978.750
1979.645
1980.540
1981.435
1982.331
1983.226
1984.121
1985.016
1985.911
1986.806
1987.702
1988.597
1989.492
1990.387
1991.282
1992.177
1993.073
1993.968
1994.863
1995.758
1996.653
1997.548
1998.444
1999.339
2000.234
2001.129
2002.024
2002.919
2003.815
2004.710
2005.605
2006.500
2007.395
2008.290
2009.186
2010.081
2010.976
2011.871
2012.766
2013.662
2014.557
2015.452
2016.347
2017.242
2018.137
2019.033
2019.928
2020.823
2021.718
2022.613
2023.508
2024.404
2025.299
2026.194
2027.089
2027.984
2028.879
2029.775
2030.670
2031.565
2032.460
2033.355
2034.250
2035.146
2036.041
2036.936
2037.831
2038.726
2039.622
2040.517
2041.412
2042.307
2043.202
2044.097
2044.993
2045.888
2046.783
2047.678
2048.573
2049.468
2050.364
2051.259
2052.154
2053.049
2053.944
2054.839
2055.735
2056.630
2057.525
2058.420
2059.315
2060.210
2061.106
2062.001
2062.896
2063.791
2064.686
2065.582
2066.477
2067.372
2068.267
2069.162
2070.057
2070.953
2071.848
2072.743
2073.638
2074.533
2075.428
2076.324
2077.219
2078.114
2079.009
2079.904
2080.799
2081.695
2082.590
2083.485
2084.380
2085.275
2086.170
2087.066
2087.961
2088.856
2089.751
2090.646
2091.541
2092.437
2093.332
2094.227
2095.122
2096.017
2096.913
2097.808
2098.703
2099.598
2100.493
2101.388
2102.284
2103.179
2104.074
2104.969
2105.864
2106.759
2107.655
2108.550
2109.445
2110.340
2111.235
2112.130
2113.026
2113.921
2114.816
2115.711
2116.606
2117.501
2118.397
2119.292
2120.187
2121.082
2121.977
2122.873
2123.768
2124.663
2125.558
2126.453
2127.348
2128.244
2129.139
2130.034
2130.929
2131.824
2132.719
2133.615
2134.510
2135.405
2136.300
2137.195
2138.090
2138.986
2139.881
2140.776
2141.671
2142.566
2143.461
2144.357
2145.252
2146.147
2147.042
2147.937
2148.833
2149.728
2150.623
2151.518
2153.969
2154.675
2155.381
2156.087
2156.793
2157.499
2158.204
2158.910
2159.616
2160.322
2161.028
2161.734
2162.440
2163.145
2163.851
2164.557
2165.263
2165.969
2166.675
2167.381
2168.087
2168.792
2169.498
2170.204
2170.910
2171.616
2172.322
2173.028
2173.734
2174.439
2175.145
2175.851
2176.557
2177.263
2177.969
2178.675
2179.381
2180.086
2180.792
2181.498
2182.204
2182.910
2183.616
2184.322
2185.027
2185.733
2186.439
2187.145
2187.851
2188.557
2189.263
2189.969
2190.674
2191.380
2192.086
2192.792
2193.498
2194.204
2194.910
2195.616
2196.321
2197.027
2197.733
2198.439
2199.145
2199.851
2200.557
2201.262
2201.968
2202.674
2203.380
2204.086
2204.792
2205.498
2206.204
2206.909
2207.615
2208.321
2209.027
2209.733
2210.439
2211.145
2211.851
2212.556
2213.262
2213.968
2214.674
2215.380
2216.086
2216.792
2217.498
2218.203
2218.909
2219.615
2220.321
2221.027
2221.733
2222.439
2223.144
2223.850
2224.556
2225.262
2225.968
2226.674
2227.380
2228.086
2228.791
2229.497
2230.203
2230.909
2231.615
2232.321
2233.027
2233.733
2234.438
2235.144
2235.850
2236.556
2237.262
2237.968
2238.674
2239.380
2240.085
2240.791
2241.497
2242.203
2242.909
2243.615
2244.321
2245.026
2245.732
2246.438
2247.144
2247.850
2248.556
2249.262
2249.968
2250.673
2251.379
2252.085
2252.791
2253.497
2254.203
2254.909
2255.615
2256.320
2257.026
2257.732
2258.438
2259.144
2259.850
2260.556
2261.261
2261.967
2262.673
2263.379
2264.085
2264.791
2265.497
2266.203
2266.908
2267.614
2268.320
2269.026
2269.732
2270.438
2271.144
2271.850
2272.555
2273.261
2273.967
2274.673
2275.379
2276.085
2276.791
2277.497
2278.202
2278.908
2279.614
2280.320
2281.026
2281.732
2282.438
2283.143
2283.849
2284.555
2285.261
2285.967
2286.673
2287.379
2288.085
2288.790
2289.496
2290.202
2290.908
2291.614
2292.320
2293.026
2293.732
2294.437
2295.143
2295.849
2296.555
2297.261
2297.967
2298.673
2299.379
2300.084
2300.790
2301.496
2302.202
2302.908
2303.614
2304.320
2305.025
2305.731
2306.437
2307.143
2307.849
2308.555
2309.261
2309.967
2310.672
2311.378
2312.084
2312.790
2313.496
2314.202
2314.908
2315.614
2316.319
2317.025
2317.731
2318.437
2319.143
2319.849
2320.555
2321.260
2321.966
2322.672
2323.378
2324.084
2324.790
2325.496
2326.202
2326.907
2327.613
2328.319
2329.025
2329.731
2330.437
2331.143
2331.849
2332.554
2333.260
2333.966
2334.672
2335.378
2336.084
2336.790
2337.496
2338.201
2338.907
2339.613
2340.319
2341.025
2341.731
2342.437
2343.142
2343.848
2344.554
2345.260
2345.966
2346.672
2347.378
2348.084
2348.789
2349.495
2350.201
2350.907
2351.613
2352.319
2353.025
2353.731
2354.436
2355.142
2355.848
2356.554
2357.260
2357.966
2358.672
2359.378
2360.083
2360.789
2361.495
2362.201
2362.907
2363.613
2364.319
2365.024
2365.730
2366.436
2367.142
2367.848
2368.554
2369.260
2369.966
2370.671
2371.377
2372.083
2372.789
2373.495
2374.201
2374.907
2375.613
2376.318
2377.024
2377.730
2378.436
2379.142
2379.848
2380.554
2381.259
2381.965
2382.671
2383.377
2384.083
2384.789
2385.495
2386.201
2386.906
2387.612
2388.318
2389.024
2389.730
2390.436
2391.142
2391.848
2392.553
2393.259
2393.965
2394.671
2395.377
2396.083
2396.789
2397.495
2398.200
2398.906
2399.612
2400.318
2401.024
2401.730
2402.436
2403.141
2403.847
2404.553
2405.259
2405.965
2406.671
2407.377
2408.083
2408.788
2409.494
2410.200
2410.906
2411.612
2412.318
2413.024
2413.730
2414.435
2415.141
2415.847
2416.553
2417.259
2417.965
2418.671
2419.377
2420.082
2420.788
2421.494
2422.200
2422.906
2423.612
2424.318
2425.023
2425.729
2426.435
2427.141
2427.847
2428.553
2429.259
2429.965
2430.670
2431.376
2432.082
2432.788
2433.494
2434.200
2434.906
2435.612
2436.317
2437.023
2437.729
2438.435
2439.141
2439.847
2440.553
2441.259
2441.964
2442.670
2443.376
2444.082
2444.788
2445.494
2446.200
2446.905
2447.611
2448.317
2449.023
2449.729
2452.072
2452.572
2453.071
2453.571
2454.071
2454.571
2455.071
2455.571
2456.071
2456.571
2457.071
2457.571
2458.071
2458.571
2459.071
2459.571
2460.071
2460.571
2461.071
2461.571
2462.071
2462.570
2463.070
2463.570
2464.070
2464.570
2465.070
2465.570
2466.070
2466.570
2467.070
2467.570
2468.070
2468.570
2469.070
2469.570
2470.070
2470.570
2471.070
2471.570
2472.069
2472.569
2473.069
2473.569
2474.069
2474.569
2475.069
2475.569
2476.069
2476.569
2477.069
2477.569
2478.069
2478.569
2479.069
2479.569
2480.069
2480.569
2481.069
2481.568
2482.068
2482.568
2483.068
2483.568
2484.068
2484.568
2485.068
2485.568
2486.068
2486.568
2487.068
2487.568
2488.068
2488.568
2489.068
2489.568
2490.068
2490.568
2491.067
2491.567
2492.067
2492.567
2493.067
2493.567
2494.067
2494.567
2495.067
2495.567
2496.067
2496.567
2497.067
2497.567
2498.067
2498.567
2499.067
2499.567
2500.067
2500.566
2501.066
2501.566
2502.066
2502.566
2503.066
2503.566
2504.066
2504.566
2505.066
2505.566
2506.066
2506.566
2507.066
2507.566
2508.066
2508.566
2509.066
2509.566
2510.065
2510.565
2511.065
2511.565
2512.065
2512.565
2513.065
2513.565
2514.065
2514.565
2515.065
2515.565
2516.065
2516.565
2517.065
2517.565
2518.065
2518.565
2519.065
2519.564
2520.064
2520.564
2521.064
2521.564
2522.064
2522.564
2523.064
2523.564
2524.064
2524.564
2525.064
2525.564
2526.064
2526.564
2527.064
2527.564
2528.064
2528.564
2529.063
2529.563
2530.063
2530.563
2531.063
2531.563
2532.063
2532.563
2533.063
2533.563
2534.063
2534.563
2535.063
2535.563
2536.063
2536.563
2537.063
2537.563
2538.063
2538.562
2539.062
2539.562
2540.062
2540.562
2541.062
2541.562
2542.062
2542.562
2543.062
2543.562
2544.062
2544.562
2545.062
2545.562
2546.062
2546.562
2547.062
2547.561
2548.061
2548.561
2549.061
2549.561
2550.061
2550.561
2551.061
2551.561
2552.061
2552.561
2553.061
2553.561
2554.061
2554.561
2555.061
2555.561
2556.061
2556.561
2557.060
2557.560
2558.060
2558.560
2559.060
2559.560
2560.060
2560.560
2561.060
2561.560
2562.060
2562.560
2563.060
2563.560
2564.060
2564.560
2565.060
2565.560
2566.060
2566.559
2567.059
2567.559
2568.059
2568.559
2569.059
2569.559
2570.059
2570.559
2571.059
2571.559
2572.059
2572.559
2573.059
2573.559
2574.059
2574.559
2575.059
2575.559
2576.058
2576.558
2577.058
2577.558
2578.058
2578.558
2579.058
2579.558
2580.058
2580.558
2581.058
2581.558
2582.058
2582.558
2583.058
2583.558
2584.058
2584.558
2585.058
2585.557
2586.057
2586.557
2587.057
2587.557
2588.057
2588.557
2589.057
2589.557
2590.057
2590.557
2591.057
2591.557
2592.057
2592.557
2593.057
2593.557
2594.057
2594.557
2595.056
2595.556
2596.056
2596.556
2597.056
2597.556
2598.056
2598.556
2599.056
2599.556
2600.056
2600.556
2601.056
2601.556
2602.056
2602.556
2603.056
2603.556
2604.056
2604.555
2605.055
2605.555
2606.055
2606.555
2607.055
2607.555
2608.055
2608.555
2609.055
2609.555
2610.055
2610.555
2611.055
2611.555
2612.055
2612.555
2613.055
2613.555
2614.054
2614.554
2615.054
2615.554
2616.054
2616.554
2617.054
2617.554
2618.054
2618.554
2619.054
2619.554
2620.054
2620.554
2621.054
2621.554
2622.054
2622.554
2623.054
2623.553
2624.053
2624.553
2625.053
2625.553
2626.053
2626.553
2627.053
2627.553
2628.053
2628.553
2629.053
2629.553
2630.053
2630.553
2631.053
2631.553
2632.053
2632.553
2633.052
2633.552
2634.052
2635.052
2635.552
2636.052
2636.552
2637.052
2637.552
2638.052
2638.552
2639.052
2639.552
2640.052
2640.552
2641.052
2641.552
2642.052
2642.551
2643.051
2643.551
2644.051
2644.551
2645.051
2645.551
2646.051
2646.551
2647.051
2647.551
2648.051
2648.551
2649.051
2649.551
2650.051
2650.551
2651.051
2651.551
2652.050
2652.550
2653.050
2653.550
2654.050
2654.550
2655.050
2655.550
2656.050
2656.550
2657.050
2657.550
2658.050
2658.550
2659.050
2659.550
2660.050
2663.009
2663.947
2664.884
2665.822
2666.759
2667.697
2668.634
2669.572
2670.510
2671.447
2672.385
2673.322
2674.260
2675.197
2676.135
2677.072
2678.010
2678.947
2679.885
2680.822
2681.760
2682.697
2683.635
2684.572
2685.510
2686.447
2687.385
2688.323
2689.260
2690.198
2691.135
2692.073
2693.010
2693.948
2694.885
2695.823
2696.760
2697.698
2698.635
2699.573
2700.510
2701.448
2702.385
2703.323
2704.260
2705.198
2706.136
2707.073
2708.011
2708.948
2709.886
2710.823
2711.761
2712.698
2713.636
2714.573
2715.511
2716.448
2717.386
2718.323
2719.261
2720.198
2721.136
2722.073
2723.011
2723.948
2724.886
2725.824
2726.761
2727.699
2728.636
2729.574
2730.511
2731.449
2732.386
2733.324
2734.261
2735.199
2736.136
2737.074
2738.011
2738.949
2739.886
2740.824
2741.761
2742.699
2743.637
2744.574
2745.512
2746.449
2747.387
2748.324
2749.262
2750.199
2751.137
2752.074
2753.012
2753.949
2754.887
2755.824
2756.762
2757.699
2758.637
2759.574
2760.512
2761.450
2762.387
2763.325
2764.262
2765.200
2766.137
2767.075
2768.012
2768.950
2769.887
2770.825
2771.762
2772.700
2773.637
2774.575
2775.512
2776.450
2777.387
2778.325
2779.263
2780.200
2781.138
2782.075
2783.013
2783.950
2784.888
2785.825
2786.763
2787.700
2788.638
2789.575
2790.513
2791.450
2792.388
2793.325
2794.263
2795.200
2796.138
2797.076
2798.013
2798.951
2799.888
2800.826
2801.763
2802.701
2803.638
2804.576
2805.513
2806.451
2807.388
2808.326
2809.263
2810.201
2811.138
2812.076
2813.013
2813.951
2814.889
2815.826
2816.764
2817.701
2818.639
2819.576
2820.514
2821.451
2822.389
2823.326
2824.264
2825.201
2826.139
2827.076
2828.014
2828.951
2829.889
2830.826
2831.764
2832.702
2833.639
2834.577
2835.514
2836.452
2837.389
2838.327
2839.264
2840.202
2841.139
2842.077
2843.014
2843.952
2844.889
2845.827
2846.764
2847.702
2848.639
2849.577
2850.515
2851.452
2852.390
2853.327
2854.265
2855.202
2856.140
2857.077
2858.015
2858.952
2859.890
2860.827
2861.765
2862.702
2863.640
2864.577
2865.515
2866.452
2867.390
2868.328
2869.265
2870.203
2871.140
2872.078
2873.015
2873.953
2874.890
2875.828
2876.765
2877.703
2878.640
2879.578
2880.515
2881.453
2882.390
2883.328
2884.265
2885.203
2886.141
2887.078
2888.016
2888.953
2889.891
2890.828
2891.766
2892.703
2893.641
2894.578
2895.516
2896.453
2897.391
2898.328
2899.266
2900.203
2901.141
2902.078
2903.016
2903.954
2904.891
2905.829
2906.766
2907.704
2908.641
2909.579
2910.516
2911.454
2912.391
2913.329
2914.266
2915.204
2916.141
2917.079
2918.016
2918.954
2919.891
2920.829
2921.767
2922.704
2923.642
2924.579
2925.517
2926.454
2927.392
2928.329
2929.267
2930.204
2931.142
2932.079
2933.017
2933.954
2934.892
2935.829
2936.767
2937.704
2938.642
2939.579
2940.517
2941.455
2942.392
2943.330
2944.267
2945.205
2946.142
2947.080
2948.017
2948.955
2949.892
2950.830
2951.767
2952.705
2953.642
2954.580
2955.517
2956.455
2957.392
2958.330
2959.268
2960.205
2961.143
2962.080
2963.018
2963.955
2964.893
2965.830
2966.768
2967.705
2968.643
2969.580
2970.518
2971.455
2972.393
2973.330
2974.268
2975.205
2976.143
2977.081
2978.018
2978.956
2979.893
2980.831
2981.768
2982.706
2983.643
2984.581
2985.518
2986.456
2987.393
2988.331
2989.268
2990.206
2991.143
2992.081
2993.018
2993.956
2994.894
2995.831
2996.769
2997.706
2998.644
2999.581
3000.519
3001.456
3002.394
3003.331
3004.269
3005.206
3006.144
3007.081
3008.019
3008.956
3009.894
3010.831
3011.769
3012.707
3013.644
3014.582
3015.519
3016.457
3017.394
3018.332
3019.269
3020.207
3021.144
3022.082
3023.019
3023.957
3024.894
3025.832
3026.769
3027.707
3028.610
3029.110
3029.610
3030.110
3030.610
3031.110
3031.609
3032.109
3032.609
3033.109
3033.609
3034.109
3034.609
3035.109
3035.609
3036.108
3036.608
3037.108
3037.608
3038.108
3038.608
3039.108
3039.608
3040.107
3040.607
3041.107
3041.607
3042.107
3042.607
3043.107
3043.607
3044.107
3044.606
3045.106
3045.606
3046.106
3046.606
3047.106
3047.606
3048.106
3048.605
3049.105
3049.605
3050.105
3050.605
3051.105
3051.605
3052.105
3052.605
3053.104
3053.604
3054.104
3054.604
3055.104
3055.604
3056.104
3056.604
3057.103
3057.603
3058.103
3058.603
3059.103
3059.603
3060.103
3060.603
3061.103
3061.602
3062.102
3062.602
3063.102
3063.602
3064.102
3064.602
3065.102
3065.601
3066.101
3066.601
3067.101
3067.601
3068.101
3068.601
3069.101
3069.601
3070.100
3070.600
3071.100
3071.600
3072.100
3072.600
3073.100
3073.600
3074.099
3074.599
3075.099
3075.599
3076.099
3076.599
3077.099
3077.599
3078.099
3078.598
3079.098
3079.598
3080.098
3080.598
3081.098
3081.598
3082.098
3082.597
3083.097
3083.597
3084.097
3084.597
3085.097
3085.597
3086.097
3086.597
3087.096
3087.596
3088.096
3088.596
3089.096
3089.596
3090.096
3090.596
3091.095
3091.595
3092.095
3092.595
3093.095
3093.595
3094.095
3094.595
3095.095
3095.594
3096.094
3096.594
3097.094
3097.594
3098.094
3098.594
3099.094
3099.593
3100.093
3100.593
3101.093
3101.593
3102.093
3102.593
3103.093
3103.593
3104.092
3104.592
3105.092
3105.592
3106.092
3106.592
3107.092
3107.592
3108.091
3108.591
3109.091
3109.591
3110.091
3110.591
3111.091
3111.591
3112.091
3112.590
3113.090
3113.590
3114.090
3114.590
3115.090
3115.590
3116.090
3116.589
3117.089
3117.589
3118.089
3118.589
3119.089
3119.589
3120.089
3120.589
3121.088
3121.588
3122.088
3122.588
3123.088
3123.588
3124.088
3124.588
3125.087
3125.587
3126.087
3126.587
3127.087
3127.587
3128.087
3128.587
3129.087
3129.586
3130.086
3130.586
3131.086
3131.586
3132.086
3132.586
3133.086
3133.585
3134.085
3134.585
3135.085
3135.585
3136.085
3136.585
3137.085
3137.585
3138.084
3138.584
3139.084
3139.584
3140.084
3140.584
3141.084
3141.584
3142.084
3142.583
3143.083
3143.583
3144.083
3144.583
3145.083
3145.583
3146.083
3146.582
3147.082
3147.582
3148.082
3148.582
3149.082
3149.582
3150.082
3150.582
3151.081
3151.581
3152.081
3152.581
3153.081
3153.581
3154.081
3154.581
3155.080
3155.580
3156.080
3156.580
3157.080
3157.580
3158.080
3158.580
3159.080
3159.579
3160.079
3160.579
3161.079
3161.579
3162.079
3162.579
3163.079
3163.578
3164.078
3164.578
3165.078
3165.578
3166.078
3166.578
3167.078
3167.578
3168.077
3168.577
3169.077
3169.577
3170.077
3170.577
3171.077
3171.577
3172.076
3172.576
3173.076
3173.576
3174.076
3174.576
3175.076
3175.576
3176.076
3176.575
3177.075
3177.575
3178.075
3178.575
3179.075
3179.575
3180.075
3180.574
3181.074
3181.574
3182.074
3182.574
3183.074
3183.574
3184.074
3184.574
3185.073
3185.573
3186.073
3186.573
3187.073
3187.573
3188.073
3188.573
3189.072
3189.572
3190.072
3190.572
3191.072
3191.572
3192.072
3192.572
3193.072
3193.571
3194.071
3194.571
3195.071
3195.571
3196.071
3196.571
3197.071
3197.570
3198.070
3198.570
3199.070
3199.570
3200.070
3200.570
3201.070
3201.570
3202.069
3202.569
3203.069
3203.569
3204.069
3204.569
3205.069
3205.569
3206.068
3206.568
3207.068
3207.568
3208.068
3208.568
3209.068
3209.568
3210.068
3210.567
3211.067
3211.567
3212.067
3212.567
3213.067
3213.567
3214.067
3214.566
3215.066
3215.566
3216.066
3216.566
3217.066
3217.566
3218.066
3218.566
3219.065
3219.565
3220.065
3220.565
3221.065
3221.565
3222.065
3222.565
3223.064
3223.564
3224.064
3224.564
3225.064
3225.564
3226.064
3226.564
3227.064
3227.563
3228.063
3228.563
3229.063
3229.563
3230.063
3230.563
3231.063
3231.562
3232.062
3232.562
3233.062
3233.562
3234.062
3234.562
3235.062
3235.562
3236.061
3236.561
3237.061
3237.561
3238.061
3238.561
3239.061
3239.561
3240.060
3240.560
3241.060
3241.560
3242.060
3242.560
3243.060
3243.560
3244.060
3244.559
3245.059
3245.559
3246.059
3246.559
3247.059
3247.559
3248.059
3248.558
3249.058
3249.558
3250.058
3250.558
3251.058
3251.558
3252.058
3252.558
3253.057
3253.557
3254.057
3254.557
3255.057
3255.557
3256.057
3256.557
3257.056
3257.556
3258.056
3258.556
3259.056
3259.556
3260.056
3260.556
3261.056
3261.555
3262.055
3262.555
3263.055
3263.555
3264.055
3264.555
3265.055
3265.554
3266.054
3266.554
3267.054
3267.554
3268.054
3268.554
3269.054
3269.554
3270.053
3270.553
3271.053
3271.553
3272.053
3272.553
3273.053
3273.553
3274.052
3274.552
3275.052
3275.552
3276.052
3276.552
3277.052
3277.552
3278.052
3278.551
3279.051
3279.551
3280.051
3280.551
3281.051
3281.551
3282.051
3282.550
3283.050
3283.550
3284.050
3284.550
3285.050
3285.550
3286.050
3286.550
3287.049
3287.549
3288.049
3288.549
3289.049
3289.549
3290.049
3290.549
3291.048
3291.548
3292.048
3292.548
3293.048
3293.548
3294.048
3294.548
3295.048
3295.547
3296.047
3296.547
3297.047
3297.547
3298.047
3298.547
3299.047
3299.546
3300.046
3300.546
3301.046
3301.546
3302.046
3302.546
3303.046
3303.546
3304.045
3304.545
3305.045
3305.545
3306.045
3306.545
3307.045
3307.545
3308.044
3308.544
3309.044
3309.544
3310.044
3310.544
3311.044
3311.544
3312.044
3312.543
3313.043
3313.543
3314.043
3314.543
3315.043
3315.543
3316.043
3316.542
3317.042
3317.542
3318.042
3318.542
3319.042
3319.542
3320.042
3320.542
3321.041
3321.541
3322.041
3322.541
3323.041
3323.541
3324.041
3324.541
3325.040
3325.540
3326.040
3326.540
3327.040
3327.540
3328.040
3328.540
3329.040
3329.539
3330.039
3330.539
3331.039
3331.539
3332.039
3332.539
3333.039
3333.538
3334.038
3334.538
3335.038
3335.538
3336.038
3336.538
3337.038
3337.538
3338.037
3338.537
3339.037
3339.537
3340.037
3340.537
3341.037
3341.537
3342.037
3342.536
3343.036
3343.536
3344.036
3344.536
3345.036
3345.536
3346.036
3346.535
3347.035
3347.535
3348.035
3348.535
3349.035
3349.535
3350.035
3350.535
3351.034
3351.534
3352.034
3352.534
3353.034
3353.534
3354.034
3354.534
3355.033
3355.533
3356.033
3356.533
3357.033
3357.533
3358.033
3358.533
3359.033
3359.532
3360.032
3360.532
3361.032
3361.532
3362.032
3362.532
3363.032
3363.531
3364.031
3364.531
3365.031
3365.531
3366.031
3366.531
3367.031
3367.531
3368.030
3368.530
3369.030
3369.530
3370.030
3370.530
3371.030
3371.530
3372.029
3372.529
3373.029
3373.529
3374.029
3374.529
3375.029
3375.529
3376.029
3376.528
3377.028
3377.528
3378.028
3378.528
3379.028
3379.528
3380.028
3380.527
3381.027
3381.527
3382.027
3382.527
3383.027
3383.527
3384.027
3384.527
3385.026
3385.526
3386.026
3386.526
3387.026
3387.526
3388.026
3388.526
3389.025
3389.525
3390.025
3390.525
3391.025
3391.525
3392.025
3392.525
3393.025
3393.524
3394.024
3394.524
3395.024
3395.524
3396.024
3396.524
3397.024
3397.523
3398.023
3398.523
3399.023
3399.523
3400.023
3400.523
3401.023
3401.523
3402.022
3402.522
3403.022
3403.522
3404.022
3404.522
3405.022
3405.522
3406.021
3406.521
3407.021
3407.521
3408.021
3408.521
3409.021
3409.521
3410.021
3410.520
3411.020
3411.520
3412.020
3412.520
3413.020
3413.520
3414.020
3414.519
3415.019
3415.519
3416.019
3416.519
3417.019
3417.519
3418.019
3418.519
3419.018
3419.518
3420.018
3420.518
3421.018
3421.518
3422.018
3422.518
3423.017
3423.517
3424.017
3424.517
3425.017
3425.517
3426.017
3426.517
3427.017
3427.516
3428.016
3428.516
3429.016
3429.516
3430.016
3430.516
3431.016
3431.515
3432.015
3432.515
3433.015
3433.515
3434.015
3434.515
3435.015
3435.515
3436.014
3436.514
3437.014
3437.514
3438.014
3438.514
3439.014
3439.514
3440.013
3440.513
3441.013
3441.513
3442.013
3442.513
3443.013
3443.513
3444.013
3444.512
3445.012
3445.512
3446.012
3446.512
3447.012
3447.512
3448.012
3448.511
3449.011
3449.511
3450.011
3450.511
3451.011
3451.511
3452.011
3452.511
3453.010
3453.510
3454.010
3454.510
3455.010
3455.510
3456.010
3456.510
3457.009
3457.509
3458.009
3458.509
3459.009
3459.509
3460.009
3460.509
3461.009
3461.508
3462.008
3462.508
3463.008
3463.508
3464.008
3464.508
3465.008
3465.507
3466.007
3466.507
3467.007
3467.507
3468.007
3468.507
3469.007
3469.507
3470.006
3470.506
3471.006
3471.506
3472.006
3472.506
3473.006
3473.506
3474.005
3474.505
3475.005
3475.505
3476.005
3476.505
3477.005
3477.505
3478.005
3478.504
3479.004
3479.504
3480.004
3480.504
3481.004
3481.504
3482.004
3482.503
3483.003
3483.503
3484.003
3484.503
3485.003
3485.503
3486.003
3486.503
3487.002
3488.394
3489.289
3490.185
3491.080
3491.975
3492.871
3493.766
3494.662
3495.557
3496.453
3497.348
3498.244
3499.139
3500.035
3500.930
3501.826
3502.721
3503.617
3504.512
3505.408
3506.303
3507.199
3508.094
3508.990
3509.885
3510.781
3511.676
3512.572
3513.467
3514.363
3515.258
3516.154
3517.049
3517.945
3518.840
3519.736
3520.631
3521.527
3522.422
3523.318
3524.213
3525.109
3526.004
3526.899
3527.795
3528.690
3529.586
3530.481
3531.377
3532.272
3533.168
3534.063
3534.959
3535.854
3536.750
3537.645
3538.541
3539.436
3540.332
3541.227
3542.123
3543.018
3543.914
3544.809
3545.705
3546.600
3547.496
3548.391
3549.287
3550.182
3551.078
3551.973
3552.869
3553.764
3554.660
3555.555
3556.451
3557.346
3558.242
3559.137
3560.033
3560.928
3561.824
3562.719
3563.614
3564.510
3565.405
3566.301
3567.196
3568.092
3568.987
3569.883
3570.778
3571.674
3572.569
3573.465
3574.360
3575.256
3576.151
3577.047
3577.942
3578.838
3579.733
3580.629
3581.524
3582.420
3583.315
3584.211
3585.106
3586.002
3586.897
3587.793
3588.688
3589.584
3590.479
3591.375
3592.270
3593.166
3594.061
3594.957
3595.852
3596.748
3597.643
3598.538
3599.434
3600.329
3601.225
3602.120
3603.016
3603.911
3604.807
3605.702
3606.598
3607.493
3608.389
3609.284
3610.180
3611.075
3611.971
3612.866
3613.762
3614.657
3615.553
3616.448
3617.344
3618.239
3619.135
3620.030
3620.926
3621.821
3622.717
3623.612
3624.508
3625.403
3626.299
3627.194
3628.090
3628.985
3629.881
3630.776
3631.672
3632.567
3633.463
3634.358
3635.253
3636.149
3637.044
3637.940
3638.835
3639.731
3640.626
3641.522
3642.417
3643.313
3644.208
3645.104
3645.999
3646.895
3647.790
3648.686
3649.581
3650.477
3651.372
3652.268
3653.163
3654.059
3654.954
3655.850
3656.745
3657.641
3658.536
3659.432
3660.327
3661.223
3662.118
3663.014
3663.909
3664.805
3665.700
3666.596
3667.491
3668.387
3669.282
3670.177
3671.073
3671.968
3672.864
3673.759
3674.655
3675.550
3676.446
3677.341
3678.237
3679.132
3680.028
3680.923
3681.819
3682.714
3683.610
3684.505
3685.401
3686.296
3687.192
3688.087
3688.983
3689.878
3690.774
3691.669
3692.565
3693.460
3694.356
3695.251
3696.147
3697.042
3697.938
3698.833
3699.729
3700.624
3701.520
3702.415
3703.311
3704.206
3705.102
3705.997
3706.892
3707.788
3708.683
3709.579
3710.474
3711.370
3712.265
3713.161
3714.056
3714.952
3715.847
3716.743
3717.638
3718.534
3719.429
3720.325
3721.220
3722.116
3723.011
3723.907
3724.802
3725.698
3726.593
3727.489
3728.384
3729.280
3730.175
3731.071
3731.966
3732.862
3733.757
3734.653
3735.548
3736.444
3737.339
3738.235
3739.130
3740.026
3740.921
3741.816
3742.712
3743.607
3744.503
3745.398
3746.294
3747.189
3748.085
3748.980
3749.876
3750.771
3751.667
3752.562
3753.458
3754.353
3755.249
3756.144
3757.040
3757.935
3764.169
3765.106
3766.044
3766.981
3767.918
3768.856
3769.793
3770.730
3771.668
3772.605
3773.542
3774.480
3775.417
3776.354
3777.292
3778.229
3779.166
3780.104
3781.041
3781.978
3782.915
3783.853
3784.790
3785.727
3786.665
3787.602
3788.539
3789.477
3790.414
3791.351
3792.289
3793.226
3794.163
3795.101
3796.038
3796.975
3797.913
3798.850
3799.787
3800.725
3801.662
3802.599
3803.536
3804.474
3805.411
3806.348
3807.286
3808.223
3809.160
3810.098
3811.035
3811.972
3812.910
3813.847
3814.784
3815.722
3816.659
3817.596
3818.534
3819.471
3820.408
3821.346
3822.283
3823.220
3824.158
3825.095
3826.032
3826.969
3827.907
3828.844
3829.781
3830.719
3831.656
3832.593
3833.531
3834.468
3835.405
3836.343
3837.280
3838.217
3839.155
3840.092
3841.029
3841.967
3842.904
3843.841
3844.779
3845.716
3846.653
3847.590
3848.528
3849.465
3850.402
3851.340
3852.277
3853.214
3854.152
3855.089
3856.026
3856.964
3857.901
3858.838
3859.776
3860.713
3861.650
3862.588
3863.525
3864.462
3865.400
3866.337
3867.274
3868.211
3869.149
3870.086
3871.023
3871.961
3872.898
3873.835
3874.773
3875.710
3876.647
3877.585
3878.522
3879.459
3880.397
3881.334
3882.271
3883.209
3884.146
3885.083
3886.021
3886.958
3887.895
3888.833
3889.770
3890.707
3891.644
3892.582
3893.519
3894.456
3895.394
3896.331
3897.268
3898.206
3899.143
3900.080
3901.018
3901.955
3902.892
3903.830
3904.767
3905.704
3906.642
3907.579
3908.516
3909.454
3910.391
3911.328
3912.265
3913.203
3914.140
3915.077
3916.015
3916.952
3917.889
3918.827
3919.764
3920.701
3921.639
3922.576
3923.513
3924.451
3925.388
3926.325
3927.263
3928.200
3929.137
3930.075
3931.012
3931.949
3932.887
3933.824
3934.761
3935.698
3936.636
3937.573
3938.510
3939.448
3940.385
3941.322
3942.260
3943.197
3944.134
3945.072
3946.009
3946.946
3947.884
3948.821
3949.758
3950.696
3951.633
3952.570
3953.508
3954.445
3955.382
3956.319
3957.257
3958.194
3959.131
3960.069
3961.006
3961.943
3962.881
3963.818
3964.755
3965.693
3966.630
3967.567
3968.505
3969.442
3970.379
3971.317
3972.254
3973.191
3974.129
3975.066
3976.003
3976.940
3977.878
3978.815
3979.752
3980.690
3981.627
3982.564
3983.502
3984.439
3985.376
3986.314
3987.251
3988.188
3989.126
3990.063
3991.000
3991.938
3992.875
3993.812
3994.750
3995.687
3996.624
3997.562
3998.499
3999.436
4000.373
4001.311
4002.248
4003.185
4004.123
4005.060
4005.997
4006.935
4007.872
4008.809
4009.747
4010.684
4011.621
4012.559
4013.496
4014.433
4015.371
4016.308
4017.245
4020.632
4021.132
4021.632
4022.133
4022.633
4023.133
4023.633
4024.133
4024.633
4025.133
4025.633
4026.133
4026.633
4027.134
4027.634
4028.134
4028.634
4029.134
4029.634
4030.134
4030.634
4031.134
4031.635
4032.135
4032.635
4033.135
4033.635
4034.135
4034.635
4035.135
4035.635
4036.135
4036.636
4037.136
4037.636
4038.136
4038.636
4039.136
4039.636
4040.136
4040.636
4041.137
4041.637
4042.137
4042.637
4043.137
4043.637
4044.137
4044.637
4045.137
4045.637
4046.138
4046.638
4047.138
4047.638
4048.138
4048.638
4049.138
4049.638
4050.138
4050.639
4051.139
4051.639
4052.139
4052.639
4053.139
4053.639
4054.139
4054.639
4055.139
4055.640
4056.140
4056.640
4057.140
4057.640
4058.140
4058.640
4059.140
4059.640
4060.141
4060.641
4061.141
4061.641
4062.141
4062.641
4063.141
4063.641
4064.141
4064.641
4065.142
4065.642
4066.142
4066.642
4067.142
4067.642
4068.142
4068.642
4069.142
4069.643
4070.143
4070.643
4071.143
4071.643
4072.143
4072.643
4073.143
4073.643
4074.143
4074.644
4075.144
4075.644
4076.144
4076.644
4077.144
4077.644
4078.144
4078.644
4079.144
4079.645
4080.145
4080.645
4081.145
4081.645
4082.145
4082.645
4083.145
4083.645
4084.146
4084.646
4085.146
4085.646
4086.146
4086.646
4087.146
4087.646
4088.146
4088.646
4089.147
4089.647
4090.147
4090.647
4091.147
4091.647
4092.147
4092.647
4093.147
4093.648
4094.148
4094.648
4095.148
4095.648
4096.148
4096.648
4097.148
4097.648
4098.148
4098.649
4099.149
4099.398
4099.648
4099.898
4100.147
4100.397
4100.647
4100.896
4101.146
4101.396
4101.645
4101.895
4102.145
4102.394
4102.644
4102.894
4103.143
4103.393
4103.642
4103.892
4104.142
4104.391
4104.641
4104.891
4105.140
4105.390
4105.640
4105.889
4106.139
4106.389
4106.638
4106.888
4107.138
4107.387
4107.637
4107.887
4108.136
4108.386
4108.636
4108.885
4109.135
4109.385
4109.634
4109.884
4110.134
4110.383
4110.633
4110.882
4111.132
4111.382
4111.631
4111.881
4112.131
4112.380
4112.630
4112.880
4113.129
4113.379
4113.629
4113.878
4114.128
4114.378
4114.627
4114.877
4115.127
4115.626
4116.126
4116.625
4117.124
4117.624
4118.123
4118.623
4119.122
4119.622
4120.121
4120.621
4121.120
4121.620
4122.119
4122.618
4123.118
4123.617
4124.117
4124.616
4125.116
4125.615
4126.115
4126.614
4127.114
4127.613
4128.113
4128.612
4129.111
4129.611
4130.110
4130.610
4131.109
4131.360
4131.610
4131.860
4132.110
4132.361
4132.611
4132.861
4133.111
4133.362
4133.612
4133.862
4134.112
4134.363
4134.613
4134.863
4135.113
4135.364
4135.614
4135.864
4136.114
4136.365
4136.615
4136.865
4137.115
4137.366
4137.616
4137.866
4138.116
4138.367
4138.617
4138.867
4139.117
4139.368
4139.618
4139.868
4140.118
4140.369
4140.619
4140.869
4141.119
4141.370
4141.620
4141.870
4142.120
4142.371
4142.621
4142.871
4143.121
4143.372
4143.622
4143.872
4144.122
4144.373
4144.623
4144.873
4145.123
4145.374
4145.624
4145.874
4146.124
4146.375
4146.625
4146.875
4147.125
4147.626
4148.126
4148.627
4149.127
4149.628
4150.128
4150.629
4151.129
4151.630
4152.130
4152.631
4153.131
4153.632
4154.132
4154.633
4155.133
4155.634
4156.134
4156.635
4157.135
4157.636
4158.136
4158.637
4159.137
4159.638
4160.138
4160.639
4161.139
4161.640
4162.140
4162.641
4163.141
4163.391
4163.641
4163.891
4164.141
4164.391
4164.641
4164.891
4165.141
4165.391
4165.641
4165.891
4166.141
4166.391
4166.641
4166.891
4167.141
4167.391
4167.641
4167.891
4168.141
4168.391
4168.641
4168.891
4169.141
4169.391
4169.641
4169.891
4170.141
4170.391
4170.641
4170.891
4171.141
4171.391
4171.641
4171.891
4172.141
4172.391
4172.641
4172.891
4173.141
4173.391
4173.641
4173.891
4174.141
4174.391
4174.641
4174.891
4175.141
4175.391
4175.641
4175.891
4176.140
4176.390
4176.640
4176.890
4177.140
4177.390
4177.640
4177.890
4178.140
4178.390
4178.640
4178.890
4179.702
4180.201
4180.701
4181.200
4181.700
4182.200
4182.699
4183.199
4183.698
4184.198
4184.697
4185.197
4185.696
4186.196
4186.695
4187.195
4187.694
4188.194
4188.694
4189.193
4189.693
4190.192
4190.692
4191.191
4191.691
4192.190
4192.690
4193.189
4193.689
4194.188
4194.688
4195.187
4195.687
4196.187
4196.686
4197.186
4197.685
4198.185
4198.684
4199.184
4199.683
4200.183
4200.682
4201.182
4201.681
4202.181
4202.681
4203.180
4203.680
4204.179
4204.679
4205.178
4205.678
4206.177
4206.677
4207.176
4207.676
4208.175
4208.675
4209.175
4209.674
4210.174
4210.673
4211.173
4211.672
4212.172
4212.671
4213.171
4213.670
4214.170
4214.669
4215.169
4215.669
4216.168
4216.668
4217.167
4217.667
4218.166
4218.666
4219.165
4219.665
4220.164
4220.664
4221.163
4221.663
4222.163
4222.662
4223.162
4223.661
4224.161
4224.660
4225.160
4225.659
4226.159
4227.305
4227.555
4227.805
4228.055
4228.304
4228.554
4228.804
4229.053
4229.303
4229.553
4229.803
4230.052
4230.302
4230.552
4230.802
4231.051
4231.301
4231.551
4231.800
4232.050
4232.300
4232.550
4232.799
4233.049
4233.299
4233.549
4233.798
4234.048
4234.298
4234.547
4234.797
4235.047
4235.297
4235.546
4235.796
4236.046
4236.296
4236.545
4236.795
4237.045
4237.295
4237.544
4237.794
4238.044
4238.293
4238.543
4238.793
4239.043
4239.292
4239.542
4239.792
4240.042
4240.291
4240.541
4240.791
4241.040
4241.290
4241.540
4241.790
4242.039
4242.289
4242.539
4242.789
4243.038
4243.288
4243.788
4244.289
4244.789
4245.290
4245.790
4246.291
4246.791
4247.292
4247.792
4248.293
4248.793
4249.294
4249.794
4250.295
4250.795
4251.296
4251.796
4252.297
4252.797
4253.298
4253.798
4254.299
4254.799
4255.300
4255.800
4256.301
4256.801
4257.302
4257.802
4258.303
4258.803
4259.304
4259.554
4259.803
4260.053
4260.303
4260.553
4260.802
4261.052
4261.302
4261.552
4261.801
4262.051
4262.301
4262.550
4262.800
4263.050
4263.300
4263.549
4263.799
4264.049
4264.299
4264.548
4264.798
4265.048
4265.297
4265.547
4265.797
4266.047
4266.296
4266.546
4266.796
4267.046
4267.295
4267.545
4267.795
4268.044
4268.294
4268.544
4268.794
4269.043
4269.293
4269.543
4269.793
4270.042
4270.292
4270.542
4270.792
4271.041
4271.291
4271.541
4271.790
4272.040
4272.290
4272.540
4272.789
4273.039
4273.289
4273.539
4273.788
4274.038
4274.288
4274.537
4274.787
4275.037
4275.287
4275.787
4276.288
4276.788
4277.289
4277.789
4278.290
4278.790
4279.291
4279.791
4280.292
4280.792
4281.293
4281.793
4282.294
4282.794
4283.295
4283.795
4284.296
4284.796
4285.297
4285.797
4286.298
4286.798
4287.299
4287.799
4288.300
4288.800
4289.301
4289.801
4290.302
4290.802
4291.303
4291.553
4291.803
4292.053
4292.304
4292.554
4292.804
4293.054
4293.305
4293.555
4293.805
4294.055
4294.306
4294.556
4294.806
4295.056
4295.307
4295.557
4295.807
4296.057
4296.308
4296.558
4296.808
4297.058
4297.309
4297.559
4297.809
4298.059
4298.310
4298.560
4298.810
4299.060
4299.311
4299.561
4299.811
4300.061
4300.312
4300.562
4300.812
4301.062
4301.313
4301.563
4301.813
4302.063
4302.314
4302.564
4302.814
4303.064
4303.315
4303.565
4303.815
4304.065
4304.316
4304.566
4304.816
4305.066
4305.317
4305.567
4305.817
4306.067
4306.318
4306.568
4306.818
4307.068
4307.319
4307.818
4308.318
4308.818
4309.318
4309.818
4310.318
4310.818
4311.317
4311.817
4312.317
4312.817
4313.317
4313.817
4314.316
4314.816
4315.316
4315.816
4316.316
4316.816
4317.316
4317.815
4318.315
4318.815
4319.315
4319.815
4320.315
4320.814
4321.314
4321.814
4322.314
4322.814
4323.314
4323.814
4324.313
4324.813
4325.313
4325.813
4326.313
4326.813
4327.312
4327.812
4328.312
4328.812
4329.312
4329.812
4330.312
4330.811
4331.311
4331.811
4332.311
4332.811
4333.311
4333.810
4334.310
4334.810
4335.310
4335.810
4336.310
4336.810
4337.309
4337.809
4338.309
4338.809
4339.309
4339.809
4340.308
4340.808
4341.308
4341.808
4342.308
4342.808
4343.308
4343.807
4344.307
4344.807
4345.307
4345.807
4346.307
4346.806
4347.306
4347.806
4348.306
4348.806
4349.306
4349.806
4350.305
4350.805
4351.305
4351.805
4352.305
4352.805
4353.304
4353.804
4354.304
4354.804
4355.304
4355.804
4356.304
4356.803
4357.303
4357.803
4358.303
4358.803
4359.303
4359.802
4360.302
4360.802
4361.302
4361.802
4362.302
4362.802
4363.301
4363.801
4364.301
4364.801
4365.301
4365.801
4366.300
4366.800
4367.300
4367.800
4368.300
4368.800
4369.299
4369.799
4370.299
4370.799
4371.299
4371.799
4372.299
4372.798
4373.298
4373.798
4374.298
4374.798
4375.298
4375.797
4376.297
4376.797
4377.297
4377.797
4378.297
4378.797
4379.296
4379.796
4380.296
4380.796
4381.296
4381.796
4382.295
4382.795
4383.295
4383.795
4387.350
4387.851
4388.351
4388.852
4389.352
4389.853
4390.354
4390.854
4391.355
4391.855
4392.356
4392.857
4393.357
4393.858
4394.358
4394.859
4395.360
4395.860
4396.361
4396.861
4397.362
4397.863
4398.363
4398.864
4399.364
4399.865
4400.366
4400.866
4401.367
4401.867
4402.368
4402.868
4403.369
4403.870
4404.370
4404.871
4405.371
4405.872
4406.373
4406.873
4407.374
4407.874
4408.375
4408.876
4409.376
4409.877
4410.377
4410.878
4411.379
4411.879
4412.380
4412.880
4413.381
4413.882
4414.382
4414.883
4415.383
4415.884
4416.385
4416.885
4417.386
4417.886
4418.387
4418.888
4419.388
4419.889
4420.389
4420.890
4421.391
4421.891
4422.392
4422.892
4423.393
4423.894
4424.394
4424.895
4425.395
4425.896
4426.397
4426.897
4427.398
4427.898
4428.399
4428.900
4429.400
4429.901
4430.401
4430.902
4431.403
4431.903
4432.404
4432.904
4433.405
4433.906
4434.406
4434.907
4435.407
4435.908
4436.408
4436.909
4441.720
4442.220
4442.720
4443.220
4443.720
4444.220
4444.720
4445.220
4445.720
4446.220
4446.720
4447.220
4447.720
4448.220
4448.720
4449.220
4449.720
4450.220
4450.720
4451.220
4451.720
4452.220
4452.720
4453.220
4453.720
4454.220
4454.720
4455.220
4455.720
4456.220
4456.720
4457.220
4457.720
4458.220
4458.721
4459.221
4459.721
4460.221
4460.721
4461.221
4461.721
4462.221
4462.721
4463.221
4463.721
4464.221
4464.721
4465.221
4465.721
4466.221
4466.721
4467.221
4467.721
4468.221
4468.721
4469.221
4469.721
4470.221
4470.721
4471.221
4471.721
4472.221
4472.721
4473.221
4473.721
4474.221
4474.721
4475.221
4475.721
4476.221
4476.722
4477.222
4477.722
4478.222
4478.722
4479.222
4479.722
4480.222
4480.722
4481.222
4481.722
4482.222
4482.722
4483.222
4483.722
4484.222
4484.722
4485.222
4485.722
4486.222
4486.722
4487.222
4487.722
4488.222
4488.722
4489.222
4489.722
4490.222
4490.722
4491.222
4491.722
4492.222
4492.722
4493.222
4493.722
4494.222
4494.723
4495.223
4495.723
4496.223
4496.723
4497.223
4497.723
4498.223
4498.723
4499.223
4499.723
4500.223
4500.723
4501.223
4501.723
4502.223
4502.723
4503.223
4503.723
4504.223
4504.723
4505.223
4505.723
4506.223
4506.723
4507.223
4507.723
4508.223
4508.723
4509.223
4509.723
4510.223
4510.723
4511.223
4511.723
4512.223
4512.724
4513.224
4513.724
4514.224
4514.724
4515.224
4515.724
4516.224
4516.724
4517.224
4517.724
4518.224
4518.724
4519.224
4519.724
4520.224
4520.724
4521.224
4521.724
4522.224
4522.724
4523.224
4523.724
4524.224
4524.724
4525.224
4525.724
4526.224
4526.724
4527.224
4527.724
4528.224
4528.724
4529.224
4529.724
4530.224
4530.725
4531.225
4531.725
4532.225
4532.725
4533.225
4533.725
4534.225
4534.725
4535.225
4535.725
4536.225
4536.725
4537.225
4537.725
4538.225
4538.725
4539.225
4539.725
4540.225
4540.725
4541.225
4541.725
4542.225
4542.725
4543.225
4543.725
4544.225
4544.725
4545.225
4545.725
4546.225
4546.725
4547.225
4547.725
4550.989
4551.928
4552.866
4553.804
4554.743
4555.681
4556.619
4557.558
4558.496
4559.434
4560.372
4561.311
4562.249
4563.187
4564.126
4565.064
4566.002
4566.941
4567.879
4568.817
4569.756
4570.694
4571.632
4572.571
4573.509
4574.447
4575.385
4576.324
4577.262
4578.200
4579.139
4580.077
4581.015
4581.954
4582.892
4583.830
4584.769
4585.707
4586.645
4587.583
4588.522
4589.460
4590.398
4591.337
4592.275
4593.213
4594.152
4595.090
4596.028
4596.967
4597.905
4598.843
4599.781
4600.720
4601.658
4602.596
4603.535
4604.473
4605.411
4606.350
4607.288
4608.226
4609.165
4610.103
4611.041
4611.979
4612.918
4613.856
4614.794
4615.733
4616.671
4617.609
4618.548
4619.486
4620.424
4621.363
4622.301
4623.239
4624.178
4625.116
4626.054
4626.992
4627.931
4628.869
4629.807
4630.746
4631.684
4632.622
4633.561
4634.499
4635.437
4636.376
4637.314
4638.252
4639.190
4640.129
4641.067
4642.005
4642.944
4643.882
4644.820
4645.759
4646.697
4647.635
4648.574
4649.512
4650.450
4651.388
4652.327
4653.265
4654.203
4655.142
4656.080
4657.018
4657.957
4658.895
4659.833
4660.772
4661.710
4662.648
4663.587
4664.525
4665.463
4666.401
4667.340
4668.278
4669.216
4670.155
4671.093
4672.031
4672.970
4673.908
4674.846
4675.785
4676.723
4677.661
4678.599
4679.538
4680.476
4681.414
4682.353
4683.291
4684.229
4685.168
4686.106
4689.200
4690.965
4692.730
4694.494
4696.259
4698.024
4699.788
4701.553
4703.318
4705.083
4706.847
4708.612
4710.377
4712.142
4713.906
4715.671
4717.436
4719.200
4720.965
4722.730
4724.495
4726.259
4728.024
4729.789
4731.554
4733.318
4735.083
4736.848
4738.612
4740.377
4742.142
4743.907
4745.671
4747.436
4749.201
4750.966
4752.730
4754.495
4756.260
4758.024
4759.789
4761.554
4763.319
4765.083
4766.848
4768.613
4770.378
4772.142
4773.907
4775.672
4777.436
4779.201
4780.966
4782.731
4784.495
4786.260
4788.025
4789.790
4791.554
4793.319
4795.084
4796.848
4798.613
4800.378
4801.579
4801.829
4802.080
4802.330
4802.580
4802.830
4803.081
4803.331
4803.581
4803.831
4804.082
4804.332
4804.582
4804.832
4805.083
4805.333
4805.583
4805.833
4806.084
4806.334
4806.584
4806.834
4807.085
4807.335
4807.585
4807.835
4808.086
4808.336
4808.586
4808.836
4809.087
4809.337
4809.587
4809.837
4810.088
4810.338
4810.588
4810.838
4811.089
4811.339
4811.589
4811.839
4812.090
4812.340
4812.590
4812.840
4813.091
4813.341
4813.591
4813.841
4814.092
4814.342
4814.592
4814.842
4815.093
4815.343
4815.593
4815.843
4816.094
4816.344
4816.594
4816.844
4817.095
4817.345
4817.595
4818.095
4818.594
4819.093
4819.593
4820.092
4820.592
4821.091
4821.591
4822.090
4822.590
4823.089
4823.589
4824.088
4824.587
4825.087
4825.586
4826.086
4826.585
4827.085
4827.584
4828.084
4828.583
4829.083
4829.582
4830.081
4830.581
4831.080
4831.580
4832.079
4832.579
4833.078
4833.578
4833.828
4834.078
4834.328
4834.579
4834.829
4835.079
4835.329
4835.580
4835.830
4836.080
4836.330
4836.581
4836.831
4837.081
4837.331
4837.582
4837.832
4838.082
4838.332
4838.583
4838.833
4839.083
4839.333
4839.584
4839.834
4840.084
4840.334
4840.585
4840.835
4841.085
4841.335
4841.586
4841.836
4842.086
4842.336
4842.587
4842.837
4843.087
4843.337
4843.588
4843.838
4844.088
4844.338
4844.589
4844.839
4845.089
4845.339
4845.590
4845.840
4846.090
4846.340
4846.591
4846.841
4847.091
4847.341
4847.592
4847.842
4848.092
4848.342
4848.593
4848.843
4849.093
4849.343
4849.594
4850.093
4850.593
4851.092
4851.592
4852.091
4852.590
4853.090
4853.589
4854.089
4854.588
4855.088
4855.587
4856.087
4856.586
4857.086
4857.585
4858.084
4858.584
4859.083
4859.583
4860.082
4860.582
4861.081
4861.581
4862.080
4862.580
4863.079
4863.579
4864.078
4864.577
4865.077
4865.576
4865.827
4866.077
4866.327
4866.577
4866.828
4867.078
4867.328
4867.578
4867.829
4868.079
4868.329
4868.579
4868.830
4869.080
4869.330
4869.580
4869.831
4870.081
4870.331
4870.581
4870.832
4871.082
4871.332
4871.582
4871.833
4872.083
4872.333
4872.583
4872.834
4873.084
4873.334
4873.584
4873.835
4874.085
4874.335
4874.585
4874.836
4875.086
4875.336
4875.586
4875.837
4876.087
4876.337
4876.587
4876.838
4877.088
4877.338
4877.588
4877.839
4878.089
4878.339
4878.589
4878.840
4879.090
4879.340
4879.590
4879.841
4880.091
4880.341
4880.591
4880.842
4881.092
4881.342
4881.592
4882.092
4882.591
4883.091
4883.590
4884.090
4884.589
4885.089
4885.588
4886.087
4886.587
4887.086
4887.586
4888.085
4888.585
4889.084
4889.584
4890.083
4890.583
4891.082
4891.581
4892.081
4892.580
4893.080
4893.579
4894.079
4894.578
4895.078
4895.577
4896.077
4896.576
4897.076
4897.575
4897.825
4898.075
4898.326
4898.576
4898.826
4899.076
4899.327
4899.577
4899.827
4900.077
4900.328
4900.578
4900.828
4901.078
4901.329
4901.579
4901.829
4902.079
4902.330
4902.580
4902.830
4903.080
4903.331
4903.581
4903.831
4904.081
4904.332
4904.582
4904.832
4905.082
4905.333
4905.583
4905.833
4906.083
4906.334
4906.584
4906.834
4907.084
4907.335
4907.585
4907.835
4908.085
4908.336
4908.586
4908.836
4909.086
4909.337
4909.587
4909.837
4910.087
4910.338
4910.588
4910.838
4911.088
4911.339
4911.589
4911.839
4912.089
4912.340
4912.590
4912.840
4913.090
4913.341
4913.591
4914.091
4914.592
4915.092
4915.593
4916.093
4916.594
4917.094
4917.595
4918.095
4918.596
4919.096
4919.597
4920.097
4920.598
4921.098
4921.599
4922.099
4922.600
4923.100
4923.601
4924.101
4924.602
4925.102
4925.603
4926.103
4926.604
4927.104
4927.605
4928.105
4928.606
4929.106
4929.607
4929.857
4930.107
4930.358
4930.608
4930.858
4931.108
4931.359
4931.609
4931.859
4932.109
4932.360
4932.610
4932.860
4933.110
4933.361
4933.611
4933.861
4934.111
4934.362
4934.612
4934.862
4935.112
4935.363
4935.613
4935.863
4936.113
4936.364
4936.614
4936.864
4937.114
4937.365
4937.615
4937.865
4938.115
4938.366
4938.616
4938.866
4939.116
4939.367
4939.617
4939.867
4940.117
4940.368
4940.618
4940.868
4941.118
4941.369
4941.619
4941.869
4942.119
4942.370
4942.620
4942.870
4943.120
4943.371
4943.621
4943.871
4944.121
4944.372
4944.622
4944.872
4945.122
4945.373
4945.623
4946.121
4946.620
4947.118
4947.617
4948.115
4948.613
4949.112
4949.610
4950.109
4950.607
4951.106
4951.604
4952.102
4952.601
4953.099
4953.598
4954.096
4954.594
4955.093
4955.591
4956.090
4956.588
4957.087
4957.585
4958.083
4958.582
4959.080
4959.579
4960.077
4960.575
4961.074
4961.572
4961.822
4962.073
4962.323
4962.573
4962.823
4963.074
4963.324
4963.574
4963.824
4964.075
4964.325
4964.575
4964.825
4965.076
4965.326
4965.576
4965.826
4966.077
4966.327
4966.577
4966.827
4967.078
4967.328
4967.578
4967.828
4968.079
4968.329
4968.579
4968.829
4969.080
4969.330
4969.580
4969.830
4970.081
4970.331
4970.581
4970.831
4971.082
4971.332
4971.582
4971.832
4972.083
4972.333
4972.583
4972.833
4973.084
4973.334
4973.584
4973.834
4974.085
4974.335
4974.585
4974.835
4975.086
4975.336
4975.586
4975.836
4976.087
4976.337
4976.587
4976.837
4977.088
4977.338
4977.588
4978.089
4978.589
4979.090
4979.590
4980.091
4980.591
4981.092
4981.592
4982.093
4982.593
4983.094
4983.594
4984.095
4984.595
4985.096
4985.596
4986.097
4986.597
4987.098
4987.598
4988.099
4988.599
4989.100
4989.600
4990.101
4990.601
4991.102
4991.602
4992.103
4992.603
4993.104
4993.604
4993.854
4994.104
4994.354
4994.604
4994.854
4995.104
4995.354
4995.604
4995.853
4996.103
4996.353
4996.603
4996.853
4997.103
4997.353
4997.603
4997.853
4998.103
4998.353
4998.602
4998.852
4999.102
4999.352
4999.602
4999.852
5000.102
5000.352
5000.602
5000.852
5001.102
5001.351
5001.601
5001.851
5002.101
5002.351
5002.601
5002.851
5003.101
5003.351
5003.601
5003.851
5004.100
5004.350
5004.600
5004.850
5005.100
5005.350
5005.600
5005.850
5011.493
5012.430
5013.368
5014.305
5015.243
5016.180
5017.118
5018.055
5018.993
5019.930
5020.868
5021.805
5022.743
5023.680
5024.618
5025.555
5026.493
5027.430
5028.368
5029.305
5030.243
5031.180
5032.118
5033.055
5033.993
5034.930
5035.868
5036.805
5037.743
5038.680
5039.618
5040.555
5041.493
5042.430
5043.368
5044.305
5045.243
5046.180
5047.118
5048.055
5048.993
5049.930
5050.868
5051.805
5052.743
5053.680
5054.618
5055.555
5056.492
5057.430
5058.367
5059.305
5060.242
5061.180
5062.117
5063.055
5063.992
5064.930
5065.867
5066.805
5067.742
5068.680
5069.617
5070.555
5071.492
5072.430
5073.367
5074.305
5075.242
5076.180
5077.117
5078.055
5078.992
5079.930
5080.867
5081.805
5082.742
5083.680
5084.617
5085.555
5086.492
5087.430
5088.367
5089.305
5090.242
5091.180
5092.117
5093.055
5093.992
5094.930
5095.867
5096.805
5097.742
5098.680
5099.617
5100.555
5101.492
5102.429
5103.367
5104.304
5105.242
5106.179
5107.117
5108.054
5108.992
5109.929
5110.867
5111.804
5112.742
5113.679
5114.617
5115.554
5116.492
5117.429
5118.367
5119.304
5120.242
5121.179
5122.117
5123.054
5123.992
5124.929
5125.867
5126.804
5127.742
5128.679
5129.617
5130.554
5131.492
5132.429
5133.367
5134.304
5135.242
5136.179
5137.117
5138.054
5138.992
5139.929
5140.867
5141.804
5142.742
5143.679
5144.617
5145.554
5146.492
5147.429
5148.366
5149.304
5150.241
5151.179
5152.116
5153.054
5153.991
5154.929
5155.866
5156.804
5157.741
5158.679
5159.616
5160.554
5161.491
5162.429
5163.366
5164.304
5165.241
5166.179
5167.116
5168.054
5168.991
5169.929
5170.866
5171.804
5172.741
5173.679
5174.616
5175.554
5176.491
5177.429
5178.366
5179.304
5180.241
5181.179
5182.116
5183.054
5183.991
5184.929
5185.866
5186.804
5187.741
5188.679
5189.616
5190.554
5191.491
5192.429
5193.366
5194.303
5195.241
5196.178
5197.116
5198.053
5198.991
5199.928
5200.866
5201.803
5202.741
5203.678
5204.616
5205.553
5206.491
5207.428
5208.366
5209.303
5210.241
5211.178
5212.116
5213.053
5213.991
5214.928
5215.866
5216.803
5217.741
5218.678
5219.616
5220.553
5221.491
5222.428
5223.366
5225.369
5226.306
5227.244
5228.181
5229.119
5230.056
5230.993
5231.931
5232.868
5233.806
5234.743
5235.680
5236.618
5237.555
5238.493
5239.430
5240.367
5241.305
5242.242
5243.180
5244.117
5245.054
5245.992
5246.929
5247.867
5248.804
5249.741
5250.679
5251.616
5252.554
5253.491
5254.428
5255.366
5256.303
5257.241
5258.178
5259.115
5260.053
5260.990
5261.927
5262.865
5263.802
5264.740
5265.677
5266.614
5267.552
5268.489
5269.427
5270.364
5271.301
5272.239
5273.176
5274.114
5275.051
5275.988
5276.926
5277.863
5278.801
5279.738
5280.675
5281.613
5282.550
5283.488
5284.425
5285.362
5285.831
5286.300
5286.768
5287.237
5287.706
5288.175
5288.643
5289.112
5289.581
5290.049
5290.518
5290.987
5291.455
5291.924
5292.393
5292.862
5293.330
5293.799
5294.268
5294.736
5295.205
5295.674
5296.142
5296.611
5297.080
5297.548
5298.017
5298.486
5298.955
5299.423
5299.892
5300.361
5300.829
5301.298
5301.767
5302.235
5302.704
5303.173
5303.642
5304.110
5304.579
5305.048
5305.516
5305.985
5306.454
5306.922
5307.391
5307.860
5308.329
5308.797
5309.266
5309.735
5310.203
5310.672
5311.141
5311.609
5312.078
5312.547
5313.016
5313.484
5313.953
5314.422
5314.890
5315.359
5315.828
5316.296
5316.765
5317.234
5317.702
5318.171
5318.640
5319.109
5319.577
5320.046
5320.515
5320.983
5321.452
5321.921
5322.389
5322.858
5323.327
5323.796
5324.264
5324.733
5325.202
5325.670
5326.139
5326.608
5327.076
5327.545
5328.014
5328.483
5328.951
5329.420
5329.889
5330.357
5330.826
5331.295
5331.763
5332.232
5332.701
5333.169
5333.638
5334.107
5334.576
5335.044
5335.513
5335.982
5336.450
5336.919
5337.388
5337.856
5338.325
5338.794
5339.263
5339.731
5340.200
5340.669
5341.137
5341.606
5342.075
5342.543
5343.012
5343.481
5343.950
5344.418
5344.887
5345.356
5346.293
5347.230
5348.168
5349.105
5350.043
5350.980
5351.917
5352.855
5353.792
5354.730
5355.667
5356.604
5357.542
5358.479
5359.417
5360.354
5361.291
5362.229
5363.166
5364.104
5365.041
5365.978
5366.916
5367.853
5368.791
5369.728
5370.665
5371.603
5372.540
5373.477
5374.415
5375.352
5375.587
5375.821
5376.056
5376.290
5376.525
5376.760
5376.994
5377.229
5377.463
5377.698
5377.932
5378.167
5378.401
5378.636
5378.870
5379.105
5379.340
5379.574
5379.809
5380.043
5380.278
5380.512
5380.747
5380.981
5381.216
5381.450
5381.685
5381.919
5382.154
5382.389
5382.623
5382.858
5383.092
5383.327
5383.561
5383.796
5384.030
5384.265
5384.499
5384.734
5384.969
5385.203
5385.438
5385.672
5385.907
5386.141
5386.376
5386.610
5386.845
5387.079
5387.314
5387.549
5387.783
5388.018
5388.252
5388.487
5388.721
5388.956
5389.190
5389.425
5389.659
5389.894
5390.129
5390.363
5390.598
5390.832
5391.067
5391.301
5391.536
5391.770
5392.005
5392.239
5392.474
5392.709
5392.943
5393.178
5393.412
5393.647
5393.881
5394.116
5394.350
5394.585
5394.819
5395.054
5395.289
5395.523
5395.758
5395.992
5396.227
5396.461
5396.696
5396.930
5397.165
5397.399
5397.634
5397.868
5398.103
5398.338
5398.572
5398.807
5399.041
5399.276
5399.510
5399.745
5399.979
5400.214
5400.448
5400.683
5400.918
5401.152
5401.387
5401.621
5401.856
5402.090
5402.325
5402.559
5402.794
5403.028
5403.263
5403.498
5403.732
5403.967
5404.201
5404.436
5404.670
5404.905
5405.139
5405.374
5405.842
5406.311
5406.779
5407.247
5407.715
5408.184
5408.652
5409.120
5409.589
5410.057
5410.525
5410.994
5411.462
5411.930
5412.399
5412.867
5413.335
5413.803
5414.272
5414.740
5415.208
5415.677
5416.145
5416.613
5417.082
5417.550
5418.018
5418.486
5418.955
5419.423
5419.891
5420.360
5420.828
5421.296
5421.765
5422.233
5422.701
5423.170
5423.638
5424.106
5424.574
5425.043
5425.511
5425.979
5426.448
5426.916
5427.384
5427.853
5428.321
5428.789
5429.258
5429.726
5430.194
5430.662
5431.131
5431.599
5432.067
5432.536
5433.004
5433.472
5433.941
5434.409
5434.877
5435.346
5435.580
5435.815
5436.049
5436.284
5436.519
5436.753
5436.988
5437.222
5437.457
5437.692
5437.926
5438.161
5438.395
5438.630
5438.865
5439.099
5439.334
5439.568
5439.803
5440.038
5440.272
5440.507
5440.742
5440.976
5441.211
5441.445
5441.680
5441.915
5442.149
5442.384
5442.618
5442.853
5443.088
5443.322
5443.557
5443.791
5444.026
5444.261
5444.495
5444.730
5444.964
5445.199
5445.434
5445.668
5445.903
5446.138
5446.372
5446.607
5446.841
5447.076
5447.311
5447.545
5447.780
5448.014
5448.249
5448.484
5448.718
5448.953
5449.187
5449.422
5449.657
5449.891
5450.126
5450.360
5450.595
5450.830
5451.064
5451.299
5451.533
5451.768
5452.003
5452.237
5452.472
5452.707
5452.941
5453.176
5453.410
5453.645
5453.880
5454.114
5454.349
5454.583
5454.818
5455.053
5455.287
5455.522
5455.756
5455.991
5456.226
5456.460
5456.695
5456.929
5457.164
5457.399
5457.633
5457.868
5458.103
5458.337
5458.572
5458.806
5459.041
5459.276
5459.510
5459.745
5459.979
5460.214
5460.449
5460.683
5460.918
5461.152
5461.387
5461.622
5461.856
5462.091
5462.325
5462.560
5462.795
5463.029
5463.264
5463.499
5463.733
5463.968
5464.202
5464.437
5464.672
5464.906
5465.141
5465.375
5465.844
5466.313
5466.781
5467.250
5467.719
5468.188
5468.656
5469.125
5469.594
5470.062
5470.531
5471.000
5471.468
5471.937
5472.406
5472.875
5473.343
5473.812
5474.281
5474.749
5475.218
5475.687
5476.155
5476.624
5477.093
5477.562
5478.030
5478.499
5478.968
5479.436
5479.905
5480.374
5480.842
5481.311
5481.780
5482.249
5482.717
5483.186
5483.655
5484.123
5484.592
5485.061
5485.529
5485.998
5486.467
5486.936
5487.404
5487.873
5488.342
5488.810
5489.279
5489.748
5490.216
5490.685
5491.154
5491.623
5492.091
5492.560
5493.029
5493.497
5493.966
5494.435
5494.903
5495.372
5496.309
5497.245
5498.181
5499.118
5500.054
5500.990
5501.927
5502.863
5503.799
5504.736
5505.672
5506.608
5507.545
5508.481
5509.417
5510.354
5510.588
5510.823
5511.057
5511.291
5511.526
5511.760
5511.994
5512.229
5512.463
5512.697
5512.932
5513.166
5513.401
5513.635
5513.869
5514.104
5514.338
5514.572
5514.807
5515.041
5515.276
5515.510
5515.744
5515.979
5516.213
5516.447
5516.682
5516.916
5517.151
5517.385
5517.619
5517.854
5518.088
5518.322
5518.557
5518.791
5519.025
5519.260
5519.494
5519.729
5519.963
5520.197
5520.432
5520.666
5520.900
5521.135
5521.369
5521.604
5521.838
5522.072
5522.307
5522.541
5522.775
5523.010
5523.244
5523.478
5523.713
5523.947
5524.182
5524.416
5524.650
5524.885
5525.119
5525.353
5525.588
5525.822
5526.057
5526.291
5526.525
5526.760
5526.994
5527.228
5527.463
5527.697
5527.931
5528.166
5528.400
5528.635
5528.869
5529.103
5529.338
5529.572
5529.806
5530.041
5530.275
5530.510
5530.744
5530.978
5531.213
5531.447
5531.681
5531.916
5532.150
5532.385
5532.619
5532.853
5533.088
5533.322
5533.556
5533.791
5534.025
5534.259
5534.494
5534.728
5534.963
5535.197
5535.431
5535.666
5535.900
5536.134
5536.369
5536.603
5536.838
5537.072
5537.306
5537.541
5537.775
5538.009
5538.244
5538.478
5538.712
