32.726
33.553
34.381
35.209
36.037
36.865
37.692
38.520
39.348
40.176
41.003
41.831
42.659
43.487
44.315
45.142
45.970
46.798
47.626
48.453
49.281
50.109
50.937
51.765
52.592
53.420
54.248
55.076
55.903
56.731
57.559
58.387
59.215
59.628
60.042
60.456
60.870
61.284
61.698
62.112
62.526
62.940
63.353
63.767
64.181
64.595
65.009
65.423
65.837
66.251
66.665
67.078
67.492
67.906
68.320
68.734
69.148
69.562
69.976
70.390
70.803
71.217
71.631
72.045
72.459
73.287
74.115
74.942
75.770
76.598
77.426
78.253
79.081
79.909
80.737
81.565
82.392
83.220
84.048
84.876
85.703
86.531
87.359
88.187
89.015
89.842
90.670
91.498
92.326
93.153
93.981
94.809
95.637
96.465
97.292
98.120
98.948
102.259
102.673
103.086
103.500
103.913
104.327
104.740
105.154
105.567
105.981
106.394
106.808
107.221
107.635
108.049
108.462
108.876
109.289
109.703
110.116
110.530
110.943
111.357
111.770
112.184
112.598
113.011
113.425
113.838
114.252
114.665
115.079
115.492
115.906
116.319
116.733
117.146
117.560
117.974
118.387
118.801
119.214
119.628
120.041
120.455
120.868
121.282
121.695
122.109
122.523
122.936
123.350
123.763
124.177
124.590
125.004
125.417
125.831
126.244
126.658
127.071
127.485
127.899
128.312
128.726
129.553
130.381
131.208
132.036
132.863
133.691
134.518
135.346
136.173
137.001
137.829
138.656
139.484
140.311
141.139
141.966
142.794
143.621
144.449
145.276
146.104
146.931
147.759
148.592
149.420
150.248
151.076
151.903
152.731
153.559
154.387
155.215
158.526
158.939
159.353
159.766
160.180
160.594
161.007
161.421
161.834
162.248
162.662
163.075
163.489
163.903
164.316
164.730
165.143
165.557
165.971
166.384
166.798
167.211
167.625
168.039
168.452
168.866
169.279
169.693
170.107
170.520
170.934
171.347
171.761
172.175
172.588
173.002
173.415
173.829
174.243
174.656
175.070
175.483
175.897
176.311
176.724
177.138
177.551
177.965
178.379
178.792
179.206
179.619
180.033
180.447
180.860
181.274
181.687
182.101
182.515
182.928
183.342
183.755
184.169
184.583
184.996
185.410
185.823
186.237
186.651
187.064
187.478
187.891
188.305
188.512
188.719
188.926
189.134
189.341
189.548
189.755
189.962
190.169
190.376
190.583
190.790
190.998
191.205
191.412
191.619
191.826
192.033
192.240
192.447
192.655
192.862
193.069
193.276
193.483
193.690
193.897
194.104
194.311
194.519
194.726
194.933
195.140
195.347
195.554
195.761
195.968
196.175
196.383
196.590
196.797
197.004
197.211
197.418
197.625
197.832
198.040
198.247
198.454
198.661
198.868
199.075
199.282
199.489
199.696
199.904
200.111
200.318
200.525
200.732
200.939
201.146
201.353
201.560
201.768
201.975
202.182
202.389
202.596
202.803
203.010
203.217
203.425
203.632
203.839
204.046
204.253
204.460
204.667
204.874
205.081
205.289
205.496
205.703
205.910
206.117
206.324
206.531
206.738
206.946
207.153
207.360
207.567
207.774
207.981
208.188
208.395
208.602
208.810
209.017
209.224
209.431
209.638
209.845
210.052
210.259
210.466
210.674
210.881
211.088
211.295
211.502
211.709
211.916
212.123
212.331
212.538
212.745
212.952
213.159
213.363
213.567
213.771
213.976
214.180
214.384
214.588
214.792
215.206
215.620
216.034
216.447
216.861
217.275
217.689
218.103
218.516
218.930
219.344
219.758
220.171
220.585
220.999
221.413
221.827
222.240
222.654
223.068
223.482
223.895
224.309
224.723
225.137
225.550
225.964
226.378
226.792
227.206
227.619
228.033
228.447
228.861
229.274
229.688
230.102
230.516
230.930
231.343
231.757
232.171
232.585
232.998
233.412
233.826
234.240
234.654
235.067
235.481
235.895
236.309
236.722
237.136
237.550
237.964
238.378
238.791
239.205
239.619
240.033
240.446
240.860
241.274
257.825
258.239
258.653
259.066
259.480
259.894
260.308
260.721
261.135
261.549
261.963
262.376
262.790
263.204
263.618
264.032
264.445
264.859
265.273
265.687
266.100
266.514
266.928
267.342
267.756
268.169
268.583
268.997
269.411
269.824
270.238
270.652
271.066
271.480
271.893
272.307
272.721
273.135
273.548
273.962
274.376
274.790
275.204
275.617
276.031
276.445
276.859
277.272
277.686
278.100
278.514
278.927
279.341
279.755
280.169
280.583
280.996
281.410
281.824
282.238
282.651
283.065
283.479
283.893
284.307
284.513
284.720
284.927
285.134
285.341
285.548
285.755
285.962
286.169
286.375
286.582
286.789
286.996
287.203
287.410
287.617
287.824
288.031
288.237
288.444
288.651
288.858
289.065
289.272
289.479
289.686
289.893
290.099
290.306
290.513
290.720
290.927
291.134
291.341
291.548
291.754
291.961
292.168
292.375
292.582
292.789
292.996
293.203
293.410
293.616
293.823
294.030
294.237
294.444
294.651
294.858
295.065
295.272
295.478
295.685
295.892
296.099
296.306
296.513
296.720
296.927
297.134
297.340
310.788
311.616
312.443
313.271
314.098
314.926
315.754
316.581
317.409
318.236
319.064
319.891
320.719
321.546
322.374
323.201
324.029
324.443
324.857
325.270
325.684
326.098
326.512
326.925
327.339
327.753
328.167
328.581
328.994
329.408
329.822
330.236
330.649
331.063
331.477
331.891
332.305
332.718
333.132
333.546
333.960
334.373
334.787
335.201
335.615
336.029
336.442
336.856
337.270
337.477
337.684
337.891
338.097
338.304
338.511
338.718
338.925
339.132
339.339
339.546
339.752
339.959
340.166
340.373
340.580
340.787
340.994
341.201
341.408
341.614
341.821
342.028
342.235
342.442
342.649
342.856
343.063
343.270
343.476
343.683
343.890
344.097
344.304
344.511
344.718
344.925
345.132
345.338
345.545
345.752
345.959
346.166
346.373
346.580
346.787
346.993
347.200
347.407
347.614
347.821
348.028
348.235
348.442
348.649
348.855
349.062
349.269
349.476
349.683
349.890
350.097
350.304
350.511
350.717
350.924
351.131
351.338
351.545
351.752
351.959
352.166
352.373
352.579
352.786
352.993
353.200
353.407
353.614
353.821
354.028
354.234
354.441
354.648
354.855
355.062
355.269
355.476
355.683
355.890
356.096
356.303
356.510
356.717
356.924
357.131
357.338
357.545
357.752
357.958
358.165
358.372
358.579
358.786
358.993
359.200
359.407
359.614
359.820
360.027
360.234
360.441
360.648
360.855
361.062
361.269
361.476
361.682
361.889
362.096
362.303
362.510
362.717
362.924
363.131
363.337
363.544
363.751
364.165
364.579
364.993
365.407
365.820
366.234
366.648
367.062
367.475
367.889
368.303
368.717
369.131
369.544
369.958
370.372
370.786
371.199
371.613
372.027
372.441
372.855
373.268
373.682
374.096
374.510
374.679
374.923
375.337
375.751
376.165
376.579
376.992
390.259
390.673
391.086
391.500
391.914
392.327
392.741
393.155
393.569
393.982
394.396
394.810
395.223
395.637
396.051
396.464
396.878
397.292
397.705
398.119
398.533
398.946
399.360
399.774
400.188
400.601
401.015
401.429
401.842
402.256
402.670
403.083
403.497
403.911
404.324
404.738
405.152
405.566
405.979
406.393
406.807
407.220
407.634
408.048
408.461
408.875
409.289
409.702
410.116
410.530
410.944
411.357
411.771
412.185
412.598
413.012
413.426
413.632
413.839
414.046
414.252
414.459
414.666
414.873
415.079
415.286
415.493
415.699
415.906
416.113
416.320
416.526
416.733
416.940
417.146
417.353
417.560
417.767
417.973
418.180
418.387
418.593
418.800
419.007
419.214
419.420
419.627
419.834
420.040
420.247
420.454
420.661
420.867
421.074
421.281
421.487
421.694
421.901
422.108
422.314
422.521
422.728
422.934
423.141
423.348
423.762
424.176
424.590
425.003
425.417
425.831
426.245
426.659
427.073
427.487
427.901
428.315
428.728
429.142
429.556
429.970
430.384
430.798
431.212
431.626
432.040
432.453
432.867
433.281
433.695
434.109
434.523
434.937
435.351
435.765
436.178
436.592
437.006
437.420
437.834
438.248
438.662
439.076
439.490
439.903
440.317
440.731
441.145
441.559
441.973
442.387
442.801
443.215
443.421
443.628
443.834
444.040
444.247
444.453
444.660
444.866
445.073
445.279
445.486
445.692
445.899
446.105
446.312
446.518
446.725
446.931
447.138
447.344
447.551
447.757
447.964
448.170
448.377
448.583
448.790
448.996
449.203
449.409
449.615
449.822
450.028
450.235
450.441
450.648
450.854
451.061
451.267
451.474
451.680
451.887
452.093
452.300
452.506
452.713
452.919
453.126
453.540
453.954
454.368
454.782
455.196
455.610
456.024
456.438
456.852
457.266
457.680
458.094
458.508
458.922
459.337
459.751
460.165
460.579
460.993
461.407
461.821
462.235
462.649
463.063
463.477
463.891
464.305
464.719
465.133
465.547
465.961
466.376
466.790
467.204
467.618
468.032
468.446
468.860
469.274
469.688
470.102
470.516
470.930
471.344
471.758
472.172
472.586
473.000
473.414
473.829
474.243
474.657
475.071
475.485
475.899
476.313
476.727
477.141
477.555
477.969
478.383
478.797
479.211
479.625
496.170
496.584
496.999
497.413
497.827
498.241
498.656
499.070
499.484
499.898
500.312
500.727
501.141
501.555
501.969
502.384
502.798
503.212
503.626
504.041
504.455
504.869
505.283
505.698
506.112
506.526
506.940
507.354
507.769
508.183
508.597
509.011
509.426
509.632
509.838
510.044
510.251
510.457
510.663
510.869
511.076
511.282
511.488
511.694
511.901
512.107
512.313
512.519
512.726
512.932
513.138
513.344
513.551
513.757
513.963
514.169
514.376
514.582
514.788
514.994
515.201
515.407
515.613
515.819
516.026
529.292
529.706
530.119
530.533
530.946
531.360
531.774
532.187
532.601
533.014
533.428
533.841
534.255
534.668
535.082
535.495
535.909
536.323
536.736
537.150
537.563
537.977
538.390
538.804
539.217
539.631
540.044
540.458
540.871
541.285
541.699
542.112
542.526
542.732
542.939
543.146
543.353
543.560
543.766
543.973
544.180
544.387
544.593
544.800
545.007
545.214
545.420
545.627
545.834
546.041
546.248
546.454
546.661
546.868
547.075
547.281
547.488
547.695
547.902
548.108
548.315
548.522
548.729
548.936
549.142
549.349
549.556
549.763
549.969
550.176
550.383
550.590
550.796
551.003
551.210
551.417
551.624
551.830
552.037
552.244
552.451
552.657
552.864
553.071
553.278
553.484
553.691
553.898
554.105
554.312
554.518
554.725
554.932
555.139
555.345
555.552
555.759
556.173
556.586
557.000
557.413
557.827
558.240
558.654
559.067
559.481
559.894
560.308
560.721
561.135
561.549
561.962
562.376
562.789
563.203
563.616
564.030
564.443
564.857
565.270
565.684
566.097
566.511
566.925
567.338
567.752
568.165
568.579
568.992
570.659
571.486
572.313
573.140
573.967
574.794
575.621
576.449
577.276
578.103
578.930
579.757
580.584
581.411
582.238
583.065
583.892
584.306
584.719
585.133
585.546
585.960
586.374
586.787
587.201
587.614
588.028
588.441
588.855
589.268
589.682
590.095
590.509
590.923
591.336
591.750
592.163
592.577
592.990
593.404
593.817
594.231
594.644
595.058
595.471
595.885
596.299
596.712
597.126
597.333
597.540
597.746
597.953
598.160
598.367
598.574
598.781
598.988
599.195
599.402
599.609
599.816
600.023
600.230
600.437
600.644
600.851
601.058
601.265
601.471
601.678
601.885
602.092
602.299
602.506
602.713
602.920
603.127
603.334
603.541
603.748
603.955
604.162
604.369
604.576
604.783
604.989
605.196
605.403
605.610
605.817
606.024
606.231
606.438
606.645
606.852
607.059
607.266
607.473
607.680
607.887
608.094
608.301
608.508
608.714
608.921
609.128
609.335
609.542
609.749
609.956
610.163
610.370
610.784
611.198
611.613
612.027
612.441
612.855
613.270
613.684
614.098
614.512
614.927
615.341
615.755
616.169
616.584
616.998
617.412
617.826
618.240
618.655
619.069
619.483
619.897
620.312
620.726
621.140
621.554
621.969
622.383
622.797
623.211
623.626
624.451
625.276
626.102
626.927
627.753
628.578
629.403
630.229
630.643
631.057
631.470
631.884
632.298
632.712
633.126
633.539
633.953
634.367
634.781
635.195
635.609
636.022
636.436
636.850
637.264
637.678
638.091
638.505
638.919
639.333
639.747
640.161
640.574
640.988
641.402
641.816
642.230
642.644
643.057
643.471
643.885
644.299
644.713
645.126
645.540
645.954
646.368
646.782
647.196
647.609
648.023
648.437
648.851
649.265
649.678
650.092
650.299
650.506
650.713
650.920
651.127
651.334
651.541
651.748
651.954
652.161
652.368
652.575
652.782
652.989
653.196
653.403
653.610
653.817
654.024
654.230
654.437
654.644
654.851
655.058
655.265
655.472
655.679
655.886
656.093
656.300
656.506
656.713
656.920
657.127
657.334
657.541
657.748
657.955
658.162
658.369
658.576
658.782
658.989
659.196
659.403
659.610
659.817
660.024
660.231
660.438
660.645
660.851
661.058
661.265
661.472
661.679
661.886
662.093
662.300
662.507
662.714
662.921
663.127
663.334
663.748
664.162
664.576
664.990
665.404
665.818
666.232
666.646
667.060
667.474
667.888
668.301
668.715
669.129
669.543
669.957
670.371
670.785
671.199
671.613
672.027
672.441
672.855
673.269
673.682
674.096
674.510
674.924
675.338
675.752
676.166
676.580
676.994
677.408
677.822
678.236
678.649
679.063
679.477
679.891
680.305
680.719
681.133
681.547
681.961
682.375
682.789
683.203
683.617
684.030
684.444
684.858
685.272
685.686
686.100
686.514
686.928
687.342
687.756
688.170
688.584
688.998
689.411
689.825
690.653
691.480
692.307
693.135
693.962
694.790
695.617
696.444
697.272
698.099
698.926
699.754
700.581
701.408
702.236
703.063
703.890
704.718
705.545
706.373
707.200
708.027
708.855
709.682
710.509
711.337
712.164
712.991
713.819
714.646
715.474
716.301
716.715
717.129
717.543
717.957
718.371
718.785
719.199
719.613
720.027
720.441
720.855
721.269
721.684
722.098
722.512
722.926
723.753
724.580
725.407
726.234
727.061
727.888
728.715
729.542
730.369
731.196
732.024
732.851
733.678
734.505
735.332
736.159
736.574
736.988
737.403
737.817
738.232
738.646
739.061
739.476
739.890
740.305
740.719
741.134
741.549
741.963
742.378
742.792
743.207
743.621
744.036
744.451
744.865
745.280
745.694
746.109
746.524
746.938
747.353
747.767
748.182
748.596
749.011
749.426
765.973
766.179
766.386
766.593
766.800
767.006
767.213
767.420
767.626
767.833
768.040
768.247
768.453
768.660
768.867
769.073
769.280
769.487
769.694
769.900
770.107
770.314
770.520
770.727
770.934
771.141
771.347
771.554
771.761
771.967
772.174
772.381
772.588
772.794
773.001
773.208
773.414
773.621
773.828
774.035
774.241
774.448
774.655
774.861
775.068
775.275
775.482
775.688
775.895
776.102
776.309
776.515
776.722
776.929
777.135
777.342
777.549
777.756
777.962
778.169
778.376
778.582
778.789
778.996
779.203
779.409
779.616
779.823
780.029
780.236
780.443
780.650
780.856
781.063
781.270
781.476
781.683
781.890
782.097
782.303
782.510
782.717
782.923
783.130
783.337
783.544
783.750
783.957
784.164
784.370
784.577
784.784
784.991
785.197
785.404
785.611
785.817
786.024
786.231
786.438
786.644
786.851
787.058
787.264
787.471
787.678
787.885
788.091
788.298
788.505
788.711
788.918
789.125
789.332
789.538
789.745
789.952
790.159
790.365
790.572
790.779
790.985
791.192
791.399
791.606
791.812
792.019
792.226
794.092
794.920
795.748
796.576
797.404
798.232
799.060
799.887
800.715
801.543
802.371
803.199
804.027
804.855
805.683
806.511
807.338
807.752
808.166
808.579
808.993
809.407
809.820
810.234
810.647
811.061
811.475
811.888
812.302
812.716
813.129
813.543
813.956
814.370
814.784
815.197
815.611
816.024
816.438
816.852
817.265
817.679
818.093
818.506
818.920
819.333
819.747
820.161
820.574
820.988
821.402
821.815
822.229
822.642
823.056
823.470
823.883
824.297
824.711
825.124
825.538
825.951
826.365
826.779
827.192
828.020
828.848
829.676
830.504
831.332
832.159
832.987
833.815
834.643
835.471
836.299
837.126
837.954
838.782
839.610
840.438
840.852
841.266
841.680
842.094
842.508
842.922
843.336
843.750
844.164
844.578
844.992
845.406
845.820
846.234
846.648
847.062
847.476
847.890
848.304
848.719
849.133
849.547
849.961
850.375
850.789
851.203
851.617
852.031
852.445
852.859
853.273
853.687
854.101
854.515
854.929
855.343
855.757
856.171
856.585
856.999
857.413
857.827
858.241
858.655
859.069
859.483
859.898
860.312
860.726
861.140
861.554
861.968
862.382
862.796
863.210
863.624
864.038
864.452
864.866
865.280
865.694
866.108
866.522
866.936
867.350
867.764
868.178
868.592
871.907
872.734
873.562
874.390
875.217
876.045
876.873
877.700
878.528
879.356
880.183
881.011
881.839
882.666
883.494
884.322
885.149
885.977
886.805
887.633
888.460
889.288
890.116
890.943
891.771
892.599
893.426
894.254
895.082
895.909
896.737
897.565
898.392
900.048
900.461
900.875
901.288
901.701
902.115
902.528
902.942
903.355
903.769
904.182
904.595
905.009
905.422
905.836
906.249
906.663
907.076
907.489
907.903
908.316
908.730
909.143
909.557
909.970
910.383
910.797
911.210
911.624
912.037
912.451
912.864
913.277
913.691
914.104
914.518
914.931
915.345
915.758
916.171
916.585
916.998
917.412
917.825
918.239
918.652
919.065
919.479
919.892
920.099
920.306
920.512
920.719
920.926
921.132
921.339
921.546
921.752
921.959
922.166
922.372
922.579
922.786
922.992
923.199
923.406
923.612
923.819
924.026
924.232
924.439
924.646
924.852
925.059
925.266
925.472
925.679
925.886
926.092
926.299
926.506
926.712
926.919
927.126
927.332
927.539
927.746
927.952
928.159
928.573
928.987
929.401
929.815
930.229
930.643
931.057
931.471
931.885
932.299
932.713
933.126
933.540
933.954
934.368
934.782
935.196
935.610
936.024
936.438
936.852
937.266
937.680
938.094
938.508
938.922
939.336
939.750
940.164
940.578
940.992
941.406
941.820
942.234
942.648
943.061
943.475
943.889
944.303
944.717
945.131
945.545
945.959
946.373
946.787
947.201
947.615
948.029
948.443
948.857
949.271
949.685
950.099
950.513
950.927
951.341
951.755
952.169
952.583
952.996
953.410
953.824
954.238
954.652
955.066
955.480
955.894
956.308
956.722
957.136
957.550
957.964
958.378
958.792
959.206
959.620
960.034
960.448
960.862
961.276
961.690
962.104
962.518
962.931
963.345
963.759
964.173
964.587
965.001
965.415
965.829
966.243
966.657
967.071
967.485
967.899
981.126
981.540
981.954
982.368
982.782
983.196
983.610
984.024
984.438
984.852
985.266
985.680
986.094
986.508
986.922
987.336
987.750
988.164
988.578
988.992
989.406
989.820
990.234
990.648
991.062
991.476
991.890
992.304
992.718
993.132
993.546
993.960
994.374
994.788
995.202
995.616
996.030
996.444
996.858
997.272
997.686
998.100
998.514
998.928
999.342
999.756
1000.170
1000.584
1000.998
1001.412
1001.826
1002.240
1002.654
1003.068
1003.482
1003.896
1004.310
1004.724
1005.138
1005.552
1005.966
1006.380
1006.794
1007.208
1007.622
1008.036
1008.450
1008.864
1009.278
1009.692
1010.106
1010.520
1010.934
1011.348
1011.762
1012.176
1012.590
1013.004
1013.418
1013.832
1014.246
1014.660
1015.074
1015.488
1015.902
1016.316
1016.730
1017.144
1017.558
1017.972
1018.386
1018.800
1019.214
1019.628
1020.042
1020.456
1020.870
1021.284
1021.698
1022.112
1022.526
1023.355
1024.184
1025.013
1025.842
1026.671
1027.501
1028.330
1029.159
1029.988
1030.817
1031.646
1032.476
1033.305
1034.134
1034.963
1035.792
1036.206
1036.619
1037.033
1037.446
1037.860
1038.274
1038.687
1039.101
1039.514
1039.928
1040.341
1040.755
1041.168
1041.582
1041.995
1042.409
1042.822
1043.236
1043.650
1044.063
1044.477
1044.890
1045.304
1045.717
1046.131
1046.544
1046.958
1047.371
1047.785
1048.198
1048.612
1049.026
1049.439
1049.853
1050.266
1050.680
1051.093
1051.507
1051.920
1052.334
1052.747
1053.161
1053.574
1053.988
1054.402
1054.815
1055.229
1055.642
1056.056
1056.469
1056.883
1057.296
1057.710
1058.123
1058.537
1058.950
1059.364
1059.778
1060.191
1060.605
1061.018
1061.432
1061.845
1062.259
1062.672
1063.086
1063.499
1063.913
1064.326
1064.740
1065.154
1065.567
1065.981
1066.394
1066.808
1067.221
1067.635
1068.048
1068.462
1068.875
1069.289
1069.702
1070.116
1070.530
1070.943
1071.357
1071.770
1072.184
1072.597
1073.011
1073.424
1073.838
1074.251
1074.665
1075.078
1075.492
1088.759
1089.586
1090.412
1091.239
1092.066
1092.892
1093.719
1094.546
1095.372
1096.199
1097.026
1097.852
1098.679
1099.506
1100.332
1101.159
1101.986
1102.812
1103.639
1104.466
1105.292
1105.706
1106.119
1106.533
1106.946
1107.360
1107.774
1108.187
1108.601
1109.014
1109.428
1109.841
1110.255
1110.668
1111.082
1111.495
1111.909
1112.323
1112.736
1113.150
1113.563
1113.977
1114.390
1114.804
1115.217
1115.631
1116.044
1116.458
1116.871
1117.285
1117.699
1118.112
1118.526
1118.731
1118.937
1119.143
1119.349
1119.554
1119.760
1119.966
1120.171
1120.377
1120.583
1120.789
1120.994
1121.200
1121.406
1121.612
1121.817
1122.023
1122.229
1122.434
1122.640
1122.846
1123.052
1123.257
1123.463
1123.669
1123.875
1124.080
1124.286
1124.492
1124.698
1124.903
1125.109
1125.315
1125.520
1125.726
1125.932
1126.138
1126.343
1126.549
1126.755
1126.961
1127.166
1127.372
1127.578
1127.783
1127.989
1128.195
1128.401
1128.606
1128.812
1129.018
1129.224
1129.429
1129.635
1129.841
1130.046
1130.252
1130.458
1130.664
1130.869
1131.075
1131.281
1131.487
1131.692
1133.426
1133.840
1134.254
1134.668
1135.082
1135.496
1135.910
1136.324
1136.738
1137.152
1137.566
1137.980
1138.394
1138.808
1139.222
1139.637
1140.051
1140.465
1140.879
1141.293
1141.707
1142.121
1142.535
1142.949
1143.363
1143.777
1144.191
1144.605
1145.019
1145.433
1145.847
1146.261
1146.676
1147.090
1147.504
1147.918
1148.332
1148.746
1149.160
1149.574
1149.988
1150.402
1150.816
1151.230
1151.644
1152.058
1152.472
1152.886
1153.300
1153.715
1154.129
1154.543
1154.957
1155.371
1155.785
1156.199
1156.613
1157.027
1157.441
1157.855
1158.269
1158.683
1159.097
1159.511
1159.925
1174.826
1175.239
1175.653
1176.067
1176.480
1176.894
1177.307
1177.721
1178.135
1178.548
1178.962
1179.375
1179.789
1180.203
1180.616
1181.030
1181.444
1181.857
1182.271
1182.684
1183.098
1183.512
1183.925
1184.339
1184.753
1185.166
1185.580
1185.993
1186.407
1186.821
1187.234
1187.648
1188.061
1188.475
1188.889
1189.302
1189.716
1190.130
1190.543
1190.957
1191.370
1191.784
1192.198
1192.611
1193.025
1193.439
1193.852
1194.266
1194.679
1195.507
1196.335
1197.163
1197.991
1198.819
1199.647
1200.475
1201.303
1202.130
1202.958
1203.786
1204.614
1205.442
1206.270
1207.098
1207.926
1208.133
1208.340
1208.547
1208.754
1208.961
1209.168
1209.375
1209.582
1209.789
1209.996
1210.203
1210.410
1210.616
1210.823
1211.030
1211.237
1211.444
1211.651
1211.858
1212.065
1212.272
1212.479
1212.686
1212.893
1213.100
1213.307
1213.514
1213.721
1213.928
1214.135
1214.342
1214.549
1214.756
1214.963
1215.170
1215.377
1215.584
1215.791
1215.998
1216.205
1216.412
1216.619
1216.826
1217.033
1217.240
1217.447
1217.654
1217.861
1218.068
1218.275
1218.482
1218.689
1218.896
1219.103
1219.310
1219.517
1219.724
1219.931
1220.138
1220.345
1220.552
1220.759
1220.966
1221.173
1221.380
1221.587
1221.794
1222.001
1222.208
1222.415
1222.622
1222.829
1223.036
1223.243
1223.450
1223.657
1223.864
1224.071
1224.278
1224.485
1224.692
1224.899
1225.106
1225.313
1225.520
1225.727
1225.934
1226.141
1226.348
1226.555
1226.762
1226.969
1227.176
1227.383
1227.590
1227.797
1228.004
1228.211
1228.418
1228.625
1228.832
1229.039
1229.246
1229.453
1229.659
1229.866
1230.073
1230.280
1230.487
1230.694
1230.901
1231.108
1231.315
1231.522
1231.729
1231.936
1232.143
1232.350
1232.557
1232.764
1232.971
1233.178
1233.385
1233.592
1236.059
1236.473
1236.886
1237.300
1237.714
1238.128
1238.541
1238.955
1239.369
1239.783
1240.196
1240.610
1241.024
1241.437
1241.851
1242.265
1242.679
1243.092
1243.506
1243.920
1244.334
1244.747
1245.161
1245.575
1245.988
1246.402
1246.816
1247.230
1247.643
1248.057
1248.471
1248.884
1249.298
1249.712
1250.126
1250.539
1250.953
1251.367
1251.781
1252.194
1252.608
1253.022
1253.435
1253.849
1254.263
1254.677
1255.090
1255.504
1255.918
1256.332
1256.745
1257.159
1257.573
1257.986
1258.400
1258.814
1259.228
1259.641
1260.055
1260.469
1260.883
1261.296
1261.710
1262.124
1262.537
1262.951
1263.365
1263.779
1264.192
1265.021
1265.849
1266.677
1267.505
1268.334
1269.162
1269.990
1270.818
1271.647
1272.475
1273.303
1274.131
1274.960
1275.788
1276.616
1277.444
1277.858
1278.272
1278.685
1279.099
1279.513
1279.926
1280.340
1280.754
1281.168
1281.581
1281.995
1282.409
1282.822
1283.236
1283.650
1284.063
1284.477
1284.891
1285.304
1285.718
1286.132
1286.546
1286.959
1287.373
1287.787
1288.200
1288.614
1289.028
1289.441
1289.855
1290.269
1290.683
1291.096
1291.510
1291.924
1292.337
1292.751
1293.165
1293.578
1293.992
1294.406
1294.819
1295.233
1295.647
1296.061
1296.474
1296.888
1297.302
1297.715
1298.129
1298.543
1298.956
1299.370
1299.784
1300.197
1300.611
1301.025
1301.439
1301.852
1302.266
1302.680
1303.093
1303.507
1303.921
1304.334
1304.748
1305.162
1305.576
1305.989
1306.403
1306.817
1307.230
1307.644
1308.058
1308.471
1308.885
1309.299
1309.712
1310.126
1310.540
1310.954
1311.367
1311.781
1312.195
1312.608
1313.022
1313.436
1313.849
1314.263
1314.677
1315.090
1315.504
1315.918
1316.332
1316.745
1317.159
1330.426
1331.253
1332.080
1332.907
1333.734
1334.561
1335.388
1336.215
1337.042
1337.869
1338.696
1339.524
1340.351
1341.178
1342.005
1342.832
1343.659
1344.073
1344.486
1344.900
1345.313
1345.727
1346.140
1346.554
1346.967
1347.381
1347.794
1348.208
1348.621
1349.035
1349.449
1349.862
1350.276
1350.689
1351.103
1351.516
1351.930
1352.343
1352.757
1353.170
1353.584
1353.998
1354.411
1354.825
1355.238
1355.652
1356.065
1356.479
1356.892
1363.526
1363.732
1363.938
1364.144
1364.351
1364.557
1364.763
1364.969
1365.176
1365.382
1365.588
1365.794
1366.001
1366.207
1366.413
1366.619
1366.826
1367.032
1367.238
1367.444
1367.651
1367.857
1368.063
1368.269
1368.476
1368.682
1368.888
1369.094
1369.301
1369.507
1369.713
1369.919
1370.126
1370.539
1370.953
1371.367
1371.781
1372.194
1372.608
1373.022
1373.436
1373.849
1374.263
1374.677
1375.091
1375.505
1375.918
1376.332
1376.746
1377.160
1377.573
1377.987
1378.401
1378.815
1379.228
1379.642
1380.056
1380.470
1380.883
1381.297
1381.711
1382.125
1382.538
1382.952
1383.366
1383.780
1384.194
1384.607
1385.021
1385.435
1385.849
1386.262
1386.676
1387.090
1387.504
1387.917
1388.331
1388.745
1389.159
1389.572
1389.986
1390.400
1390.814
1391.227
1391.641
1392.055
1392.469
1392.883
1393.296
1393.710
1394.124
1394.538
1394.951
1395.365
1395.779
1396.193
1396.606
1397.020
1397.434
1397.848
1398.261
1398.675
1399.089
1399.503
1399.916
1400.330
1400.744
1401.158
1401.572
1401.985
1402.399
1402.813
1403.227
1403.640
1404.054
1404.468
1404.882
1405.295
1405.709
1406.123
1406.537
1406.950
1407.364
1407.778
1408.192
1439.659
1440.487
1441.315
1442.142
1442.970
1443.798
1444.626
1445.453
1446.281
1447.109
1447.937
1448.765
1449.592
1450.420
1451.248
1452.076
1452.903
1453.731
1454.559
1455.387
1456.215
1457.042
1457.870
1458.698
1459.526
1460.353
1461.181
1462.009
1462.837
1463.665
1464.492
1465.320
1466.148
1466.976
1467.803
1468.631
1469.459
1470.287
1471.114
1471.942
1472.770
1473.598
1474.426
1475.253
1476.081
1476.909
1477.737
1478.564
1479.392
1479.805
1480.218
1480.631
1481.044
1481.457
1481.870
1482.283
1482.696
1483.109
1483.522
1483.935
1484.348
1484.761
1485.174
1485.587
1486.000
1486.413
1486.826
1487.239
1487.652
1488.065
1488.477
1488.890
1489.303
1489.716
1490.129
1490.542
1490.955
1491.368
1491.781
1492.194
1492.607
1493.020
1493.433
1493.846
1494.259
1494.466
1494.673
1494.880
1495.087
1495.294
1495.501
1495.708
1495.915
1496.122
1496.329
1496.536
1496.743
1496.950
1497.157
1497.364
1497.571
1497.778
1497.985
1498.192
1498.399
1498.606
1498.813
1499.021
1499.228
1499.435
1499.642
1499.849
1500.056
1500.263
1500.470
1500.677
1500.884
1501.091
1501.298
1501.505
1501.712
1501.919
1502.126
1502.333
1502.540
1502.747
1502.954
1503.161
1503.368
1503.575
1503.782
1503.989
1504.196
1504.403
1504.610
1504.817
1505.024
1505.231
1505.438
1505.645
1505.852
1506.059
1506.266
1506.473
1506.680
1506.887
1507.094
1507.301
1507.508
1507.715
1507.922
1508.130
1508.337
1508.544
1508.751
1508.958
1509.165
1509.372
1509.579
1509.786
1509.993
1510.200
1510.407
1510.614
1510.821
1511.028
1511.235
1511.442
1511.649
1511.856
1512.063
1512.270
1512.477
1512.684
1512.891
1513.098
1513.305
1513.512
1513.719
1513.926
1514.133
1514.340
1514.547
1514.754
1514.961
1515.168
1515.375
1515.582
1515.789
1515.996
1516.203
1516.410
1516.617
1516.824
1517.031
1517.239
1517.446
1517.653
1517.860
1518.067
1518.274
1518.481
1518.688
1518.895
1519.102
1519.309
1519.516
1519.723
1519.930
1520.137
1520.344
1520.551
1520.758
1521.172
1521.586
1522.000
1522.413
1522.827
1523.241
1523.655
1524.069
1524.483
1524.897
1525.311
1525.725
1526.138
1526.552
1526.966
1527.380
1527.794
1528.208
1528.622
1529.036
1529.450
1529.863
1530.277
1530.691
1531.105
1531.519
1531.933
1532.347
1532.761
1533.175
1533.588
1534.002
1534.416
1534.830
1535.244
1535.658
1536.072
1536.486
1536.900
1537.313
1537.727
1538.141
1538.555
1538.969
1539.383
1539.797
1540.211
1540.625
1541.038
1541.452
1541.866
1542.280
1542.694
1543.108
1543.522
1543.936
1544.350
1544.763
1545.177
1545.591
1546.005
1546.419
1546.833
1547.247
1547.661
1548.075
1548.488
1548.902
1549.316
1549.730
1550.144
1550.558
1550.972
1551.386
1551.800
1552.213
1552.627
1553.041
1553.455
1553.869
1554.283
1554.697
1555.111
1555.525
1555.938
1556.352
1556.766
1557.180
1557.594
1558.008
1558.422
1558.836
1559.250
1559.663
1560.077
1560.491
1561.318
1562.146
1562.973
1563.800
1564.627
1565.454
1566.281
1567.108
1567.936
1568.763
1569.590
1570.417
1571.244
1572.071
1572.899
1573.726
1577.026
1577.233
1577.440
1577.647
1577.854
1578.061
1578.268
1578.475
1578.682
1578.889
1579.096
1579.303
1579.510
1579.717
1579.924
1580.131
1580.338
1580.545
1580.752
1580.959
1581.166
1581.373
1581.580
1581.787
1581.994
1582.201
1582.408
1582.616
1582.823
1583.030
1583.237
1583.444
1583.651
1583.858
1584.065
1584.272
1584.479
1584.686
1584.893
1585.100
1585.307
1585.514
1585.721
1585.928
1586.135
1586.342
1586.549
1586.756
1586.963
1587.170
1587.377
1587.584
1587.791
1587.998
1588.205
1588.412
1588.619
1588.826
1589.033
1589.241
1589.448
1589.655
1589.862
1590.069
1590.276
1590.483
1590.690
1590.897
1591.104
1591.311
1591.518
1591.725
1591.932
1592.139
1592.346
1592.553
1592.760
1592.967
1593.174
1593.381
1593.588
1593.795
1594.002
1594.209
1594.416
1594.623
1594.830
1595.037
1595.244
1595.451
1595.658
1595.866
1596.073
1596.280
1596.487
1596.694
1596.901
1597.108
1597.315
1597.522
1597.729
1597.936
1598.143
1598.350
1598.557
1598.764
1598.971
1599.178
1599.385
1599.592
1599.799
1600.006
1600.213
1600.420
1600.627
1600.834
1601.041
1601.248
1601.455
1601.662
1601.869
1602.076
1602.283
1602.491
1602.698
1602.905
1603.112
1603.319
1603.526
1604.353
1605.180
1606.007
1606.834
1607.661
1608.488
1609.315
1610.142
1610.969
1611.796
1612.624
1613.451
1614.278
1615.105
1615.932
1616.759
1617.173
1617.588
1618.002
1618.416
1618.830
1619.245
1619.659
1620.073
1620.488
1620.902
1621.316
1621.730
1622.145
1622.559
1622.972
1623.386
1623.592
1623.799
1624.005
1624.211
1624.418
1624.624
1624.831
1625.037
1625.244
1625.450
1625.657
1625.863
1626.070
1626.276
1626.483
1626.689
1626.895
1627.102
1627.308
1627.515
1627.721
1627.928
1628.134
1628.341
1628.547
1628.754
1628.960
1629.166
1629.373
1629.579
1629.786
1629.992
1630.406
1630.820
1631.235
1631.649
1632.063
1632.477
1632.891
1633.305
1633.719
1634.133
1634.547
1634.961
1635.375
1635.789
1636.203
1636.617
1637.031
1637.445
1637.859
1638.274
1638.688
1639.102
1639.516
1639.930
1640.344
1640.758
1641.172
1641.586
1642.000
1642.414
1642.828
1643.242
1643.656
1644.070
1644.484
1644.898
1645.313
1645.727
1646.141
1646.555
1646.969
1647.383
1647.797
1648.211
1648.625
1649.039
1649.453
1649.867
1650.281
1650.695
1651.109
1651.523
1651.938
1652.352
1652.766
1653.180
1653.594
1654.008
1654.422
1654.836
1655.250
1655.664
1656.078
1656.492
1669.726
1670.139
1670.553
1670.966
1671.380
1671.793
1672.207
1672.620
1673.034
1673.448
1673.861
1674.275
1674.688
1675.102
1675.515
1675.929
1676.342
1676.756
1677.169
1677.583
1677.996
1678.410
1678.824
1679.237
1679.651
1680.064
1680.478
1680.891
1681.305
1681.718
1682.132
1682.545
1682.959
1683.372
1683.786
1684.200
1684.613
1685.027
1685.440
1685.854
1686.267
1686.681
1687.094
1687.508
1687.921
1688.335
1688.748
1689.162
1689.575
1689.989
1690.403
1690.816
1691.230
1691.643
1692.057
1692.470
1692.884
1693.297
1693.711
1694.124
1694.538
1694.951
1695.365
1695.779
1696.192
1696.399
1696.606
1696.814
1697.021
1697.228
1697.435
1697.642
1697.849
1698.056
1698.264
1698.471
1698.678
1698.885
1699.092
1699.299
1699.506
1699.714
1699.921
1700.128
1700.335
1700.542
1700.749
1700.956
1701.164
1701.371
1701.578
1701.785
1701.992
1702.199
1702.407
1702.614
1702.821
1703.028
1703.235
1703.442
1703.649
1703.857
1704.064
1704.271
1704.478
1704.685
1704.892
1705.099
1705.307
1705.514
1705.721
1705.928
1706.135
1706.342
1706.549
1706.757
1706.964
1707.171
1707.378
1707.585
1707.792
1708.000
1708.207
1708.414
1708.621
1708.828
1709.035
1709.242
1709.450
1716.059
1716.887
1717.715
1718.542
1719.370
1720.198
1721.026
1721.853
1722.681
1723.509
1724.337
1725.165
1725.992
1726.820
1727.648
1728.476
1729.303
1730.131
1730.959
1731.787
1732.614
1733.442
1734.270
1735.098
1735.926
1736.340
1736.754
1737.168
1737.582
1737.996
1738.410
1738.824
1739.238
1739.652
1740.066
1740.480
1740.894
1741.308
1741.722
1742.137
1742.551
1742.965
1743.379
1743.793
1744.207
1744.621
1745.035
1745.449
1745.863
1746.277
1746.691
1747.105
1747.519
1747.933
1748.348
1748.762
1749.176
1749.590
1750.004
1750.418
1750.832
1751.246
1751.660
1752.074
1752.488
1752.902
1753.316
1753.730
1754.144
1754.558
1754.973
1755.387
1755.801
1756.008
1756.215
1756.422
1756.629
1756.836
1757.043
1757.250
1757.457
1757.664
1757.871
1758.078
1758.285
1758.492
1758.699
1758.906
1759.113
1759.320
1759.527
1759.734
1759.941
1760.148
1760.355
1760.562
1760.769
1760.976
1761.183
1761.390
1761.598
1761.805
1762.012
1762.219
1762.426
1764.059
1764.473
1764.887
1765.301
1765.715
1766.128
1766.542
1766.956
1767.370
1767.784
1768.198
1768.612
1769.026
1769.440
1769.853
1770.267
1770.681
1771.095
1771.509
1771.923
1772.337
1772.751
1773.165
1773.578
1773.992
1774.406
1774.820
1775.234
1775.648
1776.062
1776.476
1776.889
1777.303
1777.717
1778.131
1778.545
1778.959
1779.373
1779.787
1780.201
1780.614
1781.028
1781.442
1781.856
1782.270
1782.684
1783.098
1783.512
1783.926
1784.339
1784.753
1785.167
1785.581
1785.995
1786.409
1786.823
1787.237
1787.651
1788.064
1788.478
1788.892
1789.306
1789.720
1790.134
1790.548
1793.892
1794.306
1794.719
1795.133
1795.547
1795.960
1796.374
1796.787
1797.201
1797.614
1798.028
1798.441
1798.855
1799.268
1799.682
1800.095
1800.509
1800.923
1801.336
1801.750
1802.163
1802.577
1802.990
1803.404
1803.817
1804.231
1804.644
1805.058
1805.471
1805.885
1806.299
1806.712
1807.126
1807.539
1807.953
1808.366
1808.780
1809.193
1809.607
1810.020
1810.434
1810.848
1811.261
1811.675
1812.088
1812.502
1812.915
1813.329
1813.742
1814.156
1814.569
1814.983
1815.396
1815.810
1816.224
1816.637
1817.051
1817.464
1817.878
1818.291
1818.705
1819.118
1819.532
1819.945
1820.359
1820.773
1821.186
1821.600
1822.013
1822.427
1822.840
1823.254
1823.667
1824.081
1824.494
1824.908
1825.321
1825.735
1826.149
1826.562
1826.976
1827.389
1827.803
1828.216
1828.630
1829.043
1829.457
1829.870
1830.284
1830.698
1831.111
1831.525
1831.938
1832.352
1832.765
1833.179
1833.592
1834.419
1835.246
1836.074
1836.901
1837.728
1838.555
1839.382
1840.209
1841.036
1841.863
1842.690
1843.517
1844.344
1845.171
1845.999
1846.826
1847.239
1847.653
1848.066
1848.480
1848.893
1849.307
1849.720
1850.134
1850.548
1850.961
1851.375
1851.788
1852.202
1852.615
1853.029
1853.442
1853.856
1854.269
1854.683
1855.096
1855.510
1855.924
1856.337
1856.751
1857.164
1857.578
1857.991
1858.405
1858.818
1859.232
1859.645
1860.059
1860.266
1860.472
1860.679
1860.886
1861.093
1861.300
1861.506
1861.713
1861.920
1862.127
1862.333
1862.540
1862.747
1862.954
1863.161
1863.367
1863.574
1863.781
1863.988
1864.194
1864.401
1864.608
1864.815
1865.021
1865.228
1865.435
1865.642
1865.849
1866.055
1866.262
1866.469
1866.676
1866.882
1867.089
1867.296
1867.503
1867.709
1867.916
1868.123
1868.330
1868.537
1868.743
1868.950
1869.157
1869.364
1869.570
1869.777
1869.984
1870.191
1870.398
1870.604
1870.811
1871.018
1871.225
1871.431
1871.638
1871.845
1872.052
1872.258
1872.465
1872.672
1872.879
1873.086
1873.292
1874.119
1874.946
1875.772
1876.599
1877.426
1878.252
1879.079
1879.906
1880.732
1881.559
1881.974
1882.388
1882.803
1883.217
1883.632
1884.046
1884.461
1884.876
1885.083
1885.290
1885.498
1885.705
1885.912
1886.119
1886.327
1886.534
1886.741
1886.949
1887.156
1887.363
1887.570
1887.778
1887.985
1888.192
1889.852
1890.266
1890.680
1891.093
1891.507
1891.920
1892.334
1892.748
1893.161
1893.575
1893.988
1894.402
1894.816
1895.229
1895.643
1896.056
1896.470
1896.884
1897.297
1897.711
1898.124
1898.538
1898.952
1899.365
1899.779
1900.193
1900.606
1901.020
1901.433
1901.847
1902.261
1902.674
1903.088
1903.501
1903.915
1904.329
1904.742
1905.156
1905.569
1905.983
1906.397
1906.810
1907.224
1907.637
1908.051
1908.465
1908.878
1909.292
1909.705
1910.119
1910.533
1910.946
1911.360
1911.773
1912.187
1912.601
1913.014
1913.428
1913.842
1914.255
1914.669
1915.082
1915.496
1915.910
1916.323
1916.737
1917.150
1917.564
1917.978
1918.391
1918.805
1919.218
1919.632
1920.046
1920.459
1920.873
1921.286
1921.700
1922.114
1922.527
1922.941
1923.354
1923.768
1924.182
1924.595
1925.009
1925.423
1925.836
1926.250
1926.663
1927.077
1927.491
1927.904
1928.318
1928.731
1929.145
1929.559
1942.859
1943.273
1943.686
1944.100
1944.513
1944.927
1945.340
1945.754
1946.167
1946.581
1946.994
1947.408
1947.821
1948.235
1948.649
1949.062
1949.476
1949.889
1950.303
1950.716
1951.130
1951.543
1951.957
1952.370
1952.784
1953.198
1953.611
1954.025
1954.438
1954.852
1955.265
1955.679
1956.092
1956.506
1956.919
1957.333
1957.746
1958.160
1958.574
1958.987
1959.401
1959.814
1960.228
1960.641
1961.055
1961.468
1961.882
1962.295
1962.709
1963.123
1963.536
1963.950
1964.363
1964.777
1965.190
1965.604
1966.017
1966.431
1966.844
1967.258
1967.671
1968.085
1968.499
1968.912
1969.326
1969.533
1969.740
1969.947
1970.154
1970.361
1970.568
1970.775
1970.982
1971.189
1971.396
1971.603
1971.810
1972.017
1972.224
1972.431
1972.638
1972.846
1973.053
1973.260
1973.467
1973.674
1973.881
1974.088
1974.295
1974.502
1974.709
1974.916
1975.123
1975.330
1975.537
1975.744
1975.951
1976.158
1976.365
1976.572
1976.780
1976.987
1977.194
1977.401
1977.608
1977.815
1978.022
1978.229
1978.436
1978.643
1978.850
1979.057
1979.264
1979.471
1979.678
1979.885
1980.092
1980.299
1980.506
1980.713
1980.921
1981.128
1981.335
1981.542
1981.749
1981.956
1982.163
1982.370
1982.577
1989.192
1989.606
1990.020
1990.434
1990.848
1991.262
1991.676
1992.090
1992.503
1992.917
1993.331
1993.745
1994.159
1994.573
1994.987
1995.401
1995.815
1996.228
1996.642
1997.056
1997.470
1997.884
1998.298
1998.712
1999.126
1999.540
1999.953
2000.367
2000.781
2001.195
2001.609
2002.023
2002.437
2002.851
2003.265
2003.678
2004.092
2004.506
2004.920
2005.334
2005.748
2006.162
2006.576
2006.990
2007.403
2007.817
2008.231
2008.645
2009.059
2009.473
2009.887
2010.301
2010.715
2011.129
2011.543
2011.957
2012.371
2012.785
2013.199
2013.613
2014.027
2014.441
2014.855
2015.269
2015.683
2016.097
2016.511
2016.925
2017.338
2017.752
2018.166
2018.580
2018.994
2019.408
2019.822
2020.236
2020.650
2021.064
2021.478
2021.892
2022.306
2022.720
2023.134
2023.548
2023.962
2024.376
2024.790
2025.204
2025.618
2026.032
2026.446
2026.860
2027.274
2027.688
2028.102
2028.516
2028.930
2029.344
2029.758
2030.172
2030.586
2031.000
2031.414
2031.828
2032.242
2032.656
2033.070
2033.484
2033.898
2034.311
2034.725
2035.142
2035.559
2052.113
2052.526
2052.940
2053.353
2053.767
2054.180
2054.594
2055.007
2055.421
2055.835
2056.248
2056.662
2057.075
2057.489
2057.902
2058.316
2058.729
2059.143
2059.556
2059.970
2060.383
2060.797
2061.211
2061.624
2062.038
2062.451
2062.865
2063.278
2063.692
2064.105
2064.519
2064.932
2065.346
2065.553
2065.760
2065.967
2066.174
2066.381
2066.588
2066.795
2067.002
2067.209
2067.416
2067.623
2067.829
2068.036
2068.243
2068.450
2068.657
2068.864
2069.071
2069.278
2069.485
2069.692
2069.899
2070.106
2070.313
2070.520
2070.727
2070.934
2071.141
2071.348
2071.555
2071.762
2071.969
2072.176
2072.382
2072.589
2072.796
2073.003
2073.210
2073.417
2073.624
2073.831
2074.038
2074.245
2074.452
2074.659
2074.866
2075.073
2075.280
2075.487
2075.694
2075.901
2076.108
2076.315
2076.522
2076.729
2076.935
2077.142
2077.349
2077.556
2077.763
2077.970
2078.177
2078.384
2078.591
2093.459
2093.874
2094.288
2094.703
2095.117
2095.532
2095.946
2096.361
2096.776
2097.190
2097.605
2098.019
2098.434
2098.849
2099.263
2099.678
2100.092
2100.507
2100.921
2101.336
2101.751
2102.165
2102.580
2102.994
2103.409
2103.824
2104.238
2104.653
2105.067
2105.482
2105.896
2106.311
2106.726
2106.932
2107.139
2107.346
2107.553
2107.759
2107.966
2108.173
2108.380
2108.587
2108.793
2109.000
2109.207
2109.414
2109.620
2109.827
2110.034
2110.241
2110.448
2110.654
2110.861
2111.068
2111.275
2111.481
2111.688
2111.895
2112.102
2112.308
2112.515
2112.722
2112.929
2113.136
2113.342
2113.549
2113.756
2113.963
2114.169
2114.376
2114.583
2114.790
2114.996
2115.203
2115.410
2115.617
2115.824
2116.030
2116.237
2116.444
2116.651
2116.857
2117.064
2117.271
2117.478
2117.684
2117.891
2118.098
2118.305
2118.512
2118.718
2118.925
2119.132
2119.339
2119.545
2119.752
2119.959
2120.372
2120.786
2121.200
2121.613
2122.027
2122.440
2122.854
2123.267
2123.681
2124.094
2124.508
2124.921
2125.335
2125.749
2126.162
2126.576
2126.989
2127.403
2127.816
2128.230
2128.643
2129.057
2129.470
2129.884
2130.297
2130.711
2131.125
2131.538
2131.952
2132.365
2132.779
2133.192
2133.606
2134.019
2134.433
2134.846
2135.260
2135.674
2136.087
2136.501
2136.914
2137.328
2137.741
2138.155
2138.568
2138.982
2139.395
2139.809
2140.222
2140.636
2141.050
2141.463
2141.877
2142.290
2142.704
2143.117
2143.531
2143.944
2144.358
2144.771
2145.185
2145.599
2146.012
2146.426
2146.839
2147.253
2147.666
2148.080
2148.493
2148.907
2149.320
2149.734
2150.147
2150.561
2150.975
2151.388
2151.802
2152.215
2152.629
2153.042
2153.456
2153.869
2154.283
2154.696
2155.110
2155.524
2155.937
2156.351
2156.764
2157.178
2157.591
2158.005
2158.418
2158.832
2159.245
2159.659
2176.226
2177.053
2177.880
2178.707
2179.534
2180.361
2181.188
2182.015
2182.842
2183.669
2184.496
2185.324
2186.151
2186.978
2187.805
2188.632
2189.459
2189.873
2190.287
2190.701
2191.116
2191.530
2191.944
2192.358
2192.772
2193.186
2193.601
2194.015
2194.429
2194.843
2195.257
2195.671
2196.086
2196.292
2196.499
2196.705
2196.911
2197.118
2197.324
2197.531
2197.737
2197.944
2198.150
2198.357
2198.563
2198.770
2198.976
2199.183
2199.389
2199.595
2199.802
2200.008
2200.215
2200.421
2200.628
2200.834
2201.041
2201.247
2201.454
2201.660
2201.866
2202.073
2202.279
2202.486
2202.692
2204.359
2204.773
2205.186
2205.600
2206.014
2206.428
2206.841
2207.255
2207.669
2208.083
2208.496
2208.910
2209.324
2209.738
2210.151
2210.565
2210.979
2211.393
2211.806
2212.220
2212.634
2213.048
2213.461
2213.875
2214.289
2214.703
2215.116
2215.530
2215.944
2216.357
2216.771
2217.185
2217.599
2218.012
2218.426
2218.840
2219.254
2219.667
2220.081
2220.495
2220.909
2221.322
2221.736
2222.150
2222.564
2222.977
2223.391
2223.805
2224.219
2224.632
2225.046
2225.460
2225.874
2226.287
2226.701
2227.115
2227.528
2227.942
2228.356
2228.770
2229.183
2229.597
2230.011
2230.425
2230.838
2231.252
2231.666
2232.080
2232.493
2232.907
2233.321
2233.735
2234.148
2234.562
2234.976
2235.390
2235.803
2236.217
2236.631
2237.045
2237.458
2237.872
2238.286
2238.700
2239.113
2239.527
2239.941
2240.354
2240.768
2241.182
2241.596
2242.009
2242.423
2242.837
2243.251
2243.664
2244.078
2244.906
2245.733
2246.561
2247.388
2248.216
2249.043
2249.871
2250.698
2251.526
2252.353
2253.181
2254.008
2254.836
2255.663
2256.491
2257.318
2258.146
2258.974
2259.801
2260.629
2261.456
2262.284
2263.111
2263.939
2264.766
2265.594
2266.421
2267.249
2268.076
2268.904
2269.731
2270.559
2283.792
2284.207
2284.621
2285.036
2285.451
2285.865
2286.280
2286.694
2287.109
2287.524
2287.938
2288.353
2288.767
2289.182
2289.596
2290.011
2290.426
2290.633
2290.840
2291.048
2291.255
2291.462
2291.669
2291.877
2292.084
2292.291
2292.499
2292.706
2292.913
2293.120
2293.328
2293.535
2293.742
2293.950
2294.157
2294.364
2294.571
2294.779
2294.986
2295.193
2295.401
2295.608
2295.815
2296.023
2296.230
2296.437
2296.644
2296.852
2297.059
2298.696
2299.110
2299.524
2299.938
2300.352
2300.766
2301.180
2301.594
2302.008
2302.422
2302.835
2303.249
2303.663
2304.077
2304.491
2304.905
2305.319
2305.733
2306.147
2306.561
2306.975
2307.388
2307.802
2308.216
2308.630
2309.044
2309.458
2309.872
2310.286
2310.700
2311.114
2311.527
2311.941
2312.355
2312.769
2313.183
2313.597
2314.011
2314.425
2314.839
2315.253
2315.666
2316.080
2316.494
2316.908
2317.322
2317.736
2318.150
2318.564
2318.978
2319.392
2319.806
2320.219
2320.633
2321.047
2321.461
2321.875
2322.289
2322.703
2323.117
2323.531
2323.945
2324.358
2324.772
2325.186
2325.393
2325.600
2325.807
2326.014
2326.221
2326.428
2326.635
2326.842
2327.049
2327.256
2327.463
2327.670
2327.877
2328.084
2328.291
2328.497
2328.704
2328.911
2329.118
2329.325
2329.532
2329.739
2329.946
2330.153
2330.360
2330.567
2330.774
2330.981
2331.188
2331.395
2331.602
2331.809
2332.016
2332.223
2332.430
2332.637
2332.843
2333.050
2333.257
2333.464
2333.671
2333.878
2334.085
2334.292
2334.499
2334.706
2334.913
2335.120
2335.327
2335.534
2335.741
2335.948
2336.155
2336.362
2336.569
2336.776
2336.983
2337.189
2337.396
2337.603
2337.810
2338.017
2338.224
2338.431
2338.638
2338.845
2339.052
2339.259
2339.466
2339.673
2339.880
2340.087
2340.294
2340.501
2340.708
2340.915
2341.122
2341.329
2341.535
2341.742
2341.949
2342.156
2342.363
2342.570
2342.777
2342.984
2343.191
2343.398
2343.605
2343.812
2344.019
2344.226
2344.433
2344.640
2344.847
2345.054
2345.261
2345.468
2345.674
2345.881
2346.088
2346.295
2346.502
2346.709
2346.916
2347.123
2347.330
2347.537
2347.744
2347.951
2348.158
2348.365
2348.572
2348.779
2348.986
2349.193
2349.400
2349.607
2349.814
2350.020
2350.227
2350.434
2350.641
2350.848
2351.055
2351.262
2351.469
2351.676
2351.883
2352.090
2352.297
2352.504
2352.711
2352.918
2353.125
2353.332
2353.539
2353.746
2353.953
2354.160
2354.366
2354.573
2354.780
2354.987
2355.194
2355.401
2355.608
2355.815
2356.022
2356.229
2356.436
2356.643
2356.850
2357.057
2357.264
2357.471
2357.678
2357.885
2358.092
2358.299
2358.506
2358.712
2358.919
2359.126
2359.333
2359.540
2359.747
2359.954
2360.161
2360.368
2360.575
2360.782
2360.989
2361.196
2361.403
2361.610
2361.817
2362.024
2362.231
2362.438
2362.645
2362.851
2363.058
2363.265
2363.472
2363.679
2363.886
2364.093
2364.300
2364.507
2364.714
2364.921
2365.128
2365.335
2365.542
2365.749
2365.956
2366.163
2366.370
2366.577
2366.784
2366.991
2367.197
2367.404
2367.611
2367.818
2368.025
2368.232
2368.439
2368.646
2368.853
2369.060
2369.267
2369.474
2369.681
2369.888
2370.095
2370.302
2370.509
2370.716
2370.923
2371.130
2371.337
2371.543
2371.750
2371.957
2372.164
2372.371
2372.578
2372.785
2372.992
2373.199
2373.406
2373.613
2373.820
2374.027
2374.234
2374.441
2374.648
2374.855
2375.062
2375.269
2375.476
2375.683
2375.889
2376.096
2376.303
2376.510
2376.717
2376.924
2377.131
2377.338
2377.545
2377.752
2377.959
2378.373
