55.559
56.027
56.495
56.963
57.431
57.900
58.368
58.836
59.304
59.772
60.241
60.709
61.177
61.645
62.113
62.582
63.050
63.518
63.986
64.454
64.923
65.391
65.859
66.327
66.795
67.264
67.732
68.200
68.668
69.136
69.605
70.073
70.541
71.009
71.477
71.712
71.946
72.414
72.883
73.351
73.586
73.820
74.288
74.757
75.225
75.460
75.694
76.162
76.631
77.099
77.334
77.568
78.036
78.505
78.973
79.208
79.442
79.910
80.379
80.847
81.082
81.316
81.784
82.253
82.722
82.956
83.190
83.659
84.127
84.596
84.830
85.064
85.532
85.999
86.467
86.935
87.402
87.870
88.338
88.805
89.273
89.741
90.208
90.676
91.144
91.612
92.079
92.547
93.015
93.482
93.950
94.418
94.885
95.353
95.821
96.288
96.756
96.991
97.225
97.460
97.694
97.929
98.164
98.398
98.633
98.751
98.869
98.987
99.105
99.223
99.341
99.459
99.578
99.696
99.814
99.932
100.517
100.751
100.985
101.219
101.453
101.922
102.390
102.624
102.858
103.092
103.326
103.794
104.262
104.496
104.730
104.964
105.198
105.666
106.134
106.368
106.603
106.837
107.071
107.539
108.007
108.241
108.475
108.709
108.943
109.411
109.879
110.113
110.347
110.581
110.815
111.284
111.752
111.986
112.220
112.454
112.688
113.156
113.624
113.858
114.092
114.326
114.560
115.028
115.496
115.730
115.964
116.199
116.433
116.901
117.369
117.603
117.837
118.071
118.305
118.773
119.241
119.475
119.709
119.943
120.177
120.645
121.114
121.348
121.582
121.816
122.050
122.518
122.986
123.220
123.454
123.688
123.922
124.390
124.858
125.092
125.326
125.561
125.795
126.263
126.731
126.965
127.199
127.433
127.667
128.135
128.603
128.837
129.071
129.305
129.539
130.011
130.482
130.954
131.425
131.660
131.894
132.362
132.831
133.300
133.534
133.768
134.237
134.705
135.174
135.408
135.643
136.111
136.580
137.048
137.283
137.517
137.986
138.454
138.923
139.157
139.391
139.860
140.329
140.797
141.032
141.266
141.734
142.203
142.672
142.906
143.140
143.609
144.077
144.546
144.780
145.015
145.483
145.952
146.420
146.655
146.889
147.358
147.826
148.295
148.529
148.763
149.232
149.701
150.169
150.403
150.638
151.106
151.575
152.044
152.278
152.512
152.981
153.449
153.918
154.152
154.387
154.855
155.324
155.792
156.027
156.261
156.730
157.198
157.667
157.901
158.135
158.604
159.073
159.541
159.775
160.010
160.478
160.946
161.414
161.882
162.350
162.818
163.286
163.754
164.223
164.691
165.159
165.627
166.095
166.212
166.328
166.445
166.561
166.678
166.795
166.911
167.028
167.145
167.261
167.378
167.961
168.430
168.898
169.366
169.834
170.302
170.771
171.239
171.707
172.175
172.643
173.111
173.580
174.048
174.516
174.984
175.452
175.920
176.389
176.857
177.325
177.793
178.261
178.729
179.198
179.666
180.134
180.602
181.070
181.539
182.007
182.475
182.943
183.411
183.879
184.348
184.816
185.284
185.752
186.220
186.688
187.157
187.625
188.093
188.561
189.029
189.498
189.966
190.434
190.902
191.370
191.838
192.307
192.775
193.243
193.711
194.179
194.647
195.116
195.584
196.052
196.520
196.988
197.457
197.925
227.446
227.914
228.382
228.616
228.851
229.319
229.787
230.255
230.489
230.723
231.191
231.659
232.127
232.361
232.595
233.064
233.532
234.000
234.234
234.468
234.936
235.404
235.872
236.106
236.340
236.809
237.277
237.745
237.979
238.213
238.681
238.798
238.915
239.033
239.150
239.267
239.384
239.501
239.619
239.736
239.853
239.970
240.087
240.205
240.322
240.439
240.556
240.673
240.791
240.908
241.025
241.142
241.259
241.377
241.494
241.611
241.728
241.845
241.963
242.080
242.197
242.314
242.431
242.665
242.899
243.134
243.368
243.602
243.836
244.304
244.538
244.772
245.006
245.240
245.474
245.708
246.176
246.410
246.644
246.878
247.112
247.347
247.581
248.049
248.283
248.517
248.751
248.985
249.219
249.453
249.921
250.155
250.389
250.623
250.857
251.091
251.325
251.794
252.028
252.262
252.496
252.730
252.964
253.198
253.666
253.900
254.134
254.368
254.602
254.836
255.070
255.538
255.773
256.007
256.241
256.475
256.709
256.943
257.411
257.645
257.880
258.114
258.231
258.466
258.583
258.817
259.286
259.520
259.755
259.989
260.106
260.341
260.458
260.692
260.927
261.161
261.395
261.630
261.864
261.981
262.216
262.333
262.567
263.036
263.271
263.505
263.739
263.856
264.091
264.208
264.442
264.677
264.911
265.146
265.380
265.614
265.732
265.966
266.083
266.317
266.786
267.021
267.255
267.489
267.607
267.841
267.958
268.193
268.427
268.661
268.896
269.130
269.364
269.482
269.716
269.833
270.068
270.536
270.771
271.005
271.240
271.357
271.591
271.708
271.942
272.176
272.410
272.644
272.878
273.112
273.345
273.579
273.813
274.047
274.281
274.515
274.749
274.983
275.217
275.445
275.673
275.901
276.130
276.358
276.586
276.814
277.043
277.271
277.499
277.728
277.956
278.184
278.412
278.641
278.869
279.093
279.318
279.542
279.766
279.991
280.215
280.439
280.663
280.888
281.112
281.336
281.561
281.785
282.009
282.234
282.458
282.682
282.906
283.131
283.355
283.573
283.791
284.008
284.226
284.444
284.662
284.880
285.097
285.315
285.533
285.751
285.969
286.186
286.404
286.622
286.840
287.057
287.275
287.493
287.701
287.909
288.116
288.324
288.532
288.740
288.947
289.155
289.363
289.571
289.778
289.986
290.194
290.402
290.609
290.817
291.017
291.217
291.418
291.618
291.818
292.018
292.218
292.418
292.619
292.819
293.019
293.219
293.419
293.619
293.819
294.019
294.218
294.407
294.596
294.785
294.974
295.163
295.353
295.542
295.723
295.905
296.087
296.269
296.451
296.632
296.796
296.960
297.124
297.288
297.452
297.616
297.780
297.944
298.108
298.272
298.435
298.599
298.759
298.919
299.078
299.238
299.398
299.558
299.717
299.877
300.037
300.196
300.356
300.516
300.675
300.835
300.995
301.154
301.313
301.472
301.632
301.791
301.950
302.109
302.268
302.428
302.587
302.746
302.907
303.069
303.230
303.392
303.553
303.715
303.876
304.038
304.199
304.360
304.522
304.683
