74.150
74.630
75.110
75.550
76.030
76.510
76.950
77.430
77.910
78.350
78.830
79.310
79.750
80.230
80.710
81.150
81.630
82.150
82.590
83.030
83.550
83.990
84.470
84.950
85.390
85.870
86.350
86.790
87.270
87.750
88.190
88.670
89.150
89.630
90.070
90.550
91.030
91.510
91.990
92.430
92.870
93.390
93.830
94.310
94.790
95.230
95.710
96.190
96.670
97.110
97.590
98.070
98.510
98.990
99.470
99.910
100.390
100.870
101.350
101.790
102.270
102.710
103.230
103.710
104.150
105.110
106.030
106.950
107.910
108.830
109.750
110.710
111.630
112.590
113.550
114.470
115.390
116.350
117.270
118.190
119.150
119.590
120.070
120.590
121.030
121.470
121.950
122.430
122.910
123.390
123.830
124.310
124.790
125.230
125.710
126.190
126.630
127.110
127.590
128.030
128.510
128.990
129.470
129.910
130.430
130.870
131.310
131.790
132.270
132.750
133.230
133.670
134.150
134.390
135.070
135.310
136.030
136.270
136.950
137.190
137.910
138.110
138.830
139.070
139.750
140.030
140.710
140.910
141.670
141.910
142.590
142.830
143.550
143.750
144.470
144.710
145.390
145.630
146.350
146.550
147.270
147.510
148.190
148.430
149.150
149.390
150.110
150.310
150.990
151.270
151.990
152.190
152.910
153.150
153.830
154.070
154.790
154.990
155.710
155.950
156.630
156.870
157.590
157.830
158.510
158.750
159.470
159.710
160.390
160.630
161.350
161.590
162.270
162.510
163.230
163.470
164.150
164.630
165.070
165.310
165.550
166.030
166.470
166.950
167.190
167.430
167.870
168.350
168.830
169.070
169.310
169.750
170.230
170.710
170.950
171.190
171.670
172.110
172.590
172.830
173.070
173.510
173.990
174.470
174.710
174.910
175.390
175.870
176.350
176.550
176.790
177.270
177.750
178.190
178.430
178.710
179.150
179.590
180.070
180.350
180.550
181.030
181.510
181.950
182.190
182.430
182.910
183.390
183.830
184.070
184.310
184.790
185.230
185.710
185.950
186.190
186.630
187.110
187.590
187.790
188.030
188.550
188.990
189.430
189.670
189.910
190.430
190.870
191.350
191.590
191.830
192.270
192.750
193.230
193.430
193.670
194.150
195.070
196.030
196.950
197.870
198.830
199.790
200.710
201.670
202.590
203.510
204.470
205.390
206.310
207.270
208.230
209.110
209.630
210.110
210.550
211.030
211.510
211.950
212.430
212.910
213.350
213.830
214.310
214.750
215.230
215.710
216.190
216.630
217.110
217.590
218.030
218.510
218.990
219.470
219.950
220.390
220.870
221.350
221.790
222.270
222.750
223.230
223.670
224.150
224.630
225.070
225.550
226.030
226.470
226.950
227.430
227.870
228.350
228.830
229.310
229.790
230.270
230.710
231.190
231.670
232.110
232.590
233.070
233.510
233.990
234.470
234.910
235.390
235.870
236.310
236.830
237.270
237.710
238.190
238.710
239.150
241.030
242.910
244.750
246.670
248.550
250.390
252.270
254.150
255.070
255.310
256.030
256.950
257.190
257.910
258.830
259.070
259.790
260.710
260.950
261.630
262.590
262.830
263.510
264.470
264.670
265.390
266.310
266.550
267.270
268.230
268.470
269.150
269.390
269.630
269.870
270.110
270.310
270.550
271.030
271.270
271.510
271.710
271.950
272.190
272.430
272.910
273.110
273.350
273.590
273.830
274.070
274.310
274.750
274.990
275.230
275.510
275.710
275.950
276.150
276.630
276.870
277.150
277.350
277.590
277.830
278.070
278.550
278.750
278.990
279.230
279.470
279.710
279.950
280.390
280.630
280.870
281.110
281.350
281.550
281.790
282.270
282.510
282.750
282.990
283.190
283.430
283.670
284.150
284.390
284.590
284.830
285.110
285.350
285.590
285.990
286.230
286.470
286.750
286.990
287.190
287.430
287.910
288.150
288.390
288.590
288.830
289.070
289.310
289.790
290.030
290.230
290.470
290.710
290.950
291.190
291.630
291.870
292.110
292.350
292.590
292.830
293.030
293.510
293.750
293.990
294.230
294.430
294.670
294.950
295.390
295.630
295.830
296.070
296.310
296.590
296.830
297.270
297.510
297.750
297.990
298.230
298.470
298.670
299.150
299.390
299.630
300.070
300.310
300.550
301.030
301.270
301.470
301.950
302.190
302.430
302.910
303.110
303.350
303.830
304.070
304.310
304.790
304.990
305.230
305.710
305.910
306.190
306.670
306.910
307.110
307.590
307.830
308.070
308.510
308.750
308.990
309.470
309.710
309.950
310.390
310.630
310.870
311.350
311.550
311.790
312.270
312.510
312.750
313.190
313.430
313.670
314.150
314.390
314.630
315.070
315.310
315.550
316.030
316.270
316.510
316.990
317.190
317.430
317.910
318.150
318.390
318.830
319.070
319.310
319.790
319.990
320.230
320.710
320.950
321.190
321.630
321.870
322.110
322.590
322.830
323.030
323.510
323.790
324.030
324.430
324.670
324.910
325.390
325.630
325.870
326.350
326.590
326.830
327.270
327.510
327.750
328.230
328.430
328.670
329.150
329.390
329.630
330.070
330.310
330.550
331.030
331.270
331.470
331.950
332.190
332.430
332.870
333.110
333.350
333.870
334.070
334.270
334.750
334.990
335.270
335.710
335.950
336.190
336.670
336.910
337.110
337.590
337.830
338.070
338.510
338.750
338.990
339.470
339.710
339.910
340.390
340.630
340.870
341.310
341.550
341.790
342.270
342.510
342.750
343.230
343.470
343.710
344.150
344.350
344.590
345.110
345.350
345.550
346.030
346.270
346.510
346.950
347.190
347.430
347.910
348.150
348.350
348.830
349.070
349.310
349.790
349.990
350.230
350.710
350.950
351.190
351.630
351.870
352.110
352.590
352.830
353.070
353.510
353.750
353.990
354.430
354.710
354.950
355.390
355.630
355.870
356.350
356.590
356.830
357.270
357.510
357.750
358.230
358.430
358.670
359.150
359.630
360.070
360.550
361.030
361.470
361.950
362.430
362.910
363.350
363.830
364.310
364.790
365.270
365.710
366.190
366.670
367.110
367.590
368.070
368.510
368.990
369.470
369.910
370.390
370.870
371.310
371.790
372.310
372.750
373.190
373.670
374.150
374.630
375.110
375.550
376.030
376.510
376.950
377.430
377.910
378.350
378.830
379.310
379.750
380.230
380.710
381.150
381.630
382.150
382.550
383.030
383.550
383.990
384.470
384.950
385.390
385.870
386.350
386.790
418.710
419.230
419.750
420.270
420.790
421.350
421.870
422.390
422.950
423.470
423.990
424.550
425.070
425.590
426.110
426.630
427.190
427.710
428.230
428.790
429.310
429.830
430.390
430.950
431.430
431.950
432.470
433.030
433.550
434.070
434.630
435.150
435.670
436.230
436.470
436.750
437.270
437.830
438.310
438.590
438.830
439.390
439.910
440.470
440.710
440.990
441.510
442.070
442.590
442.870
443.150
443.670
444.150
444.670
444.950
445.230
445.750
446.310
446.830
447.110
447.350
447.910
448.430
448.950
449.270
449.510
450.030
450.510
451.070
451.310
451.590
452.110
452.670
453.190
453.470
453.750
454.270
454.790
455.350
455.630
455.870
456.350
456.910
457.430
457.710
457.950
458.510
459.030
459.590
459.830
460.110
460.630
461.190
461.750
461.990
462.230
462.750
463.270
463.790
464.070
464.350
464.870
465.390
465.950
466.230
466.470
467.030
467.590
468.070
468.350
468.590
469.110
470.190
471.230
472.310
473.390
474.470
475.470
476.550
477.630
478.670
479.750
480.790
481.870
482.910
483.990
485.070
486.150
486.390
487.150
487.430
488.230
488.470
489.310
489.550
490.350
490.630
491.430
491.710
492.510
492.750
493.550
493.790
494.590
494.870
495.670
495.950
496.750
496.990
497.790
498.070
498.870
499.110
499.910
500.190
500.990
501.230
502.030
502.310
503.110
503.390
503.630
504.190
504.470
504.710
505.230
505.470
505.750
506.270
506.550
506.830
507.350
507.630
507.870
508.430
508.670
508.950
509.470
509.750
510.030
510.590
510.830
511.070
511.590
511.870
512.110
512.630
512.910
513.190
513.710
513.990
514.270
514.790
515.070
515.310
515.870
516.130
516.390
516.910
517.190
517.430
517.950
518.230
518.510
519.030
519.310
519.550
520.110
520.350
520.630
521.150
521.430
521.710
522.230
522.510
522.790
523.310
523.550
523.790
524.350
524.590
524.870
525.390
525.670
525.950
526.470
526.750
526.990
527.550
527.790
528.070
528.590
528.910
529.150
529.630
529.910
530.190
530.710
530.990
531.230
531.790
532.030
532.310
532.830
533.110
533.390
533.910
534.190
534.430
535.030
535.230
535.510
536.030
536.270
536.550
537.070
537.350
537.630
537.870
538.150
538.430
538.670
539.230
539.470
539.750
540.030
540.270
540.550
540.830
541.390
541.630
541.910
542.110
542.390
542.670
542.910
543.470
543.710
543.990
544.270
544.510
544.790
545.070
545.590
545.870
546.110
546.390
546.670
546.910
547.230
547.710
547.990
548.230
548.510
548.750
549.030
549.310
549.830
550.110
550.350
550.630
550.910
551.150
551.430
551.950
552.230
552.510
552.750
553.030
553.350
553.590
554.110
554.350
554.590
554.870
555.150
555.390
555.670
556.190
556.470
556.750
556.990
557.270
557.550
557.790
558.350
558.590
558.870
559.150
559.430
559.710
559.950
560.430
560.710
560.990
561.230
561.510
561.790
562.030
562.590
562.830
563.110
563.390
563.630
563.910
564.190
564.710
564.990
565.230
565.550
565.790
566.030
566.310
566.830
567.070
567.350
567.630
567.870
568.150
568.430
571.070
571.350
571.630
571.910
572.150
572.430
572.630
573.190
573.470
573.710
573.990
574.270
574.510
574.790
575.310
575.590
575.870
576.110
576.390
576.670
576.910
577.470
577.710
578.030
578.270
578.510
578.750
579.030
579.550
579.830
580.110
580.350
580.630
580.910
581.150
581.710
581.950
582.230
582.510
582.750
583.030
583.310
583.830
584.110
584.350
584.630
584.870
585.110
585.390
585.910
586.190
586.470
586.750
586.990
587.270
587.550
588.070
619.310
620.470
621.670
622.830
623.990
625.150
626.390
627.550
628.710
629.870
631.070
632.230
633.430
634.630
635.790
636.950
638.110
639.310
640.470
641.670
642.870
644.030
645.190
646.350
647.550
648.710
649.910
651.070
652.230
653.430
654.590
655.750
656.070
656.950
657.230
658.150
658.430
659.310
659.590
660.470
660.790
661.630
661.950
662.830
663.150
664.030
664.310
665.190
665.470
666.390
666.670
667.550
667.830
668.710
669.030
669.870
670.190
671.070
671.390
672.270
672.550
673.430
673.710
674.590
675.790
676.070
676.950
678.110
678.430
679.310
680.510
680.750
681.670
682.830
683.110
683.990
685.190
685.470
686.350
687.550
687.830
688.710
689.910
690.190
691.070
692.230
692.550
693.390
693.990
694.590
695.190
695.790
696.390
696.950
697.550
698.110
698.710
699.310
699.910
700.470
701.070
701.630
702.230
702.830
703.430
704.030
704.590
705.190
705.790
706.350
706.950
707.550
708.110
708.710
709.270
709.870
710.510
711.110
711.670
712.270
712.510
713.430
713.710
714.590
714.910
715.790
716.070
716.950
717.230
718.150
718.430
719.310
719.590
720.470
720.750
721.670
721.950
722.830
723.150
723.990
724.310
725.190
725.470
726.390
726.670
727.510
727.830
728.710
728.990
729.870
730.190
731.070
732.230
733.430
734.630
735.790
736.950
738.110
739.310
740.470
741.670
742.870
744.030
745.190
746.350
747.550
748.710
749.910
750.510
751.070
751.670
752.230
752.830
753.430
753.990
754.590
755.190
755.750
756.350
756.950
757.550
758.150
758.750
759.310
759.910
760.470
761.070
761.630
762.230
762.830
763.430
764.030
764.630
765.190
765.790
766.390
766.950
767.550
768.110
768.710
769.310
769.870
770.470
771.070
771.670
772.270
772.830
773.430
774.030
774.590
775.190
775.790
776.350
776.950
777.510
778.110
779.310
779.590
780.510
781.670
781.950
782.830
783.990
784.310
785.190
786.350
786.670
787.550
788.710
788.990
789.910
791.070
791.390
792.230
793.390
793.710
794.590
795.790
796.070
796.950
798.110
798.430
799.310
800.470
800.790
801.630
802.830
803.150
804.030
805.190
805.470
806.350
807.550
807.870
808.710
809.870
810.190
811.110
812.270
812.510
813.430
814.590
814.910
910.430
911.270
912.150
913.070
913.910
914.750
915.670
916.510
917.390
918.270
919.110
919.990
920.870
921.750
922.590
923.470
924.350
925.190
926.070
926.990
927.830
928.670
929.590
930.430
930.870
931.310
931.750
932.190
932.590
933.030
933.470
933.910
934.350
934.790
935.230
935.630
936.070
936.510
936.950
937.390
937.830
938.230
938.670
939.110
939.550
939.990
940.430
940.870
941.310
941.750
942.150
942.590
943.030
943.470
943.910
944.350
944.550
944.790
944.990
945.230
945.430
945.670
946.070
946.270
946.510
946.710
946.950
947.150
947.390
947.830
948.030
948.270
948.510
948.710
948.910
949.110
949.550
949.750
949.990
950.190
950.430
950.630
950.870
951.310
951.510
951.710
951.950
952.150
952.390
952.590
953.030
953.270
953.470
953.710
953.910
954.150
954.350
954.750
954.990
955.190
955.430
955.670
955.870
956.110
956.510
956.750
956.950
957.150
957.350
957.590
957.790
958.270
958.710
959.150
959.350
959.550
959.990
960.430
960.870
961.070
961.310
961.750
962.190
962.590
962.830
963.030
963.470
963.910
964.350
964.550
964.790
965.190
965.630
966.070
966.310
966.510
966.950
967.390
967.830
968.030
968.230
968.670
969.110
969.550
969.790
970.030
970.430
970.830
971.270
971.510
971.710
972.150
972.630
973.030
973.230
973.470
973.910
974.350
974.790
974.990
975.230
975.670
976.070
976.510
976.710
976.950
977.390
977.830
978.270
978.470
978.670
979.110
979.310
979.550
979.790
979.990
980.230
980.430
980.870
981.110
981.310
981.510
981.710
981.950
982.150
982.590
982.830
983.030
983.270
983.470
983.710
983.910
984.350
984.550
984.790
984.990
985.190
985.430
985.630
986.070
986.310
986.510
986.710
986.950
987.150
987.390
987.830
988.030
988.270
988.470
988.710
988.910
989.150
989.550
989.750
989.990
990.190
990.430
990.630
990.870
991.310
991.550
991.750
991.950
992.150
992.350
992.590
993.030
993.230
993.470
993.670
993.910
994.150
994.350
994.790
994.990
995.190
995.430
995.630
995.870
996.070
996.510
996.750
996.950
997.190
997.390
997.590
997.790
998.230
998.470
998.710
998.910
999.150
999.350
999.550
999.990
1000.430
1000.870
1001.310
1001.750
1002.190
1002.630
1003.030
1003.470
1003.910
1004.350
1004.790
1005.230
1005.630
1006.070
1006.510
1006.950
1007.390
1007.830
1008.270
1008.670
1009.110
1009.550
1009.990
1010.430
1010.870
1011.270
1011.710
1012.150
1012.590
1013.070
1013.470
1013.910
1014.310
1014.750
1015.230
1015.670
1016.110
1016.510
1016.950
1017.390
1017.830
1018.270
1018.710
1019.110
1019.550
1019.990
1020.430
1020.870
1021.310
1021.750
1022.150
1022.590
1023.030
1023.470
1023.910
1024.350
1024.750
1025.190
1025.630
1026.070
1026.510
1026.990
1027.390
1027.830
1028.230
1028.670
1029.110
1029.590
1029.990
1030.430
1030.870
1031.310
1031.750
1032.190
1032.590
1033.030
1033.470
1033.910
1034.350
1034.790
1035.230
1035.630
1036.070
1036.510
1036.950
1037.390
1037.830
1038.230
1038.670
1039.110
1039.550
1039.990
1040.430
1040.870
1041.310
1041.750
1041.950
1042.150
1042.590
1042.830
1043.030
1043.470
1043.670
1043.910
1044.350
1044.550
1044.790
1045.230
1045.430
1045.670
1046.070
1046.270
1046.510
1046.950
1047.150
1047.390
1047.830
1048.030
1048.270
1048.710
1048.910
1049.110
1049.550
1049.750
1049.990
1050.430
1050.630
1050.870
1051.310
1051.510
1051.710
1052.150
1052.390
1052.590
1053.030
1053.270
1053.470
1053.910
1054.150
1054.350
1054.750
1054.990
1055.190
1055.670
1055.870
1056.110
1056.510
1056.750
1056.950
1057.350
1057.590
1057.790
1058.270
1058.470
1058.710
1059.150
1059.350
1059.550
1059.990
1060.190
1060.430
1060.870
1061.070
1061.310
1061.750
1061.950
1062.190
1062.590
1062.830
1063.030
1063.470
1063.670
1063.910
1064.350
1064.550
1064.790
1065.190
1065.430
1065.630
1066.070
1066.310
1066.510
1066.950
1067.190
1067.390
1067.830
1068.030
1068.230
1068.670
1068.910
1069.110
1069.550
1069.790
1070.030
1070.430
1070.630
1070.830
1071.270
1071.510
1071.710
1072.150
1072.390
1072.630
1073.030
1073.230
1073.470
1073.910
1074.110
1074.350
1074.790
1074.990
1075.230
1075.670
1075.870
1076.070
1076.510
1076.710
1076.950
1077.390
1077.630
1077.830
1078.270
1078.470
1078.670
1079.110
1079.310
1079.550
1079.990
1080.230
1080.430
1080.870
1081.110
1081.310
1081.710
1081.950
1082.150
1082.590
1082.830
1083.030
1083.470
1083.710
1083.910
1084.350
1084.550
1084.790
1085.190
1085.430
1085.630
1086.070
1086.310
1086.510
1086.950
1087.150
1087.390
1087.830
1088.030
1088.270
1088.710
1088.910
1089.150
1089.550
1089.750
1089.990
1090.430
1090.630
1090.870
1091.310
1091.550
1091.750
1092.150
1092.350
1092.590
1093.030
1093.230
1093.470
1093.910
1094.150
1094.350
1094.790
1094.990
1095.190
1095.630
1095.870
1096.070
1096.510
1096.750
1096.950
1125.990
1126.430
1126.910
1127.390
1127.830
1128.310
1128.790
1129.270
1129.710
1130.190
1130.670
1131.150
1131.630
1132.070
1132.550
1133.030
1133.470
1133.950
1134.430
1134.870
1135.350
1135.830
1136.270
1136.750
1137.230
1137.670
1138.150
1138.670
1139.070
1139.550
1140.030
1140.510
1141.470
1142.390
1143.310
1144.270
1145.190
1146.110
1147.070
1147.990
1148.470
1148.950
1149.150
1149.390
1149.910
1150.350
1150.830
1151.070
1151.310
1151.750
1152.230
1152.710
1152.910
1153.150
1153.630
1154.110
1154.550
1154.790
1155.030
1155.510
1155.990
1156.430
1156.670
1156.910
1157.390
1157.870
1158.310
1158.550
1158.790
1159.230
1159.750
1160.190
1160.430
1160.670
1161.150
1161.590
1162.070
1162.310
1162.550
1163.030
1163.950
1164.190
1164.870
1165.830
1166.030
1166.750
1167.710
1167.950
1168.630
1169.590
1169.830
1170.510
1171.470
1171.670
1172.390
1173.310
1173.550
1174.270
1175.190
1175.430
1176.110
1177.070
1177.310
1177.990
1178.230
1178.950
1179.190
1179.910
1180.110
1180.830
1181.070
1181.750
1181.990
1182.710
1182.950
1183.630
1183.870
1184.550
1184.790
1185.510
1185.750
1186.430
1186.670
1187.390
1187.590
1188.310
1188.550
1189.270
1189.510
1190.190
1190.430
1192.990
1193.230
1193.470
1193.950
1194.190
1194.390
1194.870
1195.110
1195.350
1195.830
1196.030
1196.270
1196.790
1197.030
1197.230
1197.670
1197.910
1198.150
1198.630
1198.870
1199.110
1199.590
1199.830
1200.030
1200.510
1200.750
1200.990
1201.430
1201.670
1201.910
1202.390
1202.630
1202.870
1203.310
1203.550
1203.790
1204.270
1204.470
1204.710
1205.190
1205.430
1205.670
1206.110
1206.390
1206.630
1207.070
1207.270
1207.510
1208.030
1208.270
1208.470
1208.950
1209.190
1209.430
1209.910
1210.110
1210.350
1210.830
1211.070
1211.310
1211.750
1211.990
1212.230
1212.710
1212.910
1213.150
1213.630
1213.870
1214.110
1214.550
1214.790
1215.030
1215.510
1215.750
1215.990
1216.470
1216.670
1216.910
1217.350
1217.630
1217.870
1218.350
1218.550
1218.790
1219.270
1219.510
1219.710
1220.190
1220.430
1220.670
1221.150
1222.990
1224.870
1226.750
1228.630
1230.510
1231.430
1232.390
1233.310
1234.230
1235.150
1236.110
1237.070
1238.030
1238.950
1239.870
1240.830
1241.750
1242.710
1243.630
1244.550
1245.510
1245.950
1246.430
1246.910
1247.390
1247.870
1248.310
1248.790
1249.270
1249.750
1250.190
1250.670
1251.150
1251.590
1252.070
1252.550
1252.990
1253.470
1253.950
1254.390
1254.910
1255.350
1255.790
1256.270
1256.790
1257.230
1257.710
1258.190
1258.630
1259.110
1259.590
1260.030
1260.510
1261.430
1261.670
1262.390
1263.310
1263.550
1264.230
1265.190
1265.430
1266.150
1267.070
1267.310
1268.030
1268.950
1269.190
1269.870
1270.830
1271.070
1271.750
1272.670
1272.910
1273.630
1274.590
1274.790
1275.470
1276.470
1276.670
1277.390
1278.310
1278.550
1279.270
1280.190
1280.430
1281.110
1282.030
1282.310
1282.990
1283.230
1283.950
1284.190
1284.870
1285.110
1285.830
1286.070
1286.750
1286.990
1287.710
1287.950
1288.630
1288.870
1289.590
1289.790
1290.510
1290.750
1291.430
1291.670
1292.390
1292.590
1293.310
1293.590
1294.230
1294.470
1295.190
1295.430
1296.150
1296.390
1297.070
1297.310
1298.030
1298.230
1298.470
1298.950
1299.190
1299.430
1299.870
1300.110
1300.350
1300.830
1301.030
1301.270
1301.750
1301.990
1302.230
1302.670
1302.910
1303.190
1303.630
1303.870
1304.070
1304.550
1304.830
1305.070
1305.510
1305.750
1305.990
1306.470
1306.670
1306.910
1307.390
1307.630
1307.870
1308.310
1308.550
1308.790
1309.270
1309.510
1309.710
1310.190
1310.430
1310.630
1313.030
1313.470
1313.910
1314.430
1314.910
1315.350
1315.830
1316.310
1316.750
1317.230
1317.710
1318.150
1318.630
1319.110
1319.550
1320.030
1320.510
1320.950
1321.430
1321.910
1322.390
1322.870
1323.310
1323.790
1324.270
1324.750
1325.190
1325.670
1327.990
1328.230
1328.470
1328.710
1328.950
1329.190
1329.430
1329.870
1330.110
1330.350
1330.590
1330.830
1331.030
1331.270
1331.750
1331.990
1332.230
1332.470
1332.670
1332.910
1333.150
1333.630
1333.870
1334.110
1334.350
1334.590
1334.830
1335.030
1335.510
1335.750
1335.990
1336.230
1336.470
1336.670
1336.910
1337.390
1337.630
1337.870
1338.070
1338.310
1338.550
1338.790
1339.270
1339.470
1339.710
1339.950
1340.190
1340.430
1340.670
1341.110
1341.350
1341.590
1341.870
1342.070
1342.310
1342.510
1342.990
1344.910
1346.750
1348.630
1350.510
1350.750
1350.950
1351.190
1351.470
1351.710
1351.950
1352.350
1352.590
1352.830
1353.110
1353.350
1353.550
1353.790
1354.270
1354.510
1354.750
1354.950
1355.190
1355.430
1355.670
1356.150
1356.390
1356.590
1356.830
1357.070
1357.310
1357.550
1357.990
1358.230
1358.470
1358.710
1358.950
1359.190
1359.390
1359.870
1360.110
1360.350
1360.590
1360.790
1361.030
1361.310
1361.750
1361.990
1362.190
1362.430
1362.670
1362.950
1363.190
1363.630
1363.870
1364.110
1364.350
1364.590
1364.830
1365.030
1425.950
1426.430
1426.950
1427.430
1427.990
1428.470
1428.990
1429.470
1429.990
1430.510
1431.030
1431.510
1432.030
1432.550
1433.070
1433.550
1434.070
1434.590
1435.070
1435.590
1436.110
1436.630
1437.110
1437.630
1438.110
1438.670
1439.150
1439.670
1440.150
1440.670
1441.190
1441.710
1442.190
1442.710
1443.230
1443.750
1444.230
1444.750
1445.270
1445.750
1446.270
1446.790
1447.310
1447.790
1448.310
1448.790
1449.350
1449.830
1450.350
1450.830
1451.390
1451.870
1452.390
1452.870
1453.390
1453.910
1454.390
1454.910
1455.390
1455.950
1456.430
1456.950
1457.470
1457.990
1458.990
1459.230
1460.030
1461.030
1461.270
1462.030
1463.070
1463.310
1464.070
1465.070
1465.350
1466.070
1467.110
1467.390
1468.110
1469.150
1469.390
1470.190
1471.190
1471.430
1472.190
1473.230
1473.470
1474.230
1474.510
1475.270
1475.510
1476.270
1476.550
1477.310
1477.550
1478.310
1478.550
1479.350
1479.550
1480.350
1480.590
1481.350
1481.590
1482.350
1482.630
1483.390
1483.630
1484.390
1484.670
1485.430
1485.670
1486.430
1486.710
1487.430
1487.710
1488.470
1488.750
1489.470
1489.750
1490.510
1491.030
1491.550
1491.790
1492.030
1492.550
1493.030
1493.590
1493.830
1494.070
1494.590
1495.070
1495.590
1495.830
1496.110
1496.630
1497.110
1497.630
1497.870
1498.110
1498.670
1499.150
1499.670
1499.910
1500.150
1500.670
1501.190
1501.670
1501.950
1502.190
1502.710
1503.230
1503.710
1503.990
1504.270
1504.750
1505.270
1505.750
1506.030
1506.270
1506.790
1507.310
1507.790
1508.070
1508.310
1508.830
1509.310
1509.830
1510.110
1510.350
1510.830
1511.350
1511.870
1512.150
1512.350
1512.870
1513.390
1513.910
1514.150
1514.390
1514.950
1515.430
1515.950
1516.150
1516.430
1516.990
1517.470
1517.990
1518.190
1518.470
1518.990
1519.510
1519.990
1520.270
1520.510
1520.990
1521.510
1522.030
1522.310
1522.550
1523.030
1523.310
1523.550
1524.070
1524.310
1524.590
1525.070
1525.350
1525.590
1526.110
1526.350
1526.630
1527.110
1527.390
1527.630
1528.150
1528.390
1528.630
1529.150
1529.430
1529.670
1530.190
1530.430
1530.670
1531.190
1531.470
1531.670
1532.230
1532.470
1532.710
1533.230
1533.470
1533.710
1534.230
1534.470
1534.750
1535.270
1535.510
1535.750
1536.270
1536.510
1536.790
1537.310
1537.550
1537.790
1538.310
1538.550
1538.830
1539.310
1539.550
1539.830
1540.350
1540.590
1540.870
1541.350
1541.590
1541.870
1542.350
1542.630
1542.910
1543.390
1543.670
1543.910
1544.390
1544.670
1544.910
1545.430
1545.710
1545.950
1546.430
1546.710
1546.950
1547.470
1547.710
1547.950
1548.470
1548.750
1548.990
1549.510
1549.750
1549.990
1550.510
1550.790
1551.030
1551.550
1551.790
1552.030
1552.550
1552.790
1553.030
1553.590
1553.790
1554.070
1554.590
1554.830
1555.070
1555.590
1556.110
1556.630
1557.110
1557.630
1558.150
1558.630
1559.150
1559.630
1560.190
1560.670
1561.190
1561.710
1562.230
1562.710
1563.230
1563.710
1564.270
1564.750
1565.270
1565.750
1566.270
1566.790
1567.270
1567.790
1568.270
1568.830
1569.310
1569.830
1570.310
1570.870
1571.350
1571.870
1572.390
1572.910
1573.390
1573.910
1574.430
1574.910
1575.430
1575.910
1576.430
1576.950
1577.470
1577.950
1578.470
1578.950
1579.510
1579.990
1580.510
1580.990
1581.550
1582.030
1582.550
1583.030
1583.590
1584.070
1584.590
1585.110
1585.590
1586.110
1586.590
1587.110
1587.630
1588.150
1588.390
1588.630
1588.910
1589.150
1589.390
1589.670
1590.190
1590.430
1590.670
1590.950
1591.190
1591.430
1591.670
1592.230
1592.430
1592.710
1592.990
1593.230
1593.470
1593.710
1594.230
1594.470
1594.750
1595.030
1595.230
1595.510
1595.790
1596.270
1596.510
1596.790
1597.030
1597.270
1597.550
1597.830
1598.310
1598.550
1598.830
1599.070
1599.310
1599.590
1599.830
1600.350
1600.590
1600.870
1601.110
1601.350
1601.630
1601.870
1602.350
1602.630
1602.870
1603.150
1603.390
1603.670
1603.910
1604.390
1604.670
1604.910
1605.150
1605.430
1605.710
1605.910
1606.430
1606.710
1606.950
1607.190
1607.470
1607.710
1607.950
1608.510
1608.710
1608.990
1609.230
1609.510
1609.750
1609.990
1610.510
1610.750
1611.030
1611.270
1611.550
1611.750
1612.030
1612.550
1612.790
1613.030
1613.310
1613.550
1613.830
1614.070
1614.550
1614.830
1615.070
1615.350
1615.590
1615.830
1616.110
1616.590
1616.870
1617.110
1617.390
1617.630
1617.870
1618.150
1618.630
1618.910
1619.190
1619.390
1619.670
1619.910
1620.190
1620.670
1668.750
1669.230
1669.670
1670.150
1670.630
1671.070
1671.550
1672.030
1672.470
1672.950
1673.470
1673.910
1674.390
1674.870
1675.310
1675.790
1676.270
1676.710
1677.190
1677.670
1678.110
1678.590
1679.070
1679.510
1679.990
1680.470
1680.910
1681.390
1681.870
1682.310
1682.830
1683.310
1683.750
1684.230
1684.710
1685.150
1685.630
1686.110
1686.550
1687.030
1687.510
1687.950
1688.430
1688.910
1689.350
1689.830
1690.310
1690.790
1691.230
1691.710
1692.190
1692.670
1693.150
1693.590
1694.070
1694.550
1694.990
1695.470
1695.950
1696.390
1696.870
1697.350
1697.830
1698.270
1698.510
1699.230
1699.430
1700.150
1700.390
1701.070
1701.310
1702.030
1702.270
1702.990
1703.230
1703.910
1704.150
1704.870
1705.070
1705.790
1706.030
1706.710
1706.950
1707.670
1707.870
1708.590
1708.830
1709.510
1709.750
1710.470
1710.710
1711.390
1711.630
1712.350
1712.590
1713.310
1713.510
1714.230
1714.470
1715.150
1715.390
1716.110
1716.310
1717.030
1717.270
1717.950
1718.190
1718.910
1719.150
1719.830
1720.070
1720.750
1720.990
1721.750
1721.950
1722.670
1722.910
1723.590
1723.830
1724.550
1724.790
1725.470
1725.710
1726.390
1726.630
1727.350
1727.590
1728.270
1728.750
1729.190
1729.430
1729.670
1730.150
1730.630
1731.070
1731.350
1731.590
1732.030
1732.510
1732.990
1733.230
1733.430
1733.910
1734.390
1734.830
1735.070
1735.310
1735.790
1736.230
1736.710
1736.950
1737.190
1737.670
1738.110
1738.590
1738.830
1739.070
1739.510
1739.990
1740.470
1740.670
1740.950
1741.430
1741.870
1742.350
1742.590
1742.830
1743.310
1743.750
1744.230
1744.470
1744.710
1745.150
1745.630
1746.110
1746.310
1746.550
1747.030
1747.510
1747.950
1748.190
1748.430
1748.910
1749.350
1749.830
1750.070
1750.310
1750.790
1751.270
1751.750
1751.950
1752.190
1752.670
1753.150
1753.590
1753.830
1754.070
1754.550
1754.990
1755.470
1755.710
1755.950
1756.390
1756.870
1757.350
1757.590
1757.790
1758.270
1759.190
1760.190
1761.110
1762.030
1762.990
1763.910
1764.830
1765.790
1766.710
1767.630
1768.590
1769.510
1770.470
1771.430
1772.350
1773.270
1773.510
1774.230
1774.470
1775.150
1775.390
1776.070
1776.310
1777.030
1777.270
1777.950
1778.190
1778.910
1779.110
1779.870
1780.110
1780.790
1781.030
1781.710
1781.950
1782.670
1782.910
1783.590
1783.830
1784.550
1784.750
1785.470
1785.710
1786.390
1786.630
1787.350
1787.550
1788.270
1788.510
1789.230
1789.470
1790.190
1790.390
1791.110
1791.310
1792.030
1792.270
1792.990
1793.190
1793.910
1794.150
1794.830
1795.070
1795.790
1795.990
1796.710
1796.950
1797.630
1797.870
1798.590
1798.830
1799.550
1799.790
1800.470
1800.710
1801.430
1801.630
1802.350
1802.590
1803.270
1803.510
1804.230
1804.470
1805.150
1805.390
1806.070
1806.310
1807.030
1807.270
1807.950
1808.190
1808.910
1809.150
1809.870
1810.110
1810.790
1811.030
1811.710
1811.950
1812.670
1812.910
1813.590
1813.830
1814.510
1814.750
1815.470
1815.710
1816.390
1816.630
1817.350
1817.550
1818.310
1818.550
1818.750
1819.230
1819.470
1819.710
1820.150
1820.390
1820.630
1821.110
1821.350
1821.550
1822.030
1822.270
1822.510
1822.950
1823.190
1823.430
1823.910
1824.150
1824.390
1824.830
1825.070
1825.310
1825.790
1825.990
1826.230
1826.710
1826.950
1827.190
1827.630
1827.910
1828.150
1828.590
1828.830
1829.070
1829.550
1829.790
1830.030
1830.470
1830.710
1830.950
1831.430
1831.630
1831.870
1832.350
1832.590
1832.830
1833.270
1833.510
1833.750
1834.230
1834.430
1834.670
1835.150
1835.350
1835.630
1836.070
1836.310
1836.550
1837.030
1837.270
1837.470
1837.990
1838.230
1838.470
1838.910
1839.150
1839.390
1839.870
1840.070
1840.310
1840.790
1841.030
1841.230
1841.710
1841.950
1842.190
1842.670
1842.870
1843.110
1843.590
1843.830
1844.070
1844.510
1844.750
1844.990
1845.470
1845.710
1845.910
1846.390
1846.630
1846.870
1847.350
1847.590
1847.830
1848.310
1848.510
1848.750
1848.990
1849.710
1849.910
1850.150
1850.390
1850.630
1850.870
1851.550
1851.790
1852.030
1852.270
1852.510
1852.750
1853.430
1853.670
1853.870
1854.150
1854.350
1854.590
1855.310
1855.550
1855.750
1855.990
1856.230
1856.470
1857.190
1857.430
1857.670
1857.910
1858.150
1858.390
1859.070
1859.310
1859.550
1859.790
1859.990
1860.230
1860.950
1861.190
1861.390
1861.630
1861.870
1862.110
1862.790
1863.030
1863.270
1863.510
1863.750
1863.950
1864.670
1864.910
1865.150
1865.390
1865.630
1865.830
1866.550
1866.830
1867.030
1867.270
1867.510
1867.750
1868.430
1868.670
1868.910
1869.150
1869.390
1869.630
1870.310
1870.550
1870.790
1871.030
1871.270
1871.470
1872.190
1872.390
1872.630
1872.870
1873.110
1873.350
1874.070
1874.270
1874.510
1874.750
1874.990
1875.190
1875.910
1876.150
1876.430
1876.670
1876.910
1877.110
1877.830
1878.070
1878.310
1879.230
1879.470
1880.150
1881.110
1881.310
1882.030
1882.950
1883.190
1883.910
1884.830
1885.070
1885.750
1886.750
1886.950
1887.670
1888.590
1888.830
1889.550
1890.470
1890.710
1891.390
1892.350
1892.550
1893.270
1894.190
1894.430
1895.150
1896.110
1896.350
1897.030
1897.990
1898.230
1898.910
1899.830
1900.070
1900.790
1901.710
1901.950
1902.630
1903.590
1903.830
1904.510
1905.470
1905.710
1906.430
1907.350
1907.590
1908.270
1908.510
1908.750
1908.990
1909.230
1909.470
1909.670
1910.150
1910.390
1910.630
1910.870
1911.110
1911.310
1911.550
1912.030
1912.270
1912.510
1912.710
1912.950
1913.190
1913.430
1913.910
1914.110
1914.350
1914.590
1914.830
1915.110
1915.310
1915.790
1916.030
1916.270
1916.510
1916.710
1916.950
1917.190
1917.670
1917.910
1918.150
1918.350
1918.590
1918.830
1919.070
1919.550
1919.750
1919.990
1920.230
1920.470
1920.710
1920.950
1921.390
1921.630
1921.870
1922.110
1922.350
1922.550
1922.790
1923.270
1923.510
1923.710
1923.990
1924.190
1924.430
1924.710
1925.190
1925.390
1925.630
1925.870
1926.110
1926.350
1926.590
1927.030
1927.270
1927.510
1927.750
1927.990
1928.190
1928.430
1928.910
1929.150
1929.390
1929.590
1929.830
1930.070
1930.310
1930.790
1931.030
1931.230
1931.470
1931.710
1931.950
1932.190
1932.630
1932.870
1933.110
1933.350
1933.590
1933.830
1934.030
1934.550
1934.790
1935.030
1935.230
1935.470
1935.710
1935.950
1936.430
1936.630
1936.870
1937.110
1937.350
1937.590
1937.830
1938.270
1938.510
1938.750
1939.230
1939.470
1939.670
1940.150
1940.390
1940.630
1941.070
1941.310
1941.550
1942.030
1942.270
1942.470
1942.950
1943.190
1943.430
1943.910
1944.150
1944.390
1944.870
1945.110
1945.310
1945.790
1946.030
1946.270
1946.710
1946.950
1947.190
1947.670
1947.910
1948.110
1948.590
1948.830
1949.070
1949.510
1949.750
1949.990
1950.470
1950.710
1950.950
1951.390
1951.630
1951.870
1952.350
1952.550
1952.790
1953.270
1953.510
1953.750
1954.230
1954.470
1954.710
1955.150
1955.390
1955.630
1956.110
1956.350
1956.550
1957.030
1957.270
1957.510
1957.990
1958.190
1958.430
1958.910
1959.150
1959.390
1959.830
1960.070
1960.310
1960.790
1960.990
1961.230
1961.710
1961.950
1962.190
1962.630
1962.870
1963.110
1963.630
1963.830
1964.070
1964.550
1964.790
1965.030
1965.470
1965.710
1965.950
1966.430
1966.630
1966.870
1967.350
1967.590
1967.830
2012.310
2012.790
2013.270
2013.470
2013.710
2014.190
2014.670
2015.110
2015.350
2015.590
2016.070
2016.510
2016.990
2017.270
2017.510
2017.950
2018.430
2018.910
2019.110
2019.350
2019.830
2020.310
2020.750
2020.990
2021.230
2021.710
2022.150
2022.630
2022.870
2023.110
2023.550
2024.030
2024.510
2024.750
2024.950
2025.430
2025.910
2026.350
2026.590
2026.870
2027.310
2028.270
2029.190
2030.150
2031.070
2031.990
2032.950
2033.870
2034.790
2035.750
2036.710
2037.630
2038.590
2039.510
2040.430
2041.390
2042.310
2043.270
2044.190
2045.110
2046.070
2047.030
2047.950
2048.910
2049.830
2050.750
2051.710
2052.630
2053.550
2054.510
2055.430
2056.390
2057.350
2058.270
2058.510
2059.190
2060.150
2060.350
2061.070
2061.990
2062.230
2062.950
2063.870
2064.110
2064.790
2065.790
2065.990
2066.710
2067.630
2067.870
2068.590
2069.510
2069.750
2070.430
2071.390
2071.630
2072.310
2072.790
2073.230
2073.470
2073.710
2074.190
2074.670
2075.110
2075.390
2075.630
2076.070
2076.550
2077.030
2077.270
2077.470
2077.950
2078.430
2078.870
2079.110
2079.350
2079.830
2080.270
2080.750
2080.990
2081.230
2081.710
2082.150
2082.630
2082.870
2083.110
2083.550
2084.030
2084.510
2084.710
2084.990
2085.470
2085.910
2086.390
2086.630
2086.870
2087.350
2087.550
2087.790
2088.270
2088.510
2088.750
2089.190
2089.430
2089.670
2090.150
2090.350
2090.590
2091.070
2091.310
2091.550
2091.990
2092.230
2092.470
2092.950
2093.150
2093.390
2093.870
2094.110
2094.350
2094.830
2095.070
2095.310
2095.790
2095.990
2096.230
2096.710
2096.950
2097.190
2097.630
2097.870
2098.110
2098.590
2098.790
2099.030
2099.510
2099.750
2099.990
2102.310
2102.550
2102.790
2103.030
2103.710
2103.950
2104.230
2104.430
2104.670
2104.910
2105.630
2105.830
2106.070
2106.310
2106.550
2106.790
2107.470
2107.710
2107.950
2108.190
2108.430
2108.670
2109.350
2109.590
2109.830
2110.070
2110.270
2110.510
2111.230
2111.470
2111.670
2111.910
2112.150
2112.390
2113.070
2113.310
2113.550
2113.790
2114.070
2114.310
2114.990
2115.230
2115.470
2115.670
2115.910
2116.150
2116.870
2117.110
2117.310
2117.550
2117.790
2118.030
2118.710
2118.950
2119.190
2119.430
2119.670
2119.910
2120.590
2120.830
2121.070
2121.310
2121.550
2121.750
2122.470
2122.710
2122.950
2123.150
2123.390
2123.670
2124.350
2124.590
2124.830
2125.070
2125.310
2125.550
2126.230
2126.470
2126.710
2126.950
2127.150
2127.390
2128.110
2128.350
2128.590
2128.790
2129.030
2129.270
2129.990
2130.190
2130.430
2130.670
2130.910
2131.150
2131.830
2132.070
2132.310
2133.270
2134.230
2135.150
2136.070
2137.030
2137.950
2138.870
2139.830
2140.750
2141.670
2142.630
2143.590
2144.510
2145.470
2146.390
2147.310
2147.790
2148.270
2148.710
2149.190
2149.670
2150.110
2150.590
2151.070
2151.510
2151.990
2152.470
2152.950
2153.430
2153.910
2154.350
2154.830
2155.310
2155.750
2156.230
2156.710
2157.150
2157.630
2158.110
2158.550
2159.030
2159.510
2159.950
2160.430
2160.910
2161.390
2161.830
2162.350
2162.790
2163.270
2163.750
2164.190
2164.670
2165.150
2165.590
2166.070
2166.550
2166.990
2167.470
2167.950
2168.430
2168.870
2169.350
2169.830
2170.270
2170.750
2171.230
2171.670
2172.190
2172.630
2173.110
2173.590
2174.070
2174.510
2174.990
2175.470
2175.910
2176.390
2176.870
2177.310
2177.790
2178.270
2178.470
2178.710
2179.190
2179.670
2180.110
2180.350
2180.590
2181.070
2181.510
2182.030
2182.270
2182.510
2182.950
2183.430
2183.910
2184.110
2184.350
2184.830
2185.310
2185.750
2185.990
2186.230
2186.710
2187.150
2187.630
2187.870
2188.110
2188.550
2189.030
2189.510
2189.750
2189.950
2190.430
2190.910
2191.390
2191.630
2191.870
2192.350
2192.550
2192.790
2193.270
2193.510
2193.750
2194.190
2194.430
2194.670
2195.150
2195.390
2195.590
2196.070
2196.310
2196.550
2196.990
2197.230
2197.470
2197.950
2198.190
2198.390
2198.870
2199.110
2199.350
2199.790
2200.030
2200.270
2200.750
2201.030
2201.230
2201.710
2201.950
2202.190
2202.630
2202.870
2203.110
2203.590
2203.830
2204.030
2204.510
2204.750
2204.950
2205.430
2205.670
2205.910
2206.390
2206.630
2206.830
2207.310
2207.550
2207.790
2208.270
2208.470
2208.710
2209.190
2209.430
2209.670
2210.110
2210.350
2210.590
2211.070
2211.310
2211.550
2212.030
2212.270
2212.470
2212.950
2213.190
2213.430
2213.870
2214.110
2214.350
2214.830
2215.070
2215.310
2215.750
2215.990
2216.230
2216.710
2216.910
2217.150
2217.630
2217.870
2218.110
2218.550
2218.790
2219.030
2219.510
2219.710
2219.950
2220.470
2220.710
2220.950
2221.390
2221.630
2221.870
2222.350
2222.550
2222.790
2223.030
2223.270
2223.510
2223.750
2224.190
2224.430
2224.670
2224.910
2225.150
2225.350
2225.590
2226.070
2226.310
2226.550
2226.750
2226.990
2227.230
2227.470
2227.950
2228.190
2228.390
2228.630
2228.870
2229.110
2229.350
2229.790
2230.070
2230.310
2230.550
2230.790
2230.990
2231.230
2231.710
2231.950
2232.190
2232.390
2232.630
2232.870
2233.110
2233.590
2233.790
2234.030
2234.270
2234.510
2234.750
2234.990
2235.430
2235.670
2235.910
2236.150
2236.390
2236.630
2236.830
2237.310
2237.550
2238.230
2238.470
2239.190
2239.430
2240.150
2240.390
2241.070
2241.310
2242.030
2242.270
2242.950
2243.190
2243.870
2244.110
2244.830
2245.070
2245.750
2245.990
2246.670
2246.910
2247.630
2247.870
2248.550
2248.790
2249.510
2249.750
2250.470
2250.710
2251.390
2251.630
2252.310
2252.550
2253.270
2253.510
2254.190
2254.430
2255.150
2255.350
2256.070
2256.310
2256.990
2257.230
2257.950
2258.150
2258.870
2259.150
2259.830
2260.070
2260.750
2260.990
2261.710
2261.950
2262.630
2262.870
2263.590
2263.790
2264.510
2264.750
2265.430
2265.670
2266.390
2266.590
2294.230
2294.710
2295.190
2295.670
2296.150
2296.630
2297.110
2297.590
2298.070
2298.550
2299.070
2299.510
2299.990
2300.470
2300.950
2301.430
2301.910
2302.390
2302.870
2303.350
2303.830
2304.310
2304.790
2305.310
2305.750
2306.230
2306.710
2307.190
2307.670
2308.150
2308.630
2309.110
2309.590
2310.070
2310.550
2311.030
2311.990
2312.950
2313.910
2314.870
2315.830
2316.790
2317.750
2318.710
2319.670
2320.630
2321.590
2322.550
2323.510
2324.470
2324.950
2325.670
2325.910
2326.430
2326.870
2327.590
2327.830
2328.310
2328.790
2329.510
2329.750
2330.230
2330.710
2331.430
2331.670
2332.150
2332.670
2333.350
2333.590
2334.070
2334.550
2335.270
2335.510
2335.990
2336.470
2337.190
2337.430
2337.910
2338.390
2339.110
2339.350
2339.830
2340.110
2340.310
2340.790
2341.030
2341.270
2341.750
2341.990
2342.230
2342.710
2342.950
2343.190
2343.670
2343.910
2344.150
2344.630
2344.870
2345.150
2345.590
2345.830
2346.070
2346.550
2346.790
2347.030
2347.510
2347.750
2347.990
2348.470
2348.710
2348.950
2349.430
2349.670
2349.910
2350.390
2350.630
2350.870
2351.350
2351.590
2351.830
2352.310
2352.590
2352.790
2353.270
2353.510
2353.750
2354.230
2354.470
2354.710
2355.190
2355.430
2355.670
2355.910
2356.150
2356.390
2356.630
2357.110
2357.350
2357.590
2357.830
2358.070
2358.310
2358.550
2359.030
2359.270
2359.510
2359.750
2360.030
2360.230
2360.470
2360.950
2361.190
2361.430
2361.670
2361.910
2362.150
2362.390
2362.870
2363.110
2363.350
2363.590
2363.830
2364.070
2364.310
2364.790
2365.070
2365.270
2365.510
2365.750
2365.990
2366.270
2366.710
2366.950
2367.190
2367.390
2367.670
2367.910
2368.150
2368.630
2368.870
2369.110
2369.350
2369.590
2369.830
2370.070
2370.550
2370.790
2371.030
2371.270
2371.510
2371.750
2371.990
2372.510
2372.710
2372.950
2373.190
2373.430
2373.670
2373.910
2374.390
2374.630
2374.870
2375.110
2375.350
2375.590
2375.830
2376.310
2376.550
2376.790
2377.030
2377.270
2377.510
2377.750
2378.230
2378.470
2378.750
2378.950
2379.190
2379.430
2379.670
2380.150
2380.390
2380.630
2380.870
2381.110
2381.350
2381.590
2382.070
2382.310
2382.550
2382.790
2383.030
2383.270
2383.510
2383.990
2384.230
2384.470
2384.710
2384.990
2385.190
2385.430
2385.910
2386.870
2387.830
2388.790
2389.750
2390.710
2391.670
2392.630
2393.630
2394.550
2395.510
2396.470
2397.430
2398.390
2399.350
2400.310
2401.270
2402.230
2403.190
2404.150
2405.110
2406.110
2407.030
2407.990
2408.950
2409.430
2409.910
2410.390
2410.870
2411.350
2411.830
2412.350
2412.790
2413.270
2413.750
2414.230
2414.710
2415.190
2415.670
2416.150
2416.630
2417.110
2417.590
2418.070
2418.590
2419.030
2419.510
2419.990
2420.470
2420.950
2421.430
2421.910
2422.390
2422.870
2423.310
2423.830
2424.310
2424.550
2425.270
2425.510
2426.230
2426.470
2427.190
2427.430
2428.150
2428.390
2429.110
2429.350
2430.070
2430.310
2431.030
2431.270
2431.990
2432.270
2432.950
2433.190
2433.910
2434.150
2434.870
2435.110
2435.830
2436.070
2436.790
2437.030
2437.750
2437.990
2438.710
2438.950
2439.710
2439.910
2440.150
2440.630
2440.870
2441.110
2441.590
2441.830
2442.070
2442.550
2442.790
2443.030
2443.510
2443.750
2443.990
2444.470
2444.710
2444.950
2445.430
2445.670
2445.950
2446.390
2446.630
2446.870
2447.350
2447.590
2447.830
2448.310
2448.550
2448.790
2449.270
2449.510
2449.750
2450.230
2450.470
2450.710
2451.190
2451.430
2451.670
2452.190
2452.390
2452.630
2453.110
2453.390
2453.590
2454.070
2454.310
2454.550
2455.030
2455.270
2455.510
2455.990
2456.230
2456.470
2456.950
2457.190
2457.430
2457.910
2458.150
2458.430
2458.870
2459.110
2459.350
2459.830
2460.070
2460.310
2460.790
2461.030
2461.270
2461.750
2461.990
2462.230
2462.710
2462.950
2463.190
2463.670
2463.910
2464.150
2464.630
2464.870
2465.110
2465.590
2465.870
2466.070
2466.550
2466.790
2467.030
2467.510
2467.750
2467.990
2468.470
2468.710
2468.950
2469.430
2469.670
2469.910
2470.390
2471.350
2471.590
2472.310
2473.310
2473.510
2474.230
2475.190
2475.430
2476.150
2477.110
2477.350
2478.070
2479.030
2479.270
2479.990
2480.950
2481.190
2481.910
2482.870
2483.110
2483.830
2484.790
2485.030
2485.790
2485.990
2486.230
2486.470
2486.710
2486.990
2487.190
2487.670
2487.910
2488.150
2488.390
2488.630
2488.870
2489.110
2489.590
2489.830
2490.070
2490.310
2490.550
2490.790
2491.030
2491.510
2491.750
2492.030
2492.230
2492.470
2492.710
2492.950
2493.430
2493.670
2493.910
2494.150
2494.390
2494.630
2494.870
2495.350
2495.590
2495.830
2496.070
2496.310
2496.550
2496.790
2497.270
2497.510
2497.750
2497.990
2498.270
2498.470
2498.710
2499.190
2499.470
2499.670
2499.910
2500.150
2500.390
2500.630
2501.110
