48.298
48.931
49.564
50.196
50.829
51.462
52.094
52.727
53.360
53.992
54.625
55.258
55.891
56.523
57.156
57.789
58.421
59.054
59.687
60.319
60.952
61.585
62.217
62.850
63.483
64.116
64.748
65.064
65.381
66.013
66.329
66.645
67.278
67.594
67.910
68.542
68.859
69.175
69.807
70.123
70.439
71.072
71.388
71.704
72.336
72.653
72.969
73.601
73.917
74.233
74.865
75.497
76.129
76.444
76.760
77.392
78.024
78.656
78.972
79.288
79.919
80.551
81.183
81.499
81.815
82.447
83.079
83.710
84.026
84.342
84.974
85.606
86.238
86.554
86.870
87.501
88.133
88.765
89.081
89.397
90.029
90.661
91.292
91.608
91.924
92.556
93.188
93.820
94.136
94.452
95.083
95.715
96.347
96.663
96.979
97.611
98.243
98.874
99.190
99.506
100.138
100.770
101.402
101.718
102.033
102.665
103.297
103.929
104.245
104.561
105.193
105.824
106.456
106.772
107.087
107.402
107.717
108.348
108.978
109.294
109.609
109.924
110.239
110.870
111.500
111.815
112.131
112.446
112.761
113.392
114.022
114.337
114.653
114.968
115.283
115.914
116.544
116.859
117.175
117.490
117.805
118.436
119.066
119.381
119.697
120.012
120.327
120.958
121.588
121.903
122.219
122.534
122.849
123.480
124.110
124.425
124.741
125.056
125.371
126.002
126.632
126.947
127.262
127.578
127.893
128.523
129.154
129.469
129.784
130.100
130.415
131.045
131.676
131.991
132.306
132.622
132.937
133.567
134.198
134.513
134.828
135.144
135.459
136.089
136.720
137.036
137.352
137.984
138.616
139.247
139.563
139.879
140.511
141.143
141.775
142.091
142.407
143.039
143.671
144.302
144.618
144.934
145.566
146.198
146.830
147.146
147.462
148.094
148.726
149.357
149.673
149.989
150.621
151.253
151.885
152.201
152.517
153.149
153.781
154.413
154.728
155.044
155.676
156.308
156.940
157.607
157.923
158.238
158.869
159.499
160.130
160.445
160.760
161.391
162.021
162.652
162.967
163.283
163.913
164.544
165.174
165.490
165.805
166.435
167.066
167.697
168.012
168.327
168.958
169.588
170.219
170.534
170.849
171.480
172.111
172.741
173.056
173.372
174.002
174.633
175.263
175.579
175.894
176.525
177.155
177.786
178.101
178.416
179.047
179.678
180.308
180.624
180.940
181.572
181.888
182.204
182.836
183.152
183.468
184.100
184.416
184.732
185.364
185.680
185.996
186.628
186.944
187.260
187.892
188.208
188.524
189.156
189.472
189.788
190.420
190.736
191.052
191.684
192.000
192.316
192.948
193.264
193.580
194.212
194.528
194.844
195.476
195.792
196.108
196.740
197.056
197.372
198.004
198.320
198.636
199.268
199.584
199.900
200.532
200.847
201.163
201.478
201.793
202.109
202.424
202.740
203.055
203.370
203.686
204.001
204.316
204.632
204.947
205.263
205.578
205.893
206.209
206.524
206.839
207.155
207.470
207.786
208.101
208.416
208.732
209.047
209.363
209.678
209.993
210.309
210.624
210.939
211.255
211.570
211.886
212.201
212.516
212.832
213.147
213.463
213.778
214.093
214.409
214.724
215.039
215.355
215.670
215.986
216.301
216.616
216.932
217.247
217.562
217.878
218.193
218.509
218.824
219.139
219.455
219.770
220.086
220.401
220.716
221.032
221.347
221.663
221.979
222.610
222.926
223.242
223.873
224.189
224.505
225.136
225.452
225.768
226.399
226.715
227.031
227.662
227.978
228.294
228.925
229.241
229.557
230.188
230.504
230.820
231.451
231.767
232.083
232.714
233.030
233.346
233.977
234.293
234.609
235.240
235.556
235.872
236.503
236.819
237.135
237.766
238.082
238.398
239.029
239.345
239.661
240.292
240.608
240.924
260.961
261.490
262.020
262.550
263.080
263.609
264.139
264.669
265.198
265.728
266.258
266.787
267.317
267.847
268.377
268.906
269.436
269.966
270.495
271.025
271.555
272.084
272.614
273.144
273.673
274.203
274.733
275.263
275.792
276.322
276.852
277.381
277.911
278.176
278.442
278.973
279.238
279.503
280.034
280.299
280.565
281.095
281.361
281.626
282.157
282.422
282.688
283.218
283.484
283.749
284.280
284.545
284.811
285.341
285.607
285.872
286.403
286.668
286.934
287.464
287.730
287.995
288.526
288.791
289.057
289.587
289.853
290.118
290.649
290.914
291.180
291.710
291.976
292.241
292.772
293.037
293.302
293.833
294.099
294.364
294.897
295.430
295.962
296.228
296.494
296.759
297.025
297.556
298.087
298.352
298.618
298.883
299.149
299.680
300.211
300.477
300.742
301.008
301.273
301.804
302.335
302.601
302.867
303.132
303.398
303.929
304.460
304.725
304.991
305.256
305.522
306.053
306.584
306.850
307.115
307.381
307.646
308.177
308.708
308.974
309.240
309.505
309.771
310.302
310.833
311.098
311.364
311.629
311.895
312.426
312.957
313.223
313.488
313.754
314.019
314.550
315.082
315.348
315.615
315.882
316.149
316.415
316.680
317.211
317.476
317.742
318.273
318.538
318.804
319.335
319.600
319.865
320.396
320.662
320.927
321.458
321.724
321.989
322.520
322.785
323.051
323.582
323.847
324.113
324.643
324.909
325.174
325.705
325.971
326.236
326.767
327.032
327.298
327.829
328.094
328.360
328.891
329.156
329.421
329.952
330.218
330.483
331.014
331.280
331.545
332.076
332.341
332.607
333.138
333.403
333.669
334.199
334.465
334.730
335.261
335.527
335.792
336.323
336.588
336.854
337.385
337.650
337.916
338.447
338.712
338.977
339.508
339.774
340.039
340.570
340.836
341.101
341.632
341.897
342.163
342.694
342.959
343.225
343.755
344.021
344.286
344.817
345.083
345.348
345.870
346.392
346.913
347.179
347.446
347.712
347.978
348.510
349.042
349.308
349.574
349.840
350.106
350.639
351.171
351.437
351.703
351.969
352.235
352.767
353.299
353.566
353.832
354.098
354.364
354.896
355.428
355.694
355.960
356.226
356.493
357.025
357.557
357.823
358.089
358.355
358.621
359.153
359.686
359.952
360.218
360.484
360.750
361.282
361.814
362.080
362.347
362.613
362.879
363.411
363.943
364.209
364.475
364.741
365.007
365.540
366.072
366.335
366.598
366.862
367.125
367.389
367.655
367.921
368.187
368.453
368.719
368.985
369.517
369.783
370.049
370.315
370.581
370.847
371.113
371.646
371.912
372.178
372.444
372.710
372.976
373.242
373.774
374.040
374.306
374.572
374.838
375.104
375.370
375.903
376.169
376.435
376.701
376.967
377.233
377.499
378.031
378.297
378.563
378.829
379.095
379.361
379.627
380.160
380.426
380.692
380.958
381.224
381.490
381.756
382.288
382.554
382.820
383.086
383.352
383.618
383.884
384.416
384.682
384.947
385.478
385.743
386.008
386.539
386.804
387.070
387.600
387.866
388.131
388.662
388.927
389.192
389.723
389.988
390.254
390.784
391.050
391.315
391.846
392.111
392.376
392.907
393.172
393.438
393.968
394.234
394.499
395.030
395.295
395.560
396.091
396.356
396.622
397.152
397.417
397.683
398.213
398.479
398.744
399.275
399.540
399.805
400.336
400.601
400.867
401.397
401.663
401.928
402.459
402.724
402.989
403.520
403.785
404.051
404.581
404.847
405.112
405.643
405.908
406.173
406.704
406.969
407.235
407.765
408.031
408.296
408.827
409.092
409.357
409.888
410.153
410.418
410.949
411.214
411.480
412.010
412.276
412.541
413.072
413.337
413.602
414.133
414.398
414.664
415.194
415.460
415.725
416.256
416.521
416.786
417.317
418.151
418.682
419.213
419.478
419.744
420.275
420.806
421.337
421.602
421.868
422.399
422.929
423.460
423.726
423.991
424.522
425.053
425.584
425.850
426.115
426.646
427.177
427.708
427.973
428.239
428.770
429.301
429.831
430.097
430.362
430.893
431.424
431.955
432.221
432.486
433.017
433.548
434.079
434.344
434.610
435.141
435.672
436.203
436.468
436.733
437.264
437.795
438.326
438.592
438.857
439.388
439.919
440.450
440.715
440.981
441.512
442.043
442.574
442.839
443.104
443.635
444.166
444.697
444.963
445.228
445.759
446.290
446.821
447.086
447.352
447.883
448.414
448.945
449.210
449.476
450.006
450.537
451.068
451.334
451.599
452.130
452.395
452.661
452.926
453.191
453.456
453.721
454.252
454.517
454.782
455.047
455.312
455.578
455.843
456.373
456.638
456.904
457.169
457.434
457.699
457.964
458.495
458.760
459.025
459.290
459.555
459.821
460.086
460.616
460.881
461.146
461.412
461.677
461.942
462.207
462.738
463.003
463.268
463.533
463.798
464.064
464.329
464.859
465.124
465.389
465.655
465.920
466.185
466.450
466.981
467.246
467.511
467.776
468.041
468.307
468.572
469.104
469.637
470.170
470.435
470.700
470.966
471.231
471.762
472.292
472.558
472.823
473.088
473.353
473.884
474.415
474.680
474.945
475.211
475.476
476.007
476.537
476.802
477.068
477.333
477.598
478.129
478.660
478.925
479.190
479.455
479.721
480.251
480.782
481.047
481.313
481.578
481.843
482.374
482.904
483.170
483.435
483.700
483.966
484.496
485.027
485.292
485.558
485.823
486.088
486.619
487.149
487.415
487.680
487.945
488.211
488.741
489.272
489.537
489.802
490.068
490.333
490.864
491.394
491.660
491.925
492.190
492.455
492.986
493.517
493.782
494.047
494.313
494.578
495.109
495.639
495.904
496.170
496.435
496.700
497.231
497.762
498.027
498.292
498.557
498.823
499.353
499.884
500.149
500.415
500.680
500.945
501.476
502.006
502.272
502.537
502.802
503.303
503.569
503.835
504.101
504.366
504.632
504.898
505.164
505.430
505.696
505.962
506.228
506.494
506.759
507.025
507.291
507.557
507.823
508.089
508.355
508.621
508.887
509.152
509.418
509.684
509.950
510.216
510.482
510.748
511.014
511.280
511.546
511.811
512.077
512.343
512.609
512.875
513.141
513.407
513.673
513.939
514.204
514.470
514.736
515.002
515.268
515.534
515.800
516.066
516.332
516.597
516.863
517.129
517.395
517.661
517.927
518.193
518.459
518.725
518.990
519.256
519.522
519.788
520.054
520.320
520.854
521.119
521.383
521.913
522.178
522.442
522.972
523.237
523.501
524.031
524.296
524.560
525.090
525.355
525.619
526.149
526.414
526.678
527.208
527.473
527.737
528.267
528.532
528.796
529.326
529.591
529.856
530.385
530.650
530.915
531.444
531.709
531.974
532.503
532.768
533.033
570.804
571.661
572.518
573.375
574.232
575.089
575.946
576.803
577.660
578.517
579.374
580.231
581.088
581.946
582.803
583.660
584.517
585.374
586.231
587.088
587.945
588.802
589.659
590.516
591.373
592.230
593.087
593.944
594.801
595.659
596.516
597.373
598.230
599.087
599.944
600.801
601.658
602.515
603.372
604.229
605.086
605.943
606.800
607.657
608.515
609.372
610.229
611.086
611.943
612.800
613.657
614.514
614.943
615.371
616.229
617.086
617.943
618.372
618.800
619.658
620.515
621.372
621.801
622.230
623.087
623.944
624.801
625.230
625.659
626.516
627.373
628.230
628.659
629.088
629.945
630.802
631.660
632.088
632.517
633.374
634.231
635.089
635.517
635.946
636.803
637.661
638.518
638.940
639.362
639.791
640.220
641.077
641.506
641.934
642.792
643.220
643.649
644.507
644.935
645.364
646.221
646.650
647.079
647.936
648.365
648.794
649.651
650.080
650.509
651.366
651.795
652.223
653.081
653.510
653.938
654.796
655.224
655.653
656.511
656.939
657.368
658.225
658.654
659.083
659.940
660.369
660.798
661.655
662.084
662.512
663.370
663.799
664.227
665.085
665.513
665.942
666.795
667.648
668.501
668.930
669.358
669.787
670.215
671.073
671.930
672.358
672.787
673.215
673.644
674.501
675.358
675.787
676.215
676.644
677.072
677.929
678.787
679.215
679.644
680.072
680.501
681.358
682.215
682.644
683.072
683.501
683.929
684.786
685.643
686.072
686.500
686.929
687.358
688.215
689.072
689.500
689.929
690.357
690.786
691.643
692.500
692.929
693.357
693.786
694.214
695.070
695.926
696.782
697.638
698.494
699.350
700.206
701.062
701.918
702.773
703.629
704.485
705.341
706.197
707.053
707.909
708.765
709.621
710.477
710.906
711.336
712.195
713.054
713.913
714.343
714.772
715.632
716.491
717.350
717.780
718.209
719.068
719.928
720.787
721.212
721.638
722.067
722.496
723.354
723.783
724.212
725.070
725.499
725.928
726.787
727.216
727.645
728.503
728.932
729.361
730.219
730.648
731.077
731.935
732.365
732.794
733.652
734.081
734.510
735.335
735.765
736.194
736.623
737.053
737.482
737.911
738.341
738.770
739.199
739.629
740.058
740.487
740.917
741.346
741.776
742.205
742.634
743.064
743.493
743.922
744.352
744.781
745.210
745.640
746.069
746.498
746.928
747.357
747.786
748.216
748.645
749.074
749.504
749.933
750.362
750.792
751.221
751.650
752.080
752.509
752.939
753.368
753.797
754.227
754.656
755.085
755.515
755.944
756.373
756.803
757.232
757.661
758.091
758.520
758.949
759.379
759.808
760.237
760.667
761.096
761.525
761.955
762.384
762.813
763.672
764.531
764.959
765.387
766.244
767.101
767.958
768.386
768.815
769.671
770.528
771.385
771.813
772.242
773.099
773.955
774.812
775.241
775.669
776.526
777.383
778.239
778.668
779.096
779.953
780.810
781.667
782.095
782.524
783.380
784.237
785.094
785.522
785.951
786.808
787.664
788.521
788.949
789.378
789.806
790.234
790.662
791.090
791.519
791.947
792.375
792.803
793.231
793.660
794.088
794.516
794.944
795.372
795.801
796.229
796.657
797.085
797.513
797.942
798.370
798.798
799.226
799.655
800.083
800.511
800.939
801.367
801.796
802.224
802.652
803.080
803.508
803.937
804.365
804.793
805.221
805.649
806.078
806.506
806.934
807.362
807.790
808.219
808.647
809.075
809.503
809.931
810.360
810.788
811.216
811.644
812.072
812.501
812.929
813.357
813.785
814.213
814.642
815.070
815.498
815.926
816.355
816.783
817.211
817.639
818.067
818.496
818.924
819.352
819.780
820.208
820.637
821.065
821.493
821.921
822.349
822.778
823.206
823.634
824.062
824.490
824.919
825.347
825.775
826.203
826.631
827.060
827.488
827.916
828.344
828.772
829.201
829.629
831.331
832.188
833.046
833.475
833.904
834.333
834.761
835.619
836.477
836.906
837.335
837.763
838.192
839.050
839.908
840.337
840.766
841.194
841.623
842.481
843.339
843.768
844.196
844.625
845.054
845.912
846.770
847.198
847.627
848.056
848.485
849.343
850.200
850.629
851.058
851.487
851.916
852.774
853.631
854.060
854.489
854.918
855.347
856.204
857.062
857.491
857.920
858.349
858.778
859.635
860.493
860.922
861.350
862.207
863.065
863.922
864.350
864.779
865.636
866.493
867.350
867.779
868.208
869.065
869.922
870.779
871.208
871.636
872.494
873.351
874.208
874.637
875.065
875.922
876.779
877.637
878.065
878.494
879.351
880.208
881.065
881.494
881.923
882.780
883.637
884.494
884.923
885.351
886.208
887.066
887.923
888.351
888.780
889.637
890.494
891.351
891.780
892.209
893.066
893.923
894.780
895.209
895.637
896.495
897.352
898.209
898.637
899.066
899.923
900.780
901.638
902.066
902.495
903.352
904.209
905.066
905.495
905.924
906.781
907.638
908.495
908.924
909.352
910.209
942.241
943.209
944.177
945.144
946.112
947.080
948.047
949.015
949.982
950.950
951.918
952.885
953.853
954.821
955.788
956.272
956.756
957.724
958.691
959.659
960.143
960.626
961.594
962.562
963.529
964.013
964.497
965.465
966.432
967.400
967.881
968.361
968.842
969.323
969.803
970.284
970.765
971.245
971.726
972.207
972.687
973.168
973.649
974.129
974.610
975.091
975.571
976.052
976.533
977.013
977.494
977.975
978.456
978.936
979.417
979.898
980.378
980.859
981.340
981.820
982.301
982.782
983.262
983.743
984.224
984.704
985.185
985.666
986.146
986.627
987.108
987.588
988.069
988.550
989.030
989.511
989.992
990.473
990.953
991.434
991.915
992.395
992.876
993.357
993.837
994.318
994.799
995.279
995.760
996.241
996.721
997.202
997.683
998.163
998.644
999.125
999.605
1000.086
1000.567
1001.048
1001.528
1002.009
1002.490
1002.970
1003.451
1003.932
1004.412
1004.893
1005.374
1005.854
1006.335
1006.816
1007.296
1007.777
1008.258
1008.738
1009.219
1009.700
1010.180
1010.661
1011.142
1011.622
1012.103
1012.584
1013.065
1013.545
1014.026
1014.507
1014.987
1015.468
1015.949
1016.429
1016.910
1017.391
1017.871
1018.352
1018.833
1019.313
1019.794
1020.275
1020.755
1021.236
1021.717
1022.197
1022.678
1023.159
1023.640
1024.120
1024.601
1025.082
1025.562
1026.043
1026.524
1027.004
1027.485
1027.966
1028.446
1028.927
1029.408
1029.888
1030.369
1030.850
1031.330
1031.571
1031.813
1032.054
1032.295
1032.777
1033.259
1033.500
1033.741
1033.983
1034.224
1034.706
1035.188
1035.429
1035.670
1035.911
1036.152
1036.635
1037.117
1037.358
1037.599
1037.840
1038.081
1038.563
1039.046
1039.287
1039.528
1039.769
1040.010
1040.492
1040.974
1041.216
1041.457
1041.698
1041.939
1042.421
1042.903
1043.144
1043.385
1043.627
1043.868
1044.350
1044.832
1045.073
1045.314
1045.555
1045.796
1046.279
1046.759
1047.239
1047.719
1048.199
1048.679
1049.159
1049.639
1050.119
1050.599
1051.079
1051.559
1052.039
1052.519
1052.999
1053.479
1053.959
1054.440
1054.920
1055.400
1055.880
1056.360
1056.840
1057.320
1057.800
1058.280
1058.760
1059.240
1059.720
1060.200
1060.680
1061.160
1061.401
1061.641
1062.122
1062.362
1062.602
1063.083
1063.323
1063.564
1064.044
1064.285
1064.525
1065.006
1065.246
1065.486
1065.967
1066.207
1066.448
1066.929
1067.169
1067.409
1067.890
1068.130
1068.371
1068.851
1069.092
1069.332
1069.813
1070.053
1070.293
1070.774
1071.014
1071.255
1071.735
1071.976
1072.216
1072.697
1072.937
1073.178
1073.658
1073.899
1074.139
1074.620
1074.860
1075.100
1075.581
1075.821
1076.062
1076.542
1076.783
1077.023
1077.504
1077.744
1077.985
1078.465
1078.706
1078.946
1079.427
1079.667
1079.907
1080.388
1080.628
1080.869
1081.349
1081.590
1081.830
1082.311
1082.551
1082.791
1083.272
1083.513
1083.753
1084.234
1084.474
1084.714
1085.195
1085.435
1085.676
1086.156
1086.397
1086.637
1087.118
1087.358
1087.598
1088.560
1089.522
1090.484
1091.446
1092.408
1093.370
1094.332
1095.294
1096.256
1097.217
1098.179
1099.141
1100.103
1100.586
1101.070
1101.553
1102.036
1102.519
1103.003
1103.486
1103.969
1104.452
1104.935
1105.419
1105.902
1106.385
1106.868
1107.351
1107.835
1108.318
1108.801
1109.284
1109.768
1110.251
1110.734
1111.217
1111.700
1112.184
1112.667
1113.150
1113.633
1114.117
1114.600
1115.083
1115.566
1116.049
1116.289
1116.529
1116.769
1117.009
1117.488
1117.968
1118.208
1118.447
1118.687
1118.927
1119.406
1119.886
1120.126
1120.366
1120.605
1120.845
1121.325
1121.804
1122.044
1122.284
1122.524
1122.764
1123.243
1123.723
1123.962
1124.202
1124.442
1124.682
1125.161
1125.641
1125.881
1126.121
1126.360
1126.600
1127.080
1127.559
1127.799
1128.039
1128.279
1128.518
1128.998
1129.478
1129.717
1129.957
1130.197
1130.437
1130.916
1131.396
1131.636
1131.875
1132.115
1132.355
1132.835
1133.314
1133.554
1133.794
1134.034
1134.273
1134.753
1135.232
1135.472
1135.712
1135.952
1136.192
1136.671
1137.151
1137.391
1137.630
1137.870
1138.704
1139.185
1139.665
1140.146
1140.626
1141.107
1141.587
1142.068
1142.548
1143.029
1143.509
1143.990
1144.470
1144.951
1145.431
1145.912
1146.392
1146.872
1147.353
1147.833
1148.314
1148.794
1149.275
1149.755
1150.236
1150.716
1151.197
1151.677
1152.158
1152.638
1153.119
1153.599
1154.080
1154.560
1155.041
1155.521
1156.002
1156.482
1156.963
1157.443
1157.924
1158.404
1158.884
1159.365
1159.845
1160.326
1160.806
1161.287
1161.767
1162.248
1162.728
1163.209
1163.689
1164.170
1164.650
1165.131
1165.611
1166.092
1166.572
1167.053
1167.533
1168.014
1168.494
1168.975
1169.455
1169.936
1170.416
1170.896
1171.377
1171.857
1172.338
1172.818
1173.299
1173.779
1174.260
1174.740
1175.221
1175.701
1176.182
1176.662
1177.143
1177.623
1178.104
1178.584
1179.065
1179.545
1180.026
1180.506
1180.987
1181.467
1181.948
1182.428
1182.908
1183.389
1183.869
1184.350
1217.049
1218.384
1219.719
1221.053
1222.388
1223.723
1225.057
1226.392
1227.727
1229.061
1230.396
1231.731
1233.065
1234.400
1235.735
1237.069
1237.738
1238.406
1239.074
1239.742
1240.411
1241.079
1241.747
1242.416
1243.084
1243.752
1244.420
1245.089
1245.757
1246.425
1247.094
1247.762
1248.430
1249.098
1249.767
1250.435
1251.103
1251.772
1252.440
1253.108
1253.776
1254.445
1255.113
1255.781
1256.450
1257.118
1257.786
1258.454
1259.123
1259.791
1260.459
1260.793
1261.127
1261.794
1262.461
1263.129
1263.462
1263.796
1264.463
1265.131
1265.798
1266.132
1266.465
1267.133
1267.800
1268.467
1268.801
1269.135
1269.802
1270.469
1271.137
1271.470
1271.804
1272.471
1273.139
1273.806
1274.140
1274.473
1275.141
1275.808
1276.475
1276.809
1277.143
1277.810
1278.477
1279.145
1279.478
1279.812
1280.479
1281.147
1281.814
1282.148
1282.481
1283.149
1283.816
1284.483
1284.817
1285.151
1285.818
1286.485
1287.153
1287.486
1287.820
1288.487
1289.155
1289.822
1290.156
1290.489
1291.157
1291.824
1292.491
1292.825
1293.159
1293.826
1294.493
1295.161
1295.494
1295.828
1296.495
1297.163
1297.830
1298.164
1298.497
1299.165
1299.832
1300.499
1300.833
1301.168
1301.836
1302.170
1302.504
1303.173
1303.507
1303.841
1304.509
1304.843
1305.177
1305.846
1306.180
1306.514
1307.182
1307.517
1307.851
1308.519
1308.853
1309.187
1309.856
1310.190
1310.524
1311.192
1311.526
1311.861
1312.529
1312.863
1313.197
1313.866
1314.200
1314.534
1315.202
1315.536
1315.871
1316.539
1316.873
1317.207
1317.875
1318.210
1318.544
1319.212
1319.546
1319.880
1320.549
1320.883
1321.217
1321.885
1322.220
1322.554
1323.221
1323.888
1324.556
1325.223
1325.890
1326.558
1327.225
1327.893
1328.560
1329.227
1329.895
1330.562
1331.229
1331.897
1332.564
1333.231
1333.899
1334.566
1335.234
1335.901
1336.568
1337.236
1337.903
1338.570
1339.238
1339.905
1340.572
1341.240
1341.907
1342.575
1343.242
1343.909
1344.577
1345.244
1345.578
1345.913
1346.582
1346.916
1347.250
1347.919
1348.254
1348.588
1349.257
1349.591
1349.925
1350.594
1350.929
1351.263
1351.932
1352.266
1352.601
1353.269
1353.604
1353.938
1354.607
1354.941
1355.276
1355.945
1356.279
1356.613
1357.282
1357.617
1357.951
1358.620
1358.954
1359.288
1359.957
1360.292
1360.626
1361.295
1361.629
1361.964
1362.632
1362.967
1363.301
1363.970
1364.304
1364.639
1365.308
1365.642
1365.976
1366.645
1366.979
1367.314
1367.983
1368.317
1368.651
1369.320
1369.655
1369.989
1370.658
1370.992
1371.327
1371.995
1372.330
1372.664
1373.333
1373.667
1374.002
1374.670
1375.005
1375.339
1376.008
1376.342
1376.675
1377.009
1377.343
1377.676
1378.010
1378.344
1378.677
1379.011
1379.345
1379.678
1380.012
1380.346
1380.679
1381.013
1381.347
1381.680
1382.014
1382.348
1382.681
1383.015
1383.349
1383.682
1384.016
1384.350
1384.683
1385.017
1385.351
1385.684
1386.018
1386.352
1386.685
1387.019
1387.353
1388.020
1388.687
1389.355
1390.022
1390.689
1391.357
1392.024
1392.691
1393.359
1394.026
1394.693
1395.361
1396.028
1396.695
1397.363
1398.030
1398.697
1399.365
1400.032
1400.699
1401.367
1402.034
1402.701
1403.369
1404.036
1404.703
1405.371
1406.038
1406.705
1407.373
1408.040
1408.707
1444.510
1445.261
1446.011
1446.387
1446.762
1447.513
1448.264
1449.014
1449.390
1449.765
1450.516
1451.267
1452.017
1452.393
1452.768
1453.519
1454.270
1455.020
1455.396
1455.771
1456.522
1457.273
1458.023
1458.399
1458.774
1459.525
1460.276
1461.026
1461.402
1461.777
1462.528
1463.279
1464.029
1464.405
1464.780
1465.531
1466.282
1467.032
1467.407
1467.781
1468.530
1468.905
1469.279
1470.028
1470.402
1470.777
1471.526
1471.900
1472.275
1473.024
1473.398
1473.772
1474.521
1474.896
1475.270
1476.019
1476.394
1476.768
1477.517
1477.891
1478.266
1479.015
1479.390
1479.765
1480.515
1481.266
1482.016
1482.391
1482.766
1483.517
1484.267
1485.017
1485.392
1485.767
1486.518
1487.268
1488.018
1488.394
1488.769
1489.519
1490.269
1491.020
1491.395
1491.770
1492.520
1493.270
1494.020
1494.770
1495.520
1496.270
1497.020
1497.769
1498.519
1499.269
1500.019
1500.769
1501.519
1502.269
1503.019
1503.769
1504.144
1504.519
1504.894
1505.269
1505.644
1506.020
1506.395
1506.770
1507.145
1507.520
1507.895
1508.270
1508.645
1509.020
1509.395
1509.770
1510.146
1510.521
1510.896
1511.271
1511.646
1512.021
1512.396
1512.771
1513.146
1513.521
1513.896
1514.271
1514.647
1523.989
1525.491
1526.992
1528.494
1529.244
1529.995
1530.746
1531.497
1532.247
1532.998
1533.749
1534.500
1535.250
1536.001
1536.377
1536.752
1537.503
1538.253
1539.004
1539.380
1539.755
1540.506
1541.256
1542.007
1542.383
1542.758
1543.509
1544.259
1545.010
1545.384
1545.758
1546.132
1546.506
1546.880
1547.254
1547.628
1548.001
1548.375
1548.749
1549.123
1549.497
1549.871
1550.245
1550.619
1550.993
1551.367
1551.740
1552.114
1552.488
1552.862
1553.236
1553.610
1553.984
1554.358
1554.732
1555.106
1555.480
1555.853
1556.227
1556.601
1556.975
1557.349
1557.723
1558.475
1559.226
1559.978
1560.729
1561.481
1562.233
1562.984
1563.736
1564.488
1565.239
1565.991
1566.742
1567.494
1568.246
1568.997
1569.749
1570.501
1571.252
1572.004
1572.379
1572.753
1573.503
1574.253
1575.002
1575.377
1575.752
1576.501
1577.251
1578.000
1578.375
1578.750
1579.499
1580.249
1580.999
1581.373
1581.748
1582.498
1583.247
1583.997
1584.372
1584.746
1585.496
1586.245
1586.995
1587.370
1587.745
1588.494
1589.244
1589.993
1590.368
1590.743
1591.492
1592.242
1592.991
1593.434
1593.877
1594.320
1594.763
1595.205
1595.648
1596.091
1596.534
1596.977
1597.419
1597.862
1598.305
1598.748
1599.190
1599.633
1600.076
1600.519
1600.962
1601.404
1601.847
1602.290
1602.733
1603.176
1603.618
1604.061
1604.504
1604.947
1605.389
1605.832
1606.275
1606.718
1607.161
1607.603
1608.046
1608.489
1608.932
1609.375
1609.817
1610.260
1610.703
1611.146
1611.588
1612.031
1612.474
1612.917
1613.360
1613.802
1614.245
1614.688
1615.131
1615.574
1616.016
1616.459
1616.902
1617.345
1617.787
1618.230
1618.673
1619.116
1619.559
1620.001
1620.444
1620.887
1621.330
1621.773
1622.215
1622.658
1623.101
1623.544
1623.986
1624.429
1624.872
1625.315
1625.758
1626.200
1626.643
1627.086
1627.529
1627.971
1628.414
1628.857
1629.300
1629.743
1630.185
1630.628
1631.071
1631.514
1631.957
1632.399
1632.842
1633.285
1633.728
1634.170
1634.613
1635.056
1635.499
1635.942
1636.384
1636.827
1637.270
1637.713
1638.156
1638.598
1639.041
1639.484
1639.927
1640.369
1640.812
1641.255
1641.698
1642.141
1644.343
1644.787
1645.231
1645.453
1645.675
1646.120
1646.564
1647.008
1647.230
1647.452
1647.896
1648.341
1648.785
1649.007
1649.229
1649.673
1650.117
1650.562
1650.784
1651.006
1651.450
1651.894
1652.338
1652.560
1652.782
1653.227
1653.671
1654.115
1654.337
1654.559
1655.003
1655.448
1655.892
1656.114
1656.336
1656.780
1657.224
1657.669
1657.891
1658.114
1658.559
1658.782
1659.004
1659.449
1659.672
1659.894
1660.340
1660.562
1660.785
1661.230
1661.453
1661.675
1662.120
1662.343
1662.566
1663.011
1663.233
1663.456
1663.901
1664.124
1664.346
1664.791
1665.014
1665.237
1665.682
1665.904
1666.127
1666.572
1666.795
1667.017
1667.462
1667.685
1667.908
1668.353
1668.575
1668.798
1669.243
1669.466
1669.688
1670.134
1670.356
1670.579
1671.024
1671.246
1671.469
1671.914
1672.137
1672.359
1672.805
1673.238
1673.461
1673.683
1673.905
1674.127
1674.572
1675.016
1675.239
1675.461
1675.683
1675.905
1676.350
1676.794
1677.016
1677.239
1677.461
1677.683
1678.128
1678.572
1678.794
1679.017
1679.239
1679.461
1679.906
1680.350
1680.572
1680.795
1681.017
1681.239
1681.684
1682.128
1682.350
1682.573
1682.795
1683.017
1683.462
1683.906
1684.128
1684.351
1684.573
1684.795
1685.240
1685.684
1685.906
1686.129
1686.351
1686.573
1690.088
1693.659
1694.543
1695.427
1696.311
1697.196
1697.642
1698.088
1698.534
1698.980
1699.426
1699.872
1700.318
1700.765
1701.211
1701.657
1702.103
1702.549
1702.995
1703.441
1703.887
1704.334
1704.780
1705.226
1705.672
1706.118
1706.564
1707.010
1707.456
1707.903
1708.349
1708.795
1709.241
1709.463
1709.685
1710.129
1710.574
1711.018
1711.240
1711.462
1711.906
1712.350
1712.795
1713.017
1713.239
1713.683
1714.127
1714.571
1714.793
1715.015
1715.460
1715.904
1716.348
1716.570
1716.792
1717.236
1717.681
1718.125
1718.347
1718.569
1719.013
1719.457
1719.902
1720.124
1720.346
1720.790
1721.234
1721.678
1721.900
1722.123
1722.567
1723.011
1723.455
1723.677
1723.899
1724.344
1724.788
1725.232
1725.454
1725.676
1726.120
1726.565
1727.009
1727.231
1727.453
1727.897
1728.341
1728.785
1729.008
1729.230
1729.674
1730.119
1730.563
1731.008
1731.452
1731.897
1732.341
1732.786
1733.230
1733.675
1734.119
1734.564
1735.008
1735.453
1735.897
1736.342
1736.786
1737.231
1737.675
1738.120
1738.564
1739.009
1739.453
1739.898
1740.342
1740.787
1741.231
1741.676
1742.120
1742.565
1743.009
1743.454
1743.898
1744.343
1744.565
1744.787
1745.231
1745.676
1746.120
1746.342
1746.564
1747.009
1747.453
1747.898
1748.120
1748.342
1748.786
1749.231
1749.675
1749.897
1750.119
1750.564
1751.008
1751.452
1751.675
1751.897
1752.341
1752.786
1753.230
1753.452
1753.674
1754.119
1754.563
1755.007
1755.229
1755.452
1755.896
1756.340
1756.785
1757.007
1757.229
1757.673
1758.118
1758.562
1758.784
1759.007
1759.451
1759.895
1760.340
1760.562
1760.784
1761.228
1761.673
1762.117
1762.339
1762.561
1763.006
1763.450
1763.895
1764.117
1764.339
1764.783
1765.228
1765.672
1765.894
1766.116
1766.561
1767.005
1767.449
1767.672
1767.894
1768.338
1768.782
1769.227
1769.449
1769.671
1770.116
1770.560
1771.004
1771.226
1771.449
1771.892
1772.336
1772.779
1773.223
1773.666
1774.110
1774.553
1774.997
1775.440
1775.884
1776.327
1776.771
1777.214
1777.658
1778.101
1778.545
1778.988
1779.432
1779.875
1780.319
1780.762
1781.206
1781.649
1782.093
1782.536
1782.980
1783.423
1783.867
1784.310
1784.754
1785.197
1785.641
1786.084
1787.886
1789.655
1790.539
1791.423
1791.868
1792.313
1792.759
1793.204
1793.649
1794.094
1794.539
1794.985
1795.430
1795.875
1796.320
1796.765
1797.210
1797.656
1798.101
1798.546
1798.991
1799.436
1799.882
1800.327
1800.772
1801.217
1801.662
1802.107
1802.553
1802.998
1803.443
1803.888
1804.333
1804.779
1805.224
1805.669
1806.114
1806.559
1807.004
1807.450
1807.895
1808.340
1808.563
1808.786
1809.231
1809.677
1810.123
1810.346
1810.568
1811.014
1811.460
1811.905
1812.128
1812.351
1812.797
1813.242
1813.688
1813.911
1814.134
1814.580
1814.801
1815.023
1815.244
1815.466
1815.687
1815.909
1816.131
1816.352
1816.574
1816.795
1817.017
1817.238
1817.460
1817.682
1817.903
1818.125
1818.346
1818.568
1818.789
1819.011
1819.233
1819.454
1819.676
1819.897
1820.119
1820.340
1820.562
1820.784
1821.005
1821.227
1821.448
1821.670
1821.892
1822.113
1822.335
1822.556
1822.778
1822.999
1823.221
1823.443
1823.664
1823.886
1824.107
1824.329
1824.550
1824.772
1824.994
1825.215
1825.437
1825.658
1825.880
1826.101
1826.323
1826.545
1826.766
1826.988
1827.209
1827.431
1827.652
1827.874
1828.096
1828.317
1828.539
1828.760
