9.525
9.843
10.001
10.477
10.954
11.430
11.747
11.906
12.382
12.858
13.334
13.652
13.811
14.287
14.763
15.239
15.556
15.715
16.191
16.667
17.144
17.461
17.620
18.096
18.572
19.048
19.366
19.524
20.001
20.477
20.953
21.270
21.429
21.905
22.381
22.857
23.175
23.334
23.809
24.284
24.760
25.235
25.710
26.185
26.661
27.136
27.611
28.087
28.562
29.037
29.513
29.988
30.463
30.938
31.414
31.889
32.364
32.840
33.315
33.790
34.266
34.741
35.216
35.691
36.167
36.642
37.117
37.593
38.068
38.543
39.019
39.494
39.969
40.921
41.873
42.825
43.777
44.020
44.263
44.506
44.749
44.991
45.234
45.477
45.720
45.836
45.952
46.069
46.185
46.301
46.417
46.533
46.650
46.766
46.882
46.998
47.619
48.102
48.586
48.824
49.062
49.300
49.538
49.776
50.015
50.253
50.491
50.967
51.443
51.919
52.396
52.634
52.872
53.110
53.348
53.586
53.824
54.062
54.301
54.777
55.253
55.729
56.205
56.444
56.682
56.920
57.158
57.396
57.634
57.872
58.110
58.587
59.063
59.539
60.015
60.253
60.491
60.730
60.968
61.206
61.444
61.682
61.920
62.396
62.873
63.349
63.825
64.063
64.301
64.539
64.778
65.016
65.254
65.492
65.730
66.206
66.682
67.159
67.635
67.873
68.111
68.349
68.587
68.825
69.064
69.302
69.540
70.016
70.492
70.968
71.445
71.683
71.921
72.159
72.397
72.635
72.873
73.111
73.350
73.826
74.302
74.778
75.254
75.493
75.731
75.969
76.207
76.445
76.683
76.921
77.159
77.636
78.112
80.018
81.924
82.401
82.877
83.116
83.354
83.592
83.831
84.307
84.545
84.784
85.737
86.195
86.654
87.112
87.351
87.589
87.828
88.067
88.306
88.544
89.022
89.499
89.976
90.454
90.931
91.170
91.408
91.647
91.886
92.124
92.363
92.840
93.318
93.795
94.273
94.750
94.989
95.227
95.466
95.705
95.943
96.182
96.659
97.137
97.614
98.091
98.569
98.808
99.046
99.285
99.524
99.762
100.001
100.478
100.956
101.433
101.910
102.388
102.626
102.865
103.104
103.342
103.581
103.820
104.297
104.775
105.252
105.729
106.207
106.445
106.684
106.923
107.161
107.400
107.639
108.116
108.593
109.071
109.548
110.026
110.264
110.503
110.742
110.980
111.219
111.458
111.935
112.412
112.890
113.367
113.844
114.083
114.321
114.560
114.798
115.036
115.275
115.513
115.752
115.990
116.228
116.467
116.705
116.943
117.182
117.420
117.659
117.897
118.135
118.374
118.612
118.851
119.089
119.327
119.566
119.804
120.042
120.281
120.519
120.758
120.996
121.234
121.473
121.711
121.950
122.188
122.426
122.665
122.903
123.141
123.380
123.618
123.857
124.095
124.333
124.572
124.810
125.049
125.287
125.525
125.764
126.002
126.240
126.479
126.717
126.956
127.194
127.432
127.671
127.790
127.909
128.029
128.148
128.267
128.387
128.506
128.625
128.745
128.864
128.983
129.103
129.222
129.341
129.461
129.580
129.699
129.819
129.938
130.057
130.177
130.296
130.415
130.535
130.654
130.773
130.893
131.012
131.131
131.251
131.370
133.380
133.846
134.085
134.323
134.561
134.799
135.037
135.275
135.751
135.990
136.228
136.466
136.704
136.942
137.180
137.657
137.895
138.133
138.371
138.609
138.847
139.085
139.562
139.800
140.038
140.276
140.514
140.752
140.991
141.467
141.705
141.943
142.181
142.419
142.657
142.896
143.372
143.610
143.848
144.086
144.324
144.563
144.801
145.277
145.515
145.753
145.991
146.230
146.468
148.616
149.096
149.334
149.572
149.810
150.048
150.286
150.524
151.000
151.237
151.475
151.713
151.951
152.189
152.427
152.903
153.141
153.379
153.617
153.855
154.093
154.331
154.807
155.045
155.283
155.520
155.758
155.996
156.234
156.710
156.948
157.186
157.424
157.662
157.900
158.138
158.614
158.852
159.090
159.328
159.565
159.803
160.041
160.517
160.755
160.993
161.231
161.469
161.707
163.814
164.286
164.759
165.232
165.706
166.182
166.659
167.135
167.609
168.083
168.560
169.038
169.517
169.995
170.472
170.946
171.420
171.896
172.373
172.849
173.323
173.797
174.274
174.752
175.231
175.709
176.186
176.660
177.134
177.611
178.089
178.568
179.046
179.522
179.997
180.471
180.947
181.424
181.900
182.374
182.848
183.324
183.801
184.277
184.751
185.225
185.702
186.180
186.659
187.137
187.614
188.088
188.562
189.038
189.515
189.991
190.465
190.939
191.416
191.894
192.373
192.851
193.328
193.802
194.276
194.752
195.229
195.705
196.179
196.654
197.130
197.608
198.087
198.565
199.042
199.516
199.990
200.466
200.943
201.419
201.893
202.368
202.844
203.322
203.801
204.279
204.756
205.230
205.704
206.181
206.659
207.138
207.616
208.094
208.573
209.060
209.567
210.099
210.648
211.206
211.768
212.331
212.894
213.455
214.015
214.573
215.130
215.690
216.252
216.815
217.378
217.941
218.504
219.067
219.630
220.193
220.756
221.319
221.880
222.440
222.999
223.559
224.126
224.704
225.292
225.433
225.575
225.717
225.858
226.000
226.141
226.283
226.424
226.566
226.707
226.849
226.991
227.132
227.274
227.415
227.557
227.838
228.119
228.400
228.681
228.962
229.242
229.523
229.804
230.085
230.366
230.647
230.928
231.209
231.490
231.771
232.052
232.333
232.614
232.895
233.176
233.457
233.738
234.018
234.299
234.580
234.861
235.142
235.423
235.704
235.985
236.266
236.547
236.828
237.109
237.390
237.671
237.952
238.233
238.514
238.794
239.075
239.356
239.637
239.918
240.199
240.480
240.761
241.042
241.323
241.604
241.885
242.166
242.447
242.728
243.009
243.289
243.570
243.851
244.132
244.413
244.694
244.975
245.256
245.537
246.661
247.785
248.910
250.034
251.158
252.282
253.406
254.531
255.090
255.650
256.210
256.770
257.330
257.890
258.450
259.010
259.570
260.130
260.690
261.250
261.390
261.531
261.672
261.813
261.954
262.095
262.236
262.377
262.517
262.658
262.799
262.940
263.081
263.222
263.363
263.503
263.785
264.066
264.347
264.909
265.190
265.471
265.752
266.034
266.315
266.596
267.158
267.439
267.720
268.001
268.282
268.564
268.845
269.407
269.688
269.969
270.250
270.531
270.813
271.094
271.656
271.937
272.218
272.499
272.779
273.060
273.341
273.622
273.903
274.184
274.465
274.746
275.026
275.307
275.588
275.869
276.150
276.431
276.712
276.993
277.273
277.554
277.835
278.116
278.397
278.678
278.959
279.240
279.520
279.801
280.082
280.363
280.644
280.925
281.206
281.487
281.626
281.766
281.906
282.046
282.186
282.326
282.466
282.606
282.746
282.886
283.026
283.166
283.306
283.446
283.586
283.726
283.866
284.006
284.146
284.286
284.426
284.566
284.706
284.846
284.986
285.126
285.266
285.406
285.546
285.686
285.826
285.966
286.106
286.246
286.386
286.526
286.666
286.806
286.946
287.086
287.226
287.366
287.506
287.646
287.786
287.926
288.066
288.206
290.470
290.751
291.032
291.313
291.593
291.874
292.155
292.717
292.997
293.278
293.559
293.840
294.120
294.401
294.963
295.243
295.524
295.805
296.086
296.367
296.647
297.209
297.490
297.770
298.051
298.332
298.613
298.894
299.455
299.736
300.017
300.297
300.578
300.859
301.140
301.701
301.982
302.263
302.544
302.824
303.105
303.386
303.947
304.228
304.509
304.790
305.070
305.351
305.632
306.194
306.336
306.479
306.622
306.765
306.908
307.050
307.193
307.336
307.479
307.622
307.765
307.907
308.050
308.193
308.336
308.479
308.757
309.035
309.313
309.592
309.870
310.148
310.693
310.974
311.255
311.537
311.818
312.099
312.381
312.662
312.943
313.225
313.506
313.787
314.069
314.350
314.631
314.913
315.194
315.475
315.757
316.038
316.319
316.601
316.882
317.163
317.444
317.582
317.720
317.858
317.995
318.133
318.271
318.409
318.546
318.827
319.108
319.390
319.671
319.952
320.233
320.514
320.795
321.076
321.357
321.638
321.919
322.200
322.481
322.762
323.043
323.324
323.605
323.886
324.167
324.448
324.729
325.011
325.292
325.573
325.854
326.135
326.416
326.697
326.978
327.259
327.540
327.821
328.102
328.383
328.664
328.945
329.226
329.507
329.788
330.069
330.350
330.632
330.913
331.194
331.475
331.756
332.037
332.318
332.599
332.880
333.161
333.442
333.723
334.004
334.285
334.566
334.847
335.128
335.409
335.690
335.971
336.253
336.534
336.815
337.096
337.377
337.658
337.939
338.220
338.501
338.782
339.063
339.344
339.625
339.906
340.187
340.468
340.749
341.030
341.311
341.592
341.874
342.155
342.436
342.717
342.998
343.279
343.560
343.841
344.122
344.403
344.684
344.965
345.246
345.527
345.808
346.089
346.370
355.637
356.744
357.851
358.959
360.066
361.173
362.280
363.388
364.495
365.037
365.578
366.120
366.662
367.204
367.745
368.287
368.829
369.370
369.912
370.454
370.996
371.129
371.263
371.397
371.531
371.665
371.799
371.932
372.066
372.200
372.334
372.468
372.601
372.735
372.869
373.003
373.137
373.410
373.684
373.957
374.513
374.780
375.047
375.314
375.581
375.848
376.115
376.649
376.917
377.184
377.451
377.718
377.985
378.252
378.786
379.053
379.320
379.587
379.854
380.121
380.389
380.923
381.190
381.458
381.726
381.993
382.261
382.529
382.796
383.064
383.332
383.599
383.867
384.134
384.402
384.670
384.937
385.205
385.473
385.740
386.008
386.276
386.543
386.811
387.079
387.346
387.614
387.882
388.149
388.417
388.685
388.952
389.220
389.487
389.755
390.023
390.290
390.425
390.559
390.693
390.828
390.962
391.096
391.231
391.365
391.499
391.634
391.768
391.902
392.037
392.171
392.305
392.440
392.574
392.708
392.843
392.977
393.111
393.246
393.380
393.515
393.649
393.783
393.918
394.052
394.186
394.321
394.455
394.589
394.724
394.858
394.992
395.127
395.261
395.395
395.530
395.664
395.798
395.933
396.067
396.201
396.336
396.470
396.604
396.739
398.860
399.128
399.396
399.664
399.931
400.199
400.467
401.002
401.270
401.538
401.805
402.073
402.341
402.609
403.144
403.412
403.679
403.947
404.215
404.483
404.750
405.286
405.554
405.821
406.089
406.357
406.624
406.892
407.428
407.695
407.963
408.231
408.499
408.766
409.034
409.570
409.837
410.105
410.373
410.640
410.908
411.176
411.711
411.979
412.247
412.515
412.782
413.050
413.318
413.853
413.990
414.127
414.263
414.400
414.537
414.673
414.810
414.947
415.083
415.220
415.357
415.494
415.630
415.767
415.904
416.040
416.303
416.565
416.827
417.089
417.351
417.613
418.161
418.428
418.695
418.962
419.229
419.496
419.763
420.030
420.296
420.563
420.830
421.097
421.364
421.631
421.898
422.165
422.432
422.699
422.966
423.232
423.499
423.766
424.033
424.300
424.567
424.704
424.842
424.979
425.116
425.254
425.391
425.528
425.666
425.933
426.201
426.469
426.736
427.004
427.271
427.539
427.807
428.074
428.342
428.610
428.877
429.145
429.413
429.680
429.948
430.216
430.483
430.751
431.019
431.286
431.554
431.821
432.089
432.357
432.624
432.892
433.160
433.427
433.695
433.963
434.230
434.498
434.766
435.033
435.301
435.568
435.836
436.104
436.371
436.639
436.907
437.174
437.442
437.710
437.977
438.245
438.513
438.780
439.048
439.316
439.583
439.851
440.118
440.386
440.654
440.921
441.189
441.457
441.724
441.992
442.260
442.527
442.795
443.063
443.330
443.598
443.866
444.133
444.401
444.668
444.936
445.204
445.471
445.739
446.007
446.274
446.542
446.810
447.077
447.345
447.613
447.880
448.148
448.415
448.683
448.951
449.218
449.486
449.754
450.021
450.289
450.557
450.824
451.092
451.360
451.627
451.895
452.163
469.597
470.668
471.739
472.810
473.881
474.952
476.023
477.095
478.166
478.299
478.432
478.565
478.699
478.832
478.965
479.099
479.232
479.365
479.498
479.632
479.765
480.031
480.298
480.431
480.565
480.698
480.831
480.964
481.098
481.231
481.364
481.497
481.631
481.764
481.897
482.165
482.433
482.701
482.968
483.236
483.504
483.772
484.040
484.307
484.575
484.843
485.111
485.378
485.646
485.914
486.182
486.450
486.717
486.985
487.253
487.521
487.789
488.056
488.324
488.592
488.860
488.993
489.126
489.260
489.393
489.526
489.660
489.793
489.927
490.060
490.193
490.327
490.460
490.728
490.996
491.264
491.532
491.800
492.068
492.336
492.604
492.872
493.140
493.408
493.676
493.944
494.212
494.480
494.748
495.015
495.283
495.551
495.819
496.087
496.355
496.623
496.891
497.159
497.427
497.561
497.695
497.829
497.963
498.097
498.232
498.366
498.500
498.634
498.768
498.902
499.036
499.304
499.572
499.840
500.108
500.376
500.644
500.912
501.181
501.449
501.717
501.985
502.253
502.521
502.789
503.057
503.325
503.593
503.861
504.129
504.398
504.666
504.934
505.202
505.470
505.738
506.006
506.274
506.542
506.810
507.078
507.347
507.615
507.883
508.151
508.419
508.687
508.955
509.223
509.491
509.759
510.027
510.295
510.564
510.832
511.100
511.368
511.636
511.904
512.172
512.440
512.708
512.976
513.244
513.513
513.781
514.049
514.317
514.585
514.853
515.121
515.389
515.657
515.925
516.193
516.461
516.730
517.782
518.835
519.887
520.940
521.992
523.045
524.097
525.150
525.662
526.174
526.687
527.199
527.711
528.224
528.736
529.248
529.761
530.273
530.785
531.297
531.423
531.549
531.675
531.801
531.927
532.053
532.179
532.305
532.431
532.557
532.683
532.809
532.936
533.062
533.188
533.314
533.560
533.806
534.053
534.565
534.816
535.068
535.319
535.571
535.822
536.074
536.577
536.828
537.080
537.331
537.583
537.834
538.086
538.589
538.840
539.092
539.343
539.595
539.846
540.098
540.601
540.853
541.106
541.359
541.612
541.864
542.117
542.370
542.622
542.875
543.128
543.380
543.633
543.886
544.139
544.391
544.644
544.897
545.149
545.402
545.655
545.907
546.160
546.413
546.666
546.918
547.171
547.424
547.676
547.929
548.182
548.434
548.687
548.940
549.193
549.445
549.572
549.698
549.825
549.951
550.078
550.204
550.331
550.457
550.584
550.710
550.837
550.963
551.090
551.216
551.343
551.469
551.596
551.723
551.849
551.976
552.102
552.229
552.355
552.482
552.608
552.735
552.861
552.988
553.114
553.241
553.367
553.494
553.620
553.747
553.873
554.000
554.126
554.253
554.379
554.506
554.632
554.759
554.885
555.012
555.138
555.265
555.391
555.518
557.509
557.761
558.013
558.266
558.518
558.770
559.022
559.526
559.779
560.031
560.283
560.535
560.787
561.039
561.544
561.796
562.048
562.300
562.552
562.805
563.057
563.561
563.813
564.065
564.318
564.570
564.822
565.074
565.578
565.831
566.083
566.335
566.587
566.839
567.091
567.596
567.848
568.100
568.352
568.604
568.856
569.109
569.613
569.865
570.117
570.369
570.622
570.874
571.126
571.630
571.758
571.886
572.014
572.142
572.270
572.398
572.526
572.654
572.782
572.910
573.038
573.166
573.294
573.422
573.550
573.678
573.928
574.179
574.429
574.680
574.931
575.181
575.691
575.942
576.193
576.444
576.694
576.945
577.196
577.446
577.697
577.948
578.198
578.449
578.700
578.950
579.201
579.452
579.703
579.953
580.204
580.455
580.705
580.956
581.207
581.457
581.708
581.838
581.968
582.098
582.228
582.358
582.488
582.619
582.749
583.001
583.253
583.505
583.757
584.009
584.261
584.513
584.765
585.017
585.269
585.521
585.773
586.025
586.277
586.529
586.781
587.033
587.285
587.537
587.789
588.041
588.293
588.545
588.797
589.049
589.301
589.553
589.805
590.057
590.309
590.561
590.813
591.065
591.317
591.569
591.821
592.073
592.325
592.577
592.829
593.081
593.333
593.585
593.837
594.089
594.341
594.593
594.845
595.097
595.349
595.601
595.853
596.105
596.357
596.609
596.861
597.113
597.365
597.617
597.869
598.121
598.373
598.625
598.877
599.129
599.381
599.633
599.885
600.137
600.389
600.641
600.893
601.145
601.397
601.649
601.901
602.153
602.405
602.657
602.909
603.161
603.413
603.665
603.917
604.169
604.421
604.673
604.925
605.177
605.429
605.681
605.933
606.185
606.437
606.689
606.941
607.193
607.445
607.697
624.089
625.101
626.114
627.127
628.139
629.152
630.164
631.177
632.190
632.315
632.440
632.565
632.691
632.816
632.941
633.066
633.192
633.317
633.442
633.568
633.693
633.943
634.194
634.319
634.444
634.570
634.695
634.820
634.946
635.071
635.196
635.321
635.447
635.572
635.697
635.950
636.204
636.457
636.710
636.963
637.216
637.469
637.723
637.976
638.229
638.482
638.735
638.988
639.242
639.495
639.748
640.001
640.254
640.507
640.761
641.014
641.267
641.520
641.773
642.027
642.280
642.405
642.530
642.655
642.780
642.905
643.031
643.156
643.281
643.406
643.531
643.656
643.781
644.035
644.289
644.543
644.797
645.051
645.305
645.559
645.813
646.066
646.320
646.574
646.828
647.082
647.336
647.590
647.844
648.098
648.352
648.605
648.859
649.113
649.367
649.621
649.875
650.129
650.383
650.507
650.632
650.757
650.882
651.006
651.131
651.256
651.380
651.505
651.630
651.754
651.879
652.131
652.383
652.635
652.887
653.139
653.391
653.643
653.895
654.147
654.399
654.651
654.903
655.155
655.406
655.658
655.910
656.162
656.414
656.666
656.918
657.170
657.422
657.674
657.926
658.178
658.430
658.682
658.934
659.186
659.438
659.690
659.942
660.194
660.446
660.698
660.950
661.202
661.453
661.705
661.957
662.209
662.461
662.713
662.965
663.217
663.469
663.721
663.973
664.225
664.477
664.729
664.981
665.233
665.485
665.737
665.989
666.241
666.493
666.745
666.997
667.248
667.500
667.752
668.004
668.256
668.508
669.516
670.525
671.533
672.541
673.549
674.557
675.565
676.573
676.824
677.074
677.324
677.575
677.825
678.076
678.326
678.576
678.827
679.077
679.328
679.578
679.825
680.065
680.303
680.540
680.777
681.014
681.251
681.488
681.727
681.971
682.215
682.460
682.705
682.951
683.196
683.441
683.685
683.928
684.166
684.402
684.637
684.873
685.109
685.344
685.580
685.815
686.051
686.286
686.522
686.756
686.990
687.223
687.456
687.689
687.922
688.155
688.388
688.622
688.855
689.088
689.320
689.551
689.778
690.003
690.227
690.452
690.676
690.901
691.125
691.350
691.574
691.799
692.022
692.242
692.460
692.679
692.898
693.116
693.335
693.553
693.772
693.990
694.209
694.427
694.646
694.865
695.087
695.308
695.530
695.752
695.974
696.196
696.418
696.638
696.853
697.067
697.281
697.494
697.708
697.921
698.135
698.347
698.557
698.767
698.976
699.185
699.394
699.603
699.812
700.021
700.230
700.438
700.647
700.856
701.064
701.273
701.482
701.690
701.899
702.107
702.312
702.516
702.720
702.925
703.129
703.333
703.537
703.742
703.945
704.147
704.348
704.549
704.750
704.951
705.152
705.354
705.555
705.757
705.960
706.165
706.369
706.574
706.778
706.983
707.187
707.391
707.593
707.788
707.981
708.174
708.366
708.558
708.751
708.943
709.137
709.333
709.529
709.726
709.923
710.120
710.317
710.514
710.709
710.900
711.090
711.280
711.470
711.659
711.849
712.039
712.228
712.418
712.608
712.798
712.987
713.177
713.367
713.557
713.747
713.937
714.126
714.316
714.506
714.694
714.880
715.065
715.250
715.434
715.619
715.803
715.988
716.173
716.357
716.542
716.726
716.910
717.094
717.278
717.462
717.646
717.831
718.021
718.224
718.432
718.641
718.850
719.059
719.269
719.488
719.730
719.980
720.232
720.483
720.736
720.991
721.255
721.523
721.791
722.060
722.332
722.613
722.897
723.182
723.467
723.754
724.047
724.341
724.635
724.929
725.224
725.518
