159.357
159.875
160.392
160.909
161.426
161.943
162.460
162.978
163.495
164.012
164.529
165.046
165.564
166.081
166.598
167.115
167.632
168.149
168.667
169.184
169.701
170.218
170.735
171.253
171.770
172.287
172.804
173.321
173.839
175.907
176.424
176.942
177.459
177.976
178.493
179.010
179.528
180.045
180.562
181.079
181.596
182.113
182.631
183.148
183.665
184.182
184.699
185.217
185.734
186.251
186.768
187.285
187.802
188.320
188.837
189.354
189.871
190.388
190.906
191.423
191.940
192.457
192.974
193.491
194.009
194.526
195.043
195.560
196.077
196.595
197.112
197.629
198.146
198.663
199.181
199.698
200.215
200.732
201.249
201.766
202.284
202.801
203.318
203.835
204.352
204.870
205.387
205.904
206.421
206.938
207.455
207.973
209.007
209.525
210.043
210.562
211.080
211.598
212.116
212.634
213.152
213.670
214.189
214.707
215.225
215.743
216.261
216.779
217.298
217.816
218.074
218.333
218.849
219.366
219.883
220.141
220.400
220.917
221.434
221.950
222.209
222.467
222.984
223.501
224.018
224.276
224.534
225.051
225.568
226.085
226.343
226.602
227.118
227.635
228.152
228.410
228.669
229.186
229.703
230.219
230.478
230.736
231.253
231.770
232.287
232.545
232.803
233.320
233.837
234.354
234.612
234.871
235.387
235.904
236.421
236.679
236.938
237.455
237.972
238.488
238.747
239.005
239.522
240.039
240.556
240.814
241.072
242.107
242.624
242.883
243.142
243.660
244.178
244.695
244.954
245.213
245.731
246.248
246.766
247.025
247.284
247.801
248.319
248.837
249.096
249.354
249.872
250.390
250.907
251.166
251.425
251.943
252.461
252.978
253.237
253.496
254.014
254.531
255.049
255.308
255.567
256.084
256.602
257.120
257.379
257.637
258.155
258.672
259.190
259.707
260.225
260.742
261.260
261.777
262.295
262.812
263.330
263.847
264.364
264.882
265.399
265.917
266.434
266.952
267.469
267.987
268.504
269.022
269.539
270.056
270.574
271.091
271.609
272.126
272.644
273.161
273.679
274.196
274.714
275.231
275.749
276.266
276.783
277.301
277.818
278.336
278.853
279.371
279.888
280.406
280.923
281.441
281.958
282.476
282.993
283.510
284.028
284.545
285.063
285.580
286.098
286.615
287.133
287.650
288.168
288.685
289.202
289.720
290.237
290.755
291.272
291.790
308.340
308.856
309.373
309.890
310.406
310.923
311.440
311.956
312.473
312.990
313.506
314.023
314.540
315.056
315.573
316.090
316.607
317.123
317.640
318.157
318.673
319.190
319.707
320.223
320.740
321.257
321.773
322.290
322.807
323.323
323.840
324.357
324.873
325.390
325.649
325.907
326.424
326.942
327.459
327.717
327.976
328.493
329.010
329.528
329.786
330.045
330.562
331.079
331.596
331.855
332.113
332.631
333.148
333.665
333.924
334.182
334.699
335.217
335.734
335.992
336.251
336.768
337.285
337.802
338.061
338.320
338.837
339.354
339.871
340.130
340.388
340.906
341.423
341.940
342.199
342.457
342.974
343.491
344.009
344.267
344.526
345.043
345.560
346.077
346.336
346.595
347.112
347.629
348.146
348.405
348.663
349.181
349.698
350.215
350.473
350.732
351.249
351.766
352.284
352.542
352.801
353.318
353.835
354.352
354.611
354.870
355.387
355.904
356.421
356.680
356.938
357.455
357.973
358.490
358.748
359.007
359.524
360.041
360.559
360.817
361.076
361.593
362.110
362.627
362.886
363.144
363.662
364.179
364.696
364.955
365.213
365.730
408.006
408.506
409.006
409.506
410.007
410.507
411.007
411.507
412.007
412.507
413.008
413.508
414.008
414.508
415.008
415.508
416.009
416.509
417.009
417.509
418.009
418.509
419.009
419.510
420.010
420.510
421.010
421.510
422.010
422.511
423.011
423.511
424.011
424.511
425.011
425.511
426.012
426.512
427.012
427.512
428.012
428.512
429.013
429.513
430.013
430.513
431.013
431.513
432.014
432.514
433.014
433.514
434.014
434.514
435.014
435.515
436.015
436.515
437.015
437.515
438.015
438.516
439.016
439.516
440.016
440.516
441.016
441.516
442.017
442.517
443.017
443.517
444.017
444.517
445.018
445.518
446.018
446.518
447.018
447.518
448.019
448.519
449.019
449.519
450.019
450.519
451.019
451.520
452.020
452.520
453.020
453.520
454.020
454.521
455.021
455.521
456.021
456.521
457.022
457.271
457.521
458.020
458.520
459.019
459.269
459.519
460.018
460.517
461.017
461.266
461.516
462.016
462.515
463.014
463.264
463.514
464.013
464.513
465.012
465.262
465.511
466.011
466.510
467.009
467.259
467.509
468.008
468.508
469.007
469.257
469.506
470.006
470.505
471.005
471.255
471.505
472.004
472.254
472.504
473.004
473.254
473.504
474.004
474.254
474.504
475.004
475.254
475.504
476.004
476.254
476.504
477.004
477.254
477.504
478.004
478.254
478.504
479.004
479.254
479.504
480.004
480.254
480.504
481.004
481.254
481.504
482.004
482.254
482.504
483.004
483.254
483.504
484.004
484.254
484.504
485.003
485.253
485.503
486.003
486.253
486.503
487.003
487.253
487.503
488.003
488.253
488.503
489.003
489.253
489.503
490.003
490.253
490.503
491.003
491.253
491.503
492.003
492.253
492.503
493.003
493.253
493.503
494.003
494.253
494.503
495.003
495.253
495.503
496.003
496.253
496.503
497.003
497.253
497.503
498.002
498.252
498.502
499.002
499.252
499.502
500.002
500.252
500.502
501.002
501.252
501.502
502.002
502.252
502.502
503.002
503.252
503.502
504.002
506.004
506.504
507.004
507.504
508.004
508.504
509.004
509.504
510.004
510.504
511.004
511.504
512.004
512.504
513.004
513.504
514.004
514.504
515.004
515.504
516.004
516.504
517.004
517.504
518.004
518.504
519.004
519.504
520.004
520.504
521.004
521.504
522.004
522.504
523.004
523.504
524.004
524.504
525.004
525.504
526.004
526.504
527.004
527.504
528.004
528.504
529.004
529.504
530.004
530.504
531.004
531.504
532.004
532.504
533.004
533.504
534.004
534.504
535.004
535.504
536.004
536.504
537.004
537.504
538.004
538.504
539.004
539.254
539.504
540.005
540.505
541.006
541.256
541.506
542.007
542.507
543.008
543.258
543.508
544.009
544.509
545.010
545.260
545.510
546.011
546.511
547.012
547.262
547.512
548.013
548.513
549.014
549.264
549.514
550.015
550.515
551.016
551.266
551.516
552.017
552.517
553.018
553.268
553.518
554.519
555.518
556.517
557.516
558.514
559.513
560.512
561.511
562.509
563.508
564.507
565.506
566.505
567.503
568.502
569.501
570.001
570.251
570.501
571.001
571.252
571.502
572.002
572.252
572.502
573.002
573.252
573.502
574.002
574.252
574.502
575.002
575.252
575.502
576.002
576.252
576.502
577.002
577.252
577.503
578.003
578.253
578.503
579.003
579.253
579.503
580.003
580.253
580.503
581.003
581.253
581.503
582.003
582.253
582.503
583.003
583.253
583.503
584.004
584.254
584.504
585.004
585.254
585.504
586.004
586.254
586.504
587.004
587.254
587.504
588.004
588.254
588.504
589.004
589.254
589.504
590.004
590.254
590.505
591.005
591.255
591.505
592.005
592.255
592.505
593.005
593.255
593.505
594.005
594.255
594.505
595.005
595.255
595.505
596.005
596.255
596.505
597.006
597.256
597.506
598.006
598.256
598.506
599.006
599.256
599.506
600.006
600.256
600.506
601.006
601.256
601.506
602.006
602.256
602.506
603.006
603.257
603.507
604.007
604.257
604.507
605.007
605.257
605.507
606.007
606.257
606.507
607.007
607.257
607.507
608.007
608.257
608.507
609.007
609.257
609.507
640.038
640.413
640.788
641.038
641.413
641.788
642.038
642.413
642.788
643.038
643.538
644.038
644.413
644.788
645.038
645.413
645.788
646.038
646.413
646.788
647.038
647.538
648.038
648.413
648.788
649.038
649.412
649.787
650.037
650.412
650.787
651.037
651.537
652.037
652.412
652.787
653.037
653.412
653.787
654.037
654.412
654.787
655.037
655.537
656.037
656.412
656.787
657.037
657.412
657.787
658.037
658.412
658.787
659.037
659.537
660.037
660.412
660.787
661.037
661.412
661.787
662.037
662.412
662.787
663.037
663.537
664.037
664.412
664.787
665.037
665.412
665.787
666.037
666.411
666.786
667.036
667.536
668.036
668.411
668.786
669.036
669.411
669.786
670.036
670.411
670.786
671.036
671.536
672.037
672.537
673.038
673.538
674.039
674.539
675.040
675.540
675.790
676.041
676.541
677.042
677.542
678.043
678.543
679.044
679.544
679.794
680.045
680.545
681.046
681.546
682.047
682.547
683.048
683.548
683.798
684.049
684.549
685.050
685.550
686.051
686.551
687.052
687.552
687.802
688.053
688.553
689.054
689.554
690.055
690.555
691.056
691.556
691.806
692.057
692.557
693.058
693.558
694.059
694.559
695.060
695.560
695.810
696.060
696.435
696.810
697.185
697.560
697.810
698.060
698.435
698.810
699.185
699.560
699.810
700.060
700.435
700.810
701.185
701.560
701.810
702.060
702.435
702.810
703.185
703.559
703.809
704.059
704.434
704.809
705.184
705.559
705.809
706.059
706.434
706.809
707.184
707.559
707.809
708.059
708.434
708.809
709.184
709.559
709.809
710.059
710.434
710.809
711.184
711.559
711.809
712.059
712.434
712.809
713.184
713.559
713.809
714.058
714.433
714.808
715.183
715.558
715.808
716.058
716.433
716.808
717.183
717.558
717.808
718.058
718.433
718.808
719.183
719.558
719.808
720.058
720.433
720.808
721.183
721.558
721.808
722.058
722.433
722.808
723.183
723.558
723.808
724.058
724.433
724.807
725.182
725.557
725.807
726.057
728.059
728.434
728.809
729.059
729.434
729.809
730.059
730.434
730.809
731.059
731.559
732.059
732.434
732.809
733.059
733.434
733.809
734.059
734.434
734.809
735.059
735.559
736.059
736.434
736.809
737.059
737.434
737.809
738.059
738.434
738.809
739.059
739.559
740.059
740.434
740.809
741.059
741.434
741.809
742.059
742.434
742.809
743.059
743.559
744.059
744.434
744.809
745.059
745.434
745.809
746.059
746.434
746.809
747.059
747.559
748.059
748.434
748.809
749.059
749.433
749.808
750.058
750.433
750.808
751.058
751.558
752.058
752.433
752.808
753.058
753.433
753.808
754.058
754.433
754.808
755.058
755.558
756.058
756.433
756.808
757.058
757.433
757.808
758.058
758.433
758.808
759.058
759.558
760.058
776.041
776.541
777.042
777.542
778.043
778.293
778.543
778.793
779.044
779.169
779.294
779.419
779.544
779.669
779.794
779.920
780.045
780.420
780.795
781.045
781.419
781.794
782.044
782.419
782.794
783.044
783.544
784.044
784.419
784.794
785.044
785.419
785.794
786.044
786.418
786.793
787.043
787.543
788.043
788.418
788.793
789.043
789.418
789.793
790.043
790.418
790.793
791.043
791.543
792.042
792.417
792.792
793.042
793.417
793.792
794.042
794.417
794.792
795.042
795.542
796.042
796.417
796.792
797.041
797.416
797.791
798.041
798.416
798.791
799.041
799.541
800.041
800.416
800.791
801.041
801.416
801.791
802.041
802.415
802.790
803.040
803.540
804.040
804.415
804.790
805.040
805.415
805.790
806.040
806.415
806.790
807.040
807.539
808.039
827.859
828.343
828.827
829.311
829.795
830.278
830.762
831.246
831.730
832.214
832.698
833.182
833.666
834.149
834.633
835.117
835.601
836.085
836.569
837.053
837.536
838.020
838.504
838.988
839.472
839.956
840.440
840.923
841.407
841.891
842.375
842.859
843.343
843.827
844.310
844.794
845.278
845.762
846.246
846.730
847.214
847.697
848.181
848.665
849.149
849.633
850.117
850.601
851.084
851.568
852.052
852.536
853.020
853.504
853.988
854.472
854.955
855.439
855.923
856.407
856.891
857.375
857.859
858.342
858.826
859.310
859.794
860.278
860.762
861.246
861.729
862.213
862.697
863.181
863.665
864.149
864.633
865.116
865.600
866.084
866.568
867.052
867.536
868.020
868.503
868.987
869.471
869.955
870.439
870.923
871.407
871.890
872.374
872.858
873.342
873.826
874.310
874.794
875.278
875.761
876.245
876.729
877.213
877.697
878.181
878.665
879.148
879.632
880.116
880.600
881.084
881.568
882.052
882.535
883.019
883.503
883.987
884.471
884.955
885.439
885.922
886.406
886.890
887.374
887.858
888.342
888.826
889.309
889.793
890.277
890.761
891.245
891.729
892.213
892.696
893.180
893.664
894.148
894.632
895.116
895.600
896.084
896.567
897.051
897.535
898.019
898.503
898.987
899.471
899.954
900.438
900.922
901.406
901.890
902.374
902.858
903.341
903.825
904.309
904.793
905.277
905.761
906.245
906.728
907.212
907.696
908.180
908.664
909.148
909.632
910.115
910.599
911.083
911.567
912.051
912.535
913.019
913.502
913.986
914.470
914.954
915.438
915.922
916.406
916.890
917.373
917.857
918.341
918.825
919.309
919.793
920.277
920.760
921.244
921.728
922.212
922.696
923.180
923.664
924.147
924.631
925.115
925.599
926.083
926.567
927.051
927.534
928.018
928.502
928.986
929.470
929.954
930.438
930.921
931.405
931.889
932.373
932.857
933.341
933.825
934.308
934.792
935.276
935.760
936.244
936.728
937.212
937.696
938.179
938.663
939.147
939.631
940.115
940.599
941.083
941.566
942.050
942.534
943.018
943.502
943.986
944.470
944.953
945.437
945.921
946.405
946.889
947.373
947.857
948.340
948.824
949.308
949.792
950.276
950.760
951.244
951.727
952.211
952.695
953.179
953.663
954.147
954.631
955.114
955.598
956.082
956.566
957.050
957.534
958.018
958.502
958.985
959.469
959.953
960.437
960.921
961.405
961.889
962.372
962.856
963.340
963.824
964.308
964.792
965.276
965.759
966.243
966.727
967.211
967.695
968.179
968.663
969.146
969.630
970.114
970.598
971.082
971.566
972.050
972.533
973.017
973.501
973.985
974.469
974.953
975.437
975.920
976.404
976.888
977.372
977.856
978.340
978.824
979.307
979.791
980.275
980.759
981.243
981.727
982.211
982.695
983.178
983.662
984.146
984.630
985.114
985.598
986.082
986.565
987.049
987.533
988.017
988.501
988.985
989.469
989.952
990.436
990.920
991.404
991.888
992.372
992.856
993.339
993.823
994.307
994.791
995.275
995.759
996.243
996.726
997.210
997.694
998.178
998.662
999.146
999.630
1000.113
1000.597
1001.081
1001.565
1002.049
1002.533
1003.017
1003.501
1003.984
1004.468
1004.952
1005.436
1005.920
1006.404
1006.888
1007.371
1007.855
1008.339
1008.823
1009.307
1009.791
1010.275
1010.758
1011.242
1011.726
1012.210
1012.694
1013.178
1013.662
1014.145
1014.387
1014.629
1015.113
1015.597
1016.081
1016.323
1016.565
1016.807
1017.049
1017.533
1018.017
1018.259
1018.501
1018.985
1019.469
1019.953
1020.195
1020.437
1020.679
1020.921
1021.405
1021.889
1022.131
1022.373
1022.857
1023.340
1023.824
1024.066
1024.308
1024.550
1024.792
1025.276
1025.760
1026.002
1026.244
1026.728
1027.212
1027.696
1027.938
1028.180
1028.422
1028.664
1029.148
1029.632
1029.874
1030.116
1030.600
1031.084
1031.568
1031.810
1032.052
1032.294
1032.535
1033.019
1033.503
1033.745
1033.987
1034.471
1034.955
1035.439
1035.681
1035.923
1036.165
1036.407
1036.891
1037.375
1037.617
1037.859
1038.343
1038.827
1039.311
1039.553
1039.795
1040.037
1040.279
1040.763
1041.247
1041.489
1041.731
1042.214
1042.698
1043.182
1043.424
1043.666
1043.908
1044.150
1044.634
1045.118
1045.360
1045.602
1046.086
1046.570
1047.054
1047.296
1047.538
1047.780
1048.022
1048.506
1048.990
1049.232
1049.474
1049.958
1050.442
1050.926
1051.168
1051.409
1051.651
1051.893
1052.377
1052.861
1053.103
1053.345
1053.829
1054.313
1054.797
1055.039
1055.281
1055.523
1055.765
1056.249
1056.733
1056.975
1057.217
1057.701
1058.185
1058.669
1058.911
1059.153
1059.395
1059.637
1060.121
1060.605
1060.846
1061.088
1061.572
1062.056
1062.540
1062.782
1063.024
1063.266
1063.508
1063.992
1064.476
1064.718
1064.960
1065.444
1065.928
1066.412
1066.654
1066.896
1067.138
1067.380
1067.864
1068.348
1068.590
1068.832
1069.316
1069.800
1070.283
1070.525
1070.767
1071.009
1071.251
1071.735
1072.219
1072.461
1072.703
1073.187
1073.671
1074.155
1074.397
1074.639
1074.881
1075.123
1075.607
1076.091
1076.575
1077.059
1077.543
1078.026
1078.510
1078.994
1079.478
1079.962
1080.446
1080.930
1081.414
1081.898
1082.382
1082.866
1083.350
1083.834
1084.317
1084.801
1085.285
1085.769
1086.253
1086.737
1087.221
1087.705
1088.189
1088.673
1089.157
1089.641
1090.125
1090.608
1091.092
1091.576
1092.060
1092.544
1093.028
1093.512
1093.996
1094.480
1094.964
1095.448
1095.932
1096.415
1096.899
1097.383
1097.867
1098.351
1098.835
1099.319
1099.803
1100.287
1100.771
1101.255
1101.739
1102.223
1102.706
1103.190
1103.674
1104.158
1104.642
1105.126
1105.610
1106.094
1106.578
1107.062
1107.546
1108.030
1108.514
1108.997
1109.481
1109.965
1110.449
1110.933
1111.417
1111.901
1112.385
1112.869
1113.353
1113.837
1114.321
1114.804
1115.288
1115.772
1116.256
1116.740
1117.224
1117.708
1118.192
1118.676
1119.160
1119.644
1120.128
1120.612
1121.095
1121.579
1122.063
1122.547
1123.031
1123.515
1123.999
1124.483
1124.967
1125.451
1125.935
1126.419
1126.903
1127.386
1127.870
1128.354
1128.838
1129.322
1129.806
1130.290
1130.774
1131.258
1131.742
1132.226
1132.710
1133.193
1133.677
1134.161
1134.645
1135.129
1135.613
1136.097
1136.581
1137.065
1137.549
1138.033
1138.517
1139.001
1139.484
1139.968
1140.452
1140.936
1141.420
1141.904
1142.388
1142.872
1143.356
1143.840
1144.324
1144.808
1145.292
1145.775
1146.259
1146.743
1147.227
1147.711
1148.195
1148.679
1149.163
1149.647
1150.131
1150.615
1151.099
1151.582
1152.066
1152.550
1153.034
1153.518
1153.760
1154.002
1154.486
1154.970
1155.453
1155.695
1155.937
1156.179
1156.421
1156.905
1157.389
1157.631
1157.873
1158.356
1158.840
1159.324
1159.566
1159.808
1160.050
1160.292
1160.775
1161.259
1161.501
1161.743
1162.227
1162.711
1163.195
1163.436
1163.678
1163.920
1164.162
1164.646
1165.130
1165.372
1165.614
1166.097
1166.581
1167.065
1167.307
1167.549
1167.791
1168.033
1168.516
1169.000
1169.242
1169.484
1169.968
1170.452
1170.936
1171.177
1171.419
1171.661
1171.903
1172.387
1172.871
1173.113
1173.355
1173.838
1174.322
1174.806
1175.048
1175.290
1175.532
1175.774
1176.258
1176.741
1176.983
1177.225
1177.709
1178.193
1178.677
1178.919
1179.160
1179.402
1179.644
1180.128
1180.612
1180.854
1181.096
1181.580
1182.063
1182.547
1182.789
1183.031
1183.273
1183.515
1183.999
1184.482
1184.724
1184.966
1185.450
1185.934
1186.418
1186.660
1186.902
1187.143
1187.385
1187.869
1188.353
1188.595
1188.837
1189.321
1189.804
1190.288
1190.530
1190.772
1191.014
1191.256
1191.740
1192.224
1192.465
1192.707
1193.191
1193.675
1194.159
1194.401
1194.643
1194.885
1195.126
1195.610
1196.094
1196.336
1196.578
1197.062
1197.546
1198.029
1198.271
1198.513
1198.755
1198.997
1199.481
1199.965
1200.206
1200.448
1200.932
1201.416
1201.900
1202.142
1202.384
1202.626
1202.867
1203.351
1203.835
1204.077
1204.319
1204.803
1205.287
1205.770
1206.012
1206.254
1206.496
1206.738
1207.222
1207.706
1207.948
1208.189
1208.673
1209.157
1209.641
1209.883
1210.125
1210.367
1210.609
1211.092
1211.576
1211.818
1212.060
1212.544
1213.028
1213.511
1213.753
1213.995
1214.237
1214.479
1214.963
1215.447
1215.689
1215.931
1216.414
1216.898
1217.382
1217.624
1217.866
1218.108
1218.350
1218.833
1219.317
1219.559
1219.801
1220.285
1220.769
1221.253
1221.494
1221.736
1221.978
1222.220
1222.704
1223.188
1223.430
1223.672
1224.155
1224.639
1225.123
1225.365
1225.607
1225.849
1226.091
1226.575
1227.058
1227.300
1227.542
1228.026
1228.510
1228.994
1229.236
1229.477
1229.719
1229.961
1230.445
1230.929
1231.171
1231.413
1231.896
1232.380
1232.864
1233.106
1233.348
1233.590
1233.832
1234.316
1234.799
1235.041
1235.283
1235.767
1236.251
1236.735
1236.977
1237.218
1237.460
1237.702
1238.186
1238.670
1238.912
1239.154
1239.638
1240.121
1240.605
1240.847
1241.089
1241.331
1241.573
1242.057
1242.540
1242.782
1243.024
1243.508
1243.992
1244.476
1244.718
1244.960
1245.201
1245.443
1245.927
1246.411
1246.653
1246.895
1247.379
1247.862
1248.346
1248.588
1248.830
1249.072
1249.314
1249.798
1250.282
1250.523
1250.765
1251.249
1251.733
1252.217
1252.459
1252.701
1252.943
1253.184
1253.668
1254.152
1254.394
1254.636
1255.120
1255.604
1256.087
1256.329
1256.571
1256.813
1257.055
1257.539
1258.023
1258.265
1258.506
1258.990
1259.474
1259.958
1260.200
1260.442
1260.684
1260.926
1261.409
1261.893
1262.377
1262.861
1263.345
1263.828
1264.312
1264.796
1265.280
1265.764
1266.248
1266.731
1267.215
1267.699
1268.183
1268.667
1269.150
1269.634
1270.118
1270.602
1271.086
1271.570
1272.053
1272.537
1273.021
1273.505
1273.989
1274.472
1274.956
1275.440
1275.924
1276.408
1276.892
1277.375
1277.859
1278.343
1278.827
1279.311
1279.794
1280.278
1280.762
1281.246
1281.730
1282.214
1282.697
1283.181
1283.665
1284.149
1284.633
1285.116
1285.600
1286.084
1286.568
1287.052
1287.536
1288.019
1288.503
1288.987
1289.471
1289.955
1290.438
1290.922
1291.406
1291.890
1294.526
1296.461
1298.396
1300.332
1302.267
1302.751
1303.235
1303.719
1304.203
1304.687
1305.171
1305.655
1306.139
1306.623
1307.107
1307.591
1308.075
1308.559
1309.043
1309.527
1310.011
1310.495
1310.979
1311.463
1311.947
1312.431
1312.915
1313.399
1313.883
1314.367
1314.851
1315.335
1315.819
1316.303
1316.787
1317.271
1317.755
1318.239
1318.723
1319.207
1319.691
1320.175
1320.659
1321.143
1321.626
1322.110
1322.594
1323.078
1323.562
1324.046
1324.530
1325.014
1325.498
1325.982
1326.466
1326.950
1327.434
1327.918
1328.402
1328.886
1329.370
1329.854
1330.338
1330.822
1331.306
1331.790
1332.274
1332.758
1333.242
1333.726
1334.210
1334.694
1335.178
1335.662
1336.146
1336.630
1337.114
1337.598
1338.082
1338.566
1339.050
1339.534
1340.018
1340.502
1340.986
1341.470
1341.954
1342.438
1342.922
1343.406
1343.890
1344.374
1344.858
1345.342
1345.826
1346.310
1346.794
1347.278
1347.762
1348.246
1348.730
1349.214
1349.456
1349.698
1349.940
1350.182
1350.665
1351.149
1351.391
1351.633
1351.875
1352.117
1352.601
1353.084
1353.326
1353.568
1353.810
1354.052
1354.536
1355.020
1355.262
1355.503
1355.745
1355.987
1356.471
1356.955
1357.197
1357.439
1357.681
1357.923
1358.406
1358.890
1359.132
1359.374
1359.616
1359.858
1360.342
1360.825
1361.067
1361.309
1361.551
1361.793
1362.277
1362.761
1363.003
1363.245
1363.486
1363.728
1364.212
1364.696
1364.938
1365.180
1365.422
1365.664
1366.147
1366.631
1366.873
1367.115
1367.357
1367.599
1368.083
1368.567
1368.808
1369.050
1369.292
1369.534
1370.018
1370.502
1370.744
1370.986
1371.228
1371.469
1371.953
1372.437
1372.679
1372.921
1373.163
1373.405
1373.889
1374.372
1374.614
1374.856
1375.098
1375.340
1375.824
1376.308
1376.550
1376.791
1377.033
1377.275
1377.759
1378.243
1378.485
1378.727
1378.969
1379.211
1379.695
1380.178
1380.662
1381.146
1381.630
1382.114
1382.598
1383.082
1383.566
1384.050
1384.534
1385.018
1385.502
1385.986
1386.470
1386.954
1387.438
1387.922
1388.406
1388.890
1389.374
1389.858
1390.342
1390.826
1391.310
1391.794
1392.278
1392.762
1393.246
1393.730
1394.214
1394.698
1395.182
1395.666
1396.150
1396.634
1397.118
1397.602
1398.086
1398.570
1399.054
1399.538
1400.022
1400.506
1400.990
1401.474
1401.958
1402.442
1402.926
1403.410
1403.894
1404.378
1404.862
1405.346
1405.830
1406.314
1406.798
1407.282
1407.766
1408.250
1408.734
1409.218
1409.702
1410.186
1410.670
1411.154
1411.638
1412.122
1412.606
1413.090
1413.574
1414.058
1414.542
1415.026
1415.510
1415.994
1416.478
1416.962
1417.446
1417.930
1418.414
1418.898
1419.382
1419.866
1420.350
1420.834
1421.318
1421.802
1422.286
1422.770
1423.254
1423.738
1424.222
1424.706
1425.190
1425.674
1426.157
1428.093
1430.028
1431.963
1433.899
1435.834
1437.769
1439.704
1441.640
1442.123
1442.606
1443.090
1443.573
1444.056
1444.540
1445.023
1445.506
1445.989
1446.473
1446.956
1447.439
1447.923
1448.406
1448.889
1449.373
1449.856
1450.339
1450.823
1451.306
1451.789
1452.272
1452.756
1453.239
1453.722
1454.206
1454.689
1455.172
1455.656
1456.139
1456.622
1457.106
1457.589
1457.831
1458.073
1458.315
1458.557
1459.040
1459.524
1459.766
1460.008
1460.250
1460.492
1460.976
1461.459
1461.701
1461.943
1462.185
1462.427
1462.911
1463.395
1463.637
1463.879
1464.120
1464.362
1464.846
1465.330
1465.572
1465.814
1466.056
1466.298
1466.781
1467.265
1467.507
1467.749
1467.991
1468.233
1468.717
1469.201
1469.442
1469.684
1469.926
1470.168
1470.652
1471.136
1471.378
1471.620
1471.862
1472.103
1472.587
1473.071
1473.313
1473.555
1473.797
1474.039
1474.523
1475.006
1475.248
1475.490
1475.732
1475.974
1476.458
1476.942
1477.184
1477.425
1477.667
1477.909
1478.393
1478.877
1479.119
1479.361
1479.603
1479.845
1480.328
1480.812
1481.054
1481.296
1481.538
1481.780
1482.264
1482.747
1482.989
1483.231
1483.473
1483.715
1484.199
1484.683
1484.925
1485.166
1485.408
1485.650
1486.134
1486.618
1486.860
1487.102
1487.344
1487.586
1488.069
1488.553
1488.795
1489.037
1489.279
1489.521
1490.005
1490.488
1490.730
1490.972
1491.214
1491.456
1491.940
1492.424
1492.666
1492.908
1493.149
1493.391
1493.875
1494.359
1494.601
1494.843
1495.085
1495.327
1495.810
1496.294
1496.536
1496.778
1497.020
1497.262
1497.746
1498.230
1498.471
1498.713
1498.955
1499.197
1499.681
1500.165
1500.407
1500.649
1500.891
1501.132
1501.616
1502.100
1502.342
1502.584
1502.826
1503.068
1537.235
1538.190
1539.144
1540.098
1541.052
1542.007
1542.483
1542.960
1543.913
1544.389
1544.866
1545.819
1546.295
1546.772
1547.725
1548.201
1548.678
1549.631
1550.107
1550.584
1551.537
1552.013
1552.490
1553.443
1553.919
1554.396
1555.349
1555.825
1556.302
1557.255
1557.731
1558.208
1559.161
1559.637
1560.114
1561.067
1561.543
1562.020
1562.973
1563.449
1563.926
1564.879
1565.355
1565.832
1566.785
1567.261
1567.738
1568.691
1569.167
1571.069
1571.307
1571.545
1571.782
1572.020
1572.258
1572.495
1572.733
1572.971
1573.209
1573.446
1573.684
1573.922
1574.160
1574.397
1574.635
1574.873
1575.111
1575.348
1575.586
1575.824
1576.062
1576.299
1576.537
1576.775
1577.013
1577.250
1577.488
1577.726
1577.963
1578.201
1578.439
1578.677
1578.914
1579.152
1579.390
1579.628
1579.865
1580.103
1580.341
1580.579
1580.816
1581.054
1581.292
1581.530
1581.767
1582.005
1582.243
1582.480
1582.718
1582.956
1583.194
1583.431
1583.669
1583.907
1584.145
1584.382
1584.620
1584.858
1585.096
1585.333
1585.571
1585.809
1586.047
1586.284
1586.785
1587.719
1588.196
1588.672
1589.625
1590.102
1590.578
1591.531
1592.008
1592.484
1593.437
1593.914
1594.390
1595.343
1595.820
1596.296
1597.249
1597.726
1598.202
1599.155
1599.632
1600.108
1601.061
1601.538
1602.014
1602.967
1603.444
1603.920
1604.873
1605.350
1605.826
1606.779
1607.256
1607.732
1608.685
1609.162
1609.638
1610.591
1611.068
1611.544
1612.497
1612.974
1613.450
1614.403
1614.880
1616.781
1617.019
1617.257
1617.495
1617.733
1617.971
1618.209
1618.447
1618.685
1618.923
1619.161
1619.399
1619.637
1619.875
1620.113
1620.351
1620.589
1620.827
1621.065
1621.303
1621.541
1621.779
1622.017
1622.255
1622.493
1622.731
1622.969
1623.207
1623.445
1623.683
1623.921
1624.159
1624.397
1624.635
1624.873
1625.111
1625.349
1625.587
1625.825
1626.063
1626.301
1626.539
1626.777
1627.015
1627.253
1627.491
1627.729
1627.967
1628.205
1628.443
1628.681
1628.919
1629.157
1629.395
1629.633
1629.871
1630.109
1630.347
1630.585
1630.823
1631.061
1631.299
1631.537
1631.775
1632.013
1632.251
1632.489
1632.727
1632.965
1633.203
1633.441
1633.679
1633.917
1634.155
1634.393
1634.631
1634.869
1635.107
1635.345
1635.583
1635.821
1636.059
1636.297
1636.535
1636.773
1637.011
1637.249
1637.487
1637.725
1637.963
1638.201
1638.439
1638.677
1638.915
1639.153
1639.391
1639.629
1639.867
1640.105
1640.343
1640.581
1640.819
1641.057
1641.295
1641.533
1641.771
1642.009
1642.247
1642.485
1642.723
1642.961
1643.199
1643.437
1643.675
1643.913
1644.151
1644.389
1644.627
1644.865
1645.103
1645.341
1645.579
1645.817
1646.055
1646.293
1646.531
1646.769
1647.007
1647.245
1649.151
1651.057
1652.963
1654.870
1656.776
1658.682
1660.588
1662.494
1662.969
1663.445
1663.920
1664.396
1664.871
1665.347
1665.822
1666.298
1666.773
1667.249
1667.724
1668.200
1668.675
1669.150
1669.626
1670.101
1677.742
1677.980
1678.218
1678.456
1678.694
1678.932
1679.170
1679.408
1679.646
1679.884
1680.122
1680.360
1680.598
1680.836
1681.074
1681.312
1681.550
1681.788
1682.026
1682.264
1682.502
1682.740
1682.978
1683.216
1683.454
1683.692
1683.930
1684.168
1684.406
1684.644
1684.882
1685.120
1685.358
1685.596
1685.834
1686.072
1686.310
1686.548
1686.786
1687.024
1687.262
1687.500
1687.738
1687.976
1688.214
1688.452
1688.690
1688.928
1689.166
1689.404
1689.642
1689.880
1690.118
1690.356
1690.594
1690.832
1691.070
1691.308
1691.546
1691.784
1692.022
1692.260
1692.498
1692.736
1692.974
1693.212
1693.450
1693.688
1693.926
1694.164
1694.402
1694.640
1694.878
1695.116
1695.354
1695.592
1695.830
1696.068
1696.306
1696.544
1696.782
1697.020
1697.258
1697.496
1697.734
1697.972
1698.210
1698.448
1698.686
1698.924
1699.162
1699.400
1699.638
1699.876
1700.114
1700.352
1700.590
1700.828
1701.066
1701.304
1701.542
1701.780
1702.018
1702.256
1702.494
1702.732
1702.970
1703.208
1703.446
1703.684
1703.922
1704.160
1704.398
1704.636
1704.874
1705.112
1705.350
1705.588
1705.826
1706.064
1706.302
1706.540
1706.778
1707.016
1707.254
1707.492
1707.730
1707.968
1708.206
1736.334
1737.584
1737.896
1738.833
1740.082
1740.395
1741.332
1742.581
1742.893
1743.830
1745.080
1745.392
1746.329
1747.578
1747.891
1748.828
1750.077
1750.389
1751.326
1752.576
1752.888
1753.825
1755.074
1755.387
1755.871
1756.354
1757.589
1757.889
1758.857
1760.091
1760.392
1761.326
1762.594
1762.894
1763.828
1765.096
1765.397
1766.331
1767.599
1767.899
1768.834
1770.101
1770.402
1771.336
1772.604
1772.904
1773.839
1775.106
1775.407
1775.874
1776.341
1777.576
1777.888
1778.826
1780.076
1780.389
1781.327
1782.577
1782.890
1783.827
1785.078
1785.390
1786.328
1787.579
1787.891
1788.829
1790.079
1790.392
1791.330
1792.580
1792.893
1793.830
1795.081
1795.393
1795.861
1796.328
1797.596
1797.896
1800.098
1800.398
1801.333
1802.601
1802.901
1806.338
1807.587
1807.899
1808.836
1810.086
1810.398
1811.335
1812.584
1812.897
1813.834
1815.083
1815.395
1816.332
1817.582
1817.894
1818.831
1820.080
1820.393
1821.330
1822.579
1822.891
1823.828
1825.078
1825.390
1825.857
1826.324
1827.592
1827.905
1828.843
1830.093
1830.406
1831.343
1832.594
1832.906
1833.844
1835.094
1835.407
1836.345
1837.595
1837.908
1838.846
1840.096
1840.409
1841.346
1842.597
1842.909
1843.847
1845.097
1845.410
1845.877
1846.344
1853.385
1853.885
1854.386
1854.886
1855.387
1855.887
1856.388
1856.888
1857.389
1857.889
1858.390
1858.890
1859.391
1859.891
1860.392
1860.892
1861.393
1861.893
1862.143
1862.393
1862.893
1863.393
1863.892
1864.142
1864.392
1864.892
1865.392
1865.892
1866.142
1866.391
1866.891
1867.391
1867.891
1868.141
1868.391
1868.891
1869.390
1869.890
1870.140
1870.390
1870.890
1871.390
1871.889
1872.139
1872.389
1872.889
1873.389
1873.889
1874.138
1874.388
1874.888
1875.388
1875.888
1876.138
1876.388
1876.887
1877.387
1877.887
1878.137
1878.387
1878.887
1879.386
1879.886
1880.136
1880.386
1880.886
1881.386
1881.885
1882.135
1882.385
1882.885
1883.385
1883.885
1884.135
1884.384
1884.884
1885.384
1885.884
1886.134
1886.384
1886.883
1887.383
1887.883
1888.133
1888.383
1888.883
1889.383
1889.882
1890.132
1890.382
1890.882
1891.382
1891.882
1892.131
1892.381
1892.881
1893.381
1893.881
1894.131
1894.381
1894.880
1895.380
1895.880
1896.130
1896.380
1896.880
1897.379
1897.879
1898.129
1898.379
1898.879
1899.379
1899.878
1900.128
1900.378
1900.878
1901.378
1901.878
1902.128
1902.377
1902.877
1903.377
1903.877
1904.127
1904.377
1904.876
1905.376
1905.876
1906.126
1906.376
1906.876
1907.376
1907.875
1908.125
1908.375
1908.875
1909.376
1909.876
1910.376
1910.877
1911.377
1911.877
1912.378
1912.878
1913.378
1913.879
1914.129
1914.379
1914.629
1914.879
1915.379
1915.879
1916.130
1916.380
1916.630
1916.880
1917.380
1917.880
1918.130
1918.380
1918.631
1918.881
1919.381
1919.881
1920.131
1920.381
1920.631
1920.882
1921.382
1921.882
1922.132
1922.382
1922.632
1922.882
1923.383
1923.883
1924.133
1924.383
1924.633
1924.883
1925.383
1925.884
1926.134
1926.384
1926.634
1926.884
1927.384
1927.885
1928.135
1928.385
1928.635
1928.885
1929.385
1929.885
1930.135
1930.386
1930.636
1930.886
1931.386
1931.886
1932.136
1932.386
1932.637
1932.887
1933.387
1933.887
1934.137
1934.387
1934.637
1934.887
1935.388
1935.888
1936.138
1936.388
1936.638
1936.888
1937.389
1937.889
1938.139
1938.389
1938.639
1938.889
1939.389
1939.890
1940.140
1940.390
1940.640
1940.890
1941.390
1941.890
1942.141
1942.391
1942.641
1942.891
1943.391
1943.891
1944.141
1944.392
1944.642
1944.892
1945.392
1945.892
1946.142
1946.392
1946.642
1946.893
1947.393
1947.893
1948.143
1948.393
1948.643
1948.893
1949.394
1949.894
1950.144
1950.394
1950.644
1950.894
1951.395
1951.895
1952.145
1952.395
1952.645
1952.895
1953.395
1953.896
1954.146
1954.396
1954.646
1954.896
1955.396
1955.896
1956.147
1956.397
1956.647
1956.897
1957.397
1957.897
1958.147
1958.397
1958.648
1958.898
1959.398
1959.898
1960.148
1960.398
1960.648
1960.899
1961.399
1961.899
1962.149
1962.399
1962.649
1962.899
1963.400
1963.900
1964.150
1964.400
1964.650
1964.900
1965.400
1965.901
1966.151
1966.401
1966.651
1966.901
1967.401
1967.902
1968.152
1968.402
1968.652
1968.902
1969.402
1969.902
1970.152
1970.403
1970.653
1970.903
1971.403
1971.903
1972.150
1972.397
1972.644
1972.891
1973.138
1973.638
1973.888
1974.138
1974.388
1974.638
1974.889
1975.139
1975.639
1975.889
1976.139
1976.389
1976.639
1976.889
1977.139
1977.639
1977.889
1978.139
1978.389
1978.639
1978.889
1979.139
1979.639
1979.889
1980.139
1980.389
1980.639
1980.889
1981.139
1981.640
1981.890
1982.140
1982.390
1982.640
1982.890
1983.140
1983.640
1983.890
1984.140
1984.390
1984.640
1984.890
1985.140
1985.640
1985.890
1986.140
1986.390
1986.640
1986.890
1987.140
1987.640
1987.891
1988.141
1988.391
1988.641
1988.891
1989.141
1989.641
1989.891
1990.141
1990.391
1990.641
1990.891
1991.141
1991.641
1991.891
1992.141
1992.391
1992.641
1992.891
1993.141
1993.641
1993.891
1994.142
1994.392
1994.642
1994.892
1995.142
1995.642
1995.892
1996.142
1996.392
1996.642
1996.892
1997.142
1997.642
1997.892
1998.142
1998.392
1998.642
1998.892
1999.142
1999.642
1999.892
2000.142
2000.392
2000.643
2000.893
2001.143
2001.643
2001.893
2002.143
2002.393
2002.643
2002.893
2003.143
2003.643
2003.893
2004.143
2004.393
2004.643
2004.893
2005.143
2005.643
2005.893
2006.143
2006.393
2006.643
2006.893
2007.144
2007.644
2007.894
2008.144
2008.394
2008.644
2008.894
2009.144
2009.644
2009.894
2010.144
2010.394
2010.644
2010.894
2011.144
2011.644
2011.894
2012.144
2012.394
2012.644
2012.894
2013.144
2013.645
2013.895
2014.145
2014.395
2014.645
2014.895
2015.145
2015.645
2015.895
2016.145
2016.395
2016.645
2016.895
2017.145
2017.645
2017.895
2018.145
2018.395
2018.645
2018.895
2019.145
2019.645
2019.896
2020.146
2020.396
2020.646
2020.896
2021.146
2021.646
2021.896
2022.146
2022.396
2022.646
2022.896
2023.146
2023.646
2023.896
2024.146
2024.396
2024.646
2024.896
2025.146
2025.646
2025.896
2026.146
2026.397
2026.647
2026.897
2027.147
2027.647
2027.897
2028.147
2028.397
2028.647
2028.897
2029.147
2029.647
2029.897
2030.147
2030.397
2030.647
2030.897
2031.147
2031.647
2031.897
2032.147
2032.397
2032.648
2032.898
2033.398
2033.899
2034.400
2034.901
2035.402
2035.903
2036.403
2036.904
2037.405
2037.906
2038.407
2038.908
2039.408
2039.909
2040.410
2040.911
2041.412
2041.913
2042.414
2042.914
2043.415
2043.916
2044.417
2044.918
2045.644
2045.894
2046.144
2046.645
2046.895
2047.145
2047.879
2048.146
2048.880
2049.147
2049.648
2050.148
2050.649
2051.149
2051.650
2052.150
2052.651
2053.151
2053.526
2053.900
2054.274
2054.649
2055.023
2055.398
2055.772
2056.147
2056.521
2100.866
2101.465
2102.065
2102.665
2103.115
2103.265
2103.864
2104.464
2105.064
2105.663
2106.263
2106.863
2107.463
2107.913
2108.062
2108.662
2109.262
2109.862
2110.461
2111.061
2111.661
2112.261
2112.710
2112.860
2113.460
2114.060
2114.660
2115.259
2115.859
2116.459
2117.059
2117.508
2117.658
2118.258
2118.858
2119.458
2120.057
2120.657
2121.257
2121.857
2122.306
2122.456
2123.056
2123.656
2124.256
2129.661
2129.961
2130.261
2130.861
2131.161
2131.462
2131.912
2132.062
2132.362
2132.662
2133.262
2133.562
2133.862
2134.462
2134.763
2135.063
2135.663
2135.963
2136.263
2136.713
2136.863
2137.163
2137.463
2138.063
2138.364
2138.664
2139.264
2139.564
2139.864
2140.464
2140.764
2141.064
2141.515
2141.665
2141.965
2142.265
2142.865
2143.165
2143.465
2144.065
2144.365
2144.665
2145.266
2145.566
2145.866
2146.316
2146.466
2146.766
2147.066
2147.666
2147.966
2148.267
2148.867
2149.167
2149.467
2150.067
2150.367
2150.667
2151.117
2151.267
2151.567
2151.868
2152.468
2152.768
2153.068
2153.668
2153.968
2154.268
2154.868
2155.169
2155.469
2155.919
2156.069
2156.369
2156.669
2157.269
2157.569
2157.869
2158.470
2158.770
2159.070
2159.670
2159.970
2160.270
2160.720
2160.870
2161.170
2161.470
2162.071
2162.371
2162.671
2163.271
2163.571
2163.871
2164.471
2164.771
2165.071
2165.522
2165.672
2165.972
2166.272
2166.872
2167.172
2167.472
2168.072
2168.372
2168.673
2169.273
2169.573
2169.873
2170.323
2170.473
2170.773
2171.073
2171.673
2171.974
2172.274
2172.874
2173.174
2173.474
2174.074
2174.374
2174.674
2175.124
2175.275
2175.575
2175.875
2176.475
2176.775
2177.075
2180.078
2180.679
2181.878
2183.078
2184.277
2185.476
2186.676
2187.875
2189.075
2190.274
2191.474
2192.673
2193.873
2195.072
2196.271
2197.471
2198.670
2199.870
2201.069
2202.269
2203.468
2206.471
2206.771
2207.071
2207.371
2207.671
2208.272
2208.722
2208.872
2209.172
2209.472
2209.772
2210.072
2210.672
2211.272
2211.572
2211.872
2212.172
2212.472
2213.073
2213.523
2213.673
2213.973
2214.273
2214.573
2214.873
2215.473
2216.073
2216.373
2216.673
2216.973
2217.274
2217.874
2218.324
2218.474
2218.774
2219.074
2219.374
2219.674
2220.274
2220.874
2221.174
2221.474
2221.775
2222.075
2222.675
2223.125
2223.275
2223.575
2223.875
2224.175
2224.475
2225.075
2225.675
2225.975
2226.276
2226.576
2226.876
2227.476
2227.926
2230.462
2230.762
2231.062
2231.362
2231.662
2231.962
2232.262
2232.712
2232.862
2233.162
2233.462
2233.763
2234.063
2234.363
2234.663
2235.263
2235.563
2235.863
2236.163
2236.463
2236.763
2237.063
2237.513
2237.663
2237.963
2238.263
2238.564
2238.864
2239.164
2239.464
2240.064
2240.364
2240.664
2240.964
2241.264
2241.564
2241.864
2242.314
2242.464
2242.764
2243.065
2243.365
2243.665
2243.965
2244.265
2244.865
2245.165
2245.465
2245.765
2246.065
2246.365
2246.665
2247.115
2247.265
2247.566
2247.866
2248.166
2248.466
2248.766
2249.066
2249.666
2249.966
2250.266
2250.566
2250.866
2251.166
2251.466
2251.916
2252.066
2252.367
2252.667
2252.967
2253.267
2253.567
2253.867
2254.467
2254.767
2255.067
2255.367
2255.667
2255.967
2256.267
2256.718
2256.868
2257.168
2257.468
2257.768
2258.068
2258.368
2258.668
2259.268
2259.568
2259.868
2260.168
2260.468
2260.768
2261.068
2261.519
2261.669
2261.969
2262.269
2262.569
2262.869
2263.169
2263.469
2264.069
2264.369
2264.669
2264.969
2265.269
2265.569
2265.869
2266.320
2266.470
2266.770
2267.070
2267.370
2267.670
2267.970
2268.270
2268.870
2269.170
2269.470
2269.770
2270.070
2270.370
2270.671
2271.121
2271.271
2271.571
2271.871
2272.171
2272.471
2272.771
2273.071
2316.548
2317.160
2317.771
2318.383
2318.995
2319.606
2320.218
2320.830
2321.442
2322.053
2322.665
2323.277
2323.889
2326.358
2326.969
2327.581
2328.193
2328.805
2329.416
2330.028
2330.640
2331.251
2331.863
2332.475
2333.087
2333.698
2334.310
2334.922
2335.534
2336.145
2336.757
2337.369
2337.980
2338.592
2339.204
2339.816
2340.427
2341.039
2341.651
2342.262
2342.874
2343.486
2344.098
2344.709
2345.944
2346.556
2347.167
2347.779
2348.391
2349.003
2349.614
2350.226
2350.838
2351.449
2352.061
2352.673
2353.285
2353.896
2354.508
2355.120
2355.732
2356.343
2356.955
2357.567
2358.178
2358.790
2359.402
2360.014
2360.625
2361.237
2361.849
2362.460
2365.530
2365.837
2366.143
2366.756
2367.063
2367.369
2367.982
2368.289
2368.595
2369.208
2369.514
2369.821
2370.434
2370.740
2371.047
2371.660
2371.966
2372.273
2372.886
2373.192
2373.499
2374.112
2374.418
2374.725
2375.338
2375.644
2375.950
2376.563
2376.870
2377.176
2377.789
2378.096
2378.402
2379.015
2379.322
2379.628
2380.241
2380.548
2380.854
2381.467
2381.774
2382.080
2385.116
2385.423
2385.729
2386.342
2386.649
2386.955
2387.568
2387.874
2388.181
2388.793
2389.100
2389.406
2390.019
2390.326
2390.632
2391.245
2391.551
2391.858
2392.470
2392.777
2393.083
2393.696
2394.003
2394.309
2394.922
2395.228
2395.535
2396.147
2396.454
2396.760
2397.373
2397.680
2397.986
2398.599
2398.905
2399.212
2399.824
2400.131
2400.437
2401.050
2401.357
2401.663
2402.276
2402.582
2402.889
2403.502
2404.703
2405.315
2405.927
2406.539
2407.152
2407.764
2408.376
2408.988
2409.600
2410.213
2410.825
2411.437
2412.049
2412.661
2413.274
2413.886
2414.498
2415.110
2415.722
2416.335
2416.947
2417.559
2418.171
2418.783
2420.018
2421.253
2422.487
2434.733
2435.956
2437.180
2438.403
2439.627
2440.850
2442.073
2443.909
2444.215
2444.520
2444.826
2445.132
2445.438
2445.744
2446.356
2446.662
2446.968
2447.274
2447.580
2447.886
2448.192
2448.804
2449.110
2449.416
2449.722
2450.028
2450.333
2450.639
2451.251
2451.557
2451.863
2452.169
2452.475
2452.781
2453.087
2453.699
2454.005
2454.311
2454.617
2454.923
2455.229
2455.535
2456.146
2456.452
2456.758
2457.064
2457.370
2457.676
2457.982
2458.594
2458.900
2459.206
2459.512
2459.818
2460.124
2460.430
2461.042
2461.348
2461.653
2461.959
2462.265
2462.571
2462.877
2463.489
2463.795
2464.101
2464.407
2464.713
2465.019
2465.325
2465.937
2466.243
2466.549
2466.855
2467.161
2467.466
2467.772
2468.384
2468.690
2468.996
2469.302
2469.608
2469.914
2470.220
2470.832
2471.138
2471.444
2471.750
2472.056
2472.362
2472.668
2473.279
2473.585
2473.891
2474.197
2474.503
2474.809
2475.115
2475.727
2476.033
2476.339
2476.645
2476.951
2477.257
2477.563
2478.175
2478.481
2478.787
2479.092
2479.398
2479.704
2480.010
2480.622
2480.928
2481.234
2481.540
2481.846
2482.152
2482.458
2483.070
2483.376
2483.682
2484.295
2484.601
2484.907
2485.520
2485.826
2486.132
2486.745
2487.051
2487.357
2487.970
2488.276
2488.582
2489.195
2489.501
2489.807
2490.419
2490.726
2491.032
2491.644
2491.951
2492.257
2493.483
2494.709
2495.936
2497.162
2498.388
2499.614
2500.841
2502.067
2533.498
2534.007
2534.516
2535.025
2535.534
2536.042
2536.551
2537.060
2537.569
2537.823
2537.951
2538.078
2538.205
2538.587
2538.714
2538.841
2538.968
2539.095
2539.223
2539.604
2540.113
2540.622
2541.131
2541.640
2541.894
2542.021
2542.148
2542.276
2542.657
2542.785
2542.912
2543.039
2543.166
2543.293
2543.421
2543.548
2543.675
2544.184
2544.693
2545.202
2545.710
2546.219
2546.728
2547.237
2547.746
2548.255
2548.763
2549.272
2549.781
2550.038
2550.166
2550.294
2550.423
2550.808
2550.936
2551.064
2551.193
2551.321
2551.449
2551.805
2552.316
2552.828
2553.340
2553.852
2554.106
2554.233
2554.361
2554.488
2554.870
2554.997
2555.124
2555.251
2555.378
2555.506
2555.633
2555.760
2555.887
2556.388
2556.895
2557.403
2557.910
2558.418
2558.925
2559.433
2559.940
2560.448
2560.955
2561.463
2561.970
2562.478
2562.986
2563.493
2564.001
2564.508
2565.016
2565.523
2566.031
2566.287
2566.416
2566.544
2566.672
2567.057
2567.186
2567.314
2567.442
2567.571
2567.699
2568.066
2568.575
2569.083
2569.592
2570.100
2570.609
2571.117
2571.626
2572.135
2572.643
2573.152
2573.660
2574.169
2574.677
2575.186
2575.694
2576.203
2576.711
2577.220
2577.729
2578.237
2578.746
2579.254
2579.763
2580.271
2580.780
2581.288
2581.797
2582.306
2582.814
2583.069
2583.323
2583.832
2584.086
2584.340
2584.849
2585.104
2585.358
2585.867
2586.121
2586.376
2586.884
2587.139
2587.393
2587.902
2588.156
2588.411
2588.919
2589.174
2589.428
2589.937
2590.191
2590.446
2590.955
2591.209
2591.463
2591.972
2592.226
2592.481
2592.990
2593.244
2593.498
2594.007
2594.262
2594.516
2595.025
2595.279
2595.534
2596.042
2596.297
2596.551
2597.060
2597.314
2597.569
2598.077
2598.332
2598.586
2599.095
2599.349
2599.604
2600.113
2600.367
2600.621
2601.130
2601.384
2601.639
2602.148
2602.402
2602.656
2603.165
2603.420
2603.674
2604.183
2604.437
2604.691
2605.200
2605.455
2605.709
2606.218
2606.472
2606.727
2607.235
2607.490
2607.744
2608.253
2608.507
2608.762
2609.270
2609.525
2609.779
2610.288
2610.542
2610.797
2611.306
2611.560
2611.814
2612.323
2612.578
2612.832
2613.341
2613.595
2613.849
2614.358
2614.613
2615.113
2615.367
2615.622
2615.876
2616.130
2616.384
2616.638
2616.893
2617.147
2617.401
2617.655
2617.909
2618.163
2618.418
2618.672
2619.180
2619.434
2619.689
2619.943
2620.197
2620.451
2620.705
2620.960
2621.214
2621.468
2621.722
2621.976
2622.231
2622.485
2622.739
2623.247
2623.502
2623.756
2624.010
2624.264
2624.518
2624.773
2625.027
2625.281
2625.535
2625.789
2626.044
2626.298
2626.552
2626.806
2627.315
2627.569
2627.823
2628.077
2628.331
2628.586
2628.840
2629.094
2629.348
2629.602
2629.857
2630.111
2630.365
2630.619
2630.873
2631.382
2631.636
2631.890
2632.144
2632.399
2632.653
2632.907
2633.161
2633.415
2633.670
2633.924
2634.178
2634.432
2634.686
2634.941
2635.449
2635.703
2635.957
2636.212
2636.466
2636.720
2636.974
2637.228
2637.483
2637.737
2637.991
2638.245
2638.499
2638.754
2639.008
2639.516
2639.770
2640.025
2640.279
2640.533
2640.787
2641.041
2641.296
2641.550
2641.804
2642.058
2642.312
2642.567
2642.821
2643.075
2643.583
2643.838
2644.092
2644.346
2644.600
2644.854
2645.109
2645.363
2645.617
2645.871
2646.125
2646.379
2646.634
2646.888
2647.142
2647.396
2647.905
2648.159
2648.414
2648.923
2649.178
2649.433
2649.942
2650.197
2650.451
2650.961
2651.215
2651.470
2651.979
2652.234
2652.489
2652.998
2653.253
2653.507
2654.017
2654.271
2654.526
2655.035
2655.290
2655.545
2656.052
2656.559
2657.067
2657.574
2658.081
2658.589
2659.096
2659.603
2660.111
2660.618
2661.125
2661.632
2662.140
2662.647
2663.154
2663.662
2663.918
2664.047
2664.175
2664.303
2664.688
2664.817
2664.945
2665.073
2665.202
2665.330
2665.697
2666.206
2666.715
2667.224
2667.732
2667.991
2668.120
2668.250
2668.379
2668.767
2668.896
2669.025
2669.155
2669.284
2669.413
2669.543
2669.672
2669.801
2670.268
2670.778
2671.287
2671.796
2672.305
2672.815
2673.324
2673.833
2674.343
2674.852
2675.361
2675.870
2676.380
2676.889
2677.398
2677.907
2678.417
2678.926
2679.435
2679.945
2680.445
2680.701
2680.957
2681.213
2681.468
2681.980
2682.492
2682.747
2683.003
2683.259
2683.515
2684.015
2684.140
2684.266
2684.391
2684.516
2684.774
2685.033
2685.292
2685.550
2686.051
2686.551
2686.810
2687.068
2687.327
2687.586
2688.086
2688.211
2688.336
2688.461
2688.587
2688.840
2689.094
2689.348
2689.602
2690.110
2690.617
2690.871
2691.125
2691.379
2691.632
2692.140
2692.648
2692.902
2693.155
2693.409
2693.663
2694.171
2694.678
2694.932
2695.186
2695.440
2695.694
2696.711
2697.729
2698.747
2699.764
2700.782
2701.800
2702.817
2703.835
2704.853
2705.871
2706.888
2707.906
2708.924
2709.941
2710.959
2711.977
2712.485
2712.993
2713.502
2714.010
2714.518
2715.027
2715.535
2716.043
2716.552
2717.060
2717.569
2718.077
2718.585
2719.094
2719.602
2720.110
2720.619
2720.873
2721.127
2721.382
2721.636
2721.891
2722.145
2722.400
2722.654
2722.908
2723.163
2723.417
2723.672
2723.926
2724.181
2724.435
2724.689
2724.944
2725.198
2725.453
2725.707
2725.961
2726.216
2726.470
2726.725
2726.854
2726.983
2727.112
2727.241
2727.370
2727.499
2727.628
2727.757
2727.886
2728.015
2728.144
2728.273
2728.402
2728.531
2728.660
2738.937
2739.445
2739.954
2740.081
2740.208
2740.335
2740.462
2740.589
2740.716
2740.844
2740.971
2741.479
2741.988
2742.496
2743.004
2743.513
2744.021
2744.148
2744.276
2744.403
2744.530
2744.657
2744.784
2744.911
2745.038
2745.547
2746.055
2746.564
2747.072
2747.581
2748.089
2748.216
2748.343
2748.470
2748.597
2748.724
2748.851
2748.979
2749.106
2749.614
2750.122
2750.631
2751.139
2751.393
2751.774
2752.155
2752.283
2752.410
2752.537
2752.664
2752.791
2752.918
2753.045
2753.172
2753.680
2754.189
2754.697
2755.205
2755.460
2755.841
2756.222
2756.349
2756.476
2756.603
2756.730
2756.857
2756.985
2757.112
2757.239
2757.747
2758.255
2758.764
2759.272
2759.526
2759.907
2760.289
2760.416
2760.543
2760.670
2760.797
2760.924
2761.051
2761.178
2761.305
2761.814
2762.322
2762.830
2763.338
2763.593
2763.974
2764.355
2764.482
2764.609
2764.736
2764.863
2764.991
2765.118
2765.245
2765.372
2765.880
2766.388
2766.897
2767.405
2767.659
2768.040
2768.422
2768.549
2768.676
2768.803
2768.930
2769.057
2769.184
2769.311
2769.438
2769.947
2770.455
2770.963
2771.472
2771.726
2772.107
2772.488
2772.615
2772.743
2772.870
2772.997
2773.124
2773.251
2773.378
2773.506
2774.014
2774.523
2775.032
2775.541
2775.795
2776.177
2776.558
2776.685
2776.812
2776.940
2777.067
2777.194
2777.321
2777.448
2777.576
2778.084
2778.593
2779.102
2779.611
2779.991
2780.372
2780.752
2781.132
2781.513
2781.893
2782.274
2782.654
2783.034
2783.415
2783.665
2783.915
2784.299
2784.683
2784.812
2784.941
2785.071
2785.200
2785.329
2785.458
2785.588
2785.717
2786.226
2786.735
2787.244
2787.752
2788.133
2788.513
2788.894
2789.274
2789.654
2790.035
2790.415
2790.795
2791.176
2791.556
2791.806
2792.057
2792.440
2792.824
2792.953
2793.083
2793.212
2793.341
2793.471
2793.600
2793.729
2793.859
2794.367
2794.876
2795.385
2795.894
2796.274
2796.655
2797.035
2797.415
2797.796
2798.176
2798.557
2798.937
2799.317
2799.698
2799.948
2800.198
2800.582
2800.966
2801.095
2801.224
2801.354
2801.483
2801.612
2801.741
2801.871
2802.000
2802.501
2803.001
2803.502
2804.002
2804.386
2804.769
2805.153
2805.537
2805.921
2806.304
2806.688
2807.072
2807.455
2807.839
2808.089
2808.340
2808.723
2809.107
2809.236
2809.366
2809.495
2809.624
2809.754
2809.883
2810.012
2810.141
2810.649
2811.156
2811.663
2812.170
2812.677
2813.185
2813.692
2814.199
2814.706
2815.213
2815.720
2816.228
2816.735
2817.242
2817.749
2818.256
2818.763
2819.271
2819.778
2820.285
2820.539
2820.794
2821.048
2821.303
2821.557
2821.811
2822.066
2822.320
2822.575
2822.829
2823.084
2823.338
2823.592
2823.847
2824.101
2824.356
2824.610
2824.865
2825.119
2825.373
2825.628
2825.882
2826.137
2826.391
2826.518
2826.645
2826.773
2826.900
2827.027
2827.154
2827.282
2827.409
2827.536
2827.663
2827.790
2827.918
2828.045
2828.172
2828.299
2828.426
2828.660
2829.060
2829.427
2829.557
2829.686
2829.815
2829.945
2830.074
2830.203
2830.333
2830.462
2830.962
2831.474
2831.986
2832.497
2832.731
2833.131
2833.498
2833.627
2833.757
2833.886
2834.015
2834.145
2834.274
2834.403
2834.533
2835.033
2835.542
2836.051
2836.560
2837.068
2837.569
2837.697
2837.824
2837.952
2838.079
2838.207
2838.335
2838.462
2838.590
2839.100
2839.611
2840.121
2840.632
2840.887
2841.270
2841.653
2841.781
2841.908
2842.036
2842.163
2842.291
2842.419
2842.546
2842.674
2843.175
2843.675
2844.176
2844.676
2845.060
2845.443
2845.827
2846.211
2846.595
2846.978
2847.362
2847.746
2848.129
2848.513
2848.763
2849.014
2849.397
2849.781
2849.910
2850.040
2850.169
2850.298
2850.428
2850.557
2850.686
2850.815
2851.316
2851.816
2852.317
2852.817
2853.201
2853.585
2853.969
2854.352
2854.736
2855.120
2855.504
2855.887
2856.271
2856.655
2856.905
2857.155
2857.522
2857.923
2858.052
2858.181
2858.310
2858.440
2858.569
2858.698
2858.828
2858.957
2859.457
2859.958
2860.458
2860.959
2861.459
2861.714
2861.969
2862.480
2862.735
2862.990
2863.500
2863.755
2864.010
2864.520
2864.779
2865.038
2865.297
2865.664
2866.031
2866.160
2866.289
2866.419
2866.548
2866.677
2866.806
2866.936
2867.065
2867.566
2867.821
2868.077
2868.589
2868.848
2869.108
2869.367
2869.734
2870.101
2870.231
2870.360
2870.489
2870.619
2870.748
2870.877
2871.007
2871.136
2871.636
2871.892
2872.148
2872.660
2872.908
2873.156
2873.405
2873.805
2874.172
2874.301
2874.431
2874.560
2874.689
2874.819
2874.948
2875.077
2875.207
2875.707
2875.962
2876.217
2876.726
2876.981
2877.236
2877.745
2878.000
2878.255
2878.765
2879.019
2879.274
2879.784
2880.039
2880.293
2880.803
2881.051
2881.298
2881.546
2881.947
2882.314
2882.443
2882.572
2882.702
2882.831
2882.960
2883.089
2883.219
2883.348
2883.849
2884.104
2884.360
2884.872
2885.120
2885.369
2885.617
2886.001
2886.384
2886.514
2886.643
2886.772
2886.902
2887.031
2887.160
2887.289
2887.419
2887.919
2888.170
2888.420
2888.920
2889.176
2889.432
2889.688
2890.071
2890.455
2890.584
2890.714
2890.843
2890.972
2891.102
2891.231
2891.360
2891.489
2891.990
2892.240
2892.490
2892.991
2893.241
2893.491
2893.875
2894.259
2894.643
2895.026
2895.410
2895.794
2896.178
2896.561
2896.945
2897.329
2897.579
2897.829
2898.213
2898.597
2898.722
2898.847
2898.972
2899.097
2899.222
2899.347
2899.472
2899.598
2900.131
2900.382
2900.632
2901.132
2901.383
2901.633
2902.017
2902.400
2902.784
2903.168
2903.552
2903.935
2904.319
2904.703
2905.086
2905.470
2905.720
2905.971
2906.354
2906.738
2906.863
2906.988
2907.113
2907.239
2907.364
2907.489
2907.614
2907.739
2908.240
2908.497
2908.753
2909.267
2909.524
2909.781
2910.161
2910.541
2910.920
2911.300
2911.680
2912.059
2912.439
2912.819
2913.199
2913.578
2913.845
2914.112
2914.479
2914.846
2914.975
2915.105
2915.234
2915.363
2915.493
2915.622
2915.751
2915.881
2916.381
2916.637
2916.893
2917.404
2917.660
2917.916
2918.296
2918.677
2919.057
2919.437
2919.818
2920.198
2920.579
2920.959
2921.339
2921.720
2921.970
2922.220
2922.604
2922.988
2923.117
2923.246
2923.376
2923.505
2923.634
2923.763
2923.893
2924.022
2924.523
2924.778
2925.034
2925.546
2925.802
2926.057
2926.566
2927.075
2927.584
2928.093
2928.602
2929.110
2929.619
2930.128
2930.362
2930.762
2931.129
2931.258
2931.388
2931.517
2931.646
2931.776
2931.905
2932.034
2932.163
2932.672
2933.181
2933.690
2934.199
2934.432
2934.833
2935.200
2935.329
2935.458
2935.588
2935.717
2935.846
2935.976
2936.105
2936.234
2936.735
2937.235
2937.736
2938.236
2938.503
2938.870
2939.271
2939.400
2939.529
2939.658
2939.788
2939.917
2940.046
2940.176
2940.305
2940.813
2941.320
2941.828
2942.336
2942.844
2943.351
2943.859
2944.367
2944.875
2945.383
2945.890
2946.398
2946.906
2947.414
2947.921
2948.429
2948.937
2949.445
2949.952
2950.460
2950.968
2951.476
2951.983
2952.491
2952.999
2953.507
2954.014
2954.522
2955.030
2955.538
2956.045
2956.553
2957.061
2957.569
2958.076
2958.584
2959.092
2959.600
2960.107
2960.615
2961.123
2961.631
2962.138
2962.646
2963.154
2963.662
2963.789
2963.917
2964.045
2964.172
2964.300
2964.427
2964.555
2964.683
2965.193
2965.704
2966.214
2966.725
2966.980
2967.363
2967.746
2967.873
2968.001
2968.129
2968.256
2968.384
2968.512
2968.639
2968.767
2969.273
2969.779
2970.285
2970.791
2971.297
2971.803
2971.932
2972.062
2972.191
2972.320
2972.450
2972.579
2972.708
2972.838
2973.338
2973.839
2974.339
2975.357
2976.374
2977.392
2978.410
