0.200
1.200
2.200
3.200
4.200
5.200
6.200
7.200
8.200
9.200
10.200
11.200
12.200
13.200
14.200
15.200
16.200
17.200
18.200
19.200
20.200
21.200
22.200
23.200
24.200
25.200
26.200
27.200
28.200
29.200
30.200
31.200
32.200
33.200
34.200
35.200
36.200
37.200
38.200
39.200
40.200
41.200
42.200
43.200
44.200
45.200
46.200
47.200
48.200
49.200
50.200
51.200
52.200
53.200
54.200
55.200
56.200
57.200
58.200
59.200
60.200
61.200
62.200
62.450
62.700
62.950
63.200
63.450
63.699
63.949
64.199
64.449
64.699
64.949
65.199
65.449
65.699
65.949
66.199
66.449
66.699
66.949
67.199
67.449
67.699
67.949
68.199
68.449
68.699
68.949
69.199
69.449
69.699
69.949
70.199
70.449
70.699
70.949
71.199
71.449
71.699
71.949
72.199
73.199
74.199
75.199
76.199
77.199
78.199
79.199
80.199
81.199
82.199
82.449
82.699
82.949
83.199
83.449
83.699
83.949
84.199
84.449
84.699
84.949
85.199
85.449
85.699
85.949
86.199
86.449
86.699
86.949
87.199
87.449
87.699
87.949
88.199
88.449
88.699
88.949
89.199
89.449
89.699
89.949
90.199
90.449
90.699
90.949
91.199
91.449
91.699
91.949
92.199
93.199
94.199
95.199
96.199
97.199
98.199
99.199
100.199
101.199
102.199
102.449
102.699
102.949
103.199
103.449
103.699
103.949
104.199
104.449
104.699
104.949
105.199
105.449
105.699
105.949
106.199
106.449
106.699
106.949
107.199
107.449
107.699
107.949
108.199
108.449
108.699
108.949
109.199
109.449
109.699
109.949
110.199
110.449
110.699
110.949
111.199
111.449
111.699
111.949
112.199
113.199
114.199
115.199
116.199
117.199
118.199
119.199
120.199
121.199
122.199
122.449
122.699
122.949
123.199
123.449
123.699
123.949
124.199
124.449
124.699
124.949
125.199
125.449
125.699
125.949
126.199
126.449
126.699
126.949
127.199
127.449
127.699
127.949
128.199
128.449
128.699
128.949
129.199
129.449
129.699
129.949
130.199
130.449
130.699
130.949
131.199
131.449
131.699
131.949
132.199
132.449
132.699
132.949
133.199
133.449
133.699
133.949
134.199
134.449
134.699
134.949
135.199
135.449
135.699
135.949
136.199
136.449
136.699
136.949
137.199
138.199
139.199
140.199
141.199
142.199
143.199
144.199
145.199
146.199
147.199
148.199
149.199
150.199
151.199
152.199
152.449
152.699
152.949
153.199
153.449
153.699
153.949
154.199
154.449
154.699
154.949
155.199
155.449
155.699
155.949
156.199
156.449
156.699
156.949
157.199
157.449
157.699
157.949
158.199
158.449
158.699
158.949
159.199
159.449
159.699
159.949
160.199
160.449
160.699
160.949
161.199
161.449
161.699
161.949
162.199
162.449
162.699
162.949
163.199
163.449
163.699
163.949
164.199
164.449
164.699
164.949
165.199
165.449
165.699
165.949
166.199
166.449
166.699
166.949
167.199
168.199
169.199
170.199
171.199
172.199
173.199
174.199
175.199
176.199
177.199
178.199
179.199
180.199
181.199
182.199
182.449
182.699
182.949
183.199
183.449
183.699
183.949
184.199
184.449
184.699
184.949
185.199
185.449
185.699
185.949
186.199
186.449
186.699
186.949
187.199
187.449
187.699
187.949
188.199
188.449
188.699
188.949
189.199
189.449
189.699
189.949
190.198
190.448
190.698
190.948
191.198
191.448
191.698
191.948
192.198
192.448
192.698
192.948
193.198
193.448
193.698
193.948
194.198
194.448
194.698
194.948
195.198
195.448
195.698
195.948
196.198
196.448
196.698
196.948
197.198
197.448
197.698
197.948
198.198
198.448
198.698
198.948
199.198
199.448
199.698
199.948
200.198
200.448
200.698
200.948
201.198
201.448
201.698
201.948
202.198
203.198
204.198
205.198
206.198
207.198
208.198
209.198
210.198
211.198
212.198
212.448
212.698
212.948
213.198
213.448
213.698
213.948
214.198
214.448
214.698
214.948
215.198
215.448
215.698
215.948
216.198
216.448
216.698
216.948
217.198
217.448
217.698
217.948
218.198
218.448
218.698
218.948
219.198
219.448
219.698
219.948
220.198
220.448
220.698
220.948
221.198
221.448
221.698
221.948
222.198
222.448
222.698
222.948
223.198
223.448
223.698
223.948
224.198
224.448
224.698
224.948
225.198
225.448
225.698
225.948
226.198
226.448
226.698
226.948
227.198
227.448
227.698
227.948
228.198
228.448
228.698
228.948
229.198
229.448
229.698
229.948
230.198
230.448
230.698
230.948
231.198
231.448
231.698
231.948
232.198
233.198
234.198
235.198
236.198
237.198
238.198
239.198
240.198
241.198
242.198
242.448
242.698
242.948
243.198
243.448
243.698
243.948
244.198
244.448
244.698
244.948
245.198
245.448
245.698
245.948
246.198
246.448
246.698
246.948
247.198
247.448
247.698
247.948
248.198
248.448
248.698
248.948
249.198
249.448
249.698
249.948
250.198
250.448
250.698
250.948
251.198
251.448
251.698
251.948
252.198
252.448
252.698
252.948
253.198
253.448
253.698
253.948
254.198
254.448
254.698
254.948
255.198
255.448
255.698
255.948
256.198
256.448
256.698
256.948
257.198
258.198
259.198
260.198
261.198
262.198
263.198
264.198
265.198
266.198
267.198
268.198
269.198
270.198
271.198
272.198
272.448
272.698
272.948
273.198
273.448
273.698
273.948
274.198
274.448
274.698
274.948
275.198
275.448
275.698
275.948
276.198
276.448
276.698
276.948
277.198
277.448
277.698
277.948
278.198
278.448
278.698
278.948
279.198
279.448
279.698
279.948
280.198
280.448
280.698
280.948
281.198
281.448
281.698
281.948
282.198
282.448
282.698
282.948
283.198
283.448
283.698
283.948
284.198
284.448
284.698
284.948
285.198
285.448
285.698
285.948
286.198
286.448
286.698
286.948
287.198
288.198
289.198
290.198
291.198
292.198
293.198
294.198
295.198
296.198
297.198
298.198
299.198
300.198
301.198
302.198
302.448
302.698
302.948
303.198
303.448
303.698
303.948
304.198
304.448
304.698
304.948
305.198
305.448
305.698
305.948
306.198
306.448
306.698
306.948
307.198
307.448
307.698
307.948
308.198
308.448
308.698
308.948
309.198
309.448
309.698
309.948
310.198
310.448
310.698
310.948
311.198
311.448
311.698
311.948
312.198
313.198
314.198
315.198
316.198
317.197
318.197
319.197
320.197
321.197
322.197
322.447
322.697
322.947
323.197
323.447
323.697
323.947
324.197
324.447
324.697
324.947
325.197
325.447
325.697
325.947
326.197
326.447
326.697
326.947
327.197
327.447
327.697
327.947
328.197
328.447
328.697
328.947
329.197
329.447
329.697
329.947
330.197
330.447
330.697
330.947
331.197
331.447
331.697
331.947
332.197
333.197
334.197
335.197
336.197
337.197
338.197
339.197
340.197
341.197
342.197
342.447
342.697
342.947
343.197
343.447
343.697
343.947
344.197
344.447
344.697
344.947
345.197
345.447
345.697
345.947
346.197
346.447
346.697
346.947
347.197
347.447
347.697
347.947
348.197
348.447
348.697
348.947
349.197
349.447
349.697
349.947
350.197
350.447
350.697
350.947
351.197
351.447
351.697
351.947
352.197
353.197
354.197
355.197
356.197
357.197
358.197
359.197
360.197
361.197
362.197
362.447
362.697
363.197
363.447
363.697
364.197
364.447
364.697
365.197
365.447
365.697
366.197
366.447
366.697
367.197
367.447
367.697
368.197
368.447
368.697
369.197
369.447
369.697
370.197
370.447
370.697
371.197
371.447
371.697
372.197
372.447
372.697
373.197
373.447
373.697
374.197
374.447
374.697
375.197
375.447
375.697
376.197
376.447
376.697
377.197
377.447
377.697
378.197
378.447
378.697
379.197
379.447
379.697
380.197
380.447
380.697
381.197
381.447
381.697
382.197
382.447
382.697
383.197
383.447
383.697
384.197
384.447
384.697
385.197
385.447
385.697
386.197
386.447
386.697
387.197
387.447
387.697
388.197
389.197
390.197
391.197
392.197
393.197
394.197
395.197
396.197
397.197
398.197
399.197
400.197
400.447
400.697
400.947
401.197
401.447
401.697
401.947
402.197
402.447
402.697
402.947
403.197
403.447
403.697
403.947
404.197
404.447
404.697
404.947
405.197
405.447
405.697
405.947
406.197
406.447
406.697
406.947
407.197
407.447
407.697
407.947
408.197
408.447
408.697
408.947
409.197
409.447
409.697
409.947
410.197
411.197
412.197
413.197
414.197
415.197
416.197
417.197
418.197
419.197
420.197
421.197
422.197
422.447
422.697
422.947
423.197
424.197
425.197
425.447
425.697
425.947
426.197
427.197
428.197
428.447
428.697
428.947
429.197
430.197
431.197
431.447
431.697
431.947
432.197
433.197
434.197
434.447
434.697
434.947
435.197
436.197
437.197
437.447
437.697
437.947
438.197
439.197
440.197
440.447
440.697
440.947
441.197
442.197
443.197
443.446
443.696
443.946
444.196
445.196
446.196
446.446
446.696
446.946
447.196
448.196
449.196
450.196
451.196
452.196
453.196
454.196
455.196
456.196
457.196
458.196
459.196
460.196
460.446
460.696
460.946
461.196
461.446
461.696
461.946
462.196
462.446
462.696
462.946
463.196
463.446
463.696
463.946
464.196
464.446
464.696
464.946
465.196
465.446
465.696
465.946
466.196
466.446
466.696
466.946
467.196
467.446
467.696
467.946
468.196
468.446
468.696
468.946
469.196
469.446
469.696
469.946
470.196
471.196
472.196
473.196
474.196
475.196
476.196
477.196
478.196
479.196
480.196
481.196
482.196
482.446
482.696
483.196
483.446
483.696
484.196
484.446
484.696
485.196
485.446
485.696
486.196
486.446
486.696
487.196
487.446
487.696
488.196
488.446
488.696
489.196
489.446
489.696
490.196
490.446
490.696
491.196
491.446
491.696
492.196
492.446
492.696
493.196
493.446
493.696
494.196
494.446
494.696
495.196
495.446
495.696
496.196
496.446
496.696
497.196
497.446
497.696
498.196
498.446
498.696
499.196
499.446
499.696
500.196
500.446
500.696
501.196
501.446
501.696
502.196
502.446
502.696
503.196
503.446
503.696
504.196
504.446
504.696
505.196
505.446
505.696
506.196
506.446
506.696
507.196
507.446
507.696
508.196
509.196
510.196
511.196
512.196
513.196
514.196
515.196
516.196
517.196
518.196
519.196
520.196
520.446
520.696
520.946
521.196
521.446
521.696
521.946
522.196
522.446
522.696
522.946
523.196
523.446
523.696
523.946
524.196
524.446
524.696
524.946
525.196
525.446
525.696
525.946
526.196
526.446
526.696
526.946
527.196
527.446
527.696
527.946
528.196
528.446
528.696
528.946
529.196
529.446
529.696
529.946
530.196
531.196
532.196
533.196
534.196
535.196
536.196
537.196
538.196
539.196
540.196
541.196
542.196
542.446
542.696
542.946
543.196
544.196
545.196
545.446
545.696
545.946
546.196
547.196
548.196
548.446
548.696
548.946
549.196
550.196
551.196
551.446
551.696
551.946
552.196
553.196
554.196
554.446
554.696
554.946
555.196
556.196
557.196
557.446
557.696
557.946
558.196
559.196
560.196
560.446
560.696
560.946
561.196
562.196
563.196
563.446
563.696
563.946
564.196
565.196
566.196
566.446
566.696
566.946
567.196
568.196
569.196
570.195
571.195
572.195
573.195
574.195
575.195
576.195
577.195
578.195
579.195
580.195
580.445
580.695
580.945
581.195
581.445
581.695
581.945
582.195
582.445
582.695
582.945
583.195
583.445
583.695
583.945
584.195
584.445
584.695
584.945
585.195
585.445
585.695
585.945
586.195
586.445
586.695
586.945
587.195
587.445
587.695
587.945
588.195
588.445
588.695
588.945
589.195
589.445
589.695
589.945
590.195
591.195
592.195
593.195
594.195
595.195
596.195
597.195
598.195
599.195
600.195
601.195
602.195
603.195
604.195
605.195
606.195
607.195
608.195
609.195
610.195
611.195
612.195
613.195
614.195
615.195
616.195
617.195
618.195
619.195
620.195
621.195
622.195
623.195
624.195
625.195
626.195
627.195
628.195
629.195
630.195
631.195
632.195
633.195
634.195
635.195
636.195
637.195
638.195
639.195
640.195
641.195
642.195
643.195
644.195
645.195
646.195
647.195
648.195
649.195
650.195
651.195
652.195
653.195
654.195
655.195
656.195
657.195
658.195
659.195
660.195
661.195
662.195
662.445
662.695
662.945
663.195
663.445
663.695
663.945
664.195
664.445
664.695
664.945
665.195
665.445
665.695
665.945
666.195
666.445
666.695
666.945
667.195
667.445
667.695
667.945
668.195
668.445
668.695
668.945
669.195
669.445
669.695
669.945
670.195
670.445
670.695
670.945
671.195
671.445
671.695
671.945
672.195
673.195
674.195
675.195
676.195
677.195
678.195
679.195
680.195
681.195
682.195
682.445
682.695
682.945
683.195
683.445
683.695
683.945
684.195
684.445
684.695
684.945
685.195
685.445
685.695
685.945
686.195
686.445
686.695
686.945
687.195
687.445
687.695
687.945
688.195
688.445
688.695
688.945
689.195
689.445
689.695
689.945
690.195
690.445
690.695
690.945
691.195
691.445
691.695
691.945
692.195
693.195
694.195
695.195
696.195
697.194
698.194
699.194
700.194
701.194
702.194
702.444
702.694
702.944
703.194
703.444
703.694
703.944
704.194
704.444
704.694
704.944
705.194
705.444
705.694
705.944
706.194
706.444
706.694
706.944
707.194
707.444
707.694
707.944
708.194
708.444
708.694
708.944
709.194
709.444
709.694
709.944
710.194
710.444
710.694
710.944
711.194
711.444
711.694
711.944
712.194
713.194
714.194
715.194
716.194
717.194
718.194
719.194
720.194
721.194
722.194
722.444
722.694
722.944
723.194
723.444
723.694
723.944
724.194
724.444
724.694
724.944
725.194
725.444
725.694
725.944
726.194
726.444
726.694
726.944
727.194
727.444
727.694
727.944
728.194
728.444
728.694
728.944
729.194
729.444
729.694
729.944
730.194
730.444
730.694
730.944
731.194
731.444
731.694
731.944
732.194
732.444
732.694
732.944
733.194
733.444
733.694
733.944
734.194
734.444
734.694
734.944
735.194
735.444
735.694
735.944
736.194
736.444
736.694
736.944
737.194
738.194
739.194
740.194
741.194
742.194
743.194
744.194
745.194
746.194
747.194
748.194
749.194
750.194
751.194
752.194
752.444
752.694
752.944
753.194
753.444
753.694
753.944
754.194
754.444
754.694
754.944
755.194
755.444
755.694
755.944
756.194
756.444
756.694
756.944
757.194
757.444
757.694
757.944
758.194
758.444
758.694
758.944
759.194
759.444
759.694
759.944
760.194
760.444
760.694
760.944
761.194
761.444
761.694
761.944
762.194
762.444
762.694
762.944
763.194
763.444
763.694
763.944
764.194
764.444
764.694
764.944
765.194
765.444
765.694
765.944
766.194
766.444
766.694
766.944
767.194
768.194
769.194
770.194
771.194
772.194
773.194
774.194
775.194
776.194
777.194
778.194
779.194
780.194
781.194
782.194
782.444
782.694
782.944
783.194
783.444
783.694
783.944
784.194
784.444
784.694
784.944
785.194
785.444
785.694
785.944
786.194
786.444
786.694
786.944
787.194
787.444
787.694
787.944
788.194
788.444
788.694
788.944
789.194
789.444
789.694
789.944
790.194
790.444
790.694
790.944
791.194
791.444
791.694
791.944
792.194
792.444
792.694
792.944
793.194
793.444
793.694
793.944
794.194
794.444
794.694
794.944
795.194
795.444
795.694
795.944
796.194
796.444
796.694
796.944
797.194
797.444
797.694
797.944
798.194
798.444
798.694
798.944
799.194
799.444
799.694
799.944
800.194
800.444
800.694
800.944
801.194
801.444
801.694
801.944
802.194
803.194
804.194
805.194
806.194
807.194
808.194
809.194
810.194
811.194
812.194
812.444
812.694
812.944
813.194
813.444
813.694
813.944
814.194
814.444
814.694
814.944
815.194
815.444
815.694
815.944
816.194
816.444
816.694
816.944
817.194
817.444
817.694
817.944
818.194
818.444
818.694
818.944
819.194
819.444
819.694
819.944
820.194
820.444
820.694
820.944
821.194
821.444
821.694
821.944
822.194
822.444
822.694
822.943
823.193
823.443
823.693
823.943
824.193
824.443
824.693
824.943
825.193
825.443
825.693
825.943
826.193
826.443
826.693
826.943
827.193
827.443
827.693
827.943
828.193
828.443
828.693
828.943
829.193
829.443
829.693
829.943
830.193
830.443
830.693
830.943
831.193
831.443
831.693
831.943
832.193
833.193
834.193
835.193
836.193
837.193
838.193
839.193
840.193
841.193
842.193
842.443
842.693
842.943
843.193
843.443
843.693
843.943
844.193
844.443
844.693
844.943
845.193
845.443
845.693
845.943
846.193
846.443
846.693
846.943
847.193
847.443
847.693
847.943
848.193
848.443
848.693
848.943
849.193
849.443
849.693
849.943
850.193
850.443
850.693
850.943
851.193
851.443
851.693
851.943
852.193
852.443
852.693
852.943
853.193
853.443
853.693
853.943
854.193
854.443
854.693
854.943
855.193
855.443
855.693
855.943
856.193
856.443
856.693
856.943
857.193
858.193
859.193
860.193
861.193
862.193
863.193
864.193
865.193
866.193
867.193
868.193
869.193
870.193
871.193
872.193
872.443
872.693
872.943
873.193
873.443
873.693
873.943
874.193
874.443
874.693
874.943
875.193
875.443
875.693
875.943
876.193
876.443
876.693
876.943
877.193
877.443
877.693
877.943
878.193
878.443
878.693
878.943
879.193
879.443
879.693
879.943
880.193
880.443
880.693
880.943
881.193
881.443
881.693
881.943
882.193
882.443
882.693
882.943
883.193
883.443
883.693
883.943
884.193
884.443
884.693
884.943
885.193
885.443
885.693
885.943
886.193
886.443
886.693
886.943
887.193
888.193
889.193
890.193
891.193
892.193
893.193
894.193
895.193
896.193
897.193
898.193
899.193
900.193
901.193
902.193
902.443
902.693
902.943
903.193
903.443
903.693
903.943
904.193
904.443
904.693
904.943
905.193
905.443
905.693
905.943
906.193
906.443
906.693
906.943
907.193
907.443
907.693
907.943
908.193
908.443
908.693
908.943
909.193
909.443
909.693
909.943
910.193
910.443
910.693
910.943
911.193
911.443
911.693
911.943
912.193
913.193
914.193
915.193
916.193
917.193
918.193
919.193
920.193
921.193
922.193
922.443
922.693
922.943
923.193
923.443
923.693
923.943
924.193
924.443
924.693
924.943
925.193
925.443
925.693
925.943
926.193
926.443
926.693
926.943
927.193
927.443
927.693
927.943
928.193
928.443
928.693
928.943
929.193
929.443
929.693
929.943
930.193
930.443
930.693
930.943
931.193
931.443
931.693
931.943
932.193
933.193
934.193
935.193
936.193
937.193
938.193
939.193
940.193
941.193
942.193
942.443
942.693
942.943
943.193
943.443
943.693
943.943
944.193
944.443
944.693
944.943
945.193
945.443
945.693
945.943
946.193
946.443
946.693
946.943
947.193
947.443
947.693
947.943
948.193
948.443
948.693
948.943
949.193
949.443
949.692
949.942
950.192
950.442
950.692
950.942
951.192
951.442
951.692
951.942
952.192
953.192
954.192
955.192
956.192
957.192
958.192
959.192
960.192
961.192
962.192
962.442
962.692
963.192
963.442
963.692
964.192
964.442
964.692
965.192
965.442
965.692
966.192
966.442
966.692
967.192
967.442
967.692
968.192
968.442
968.692
969.192
969.442
969.692
970.192
970.442
970.692
971.192
971.442
971.692
972.192
972.442
972.692
973.192
973.442
973.692
974.192
974.442
974.692
975.192
975.442
975.692
976.192
976.442
976.692
977.192
977.442
977.692
978.192
978.442
978.692
979.192
979.442
979.692
980.192
980.442
980.692
981.192
981.442
981.692
982.192
982.442
982.692
983.192
983.442
983.692
984.192
984.442
984.692
985.192
985.442
985.692
986.192
986.442
986.692
987.192
987.442
987.692
988.192
989.192
990.192
991.192
992.192
993.192
994.192
995.192
996.192
997.192
998.192
999.192
1000.192
1000.442
1000.692
1000.942
1001.192
1001.442
1001.692
1001.942
1002.192
1002.442
1002.692
1002.942
1003.192
1003.442
1003.692
1003.942
1004.192
1004.442
1004.692
1004.942
1005.192
1005.442
1005.692
1005.942
1006.192
1006.442
1006.692
1006.942
1007.192
1007.442
1007.692
1007.942
1008.192
1008.442
1008.692
1008.942
1009.192
1009.442
1009.692
1009.942
1010.192
1011.192
1012.192
1013.192
1014.192
1015.192
1016.192
1017.192
1018.192
1019.192
1020.192
1021.192
1022.192
1022.442
1022.692
1022.942
1023.192
1024.192
1025.192
1025.442
1025.692
1025.942
1026.192
1027.192
1028.192
1028.442
1028.692
1028.942
1029.192
1030.192
1031.192
1031.442
1031.692
1031.942
1032.192
1033.192
1034.192
1034.442
1034.692
1034.942
1035.192
1036.192
1037.192
1037.442
1037.692
1037.942
1038.192
1039.192
1040.192
1040.442
1040.692
1040.942
1041.192
1042.192
1043.192
1043.442
1043.692
1043.942
1044.192
1045.192
1046.192
1046.442
1046.692
1046.942
1047.192
1048.192
1049.192
1050.192
1051.192
1052.192
1053.192
1054.192
1055.192
1056.192
1057.192
1058.192
1059.192
1060.192
1060.442
1060.692
1060.942
1061.192
1061.442
1061.692
1061.942
1062.192
1062.442
1062.692
1062.942
1063.192
1063.442
1063.692
1063.942
1064.192
1064.442
1064.692
1064.942
1065.192
1065.442
1065.692
1065.942
1066.192
1066.442
1066.692
1066.942
1067.192
1067.442
1067.692
1067.942
1068.192
1068.442
1068.692
1068.942
1069.192
1069.442
1069.692
1069.942
1070.192
1071.192
1072.192
1073.192
1074.192
1075.192
1076.191
1077.191
1078.191
1079.191
1080.191
1081.191
1082.191
1082.441
1082.691
1083.191
1083.441
1083.691
1084.191
1084.441
1084.691
1085.191
1085.441
1085.691
1086.191
1086.441
1086.691
1087.191
1087.441
1087.691
1088.191
1088.441
1088.691
1089.191
1089.441
1089.691
1090.191
1090.441
1090.691
1091.191
1091.441
1091.691
1092.191
1092.441
1092.691
1093.191
1093.441
1093.691
1094.191
1094.441
1094.691
1095.191
1095.441
1095.691
1096.191
1096.441
1096.691
1097.191
1097.441
1097.691
1098.191
1098.441
1098.691
1099.191
1099.441
1099.691
1100.191
1100.441
1100.691
1101.191
1101.441
1101.691
1102.191
1102.441
1102.691
1103.191
1103.441
1103.691
1104.191
1104.441
1104.691
1105.191
1105.441
1105.691
1106.191
1106.441
1106.691
1107.191
1107.441
1107.691
1108.191
1109.191
1110.191
1111.191
1112.191
1113.191
1114.191
1115.191
1116.191
1117.191
1118.191
1119.191
1120.191
1120.441
1120.691
1120.941
1121.191
1121.441
1121.691
1121.941
1122.191
1122.441
1122.691
1122.941
1123.191
1123.441
1123.691
1123.941
1124.191
1124.441
1124.691
1124.941
1125.191
1125.441
1125.691
1125.941
1126.191
1126.441
1126.691
1126.941
1127.191
1127.441
1127.691
1127.941
1128.191
1128.441
1128.691
1128.941
1129.191
1129.441
1129.691
1129.941
1130.191
1131.191
1132.191
1133.191
1134.191
1135.191
1136.191
1137.191
1138.191
1139.191
1140.191
1141.191
1142.191
1142.441
1142.691
1142.941
1143.191
1144.191
1145.191
1145.441
1145.691
1145.941
1146.191
1147.191
1148.191
1148.441
1148.691
1148.941
1149.191
1150.191
1151.191
1151.441
1151.691
1151.941
1152.191
1153.191
1154.191
1154.441
1154.691
1154.941
1155.191
1156.191
1157.191
1157.441
1157.691
1157.941
1158.191
1159.191
1160.191
1160.441
1160.691
1160.941
1161.191
1162.191
1163.191
1163.441
1163.691
1163.941
1164.191
1165.191
1166.191
1166.441
1166.691
1166.941
1167.191
1168.191
1169.191
1170.191
1171.191
1172.191
1173.191
1174.191
1175.191
1176.191
1177.191
1178.191
1179.191
1180.191
1180.441
1180.691
1180.941
1181.191
1181.441
1181.691
1181.941
1182.191
1182.441
1182.691
1182.941
1183.191
1183.441
1183.691
1183.941
1184.191
1184.441
1184.691
1184.941
1185.191
1185.441
1185.691
1185.941
1186.191
1186.441
1186.691
1186.941
1187.191
1187.441
1187.691
1187.941
1188.191
1188.441
1188.691
1188.941
1189.191
1189.441
1189.691
1189.941
1190.191
1191.191
1192.191
1193.191
1194.191
1195.191
1196.191
1197.191
1198.191
1199.191
1200.191
1201.191
1202.191
1202.441
1202.691
1202.940
1203.190
1203.440
1203.690
1203.940
1204.190
1204.440
1204.690
1204.940
1205.190
1205.440
1205.690
1205.940
1206.190
1206.440
1206.690
1206.940
1207.190
1207.440
1207.690
1207.940
1208.190
1208.440
1208.690
1208.940
1209.190
1209.440
1209.690
1209.940
1210.190
1210.440
1210.690
1210.940
1211.190
1211.440
1211.690
1211.940
1212.190
1213.190
1214.190
1215.190
1216.190
1217.190
1218.190
1219.190
1220.190
1221.190
1222.190
1223.190
1224.190
1225.190
1226.190
1227.190
1228.190
1229.190
1230.190
1231.190
1232.190
1232.440
1232.690
1232.940
1233.190
1233.440
1233.690
1233.940
1234.190
1234.440
1234.690
1234.940
1235.190
1235.440
1235.690
1235.940
1236.190
1236.440
1236.690
1236.940
1237.190
1237.440
1237.690
1237.940
1238.190
1238.440
1238.690
1238.940
1239.190
1239.440
1239.690
1239.940
1240.190
1240.440
1240.690
1240.940
1241.190
1241.440
1241.690
1241.940
1242.190
1243.190
1244.190
1245.190
1246.190
1247.190
1248.190
1249.190
1250.190
1251.190
1252.190
1253.190
1254.190
1255.190
1256.190
1257.190
1258.190
1259.190
1260.190
1261.190
1262.190
1262.440
1262.690
1262.940
1263.190
1263.440
1263.690
1263.940
1264.190
1264.440
1264.690
1264.940
1265.190
1265.440
1265.690
1265.940
1266.190
1266.440
1266.690
1266.940
1267.190
1267.440
1267.690
1267.940
1268.190
1268.440
1268.690
1268.940
1269.190
1269.440
1269.690
1269.940
1270.190
1270.440
1270.690
1270.940
1271.190
1271.440
1271.690
1271.940
1272.190
1273.190
1274.190
1275.190
1276.190
1277.190
1278.190
1279.190
1280.190
1281.190
1282.190
1283.190
1284.190
1285.190
1286.190
1287.190
1288.190
1289.190
1290.190
1291.190
1292.190
1292.440
1292.690
1292.940
1293.190
1293.440
1293.690
1293.940
1294.190
1294.440
1294.690
1294.940
1295.190
1295.440
1295.690
1295.940
1296.190
1296.440
1296.690
1296.940
1297.190
1297.440
1297.690
1297.940
1298.190
1298.440
1298.690
1298.940
1299.190
1299.440
1299.690
1299.940
1300.190
1300.440
1300.690
1300.940
1301.190
1301.440
1301.690
1301.940
1302.190
1303.190
1304.190
1305.190
1306.190
1307.190
1308.190
1309.190
1310.190
1311.190
1312.190
1313.190
1314.190
1315.190
1316.190
1317.190
1318.190
1319.190
1320.190
1321.190
1322.190
1322.440
1322.690
1322.940
1323.190
1323.440
1323.690
1323.940
1324.190
1324.440
1324.690
1324.940
1325.190
1325.440
1325.690
1325.940
1326.190
1326.440
1326.690
1326.940
1327.190
1327.440
1327.690
1327.940
1328.190
1328.440
1328.690
1328.940
1329.190
1329.439
1329.689
1329.939
1330.189
1330.439
1330.689
1330.939
1331.189
1331.439
1331.689
1331.939
1332.189
1333.189
1334.189
1335.189
1336.189
1337.189
1338.189
1339.189
1340.189
1341.189
1342.189
1343.189
1344.189
1345.189
1346.189
1347.189
1348.189
1349.189
1350.189
1351.189
1352.189
1352.439
1352.689
1352.939
1353.189
1353.439
1353.689
1353.939
1354.189
1354.439
1354.689
1354.939
1355.189
1355.439
1355.689
1355.939
1356.189
1356.439
1356.689
1356.939
1357.189
1357.439
1357.689
1357.939
1358.189
1358.439
1358.689
1358.939
1359.189
1359.439
1359.689
1359.939
1360.189
1360.439
1360.689
1360.939
1361.189
1361.439
1361.689
1361.939
1362.189
1363.189
1364.189
1365.189
1366.189
1367.189
1368.189
1369.189
1370.189
1371.189
1372.189
1373.189
1374.189
1375.189
1376.189
1377.189
1378.189
1379.189
1380.189
1381.189
1382.189
1382.439
1382.689
1382.939
1383.189
1383.439
1383.689
1383.939
1384.189
1384.439
1384.689
1384.939
1385.189
1385.439
1385.689
1385.939
1386.189
1386.439
1386.689
1386.939
1387.189
1387.439
1387.689
1387.939
1388.189
1388.439
1388.689
1388.939
1389.189
1389.439
1389.689
1389.939
1390.189
1390.439
1390.689
1390.939
1391.189
1391.439
1391.689
1391.939
1392.189
1393.189
1394.189
1395.189
1396.189
1397.189
1398.189
1399.189
1400.189
1401.189
1402.189
1403.189
1404.189
1405.189
1406.189
1407.189
1408.189
1409.189
1410.189
1411.189
1412.189
1412.439
1412.689
1412.939
1413.189
1413.439
1413.689
1413.939
1414.189
1414.439
1414.689
1414.939
1415.189
1415.439
1415.689
1415.939
1416.189
1416.439
1416.689
1416.939
1417.189
1417.439
1417.689
1417.939
1418.189
1418.439
1418.689
1418.939
1419.189
1419.439
1419.689
1419.939
1420.189
1420.439
1420.689
1420.939
1421.189
1421.439
1421.689
1421.939
1422.189
1423.189
1424.189
1425.189
1426.189
1427.189
1428.189
1429.189
1430.189
1431.189
1432.189
1433.189
1434.189
1435.189
1436.189
1437.189
1438.189
1439.189
1440.189
1441.189
1442.189
1442.439
1442.689
1442.939
1443.189
1443.439
1443.689
1443.939
1444.189
1444.439
1444.689
1444.939
1445.189
1445.439
1445.689
1445.939
1446.189
1446.439
1446.689
1446.939
1447.189
1447.439
1447.689
1447.939
1448.189
1448.439
1448.689
1448.939
1449.189
1449.439
1449.689
1449.939
1450.189
1450.439
1450.689
1450.939
1451.189
1451.439
1451.689
1451.939
1452.189
1452.439
1452.689
1452.939
1453.189
1453.439
1453.689
1453.939
1454.189
1454.439
1454.689
1454.939
1455.189
1455.439
1455.689
1455.938
1456.188
1456.438
1456.688
1456.938
1457.188
1457.438
1457.688
1457.938
1458.188
1458.438
1458.688
1458.938
1459.188
1459.438
1459.688
1459.938
1460.188
1460.438
1460.688
1460.938
1461.188
1461.438
1461.688
1461.938
1462.188
1463.188
1464.188
1465.188
1466.188
1467.188
1468.188
1469.188
1470.188
1471.188
1472.188
1473.188
1474.188
1475.188
1476.188
1477.188
1478.188
1479.188
1480.188
1481.188
1482.188
1483.188
1484.188
1485.188
1486.188
1487.188
1488.188
1489.188
1490.188
1491.188
1492.188
1493.188
1494.188
1495.188
1496.188
1497.188
1498.188
1499.188
1500.188
1501.188
1502.188
1502.438
1502.688
1502.938
1503.188
1503.438
1503.688
1503.938
1504.188
1504.438
1504.688
1504.938
1505.188
1505.438
1505.688
1505.938
1506.188
1506.438
1506.688
1506.938
1507.188
1507.438
1507.688
1507.938
1508.188
1508.438
1508.688
1508.938
1509.188
1509.438
1509.688
1509.938
1510.188
1510.438
1510.688
1510.938
1511.188
1511.438
1511.688
1511.938
1512.188
1512.438
1512.688
1512.938
1513.188
1513.438
1513.688
1513.938
1514.188
1514.438
1514.688
1514.938
1515.188
1515.438
1515.688
1515.938
1516.188
1516.438
1516.688
1516.938
1517.188
1517.438
1517.688
1517.938
1518.188
1518.438
1518.688
1518.938
1519.188
1519.438
1519.688
1519.938
1520.188
1520.438
1520.688
1520.938
1521.188
1521.438
1521.688
1521.938
1522.188
1523.188
1524.188
1525.188
1526.188
1527.188
1528.188
1529.188
1530.188
1531.188
1532.188
1533.188
1534.188
1535.188
1536.188
1537.188
1538.188
1539.188
1540.188
1541.188
1542.188
1543.188
1544.188
1545.188
1546.188
1547.188
1548.188
1549.188
1550.188
1551.188
1552.188
1553.188
1554.188
1555.188
1556.188
1557.188
1558.188
1559.188
1560.188
1561.188
1562.188
1562.438
1562.688
1562.938
1563.188
1563.438
1563.688
1563.938
1564.188
1564.438
1564.688
1564.938
1565.188
1565.438
1565.688
1565.938
1566.188
1566.438
1566.688
1566.938
1567.188
1567.438
1567.688
1567.938
1568.188
1568.438
1568.688
1568.938
1569.188
1569.438
1569.688
1569.938
1570.188
1570.438
1570.688
1570.938
1571.188
1571.438
1571.688
1571.938
1572.188
1572.438
1572.688
1572.938
1573.188
1573.438
1573.688
1573.938
1574.188
1574.438
1574.688
1574.938
1575.188
1575.438
1575.688
1575.938
1576.188
1576.438
1576.688
1576.938
1577.188
1577.438
1577.688
1577.938
1578.188
1578.438
1578.688
1578.938
1579.188
1579.438
1579.688
1579.938
1580.188
1580.438
1580.688
1580.938
1581.188
1581.438
1581.688
1581.938
1582.188
1583.187
1584.187
1585.187
1586.187
1587.187
1588.187
1589.187
1590.187
1591.187
1592.187
1593.187
1594.187
1595.187
1596.187
1597.187
1598.187
1599.187
1600.187
1601.187
1602.187
1603.187
1604.187
1605.187
1606.187
1607.187
1608.187
1609.187
1610.187
1611.187
1612.187
1613.187
1614.187
1615.187
1616.187
1617.187
1618.187
1619.187
1620.187
1621.187
1622.187
1622.437
1622.687
1622.937
1623.187
1623.437
1623.687
1623.937
1624.187
1624.437
1624.687
1624.937
1625.187
1625.437
1625.687
1625.937
1626.187
1626.437
1626.687
1626.937
1627.187
1627.437
1627.687
1627.937
1628.187
1628.437
1628.687
1628.937
1629.187
1629.437
1629.687
1629.937
1630.187
1630.437
1630.687
1630.937
1631.187
1631.437
1631.687
1631.937
1632.187
1632.437
1632.687
1632.937
1633.187
1633.437
1633.687
1633.937
1634.187
1634.437
1634.687
1634.937
1635.187
1635.437
1635.687
1635.937
1636.187
1636.437
1636.687
1636.937
1637.187
1637.437
1637.687
1637.937
1638.187
1638.437
1638.687
1638.937
1639.187
1639.437
1639.687
1639.937
1640.187
1640.437
1640.687
1640.937
1641.187
1641.437
1641.687
1641.937
1642.187
1643.187
1644.187
1645.187
1646.187
1647.187
1648.187
1649.187
1650.187
1651.187
1652.187
1653.187
1654.187
1655.187
1656.187
1657.187
1658.187
1659.187
1660.187
1661.187
1662.187
1663.187
1664.187
1665.187
1666.187
1667.187
1668.187
1669.187
1670.187
1671.187
1672.187
1673.187
1674.187
1675.187
1676.187
1677.187
1678.187
1679.187
1680.187
1681.187
1682.187
1683.187
1684.187
1685.187
1686.187
1687.187
1688.187
1689.187
1690.187
1691.187
1692.187
1693.187
1694.187
1695.187
1696.187
1697.187
1698.187
1699.187
1700.187
1701.187
1702.187
1703.187
1704.187
1705.187
1706.187
1707.187
1708.187
1709.186
1710.186
1711.186
1712.186
1713.186
1714.186
1715.186
1716.186
1717.186
1718.186
1719.186
1720.186
1721.186
1722.186
1723.186
1724.186
1725.186
1726.186
1727.186
1728.186
1729.186
1730.186
1731.186
1732.186
1733.186
1734.186
1735.186
1736.186
1737.186
1738.186
1739.186
1740.186
1741.186
1742.186
1742.436
1742.686
1742.936
1743.186
1743.436
1743.686
1743.936
1744.186
1744.436
1744.686
1744.936
1745.186
1745.436
1745.686
1745.936
1746.186
1746.436
1746.686
1746.936
1747.186
1747.436
1747.686
1747.936
1748.186
1748.436
1748.686
1748.936
1749.186
1749.436
1749.686
1749.936
1750.186
1750.436
1750.686
1750.936
1751.186
1751.436
1751.686
1751.936
1752.186
1753.186
1754.186
1755.186
1756.186
1757.186
1758.186
1759.186
1760.186
1761.186
1762.186
1762.436
1762.686
1762.936
1763.186
1763.436
1763.686
1763.936
1764.186
1764.436
1764.686
1764.936
1765.186
1765.436
1765.686
1765.936
1766.186
1766.436
1766.686
1766.936
1767.186
1767.436
1767.686
1767.936
1768.186
1768.436
1768.686
1768.936
1769.186
1769.436
1769.686
1769.936
1770.186
1770.436
1770.686
1770.936
1771.186
1771.436
1771.686
1771.936
1772.186
1773.186
1774.186
1775.186
1776.186
1777.186
1778.186
1779.186
1780.186
1781.186
1782.186
1782.436
1782.686
1782.936
1783.186
1783.436
1783.686
1783.936
1784.186
1784.436
1784.686
1784.936
1785.186
1785.436
1785.686
1785.936
1786.186
1786.436
1786.686
1786.936
1787.186
1787.436
1787.686
1787.936
1788.186
1788.436
1788.686
1788.936
1789.186
1789.436
1789.686
1789.936
1790.186
1790.436
1790.686
1790.936
1791.186
1791.436
1791.686
1791.936
1792.186
1793.186
1794.186
1795.186
1796.186
1797.186
1798.186
1799.186
1800.186
1801.186
1802.186
1802.436
1802.686
1802.936
1803.186
1803.436
1803.686
1803.936
1804.186
1804.436
1804.686
1804.936
1805.186
1805.436
1805.686
1805.936
1806.186
1806.436
1806.686
1806.936
1807.186
1807.436
1807.686
1807.936
1808.186
1808.436
1808.686
1808.936
1809.186
1809.436
1809.686
1809.936
1810.186
1810.436
1810.686
1810.936
1811.186
1811.436
1811.686
1811.936
1812.186
1812.436
1812.686
1812.936
1813.186
1813.436
1813.686
1813.936
1814.186
1814.436
1814.686
1814.936
1815.186
1815.436
1815.686
1815.936
1816.186
1816.436
1816.686
1816.936
1817.186
1818.186
1819.186
1820.186
1821.186
1822.186
1823.186
1824.186
1825.186
1826.186
1827.186
1828.186
1829.186
1830.186
1831.186
1832.186
1832.436
1832.686
1832.936
1833.186
1833.436
1833.686
1833.936
1834.186
1834.436
1834.686
1834.936
1835.186
1835.436
1835.685
1835.935
1836.185
1836.435
1836.685
1836.935
1837.185
1837.435
1837.685
1837.935
1838.185
1838.435
1838.685
1838.935
1839.185
1839.435
1839.685
1839.935
1840.185
1840.435
1840.685
1840.935
1841.185
1841.435
1841.685
1841.935
1842.185
1842.435
1842.685
1842.935
1843.185
1843.435
1843.685
1843.935
1844.185
1844.435
1844.685
1844.935
1845.185
1845.435
1845.685
1845.935
1846.185
1846.435
1846.685
1846.935
1847.185
1848.185
1849.185
1850.185
1851.185
1852.185
1853.185
1854.185
1855.185
1856.185
1857.185
1858.185
1859.185
1860.185
1861.185
1862.185
1862.435
1862.685
1862.935
1863.185
1863.435
1863.685
1863.935
1864.185
1864.435
1864.685
1864.935
1865.185
1865.435
1865.685
1865.935
1866.185
1866.435
1866.685
1866.935
1867.185
1867.435
1867.685
1867.935
1868.185
1868.435
1868.685
1868.935
1869.185
1869.435
1869.685
1869.935
1870.185
1870.435
1870.685
1870.935
1871.185
1871.435
1871.685
1871.935
1872.185
1872.435
1872.685
1872.935
1873.185
1873.435
1873.685
1873.935
1874.185
1874.435
1874.685
1874.935
1875.185
1875.435
1875.685
1875.935
1876.185
1876.435
1876.685
1876.935
1877.185
1877.435
1877.685
1877.935
1878.185
1878.435
1878.685
1878.935
1879.185
1879.435
1879.685
1879.935
1880.185
1880.435
1880.685
1880.935
1881.185
1881.435
1881.685
1881.935
1882.185
1883.185
1884.185
1885.185
1886.185
1887.185
1888.185
1889.185
1890.185
1891.185
1892.185
1892.435
1892.685
1892.935
1893.185
1893.435
1893.685
1893.935
1894.185
1894.435
1894.685
1894.935
1895.185
1895.435
1895.685
1895.935
1896.185
1896.435
1896.685
1896.935
1897.185
1897.435
1897.685
1897.935
1898.185
1898.435
1898.685
1898.935
1899.185
1899.435
1899.685
1899.935
1900.185
1900.435
1900.685
1900.935
1901.185
1901.435
1901.685
1901.935
1902.185
1902.435
1902.685
1902.935
1903.185
1903.435
1903.685
1903.935
1904.185
1904.435
1904.685
1904.935
1905.185
1905.435
1905.685
1905.935
1906.185
1906.435
1906.685
1906.935
1907.185
1907.435
1907.685
1907.935
1908.185
1908.435
1908.685
1908.935
1909.185
1909.435
1909.685
1909.935
1910.185
1910.435
1910.685
1910.935
1911.185
1911.435
1911.685
1911.935
1912.185
1913.185
1914.185
1915.185
1916.185
1917.185
1918.185
1919.185
1920.185
1921.185
1922.185
1922.435
1922.685
1922.935
1923.185
1923.435
1923.685
1923.935
1924.185
1924.435
1924.685
1924.935
1925.185
1925.435
1925.685
1925.935
1926.185
1926.435
1926.685
1926.935
1927.185
1927.435
1927.685
1927.935
1928.185
1928.435
1928.685
1928.935
1929.185
1929.435
1929.685
1929.935
1930.185
1930.435
1930.685
1930.935
1931.185
1931.435
1931.685
1931.935
1932.185
1932.435
1932.685
1932.935
1933.185
1933.435
1933.685
1933.935
1934.185
1934.435
1934.685
1934.935
1935.185
1935.435
1935.685
1935.935
1936.185
1936.435
1936.685
1936.935
1937.185
1938.185
1939.185
1940.185
1941.185
1942.185
1943.185
1944.185
1945.185
1946.185
1947.185
1948.185
1949.185
1950.185
1951.185
1952.185
1952.435
1952.685
1952.935
1953.185
1953.435
1953.685
1953.935
1954.185
1954.435
1954.685
1954.935
1955.185
1955.435
1955.685
1955.935
1956.185
1956.435
1956.685
1956.935
1957.185
1957.435
1957.685
1957.935
1958.185
1958.435
1958.685
1958.935
1959.185
1959.435
1959.685
1959.935
1960.185
1960.435
1960.685
1960.935
1961.185
1961.435
1961.685
1961.935
1962.184
1962.434
1962.684
1962.934
1963.184
1963.434
1963.684
1963.934
1964.184
1964.434
1964.684
1964.934
1965.184
1965.434
1965.684
1965.934
1966.184
1966.434
1966.684
1966.934
1967.184
1968.184
1969.184
1970.184
1971.184
1972.184
1973.184
1974.184
1975.184
1976.184
1977.184
1978.184
1979.184
1980.184
1981.184
1982.184
1982.434
1982.684
1982.934
1983.184
1983.434
1983.684
1983.934
1984.184
1984.434
1984.684
1984.934
1985.184
1985.434
1985.684
1985.934
1986.184
1986.434
1986.684
1986.934
1987.184
1987.434
1987.684
1987.934
1988.184
1988.434
1988.684
1988.934
1989.184
1989.434
1989.684
1989.934
1990.184
1990.434
1990.684
1990.934
1991.184
1991.434
1991.684
1991.934
1992.184
1993.184
1994.184
1995.184
1996.184
1997.184
1998.184
1999.184
2000.184
2001.184
2002.184
2002.434
2002.684
2002.934
2003.184
2003.434
2003.684
2003.934
2004.184
2004.434
2004.684
2004.934
2005.184
2005.434
2005.684
2005.934
2006.184
2006.434
2006.684
2006.934
2007.184
2007.434
2007.684
2007.934
2008.184
2008.434
2008.684
2008.934
2009.184
2009.434
2009.684
2009.934
2010.184
2010.434
2010.684
2010.934
2011.184
2011.434
2011.684
2011.934
2012.184
2013.184
2014.184
2015.184
2016.184
2017.184
2018.184
2019.184
2020.184
2021.184
2022.184
2022.434
2022.684
2022.934
2023.184
2023.434
2023.684
2023.934
2024.184
2024.434
2024.684
2024.934
2025.184
2025.434
2025.684
2025.934
2026.184
2026.434
2026.684
2026.934
2027.184
2027.434
2027.684
2027.934
2028.184
2028.434
2028.684
2028.934
2029.184
2029.434
2029.684
2029.934
2030.184
2030.434
2030.684
2030.934
2031.184
2031.434
2031.684
2031.934
2032.184
2033.184
2034.184
2035.184
2036.184
2037.184
2038.184
2039.184
2040.184
2041.184
2042.184
2042.434
2042.684
2043.184
2043.434
2043.684
2044.184
2044.434
2044.684
2045.184
2045.434
2045.684
2046.184
2046.434
2046.684
2047.184
2047.434
2047.684
2048.184
2048.434
2048.684
2049.184
2049.434
2049.684
2050.184
2050.434
2050.684
2051.184
2051.434
2051.684
2052.184
2052.434
2052.684
2053.184
2053.434
2053.684
2054.184
2054.434
2054.684
2055.184
2055.434
2055.684
2056.184
2056.434
2056.684
2057.184
2057.434
2057.684
2058.184
2058.434
2058.684
2059.184
2059.434
2059.684
2060.184
2060.434
2060.684
2061.184
2061.434
2061.684
2062.184
2062.434
2062.684
2063.184
2063.434
2063.684
2064.184
2064.434
2064.684
2065.184
2065.434
2065.684
2066.184
2066.434
2066.684
2067.184
2067.434
2067.684
2068.184
2069.184
2070.184
2071.184
2072.184
2073.184
2074.184
2075.184
2076.184
2077.184
2078.184
2079.184
2080.184
2080.434
2080.684
2080.934
2081.184
2081.434
2081.684
2081.934
2082.184
2082.434
2082.684
2082.934
2083.184
2083.434
2083.684
2083.934
2084.184
2084.434
2084.684
2084.934
2085.184
2085.434
2085.684
2085.934
2086.184
2086.434
2086.684
2086.934
2087.184
2087.434
2087.684
2087.934
2088.184
2088.434
2088.684
2088.933
2089.183
2089.433
2089.683
2089.933
2090.183
2091.183
2092.183
2093.183
2094.183
2095.183
2096.183
2097.183
2098.183
2099.183
2100.183
2101.183
2102.183
2102.433
2102.683
2102.933
2103.183
2104.183
2105.183
2105.433
2105.683
2105.933
2106.183
2107.183
2108.183
2108.433
2108.683
2108.933
2109.183
2110.183
2111.183
2111.433
2111.683
2111.933
2112.183
2113.183
2114.183
2114.433
2114.683
2114.933
2115.183
2116.183
2117.183
2117.433
2117.683
2117.933
2118.183
2119.183
2120.183
2120.433
2120.683
2120.933
2121.183
2122.183
2123.183
2123.433
2123.683
2123.933
2124.183
2125.183
2126.183
2126.433
2126.683
2126.933
2127.183
2128.183
2129.183
2130.183
2131.183
2132.183
2133.183
2134.183
2135.183
2136.183
2137.183
2138.183
2139.183
2140.183
2140.433
2140.683
2140.933
2141.183
2141.433
2141.683
2141.933
2142.183
2142.433
2142.683
2142.933
2143.183
2143.433
2143.683
2143.933
2144.183
2144.433
2144.683
2144.933
2145.183
2145.433
2145.683
2145.933
2146.183
2146.433
2146.683
2146.933
2147.183
2147.433
2147.683
2147.933
2148.183
2148.433
2148.683
2148.933
2149.183
2149.433
2149.683
2149.933
2150.183
2151.183
2152.183
2153.183
2154.183
2155.183
2156.183
2157.183
2158.183
2159.183
2160.183
2161.183
2162.183
2162.433
2162.683
2163.183
2163.433
2163.683
2164.183
2164.433
2164.683
2165.183
2165.433
2165.683
2166.183
2166.433
2166.683
2167.183
2167.433
2167.683
2168.183
2168.433
2168.683
2169.183
2169.433
2169.683
2170.183
2170.433
2170.683
2171.183
2171.433
2171.683
2172.183
2172.433
2172.683
2173.183
2173.433
2173.683
2174.183
2174.433
2174.683
2175.183
2175.433
2175.683
2176.183
2176.433
2176.683
2177.183
2177.433
2177.683
2178.183
2178.433
2178.683
2179.183
2179.433
2179.683
2180.183
2180.433
2180.683
2181.183
2181.433
2181.683
2182.183
2182.433
2182.683
2183.183
2183.433
2183.683
2184.183
2184.433
2184.683
2185.183
2185.433
2185.683
2186.183
2186.433
2186.683
2187.183
2187.433
2187.683
2188.183
2189.183
2190.183
2191.183
2192.183
2193.183
2194.183
2195.183
2196.183
2197.183
2198.183
2199.183
2200.183
2200.433
2200.683
2200.933
2201.183
2201.433
2201.683
2201.933
2202.183
2202.433
2202.683
2202.933
2203.183
2203.433
2203.683
2203.933
2204.183
2204.433
2204.683
2204.933
2205.183
2205.433
2205.683
2205.933
2206.183
2206.433
2206.683
2206.933
2207.183
2207.433
2207.683
2207.933
2208.183
2208.433
2208.683
2208.933
2209.183
2209.433
2209.683
2209.933
2210.183
2211.183
2212.183
2213.183
2214.183
2215.183
2216.182
2217.182
2218.182
2219.182
2220.182
2221.182
2222.182
2222.432
2222.682
2222.932
2223.182
2224.182
2225.182
2225.432
2225.682
2225.932
2226.182
2227.182
2228.182
2228.432
2228.682
2228.932
2229.182
2230.182
2231.182
2231.432
2231.682
2231.932
2232.182
2233.182
2234.182
2234.432
2234.682
2234.932
2235.182
2236.182
2237.182
2237.432
2237.682
2237.932
2238.182
2239.182
2240.182
2240.432
2240.682
2240.932
2241.182
2242.182
2243.182
2243.432
2243.682
2243.932
2244.182
2245.182
2246.182
2246.432
2246.682
2246.932
2247.182
2248.182
2249.182
2250.182
2251.182
2252.182
2253.182
2254.182
2255.182
2256.182
2257.182
2258.182
2259.182
2260.182
2260.432
2260.682
2260.932
2261.182
2261.432
2261.682
2261.932
2262.182
2262.432
2262.682
2262.932
2263.182
2263.432
2263.682
2263.932
2264.182
2264.432
2264.682
2264.932
2265.182
2265.432
2265.682
2265.932
2266.182
2266.432
2266.682
2266.932
2267.182
2267.432
2267.682
2267.932
2268.182
2268.432
2268.682
2268.932
2269.182
2269.432
2269.682
2269.932
2270.182
2271.182
2272.182
2273.182
2274.182
2275.182
2276.182
2277.182
2278.182
2279.182
2280.182
2281.182
2282.182
2283.182
2284.182
2285.182
2286.182
2287.182
2288.182
2289.182
2290.182
2291.182
2292.182
2293.182
2294.182
2295.182
2296.182
2297.182
2298.182
2299.182
2300.182
2301.182
2302.182
2303.182
2304.182
2305.182
2306.182
2307.182
2308.182
2309.182
2310.182
2311.182
2312.182
2313.182
2314.182
2315.182
2316.182
2317.182
2318.182
2319.182
2320.182
2321.182
2322.182
2323.182
2324.182
2325.182
2326.182
2327.182
2328.182
2329.182
2330.182
2331.182
2332.182
2333.182
2334.182
2335.182
2336.182
2337.182
2338.182
2339.182
2340.182
2341.182
2342.181
2342.431
2342.681
2342.931
2343.181
2343.431
2343.681
2343.931
2344.181
2344.431
2344.681
2344.931
2345.181
2345.431
2345.681
2345.931
2346.181
2346.431
2346.681
2346.931
2347.181
2347.431
2347.681
2347.931
2348.181
2348.431
2348.681
2348.931
2349.181
2349.431
2349.681
2349.931
2350.181
2350.431
2350.681
2350.931
2351.181
2351.431
2351.681
2351.931
2352.181
2353.181
2354.181
2355.181
2356.181
2357.181
2358.181
2359.181
2360.181
2361.181
2362.181
2362.431
2362.681
2362.931
2363.181
2363.431
2363.681
2363.931
2364.181
2364.431
2364.681
2364.931
2365.181
2365.431
2365.681
2365.931
2366.181
2366.431
2366.681
2366.931
2367.181
2367.431
2367.681
2367.931
2368.181
2368.431
2368.681
2368.931
2369.181
2369.431
2369.681
2369.931
2370.181
2370.431
2370.681
2370.931
2371.181
2371.431
2371.681
2371.931
2372.181
2373.181
2374.181
2375.181
2376.181
2377.181
2378.181
2379.181
2380.181
2381.181
2382.181
2382.431
2382.681
2382.931
2383.181
2383.431
2383.681
2383.931
2384.181
2384.431
2384.681
2384.931
2385.181
2385.431
2385.681
2385.931
2386.181
2386.431
2386.681
2386.931
2387.181
2387.431
2387.681
2387.931
2388.181
2388.431
2388.681
2388.931
2389.181
2389.431
2389.681
2389.931
2390.181
2390.431
2390.681
2390.931
2391.181
2391.431
2391.681
2391.931
2392.181
2393.181
2394.181
2395.181
2396.181
2397.181
2398.181
2399.181
2400.181
2401.181
2402.181
2402.431
2402.681
2402.931
2403.181
2403.431
2403.681
2403.931
2404.181
2404.431
2404.681
2404.931
2405.181
2405.431
2405.681
2405.931
2406.181
2406.431
2406.681
2406.931
2407.181
2407.431
2407.681
2407.931
2408.181
2408.431
2408.681
2408.931
2409.181
2409.431
2409.681
2409.931
2410.181
2410.431
2410.681
2410.931
2411.181
2411.431
2411.681
2411.931
2412.181
2412.431
2412.681
2412.931
2413.181
2413.431
2413.681
2413.931
2414.181
2414.431
2414.681
2414.931
2415.181
2415.431
2415.681
2415.931
2416.181
2416.431
2416.681
2416.931
2417.181
2418.181
2419.181
2420.181
2421.181
2422.181
2423.181
2424.181
2425.181
2426.181
2427.181
2428.181
2429.181
2430.181
2431.181
2432.181
2432.431
2432.681
2432.931
2433.181
2433.431
2433.681
2433.931
2434.181
2434.431
2434.681
2434.931
2435.181
2435.431
2435.681
2435.931
2436.181
2436.431
2436.681
2436.931
2437.181
2437.431
2437.681
2437.931
2438.181
2438.431
2438.681
2438.931
2439.181
2439.431
2439.681
2439.931
2440.181
2440.431
2440.681
2440.931
2441.181
2441.431
2441.681
2441.931
2442.181
2442.431
2442.681
2442.931
2443.181
2443.431
2443.681
2443.931
2444.181
2444.431
2444.681
2444.931
2445.181
2445.431
2445.681
2445.931
2446.181
2446.431
2446.681
2446.931
2447.181
2448.181
2449.181
2450.181
2451.181
2452.181
2453.181
2454.181
2455.181
2456.181
2457.181
2458.181
2459.181
2460.181
2461.181
2462.181
2462.431
2462.681
2462.931
2463.181
2463.431
2463.681
2463.931
2464.181
2464.431
2464.681
2464.931
2465.181
2465.431
2465.681
2465.931
2466.181
2466.431
2466.681
2466.931
2467.181
2467.431
2467.681
2467.931
2468.181
2468.431
2468.680
2468.930
2469.180
2469.430
2469.680
2469.930
2470.180
2470.430
2470.680
2470.930
2471.180
2471.430
2471.680
2471.930
2472.180
2472.430
2472.680
2472.930
2473.180
2473.430
2473.680
2473.930
2474.180
2474.430
2474.680
2474.930
2475.180
2475.430
2475.680
2475.930
2476.180
2476.430
2476.680
2476.930
2477.180
2477.430
2477.680
2477.930
2478.180
2478.430
2478.680
2478.930
2479.180
2479.430
2479.680
2479.930
2480.180
2480.430
2480.680
2480.930
2481.180
2481.430
2481.680
2481.930
2482.180
2483.180
2484.180
2485.180
2486.180
2487.180
2488.180
2489.180
2490.180
2491.180
2492.180
2492.430
2492.680
2492.930
2493.180
2493.430
2493.680
2493.930
2494.180
2494.430
2494.680
2494.930
2495.180
2495.430
2495.680
2495.930
2496.180
2496.430
2496.680
2496.930
2497.180
2497.430
2497.680
2497.930
2498.180
2498.430
2498.680
2498.930
2499.180
2499.430
2499.680
2499.930
2500.180
2500.430
2500.680
2500.930
2501.180
2501.430
2501.680
2501.930
2502.180
2502.430
2502.680
2502.930
2503.180
2503.430
2503.680
2503.930
2504.180
2504.430
2504.680
2504.930
2505.180
2505.430
2505.680
2505.930
2506.180
2506.430
2506.680
2506.930
2507.180
2507.430
2507.680
2507.930
2508.180
2508.430
2508.680
2508.930
2509.180
2509.430
2509.680
2509.930
2510.180
2510.430
2510.680
2510.930
2511.180
2511.430
2511.680
2511.930
2512.180
2513.180
2514.180
2515.180
2516.180
2517.180
2518.180
2519.180
2520.180
2521.180
2522.180
2522.430
2522.680
2522.930
2523.180
2523.430
2523.680
2523.930
2524.180
2524.430
2524.680
2524.930
2525.180
2525.430
2525.680
2525.930
2526.180
2526.430
2526.680
2526.930
2527.180
2527.430
2527.680
2527.930
2528.180
2528.430
2528.680
2528.930
2529.180
2529.430
2529.680
2529.930
2530.180
2530.430
2530.680
2530.930
2531.180
2531.430
2531.680
2531.930
2532.180
2532.430
2532.680
2532.930
2533.180
2533.430
2533.680
2533.930
2534.180
2534.430
2534.680
2534.930
2535.180
2535.430
2535.680
2535.930
2536.180
2536.430
2536.680
2536.930
2537.180
2538.180
2539.180
2540.180
2541.180
2542.180
2543.180
2544.180
2545.180
2546.180
2547.180
2548.180
2549.180
2550.180
2551.180
2552.180
2552.430
2552.680
2552.930
2553.180
2553.430
2553.680
2553.930
2554.180
2554.430
2554.680
2554.930
2555.180
2555.430
2555.680
2555.930
2556.180
2556.430
2556.680
2556.930
2557.180
2557.430
2557.680
2557.930
2558.180
2558.430
2558.680
2558.930
2559.180
2559.430
2559.680
2559.930
2560.180
2560.430
2560.680
2560.930
2561.180
2561.430
2561.680
2561.930
2562.180
2562.430
2562.680
2562.930
2563.180
2563.430
2563.680
2563.930
2564.180
2564.430
2564.680
2564.930
2565.180
2565.430
2565.680
2565.930
2566.180
2566.430
2566.680
2566.930
2567.180
2568.180
2569.180
2570.180
2571.180
2572.180
2573.180
2574.180
2575.180
2576.180
2577.180
2578.180
2579.180
2580.180
2581.180
2582.180
2582.430
2582.680
2582.930
2583.180
2583.430
2583.680
2583.930
2584.180
2584.430
2584.680
2584.930
2585.180
2585.430
2585.680
2585.930
2586.180
2586.430
2586.680
2586.930
2587.180
2587.430
2587.680
2587.930
2588.180
2588.430
2588.680
2588.930
2589.180
2589.430
2589.680
2589.930
2590.180
2590.430
2590.680
2590.930
2591.180
2591.430
2591.680
2591.930
2592.180
2593.180
2594.180
2595.179
2596.179
2597.179
2598.179
2599.179
2600.179
2601.179
2602.179
2602.429
2602.679
2602.929
2603.179
2603.429
2603.679
2603.929
2604.179
2604.429
2604.679
2604.929
2605.179
2605.429
2605.679
2605.929
2606.179
2606.429
2606.679
2606.929
2607.179
2607.429
2607.679
2607.929
2608.179
2608.429
2608.679
2608.929
2609.179
2609.429
2609.679
2609.929
2610.179
2610.429
2610.679
2610.929
2611.179
2611.429
2611.679
2611.929
2612.179
2613.179
2614.179
2615.179
2616.179
2617.179
2618.179
2619.179
2620.179
2621.179
2622.179
2622.429
2622.679
2622.929
2623.179
2623.429
2623.679
2623.929
2624.179
2624.429
2624.679
2624.929
2625.179
2625.429
2625.679
2625.929
2626.179
2626.429
2626.679
2626.929
2627.179
2627.429
2627.679
2627.929
2628.179
2628.429
2628.679
2628.929
2629.179
2629.429
2629.679
2629.929
2630.179
2630.429
2630.679
2630.929
2631.179
2631.429
2631.679
2631.929
2632.179
2633.179
2634.179
2635.179
2636.179
2637.179
2638.179
2639.179
2640.179
2641.179
2642.179
2642.429
2642.679
2643.179
2643.429
2643.679
2644.179
2644.429
2644.679
2645.179
2645.429
2645.679
2646.179
2646.429
2646.679
2647.179
2647.429
2647.679
2648.179
2648.429
2648.679
2649.179
2649.429
2649.679
2650.179
2650.429
2650.679
2651.179
2651.429
2651.679
2652.179
2652.429
2652.679
2653.179
2653.429
2653.679
2654.179
2654.429
2654.679
2655.179
2655.429
2655.679
2656.179
2656.429
2656.679
2657.179
2657.429
2657.679
2658.179
2658.429
2658.679
2659.179
2659.429
2659.679
2660.179
2660.429
2660.679
2661.179
2661.429
2661.679
2662.179
2662.429
2662.679
2663.179
2663.429
2663.679
2664.179
2664.429
2664.679
2665.179
2665.429
2665.679
2666.179
2666.429
2666.679
2667.179
2667.429
2667.679
2668.179
2669.179
2670.179
2671.179
2672.179
2673.179
2674.179
2675.179
2676.179
2677.179
2678.179
2679.179
2680.179
2680.429
2680.679
2680.929
2681.179
2681.429
2681.679
2681.929
2682.179
2682.429
2682.679
2682.929
2683.179
2683.429
2683.679
2683.929
2684.179
2684.429
2684.679
2684.929
2685.179
2685.429
2685.679
2685.929
2686.179
2686.429
2686.679
2686.929
2687.179
2687.429
2687.679
2687.929
2688.179
2688.429
2688.679
2688.929
2689.179
2689.429
2689.679
2689.929
2690.179
2691.179
2692.179
2693.179
2694.179
2695.179
2696.179
2697.179
2698.179
2699.179
2700.179
2701.179
2702.179
2702.429
2702.679
2702.929
2703.179
2704.179
2705.179
2705.429
2705.679
2705.929
2706.179
2707.179
2708.179
2708.429
2708.679
2708.929
2709.179
2710.179
2711.179
2711.429
2711.679
2711.929
2712.179
2713.179
2714.179
2714.429
2714.679
2714.929
2715.179
2716.179
2717.179
2717.429
2717.679
2717.929
2718.179
2719.179
2720.179
2720.429
2720.679
2720.929
2721.179
2722.178
2723.178
2723.428
2723.678
2723.928
2724.178
2725.178
2726.178
2726.428
2726.678
2726.928
2727.178
2728.178
2729.178
2730.178
2731.178
2732.178
2733.178
2734.178
2735.178
2736.178
2737.178
2738.178
2739.178
2740.178
2740.428
2740.678
2740.928
2741.178
2741.428
2741.678
2741.928
2742.178
2742.428
2742.678
2742.928
2743.178
2743.428
2743.678
2743.928
2744.178
2744.428
2744.678
2744.928
2745.178
2745.428
2745.678
2745.928
2746.178
2746.428
2746.678
2746.928
2747.178
2747.428
2747.678
2747.928
2748.178
2748.428
2748.678
2748.928
2749.178
2749.428
2749.678
2749.928
2750.178
2751.178
2752.178
2753.178
2754.178
2755.178
2756.178
2757.178
2758.178
2759.178
2760.178
2761.178
2762.178
2762.428
2762.678
2763.178
2763.428
2763.678
2764.178
2764.428
2764.678
2765.178
2765.428
2765.678
2766.178
2766.428
2766.678
2767.178
2767.428
2767.678
2768.178
2768.428
2768.678
2769.178
2769.428
2769.678
2770.178
2770.428
2770.678
2771.178
2771.428
2771.678
2772.178
2772.428
2772.678
2773.178
2773.428
2773.678
2774.178
2774.428
2774.678
2775.178
2775.428
2775.678
2776.178
2776.428
2776.678
2777.178
2777.428
2777.678
2778.178
2778.428
2778.678
2779.178
2779.428
2779.678
2780.178
2780.428
2780.678
2781.178
2781.428
2781.678
2782.178
2782.428
2782.678
2783.178
2783.428
2783.678
2784.178
2784.428
2784.678
2785.178
2785.428
2785.678
2786.178
2786.428
2786.678
2787.178
2787.428
2787.678
2788.178
2789.178
2790.178
2791.178
2792.178
2793.178
2794.178
2795.178
2796.178
2797.178
2798.178
2799.178
2800.178
2800.428
2800.678
2800.928
2801.178
2801.428
2801.678
2801.928
2802.178
2802.428
2802.678
2802.928
2803.178
2803.428
2803.678
2803.928
2804.178
2804.428
2804.678
2804.928
2805.178
2805.428
2805.678
2805.928
2806.178
2806.428
2806.678
2806.928
2807.178
2807.428
2807.678
2807.928
2808.178
2808.428
2808.678
2808.928
2809.178
2809.428
2809.678
2809.928
2810.178
2811.178
2812.178
2813.178
2814.178
2815.178
2816.178
2817.178
2818.178
2819.178
2820.178
2821.178
2822.178
2822.428
2822.678
2822.928
2823.178
2824.178
2825.178
2825.428
2825.678
2825.928
2826.178
2827.178
2828.178
2828.428
2828.678
2828.928
2829.178
2830.178
2831.178
2831.428
2831.678
2831.928
2832.178
2833.178
2834.178
2834.428
2834.678
2834.928
2835.178
2836.178
2837.178
2837.428
2837.678
2837.928
2838.178
2839.178
2840.178
2840.428
2840.678
2840.928
2841.178
2842.178
2843.178
2843.428
2843.678
2843.928
2844.178
2845.178
2846.178
2846.428
2846.678
2846.928
2847.178
2848.178
2849.177
2850.177
2851.177
2852.177
2853.177
2854.177
2855.177
2856.177
2857.177
2858.177
2859.177
2860.177
2860.427
2860.677
2860.927
2861.177
2861.427
2861.677
2861.927
2862.177
2862.427
2862.677
2862.927
2863.177
2863.427
2863.677
2863.927
2864.177
2864.427
2864.677
2864.927
2865.177
2865.427
2865.677
2865.927
2866.177
2866.427
2866.677
2866.927
2867.177
2867.427
2867.677
2867.927
2868.177
2868.427
2868.677
2868.927
2869.177
2869.427
2869.677
2869.927
2870.177
2871.177
2872.177
2873.177
2874.177
2875.177
2876.177
2877.177
2878.177
2879.177
2880.177
2881.177
2882.177
2883.177
2884.177
2885.177
2886.177
2887.177
2888.177
2889.177
2890.177
2891.177
2892.177
2893.177
2894.177
2895.177
2896.177
2897.177
2898.177
2899.177
2900.177
2901.177
2902.177
2903.177
2904.177
2905.177
2906.177
2907.177
2908.177
2909.177
2910.177
2911.177
2912.177
2913.177
2914.177
2915.177
2916.177
2917.177
2918.177
2919.177
2920.177
2921.177
2922.177
2923.177
2924.177
2925.177
2926.177
2927.177
2928.177
2929.177
2930.177
2931.177
2932.177
2933.177
2934.177
2935.177
2936.177
2937.177
2938.177
2939.177
