28.462
28.929
29.396
29.863
30.330
30.797
31.265
31.732
32.216
32.683
33.150
33.617
34.084
34.551
35.018
35.485
35.969
36.436
36.904
37.371
37.838
38.305
38.772
39.239
39.723
40.190
40.657
41.124
41.592
42.059
42.526
42.993
43.460
43.927
44.394
44.861
45.329
45.796
46.263
46.730
47.214
47.681
48.148
48.615
49.082
49.550
50.017
50.484
50.968
51.435
51.902
52.369
52.836
53.303
53.770
54.238
54.721
55.188
55.656
56.123
56.590
57.057
57.524
57.991
58.475
58.942
59.409
59.760
59.993
60.327
60.794
61.261
61.612
61.862
62.212
62.679
63.146
63.497
63.730
64.081
64.548
65.015
65.365
65.616
65.966
66.433
66.900
67.251
67.484
67.834
68.302
68.769
69.119
69.369
69.720
70.187
70.654
71.004
71.238
71.588
72.055
72.522
72.873
73.123
73.473
74.174
74.875
75.342
76.043
76.743
77.210
77.911
78.612
79.079
79.780
80.480
80.964
81.665
82.366
82.833
83.533
84.234
84.718
85.419
86.119
86.587
87.287
87.988
88.472
89.172
89.873
90.340
91.041
91.742
92.225
92.926
93.610
94.077
94.778
95.479
95.963
96.196
96.430
96.663
96.897
97.130
97.364
97.597
97.831
98.065
98.298
98.532
98.765
98.999
99.232
99.483
99.716
99.950
100.183
100.417
100.651
100.884
101.118
101.351
101.585
101.818
102.052
102.286
102.519
102.753
103.470
103.937
104.404
104.871
105.339
105.806
106.273
106.740
107.224
107.691
108.158
108.625
109.092
109.559
110.027
110.477
110.961
111.428
111.895
112.362
112.829
113.297
113.764
114.231
114.715
115.182
115.649
116.116
116.583
117.050
117.517
117.985
118.468
118.935
119.403
119.870
120.337
120.804
121.271
121.738
122.222
122.689
123.156
123.624
124.091
124.558
125.025
125.492
125.976
126.443
126.893
127.361
127.828
128.295
128.762
129.229
129.713
130.180
130.647
131.114
131.581
132.049
132.516
132.983
137.220
137.921
138.622
139.089
139.790
140.490
140.974
141.675
142.376
142.843
143.527
144.227
144.711
145.412
146.113
146.580
147.280
147.981
148.465
149.166
149.866
150.334
151.034
151.735
152.219
152.686
153.153
153.503
153.737
154.087
154.554
155.022
155.372
155.622
155.972
156.440
156.907
157.257
157.491
157.841
158.308
158.775
159.126
159.376
159.726
160.193
160.644
160.994
161.228
161.578
162.045
162.512
162.863
163.113
163.463
163.930
164.398
164.748
164.981
165.332
165.799
166.266
166.616
166.867
167.217
167.684
168.151
168.502
168.735
169.086
169.553
170.020
170.370
170.620
170.971
171.438
171.905
172.255
172.489
172.839
173.306
173.774
174.124
174.374
174.725
174.958
175.192
175.425
175.659
175.892
176.126
176.360
176.593
176.827
177.044
177.277
177.511
177.744
177.978
178.228
178.462
178.695
178.929
179.162
179.396
179.629
179.863
180.097
180.330
180.564
180.797
181.031
181.264
181.498
181.732
182.215
182.682
183.150
183.617
184.084
184.551
185.018
185.485
185.969
186.436
186.903
187.371
187.838
188.305
188.772
189.239
189.723
190.190
190.657
191.124
191.591
192.059
192.526
192.993
193.477
193.927
194.394
194.861
195.328
195.796
196.263
196.730
197.214
197.681
198.148
198.615
199.082
199.549
200.016
200.484
200.967
201.435
201.902
202.369
202.836
203.303
203.770
204.237
204.721
205.188
205.655
206.123
206.590
207.057
207.524
207.991
208.475
208.942
209.409
209.876
210.327
210.794
211.261
211.728
212.212
212.446
212.679
212.913
213.146
213.380
213.613
213.847
214.081
214.314
214.548
214.781
215.015
215.248
215.482
215.732
215.966
216.199
216.433
216.666
216.900
217.134
217.367
217.601
217.834
218.068
218.301
218.535
218.769
219.002
219.236
219.486
219.720
219.953
220.187
220.420
220.654
220.887
221.121
221.354
221.588
221.822
222.055
222.289
222.522
222.756
222.989
223.240
223.473
223.707
223.940
224.174
224.408
224.641
224.875
225.108
225.342
225.575
225.809
226.042
226.276
226.510
226.743
226.977
227.210
227.677
228.145
228.612
229.079
229.546
230.013
230.480
230.964
231.431
231.898
232.365
232.833
233.300
233.767
234.234
234.718
235.185
235.652
236.119
236.586
237.053
237.521
237.988
238.472
238.939
239.406
239.873
240.340
240.807
241.274
241.741
258.291
258.775
259.259
259.493
260.210
260.694
261.178
261.411
262.129
262.612
263.096
263.330
264.064
264.531
265.015
265.265
265.982
266.466
266.933
267.184
267.901
268.385
268.869
269.102
269.820
270.287
270.771
271.004
271.721
272.205
272.689
272.923
273.657
274.124
274.608
274.858
275.575
276.059
276.526
276.776
277.494
277.978
278.462
278.695
279.412
279.896
280.380
280.614
281.331
281.815
282.299
282.532
283.266
283.733
284.217
284.468
285.185
285.669
286.136
286.386
287.087
287.571
288.054
288.288
289.005
293.326
293.810
294.294
294.778
295.262
295.729
296.213
296.696
297.180
297.664
298.131
298.615
299.099
299.583
300.066
300.534
301.017
301.501
301.985
302.469
302.936
303.403
303.887
304.371
304.855
305.322
305.806
306.289
306.773
307.257
307.724
308.208
308.692
309.176
309.659
310.126
310.610
311.094
311.578
312.062
312.529
313.013
313.497
313.980
314.464
314.931
315.415
315.899
316.383
316.867
317.334
317.818
318.301
318.785
319.269
319.736
320.203
320.687
321.171
321.655
322.122
322.606
323.089
323.573
324.057
324.291
324.524
325.008
325.258
325.492
325.976
326.209
326.459
326.927
327.177
327.410
327.894
328.128
328.378
328.862
329.095
329.329
329.813
330.063
330.297
330.780
331.014
331.264
331.731
331.982
332.215
332.699
332.933
333.183
333.667
333.900
334.134
334.618
334.868
335.101
335.585
335.819
336.069
336.536
336.770
337.003
337.487
337.721
337.971
338.455
338.688
338.922
339.406
339.890
340.373
340.857
341.324
341.808
342.292
342.776
343.260
343.727
344.211
344.694
345.178
345.662
346.129
346.613
347.097
347.581
348.064
348.532
349.015
349.499
349.983
350.467
350.934
351.418
351.902
352.385
352.869
353.320
353.803
354.287
354.771
355.255
355.722
356.206
356.690
357.173
357.657
358.124
358.608
359.092
359.576
360.060
360.527
361.011
361.494
361.978
362.462
362.929
363.413
363.897
364.381
364.864
365.332
365.815
366.299
366.783
367.267
367.734
368.218
368.702
369.185
369.669
370.120
370.604
371.087
371.571
372.055
372.522
373.006
373.490
373.974
374.457
374.925
375.408
375.892
376.376
376.860
377.327
377.811
378.295
378.778
379.262
379.729
380.213
380.697
381.181
381.665
382.132
382.616
383.099
383.583
384.067
384.534
385.018
385.502
385.986
386.469
386.920
387.404
387.887
388.371
388.855
389.322
389.806
390.290
390.774
391.258
391.725
392.208
392.692
393.176
393.660
394.127
394.611
395.095
395.579
396.062
396.529
397.013
397.497
397.981
398.465
398.932
399.416
399.899
400.383
400.867
401.101
401.334
401.585
401.818
402.068
402.302
402.786
403.019
403.270
403.486
403.720
403.970
404.204
404.688
404.921
405.171
405.405
405.655
405.889
406.122
406.606
406.856
407.090
407.324
407.574
407.807
408.058
408.525
408.775
409.009
409.259
409.492
409.726
409.976
410.460
410.694
410.927
411.177
411.411
411.661
411.895
412.379
412.862
413.330
413.813
414.297
414.781
415.265
415.732
416.216
416.700
417.183
417.667
418.134
418.385
418.618
418.868
420.053
420.520
420.770
421.488
421.972
422.455
422.689
423.406
423.890
424.374
424.608
425.325
425.809
426.293
426.526
427.260
427.727
428.211
428.461
429.179
429.663
430.130
430.380
431.097
431.581
432.065
432.299
433.016
433.500
433.984
434.217
434.935
435.418
435.902
436.136
436.853
437.320
437.804
438.054
438.772
439.255
439.723
439.973
440.690
441.174
441.658
441.891
442.609
443.093
443.576
443.810
444.527
445.011
445.495
445.729
446.463
446.930
447.414
447.664
448.381
448.865
449.332
449.582
450.300
450.784
458.458
458.925
459.409
459.893
460.377
460.860
461.328
461.811
462.295
462.779
463.263
463.730
464.214
464.698
465.181
465.665
466.132
466.616
467.100
467.584
468.068
468.535
469.019
469.502
469.986
470.453
470.920
471.404
471.888
472.372
472.856
473.323
473.807
474.290
474.774
475.258
475.725
476.209
476.693
477.177
477.661
478.128
478.611
479.095
479.579
480.063
480.530
481.014
481.498
481.982
482.465
482.932
483.416
483.900
484.384
484.868
485.335
485.819
486.302
486.770
487.253
503.987
504.387
504.788
505.188
505.588
505.989
506.389
506.790
507.173
507.574
507.974
508.375
508.775
509.175
509.576
509.976
510.377
510.777
511.177
511.578
511.978
512.379
512.779
513.179
513.580
513.980
514.381
514.781
515.181
515.582
515.982
516.383
516.783
516.983
517.183
517.384
517.584
517.784
517.984
518.184
518.385
518.585
518.785
518.985
519.185
519.386
519.586
519.786
519.986
520.186
520.387
520.587
520.787
520.987
521.187
521.388
521.588
521.788
521.988
522.188
522.389
522.589
522.789
522.989
523.189
523.390
523.573
523.773
523.973
524.174
524.374
524.574
524.774
524.974
525.175
525.375
525.575
525.775
525.975
526.176
526.376
526.576
526.776
526.976
527.177
527.377
527.577
527.777
527.977
529.579
530.380
530.580
530.780
530.980
531.181
531.381
531.581
531.781
531.981
532.182
532.382
532.582
532.782
532.982
533.183
533.383
533.583
533.783
533.983
534.184
534.384
534.584
534.784
534.984
535.185
535.385
535.585
535.785
535.985
536.186
536.386
536.586
536.786
536.986
537.187
537.387
537.587
537.787
537.987
538.188
538.388
538.588
538.788
538.988
539.189
539.389
539.589
539.789
539.989
540.173
540.373
540.573
540.774
540.940
541.107
541.274
541.441
541.608
541.775
541.941
542.108
542.275
542.442
543.176
543.376
543.576
543.777
543.977
544.177
544.377
544.577
544.778
544.978
545.178
545.378
545.578
545.779
545.979
546.179
546.379
546.579
546.780
546.980
547.180
547.380
547.580
547.781
547.981
548.181
548.381
548.581
548.782
548.982
549.182
549.382
549.582
549.783
549.983
550.183
550.383
550.583
550.784
550.984
551.184
551.384
551.584
551.785
551.985
552.185
552.385
552.585
552.786
552.986
553.186
553.386
553.586
555.188
555.588
555.989
556.389
556.790
557.173
557.574
557.974
558.374
558.575
558.775
558.975
559.175
559.375
559.576
559.976
560.176
560.376
560.577
560.777
560.977
561.177
561.578
561.978
562.378
562.779
563.179
563.580
563.980
564.380
564.781
564.981
565.181
565.381
565.582
565.782
565.982
566.382
566.549
566.716
566.883
567.050
567.217
567.383
567.550
567.717
567.884
568.051
568.384
568.785
569.185
569.586
569.986
570.386
570.787
571.187
571.387
571.588
571.788
571.988
572.188
572.388
572.789
572.989
573.189
573.389
573.573
573.773
573.973
574.374
574.774
575.175
575.575
575.975
576.376
576.776
577.177
577.577
577.977
578.361
578.778
579.179
579.579
579.979
580.380
580.780
593.576
593.977
594.377
594.778
595.178
595.578
595.979
596.379
596.780
597.180
597.580
597.981
598.381
598.782
599.182
599.582
599.983
600.383
600.784
601.184
601.584
601.985
602.385
602.786
603.186
603.586
603.987
604.387
604.788
605.188
605.588
605.989
606.389
606.790
607.173
607.373
607.574
607.974
608.374
608.775
608.975
609.175
609.576
609.976
610.376
610.577
610.777
611.177
611.578
611.978
612.178
612.378
612.779
613.179
613.580
613.780
613.980
614.380
614.781
615.181
615.381
615.582
615.982
616.382
616.783
616.983
617.183
617.584
619.185
619.986
620.119
620.253
620.386
620.520
620.653
620.787
620.920
621.054
621.187
621.321
621.454
621.588
621.988
622.388
622.789
622.921
623.053
623.185
623.317
623.449
623.581
623.713
623.845
623.978
624.110
624.242
624.374
624.774
625.175
625.575
625.975
626.109
626.242
626.376
626.509
626.643
626.776
626.910
627.043
627.177
627.310
627.443
627.577
627.977
628.378
628.778
629.179
629.579
629.979
630.380
630.499
630.618
630.737
630.856
630.976
631.095
631.214
631.333
631.452
631.571
631.691
631.810
631.929
632.048
632.782
632.982
633.183
633.383
633.583
633.783
633.983
634.184
634.384
634.584
634.784
634.984
635.185
635.385
635.585
635.785
635.985
636.186
636.386
636.586
636.786
636.986
637.187
637.387
637.587
637.787
637.987
638.188
638.388
638.588
638.788
638.988
639.189
639.389
639.589
639.789
639.989
640.190
640.373
640.573
640.773
640.974
641.174
641.374
641.574
641.774
641.975
642.175
642.375
642.575
642.775
642.976
643.176
644.777
644.978
645.178
645.378
645.578
645.778
645.979
646.179
646.379
646.579
646.779
646.980
647.180
647.380
647.580
647.981
648.381
648.781
649.182
649.582
649.983
650.383
650.783
651.184
651.384
651.584
651.784
651.985
652.185
652.385
652.585
652.785
652.986
653.186
653.386
653.586
653.786
653.987
654.187
654.387
654.787
655.188
655.588
655.989
656.108
656.227
656.346
656.465
656.584
656.704
656.823
656.942
657.061
657.180
657.299
657.419
657.538
657.657
657.974
658.374
658.775
659.175
659.576
659.976
660.376
660.777
660.977
661.177
661.377
661.578
661.778
661.978
662.378
662.579
662.779
662.979
663.179
663.379
663.580
663.980
664.380
664.781
665.181
665.582
665.982
666.382
666.783
667.183
667.584
667.984
668.384
668.785
669.185
669.586
669.986
670.386
670.586
670.786
670.986
671.186
671.386
671.586
671.786
671.986
672.186
672.386
672.586
672.786
672.986
673.186
673.385
673.585
673.785
673.985
674.185
674.385
674.585
674.785
674.985
675.185
675.385
675.585
675.785
675.985
676.185
676.384
676.584
676.784
676.984
677.184
677.384
677.584
677.784
677.984
678.184
678.384
678.584
678.784
678.984
679.184
679.384
679.583
679.783
679.983
680.183
680.383
680.583
680.783
680.983
681.183
681.383
681.583
681.783
681.983
682.183
682.383
682.583
682.782
682.982
683.182
683.382
683.582
683.782
683.982
684.182
684.382
684.582
684.782
684.982
685.182
685.382
685.582
685.782
685.981
686.181
686.381
686.581
686.781
686.981
687.181
687.381
687.581
687.781
687.981
688.181
688.381
688.581
688.781
688.981
689.180
689.380
689.580
689.780
689.980
690.180
690.380
690.580
690.780
690.980
691.180
691.380
691.580
691.780
691.980
692.180
692.379
692.579
692.779
692.979
693.179
693.379
693.579
693.779
693.979
694.179
694.379
694.579
694.779
694.979
695.179
695.379
695.578
695.778
