35.290
36.111
37.168
37.989
39.045
39.867
40.923
41.744
42.800
43.622
44.678
45.500
46.556
47.377
48.433
49.255
50.311
51.132
52.189
53.010
53.930
54.399
54.869
55.338
55.808
56.277
56.747
57.216
57.686
58.155
58.625
59.094
59.564
60.033
60.503
60.972
61.442
61.911
62.381
62.850
63.320
63.789
64.259
64.728
65.198
65.667
66.137
66.606
67.076
67.545
68.015
68.484
68.954
69.423
69.893
70.362
70.832
71.301
71.771
72.240
72.710
73.179
73.649
74.118
74.588
75.057
75.527
75.996
76.466
76.935
77.405
77.874
78.344
78.813
79.283
79.752
80.222
80.691
81.161
81.630
82.100
82.569
83.039
83.508
83.978
84.447
84.917
85.386
85.856
86.325
86.795
87.264
87.734
88.203
88.673
89.142
89.612
90.081
90.551
91.020
91.490
92.290
93.450
94.210
95.290
96.090
97.170
97.970
99.090
99.890
100.970
101.770
102.770
103.530
104.690
105.490
106.570
107.330
108.450
109.210
110.210
110.680
111.149
111.619
112.088
112.558
113.027
113.497
113.967
114.436
114.906
115.375
115.845
116.315
116.784
117.254
117.723
118.193
118.662
119.132
119.602
120.071
120.541
121.010
121.480
121.950
122.419
122.889
123.358
123.828
124.297
124.767
125.237
125.706
126.176
126.645
127.115
127.585
128.054
128.524
128.993
129.463
129.932
130.402
130.872
131.341
131.811
132.280
132.750
133.220
133.689
134.159
134.628
135.098
135.567
136.037
136.507
136.976
137.446
137.915
138.385
138.855
139.324
139.794
140.263
140.733
141.202
141.672
142.142
142.611
143.081
143.550
144.020
144.490
144.959
145.429
145.898
146.368
146.837
147.307
147.777
148.246
148.716
149.185
149.655
150.125
150.594
151.064
151.533
152.003
152.472
152.942
153.412
153.881
154.351
154.820
155.290
162.810
163.570
164.690
165.490
166.610
167.370
168.490
169.250
170.410
171.170
172.290
173.050
174.050
174.850
175.930
176.730
177.690
178.159
178.627
179.096
179.565
180.034
180.502
180.971
181.440
181.909
182.377
182.846
183.315
183.784
184.252
184.721
185.190
185.659
186.127
186.596
187.065
187.534
188.002
188.471
188.940
189.409
189.877
190.346
190.815
191.284
191.752
192.221
192.690
193.159
193.627
194.096
194.565
195.034
195.502
195.971
196.440
196.909
197.377
197.846
198.315
198.784
199.252
199.721
200.190
200.659
201.127
201.596
202.065
202.534
203.002
203.471
203.940
204.409
204.877
205.346
205.815
206.284
206.752
207.221
207.690
208.159
208.627
209.096
209.565
210.034
210.502
210.971
211.440
211.909
212.377
212.846
213.315
213.784
214.252
214.721
215.190
215.659
216.127
216.596
217.065
217.534
218.002
218.471
218.940
219.409
219.877
220.346
220.815
221.284
221.752
222.221
222.690
223.159
223.627
224.096
224.565
225.034
225.502
225.971
226.440
226.909
227.377
227.846
228.315
228.784
229.252
229.721
230.190
230.659
231.127
231.596
232.065
232.534
233.002
233.471
233.940
234.409
234.877
235.346
235.815
236.284
236.752
237.221
237.690
239.010
239.481
240.893
241.364
242.776
243.247
244.659
245.130
273.570
274.087
274.605
275.122
275.640
276.157
276.675
277.192
277.710
278.227
278.745
279.262
279.780
280.297
280.815
281.332
281.850
282.367
282.885
283.402
283.920
284.437
284.955
285.472
285.990
286.507
287.025
287.542
288.060
288.577
289.094
289.612
290.129
290.647
291.164
291.682
292.199
292.717
293.234
293.752
294.269
294.787
295.304
295.822
296.339
296.857
297.374
297.892
298.409
298.927
299.444
299.962
300.479
300.997
301.514
302.032
302.549
303.067
303.584
304.101
304.619
305.136
305.654
306.171
306.689
307.206
307.724
308.241
308.759
309.276
309.794
310.311
310.829
311.346
311.864
312.381
312.899
313.416
313.934
314.451
314.969
315.486
316.004
316.521
317.039
317.556
318.073
318.591
319.108
319.626
320.143
320.661
321.178
321.696
322.213
322.731
323.248
323.766
324.283
324.801
325.318
325.836
326.353
326.871
327.388
327.906
328.423
328.941
329.458
329.976
330.493
331.011
331.528
332.046
332.563
333.080
333.598
334.115
334.633
335.150
335.668
336.185
336.703
337.220
337.738
338.255
338.773
339.290
339.808
340.325
340.843
341.360
341.878
342.395
342.913
343.430
343.948
344.465
344.983
345.500
346.018
346.535
347.053
347.570
348.130
348.388
348.646
348.904
349.162
350.194
350.452
350.710
350.968
351.226
352.258
352.516
352.774
353.032
353.290
354.322
354.580
354.838
355.096
355.354
356.386
356.644
356.902
357.160
357.418
358.450
358.708
358.966
359.224
359.482
360.514
360.772
361.030
361.288
361.546
362.578
362.836
363.094
363.352
363.610
372.890
373.407
373.925
374.442
374.960
375.477
375.995
376.512
377.030
377.547
378.065
378.582
379.100
379.617
380.134
380.652
381.169
381.687
382.204
382.722
383.239
383.757
384.274
384.792
385.309
385.827
386.344
386.861
387.379
387.896
388.414
388.931
389.449
389.966
390.484
391.001
391.519
392.036
392.553
393.071
393.588
394.106
394.623
395.141
395.658
396.176
396.693
397.211
397.728
398.246
398.763
399.280
399.798
400.315
400.833
401.350
401.868
402.385
402.903
403.420
403.938
404.455
404.973
405.490
406.010
406.269
406.527
406.786
407.044
408.079
408.337
408.596
408.854
409.113
410.147
410.406
410.664
410.923
411.181
412.216
412.474
412.733
412.991
413.250
414.284
414.543
414.801
415.060
415.319
416.353
416.611
416.870
417.129
417.387
418.421
418.680
418.939
419.197
419.456
420.490
420.749
421.007
421.266
421.524
422.559
422.817
423.076
423.334
423.593
424.627
424.886
425.144
425.403
425.661
426.696
426.954
427.213
427.471
427.730
435.330
435.848
436.365
436.883
437.400
437.918
438.435
438.953
439.470
439.988
440.505
441.023
441.540
442.058
442.575
443.093
443.610
445.670
445.929
446.188
446.706
447.224
447.742
448.001
448.260
448.778
449.296
449.814
450.073
450.332
450.850
451.369
451.887
452.146
452.405
452.923
453.441
453.959
454.218
454.477
454.995
455.513
456.031
456.290
456.549
457.067
457.585
458.103
458.363
458.622
459.140
459.658
460.176
460.435
460.694
461.212
461.730
462.290
462.548
462.806
463.064
463.322
464.354
464.612
464.869
465.127
465.385
466.417
466.675
466.933
467.191
467.449
468.481
468.739
468.997
469.255
469.513
470.544
470.802
471.060
471.318
471.576
472.608
472.866
473.124
473.382
473.640
474.672
474.929
475.187
475.445
475.703
476.735
476.993
477.251
477.509
477.767
478.799
479.057
479.315
479.573
479.831
480.862
481.120
481.378
481.636
481.894
482.926
483.184
483.442
483.700
483.958
484.989
485.247
485.505
485.763
486.021
487.053
487.311
487.569
487.827
488.085
489.117
489.375
489.633
489.891
490.148
491.180
491.438
491.696
491.954
492.212
493.244
493.502
493.760
494.018
494.276
495.307
495.565
495.823
496.081
496.339
497.371
497.629
497.887
498.145
498.403
499.435
499.693
499.951
500.208
500.466
501.498
501.756
502.014
502.272
502.530
543.330
543.800
544.269
544.739
545.209
545.678
546.148
546.617
547.087
547.557
548.026
548.496
548.966
549.435
549.905
550.374
550.844
551.314
551.783
552.253
552.723
553.192
553.662
554.131
554.601
555.071
555.540
556.010
558.330
558.800
559.269
559.739
560.208
560.678
561.147
561.617
562.086
562.556
563.025
563.495
563.964
564.434
564.903
565.373
565.842
566.312
566.781
567.251
567.720
568.190
568.659
569.129
569.598
570.068
570.537
571.007
571.476
571.946
572.415
572.885
573.354
573.824
574.293
574.763
575.232
575.702
576.171
576.641
577.110
577.580
578.049
578.519
578.988
579.458
579.927
580.397
580.866
581.336
581.805
582.275
582.744
583.214
583.683
584.153
584.622
585.092
585.561
586.031
586.500
586.970
588.370
588.604
588.838
589.072
589.306
589.774
590.242
590.476
590.710
590.944
591.178
591.646
592.114
592.348
592.582
592.816
593.050
593.518
593.986
594.220
594.454
594.688
594.922
595.390
595.858
596.092
596.326
596.560
596.794
597.262
597.730
597.964
598.198
598.432
598.666
599.134
599.602
599.836
600.070
600.304
600.538
601.006
601.474
601.708
601.942
602.176
602.410
602.880
603.349
603.818
604.288
604.757
605.226
605.695
606.165
606.634
607.103
607.572
608.042
608.511
608.980
609.449
609.919
610.388
610.857
611.326
611.796
612.265
612.734
613.204
613.673
614.142
614.611
615.081
615.550
616.019
616.488
616.958
617.427
617.896
618.365
618.835
619.304
619.773
620.242
620.712
621.181
621.650
622.120
622.589
623.058
623.527
623.997
624.466
624.935
625.404
625.874
626.343
626.812
627.281
627.751
628.220
628.689
629.158
629.628
630.097
630.566
631.035
631.505
631.974
632.443
632.913
633.382
633.851
634.320
634.790
635.259
635.728
636.197
636.667
637.136
637.605
638.074
638.544
639.013
639.482
639.951
640.421
640.890
641.124
641.359
641.593
641.827
642.296
642.765
642.999
643.234
643.468
643.702
644.171
644.640
644.874
645.109
645.343
645.577
646.046
646.515
646.749
646.984
647.218
647.452
647.921
648.390
648.624
648.859
649.093
649.327
649.796
650.265
650.499
650.734
650.968
651.202
651.671
652.140
652.374
652.609
652.843
653.077
653.546
654.015
654.249
654.484
654.718
654.952
655.422
655.891
656.360
656.830
657.299
657.768
658.237
658.707
659.176
659.645
660.114
660.584
661.053
661.522
661.991
662.461
662.930
665.130
667.010
668.890
670.730
672.610
674.530
678.370
678.839
679.073
679.307
679.542
679.776
680.245
680.714
680.948
681.182
681.417
681.651
682.120
682.589
682.823
683.057
683.292
683.526
683.995
684.464
684.698
684.932
685.167
685.401
685.870
686.339
686.573
686.807
687.042
687.276
687.745
688.214
688.448
688.682
688.917
689.151
689.620
690.089
690.323
690.557
690.792
691.026
691.495
691.964
692.198
692.432
692.667
692.901
693.370
693.605
693.839
694.074
694.308
694.543
694.778
695.012
695.247
695.482
695.716
695.951
696.185
696.420
696.655
696.889
697.124
697.359
697.593
697.828
698.062
698.297
698.532
698.766
699.001
699.236
699.470
699.705
699.939
700.174
700.409
700.643
700.878
701.113
701.347
701.582
701.816
702.051
702.286
702.520
702.755
702.989
703.224
703.459
703.693
703.928
704.163
704.397
704.632
704.866
705.101
705.336
705.570
705.805
706.040
706.274
706.509
706.743
706.978
707.213
707.447
707.682
707.917
708.151
708.386
708.620
708.855
709.090
709.324
709.559
709.794
710.028
710.263
710.497
710.732
710.967
711.201
711.436
711.671
711.905
712.140
712.374
712.609
712.844
713.078
713.313
713.547
713.782
714.017
714.251
714.486
714.721
714.955
715.190
715.424
715.659
715.894
716.128
716.363
716.598
716.832
717.067
717.301
717.536
717.771
718.005
718.240
718.475
718.709
718.944
719.178
719.413
719.648
719.882
720.117
720.352
720.586
720.821
721.055
721.290
742.828
743.405
743.982
744.558
745.135
745.712
746.289
746.866
747.443
748.020
748.597
749.174
749.751
750.328
750.905
751.188
751.329
751.471
751.754
752.037
752.611
753.184
753.757
754.330
754.904
755.477
756.050
756.624
757.197
757.770
758.344
758.917
759.490
760.064
760.368
760.520
760.672
760.977
761.129
761.708
762.288
762.867
763.447
764.026
764.605
765.185
765.764
766.343
766.923
767.502
768.082
768.661
769.240
769.534
769.681
769.828
770.122
770.268
770.845
771.421
771.998
772.574
773.150
773.727
774.303
774.879
775.456
776.032
776.609
777.185
777.761
778.338
778.617
778.757
778.897
779.177
779.456
780.031
780.606
781.180
791.690
793.450
794.032
795.780
796.362
798.109
798.692
800.439
801.021
802.768
803.351
805.098
805.680
807.428
808.010
812.010
812.594
813.178
813.763
814.347
814.931
815.515
816.100
816.684
817.268
817.852
818.437
819.021
819.605
820.189
820.774
821.358
821.942
822.526
823.111
823.695
824.279
824.863
825.448
826.032
826.616
827.200
827.785
828.369
828.953
829.537
830.122
830.706
831.290
831.581
831.872
832.164
832.455
832.746
833.037
833.329
833.620
833.911
834.202
834.494
834.785
835.076
835.367
835.659
835.950
836.241
836.532
836.824
837.115
837.406
837.697
837.989
838.280
838.571
838.862
839.154
839.445
839.736
840.027
840.319
840.610
840.901
841.192
841.484
841.775
842.066
842.357
842.649
842.940
843.231
843.522
843.814
844.105
844.396
844.687
844.979
845.270
845.561
845.852
846.144
846.435
846.726
847.017
847.309
847.600
847.891
848.182
848.474
848.765
849.056
849.347
849.639
849.930
850.515
851.100
851.685
852.270
852.855
853.440
854.025
854.610
855.195
855.780
856.365
856.950
857.535
858.120
858.705
859.290
859.580
859.870
860.160
860.450
860.740
861.030
861.320
861.610
861.900
862.190
862.480
862.770
863.060
863.350
863.640
863.930
864.220
864.510
864.800
865.090
865.380
865.670
865.960
866.250
866.540
866.830
867.120
867.410
867.700
867.990
868.280
868.570
869.152
869.733
870.315
870.897
871.478
872.060
872.642
873.223
873.805
874.387
874.968
875.550
876.132
876.713
877.295
877.877
878.458
879.040
879.622
880.203
880.785
881.367
881.948
882.530
883.112
883.693
884.275
884.857
885.438
886.020
886.602
887.183
887.765
888.347
888.928
889.510
890.092
890.673
891.255
891.837
892.418
893.000
893.582
894.163
894.745
895.327
895.908
896.490
896.781
897.072
897.363
897.654
897.945
898.235
898.526
898.817
899.108
899.399
899.690
899.981
900.272
900.563
900.854
901.145
901.435
901.726
902.017
902.308
902.599
902.890
903.181
903.472
903.763
904.054
904.345
904.635
904.926
905.217
905.508
905.799
906.090
906.381
906.672
906.963
907.254
907.545
907.835
908.126
908.417
908.708
908.999
909.290
909.581
909.872
910.163
910.454
910.745
911.035
911.326
911.617
911.908
912.199
912.490
912.781
913.072
913.363
913.654
913.945
914.235
914.526
914.817
915.108
915.400
915.692
916.276
916.568
916.860
917.444
917.736
918.029
918.613
918.905
919.197
919.781
920.073
920.365
920.949
921.241
921.533
922.117
922.409
922.701
923.285
923.577
923.869
924.453
924.745
925.037
925.621
925.913
926.205
926.789
927.082
927.374
927.958
928.250
928.542
929.126
929.418
929.710
930.294
930.586
930.878
931.462
931.754
932.046
932.630
932.922
933.214
933.797
934.380
934.963
935.546
936.129
936.712
937.295
937.877
938.460
939.043
939.626
940.209
940.792
941.375
941.958
942.541
943.124
943.706
944.289
944.872
945.455
946.038
946.621
947.204
947.787
948.370
948.953
949.535
950.118
950.701
951.284
951.867
952.450
952.741
953.032
953.324
953.615
953.906
954.197
954.489
954.780
955.071
955.362
955.654
955.945
956.236
956.527
956.819
957.110
957.401
957.692
957.984
958.275
958.566
958.857
959.149
959.440
959.731
960.022
960.314
960.605
960.896
961.187
961.479
961.770
962.061
962.352
962.644
962.935
963.226
963.517
963.809
964.100
964.391
964.682
964.974
965.265
965.556
965.847
966.139
966.430
966.721
967.012
967.304
967.595
967.886
968.177
968.469
968.760
969.051
969.342
969.634
969.925
970.216
970.507
970.799
971.090
972.810
973.390
975.129
975.709
977.448
978.028
980.409
980.699
980.989
981.569
981.859
982.149
982.729
983.019
983.309
983.889
984.179
984.469
985.049
985.339
985.629
986.210
986.500
986.790
987.370
987.660
987.950
988.530
988.820
989.110
989.690
989.982
990.273
990.565
990.856
991.148
991.439
991.731
992.022
992.314
992.605
992.897
993.189
993.480
993.772
994.063
994.355
994.646
994.938
995.229
995.521
995.812
996.104
996.396
996.687
996.979
997.270
997.562
997.853
998.145
998.436
998.728
999.019
999.311
999.603
999.894
1000.186
1000.477
1000.769
1001.060
1001.352
1001.643
1001.935
1002.226
1002.518
1002.810
1003.101
1003.393
1003.684
1003.976
1004.267
1004.559
1004.850
1005.142
1005.434
1005.725
1006.017
1006.308
1006.600
1006.891
1007.183
1007.474
1007.766
1008.057
1008.349
1008.641
1008.932
1009.224
1009.515
1009.807
1010.098
1010.390
1010.681
1010.973
1011.264
1011.556
1011.848
1012.139
1012.431
1012.722
1013.014
1013.305
1013.597
1013.888
1014.180
1014.471
1014.763
1015.055
1015.346
1015.638
1015.929
1016.221
1016.512
1016.804
1017.095
1017.387
1017.678
1017.970
1019.770
1023.850
1024.806
1025.762
1026.718
1027.674
1028.630
1029.586
1030.542
1031.498
1032.454
1033.410
1034.366
1035.322
1036.278
1037.234
1038.190
1039.146
1040.102
1041.058
1042.014
1042.970
1043.926
1044.882
1045.838
1046.794
1047.750
1048.706
1049.662
1050.618
1051.574
1052.530
1067.450
1067.912
1068.375
1068.837
1069.300
1069.762
1070.225
1070.687
1071.150
1071.612
1072.075
1072.537
1073.000
1073.462
1073.925
1074.387
1074.850
1075.312
1075.775
1076.237
1076.700
1077.162
1077.625
1078.087
1078.550
1079.012
1079.475
1079.937
1080.400
1080.862
1081.325
1081.787
1082.250
1082.712
1083.175
1083.637
1084.100
1084.562
1085.025
1085.487
1085.950
1086.412
1086.875
1087.337
1087.800
1088.262
1088.725
1089.187
1089.650
1090.112
1090.575
1091.037
1091.500
1091.962
1092.425
1092.887
1093.350
1093.812
1094.275
1094.737
1095.200
1095.662
1096.125
1096.587
1097.050
1097.512
1097.975
1098.437
1098.900
1099.362
1099.825
1100.287
1100.750
1101.212
1101.675
1102.137
1102.600
1103.062
1103.525
1103.987
1104.450
1104.912
1105.375
1105.837
1106.300
1106.762
1107.225
1107.687
1108.150
1108.612
1109.075
1109.537
1110.000
1110.462
1110.925
1111.387
1111.850
1112.080
1112.310
1112.770
1113.230
1113.690
1113.920
1114.150
1114.610
1115.070
1115.530
1115.760
1115.990
1116.450
1116.910
1117.370
1117.600
1117.830
1118.290
1118.750
1119.210
1119.440
1119.670
1120.130
1120.590
1121.050
1121.280
1121.510
1121.970
1122.430
1122.890
1123.120
1123.350
1123.810
1124.270
1124.730
1124.960
1125.190
1125.650
1126.110
1126.570
1126.801
1127.031
1127.262
1127.492
1127.723
1127.953
1128.184
1128.415
1128.645
1128.876
1129.106
1129.337
1129.567
1129.798
1130.029
1130.259
1130.490
1130.720
1130.951
1131.181
1131.412
1131.642
1131.873
1132.104
1132.334
1132.565
1132.795
1133.026
1133.256
1133.487
1133.718
1133.948
1134.179
1134.409
1134.640
1134.870
1135.101
1135.332
1135.562
1135.793
1136.023
1136.254
1136.484
1136.715
1136.946
1137.176
1137.407
1137.637
1137.868
1138.098
1138.329
1138.560
1138.790
1139.021
1139.251
1139.482
1139.712
1139.943
1140.174
1140.404
1140.635
1140.865
1141.096
1141.326
1141.557
1141.787
1142.018
1142.249
1142.479
1142.710
1142.940
1143.171
1143.401
1143.632
1143.863
1144.093
1144.324
1144.554
1144.785
1145.015
1145.246
1145.477
1145.707
1145.938
1146.168
1146.399
1146.629
1146.860
1147.091
1147.321
1147.552
1147.782
1148.013
1148.243
1148.474
1148.705
1148.935
1149.166
1149.396
1149.627
1149.857
1150.088
1150.319
1150.549
1150.780
1151.010
1151.241
1151.471
1151.702
1151.932
1152.163
1152.394
1152.624
1152.855
1153.085
1153.316
1153.546
1153.777
1154.008
1154.238
1154.469
1154.699
1154.930
1155.690
1156.151
1156.612
1157.074
1157.535
1157.996
1158.457
1158.918
1159.379
1159.841
1160.302
1160.763
1161.224
1161.685
1162.146
1162.608
1163.069
1163.530
1163.991
1164.452
1164.914
1165.375
1165.836
1166.297
1166.758
1167.219
1167.681
1168.142
1168.603
1169.064
1169.525
1169.986
1170.448
1170.909
1171.370
1171.601
1171.832
1172.294
1172.756
1173.218
1173.449
1173.680
1174.142
1174.604
1175.065
1175.296
1175.527
1175.989
1176.451
1176.913
1177.144
1177.375
1177.837
1178.299
1178.761
1178.992
1179.223
1179.685
1180.147
1180.609
1180.840
1181.071
1181.533
1181.995
1182.456
1182.687
1182.918
1183.380
1183.842
1184.304
1184.535
1184.766
1185.228
1185.690
1185.921
1186.152
1186.383
1186.614
1186.845
1187.076
1187.307
1187.538
1187.769
1188.000
1188.231
1188.462
1188.693
1188.924
1189.155
1189.385
1189.616
1189.847
1190.078
1190.309
1190.540
1190.771
1191.002
1191.233
1191.464
1191.695
1191.926
1192.157
1192.388
1192.619
1192.850
1193.081
1193.312
1193.543
1193.774
1194.005
1194.236
1194.467
1194.698
1194.929
1195.160
1195.391
1195.622
1195.853
1196.084
1196.315
1196.545
1196.776
1197.007
1197.238
1197.469
1197.700
1197.931
1198.162
1198.393
1198.624
1198.855
1199.086
1199.317
1199.548
1199.779
1200.010
1200.241
1200.472
1200.703
1200.934
1201.165
1201.396
1201.627
1201.858
1202.089
1202.320
1202.551
1202.782
1203.013
1203.244
1203.475
1203.705
1203.936
1204.167
1204.398
1204.629
1204.860
1205.091
1205.322
1205.553
1205.784
1206.015
1206.246
1206.477
1206.708
1206.939
1207.170
1207.401
1207.632
1207.863
1208.094
1208.325
1208.556
1208.787
1209.018
1209.249
1209.480
1209.711
1209.942
1210.173
1210.404
1210.635
1210.865
1211.096
1211.327
1211.558
1211.789
1212.020
1212.251
1212.482
1212.713
1212.944
1213.175
1213.406
1213.637
1213.868
1214.099
1214.330
1214.792
1215.254
1215.716
1216.178
1216.640
1217.102
1217.564
1218.025
1218.487
1218.949
1219.411
1219.873
1220.335
1220.797
1221.259
1221.721
1222.183
1222.645
1223.107
1223.569
1224.031
1224.493
1224.955
1225.416
1225.878
1226.340
1226.802
1227.264
1227.726
1228.188
1228.650
1230.010
1230.241
1230.472
1230.703
1230.934
1231.165
1231.396
1231.627
1231.858
1232.089
1232.320
1232.551
1232.782
1233.013
1233.244
1233.475
1233.705
1233.936
1234.167
1234.398
1234.629
1234.860
1235.091
1235.322
1235.553
1235.784
1236.015
1236.246
1236.477
1236.708
1236.939
1237.170
1237.401
1237.632
1237.863
1238.094
1238.325
1238.556
1238.787
1239.018
1239.249
1239.480
1239.711
1239.942
1240.173
1240.404
1240.634
1240.865
1241.096
1241.327
1241.558
1241.789
1242.020
1242.251
1242.482
1242.713
1242.944
1243.175
1243.406
1243.637
1243.868
1244.099
1244.330
1244.561
1244.792
1245.023
1245.254
1245.485
1245.716
1245.947
1246.178
1246.409
1246.640
1246.871
1247.102
1247.333
1247.564
1247.794
1248.025
1248.256
1248.487
1248.718
1248.949
1249.180
1249.411
1249.642
1249.873
1250.104
1250.335
1250.566
1250.797
1251.028
1251.259
1251.490
1251.721
1251.952
1252.183
1252.414
1252.645
1252.876
1253.107
1253.338
1253.569
1253.800
1254.031
1254.262
1254.493
1254.724
1254.954
1255.185
1255.416
1255.647
1255.878
1256.109
1256.340
1256.571
1256.802
1257.033
1257.264
1257.495
1257.726
1257.957
1258.188
1258.419
1258.650
1264.730
1265.329
1265.934
1266.546
1267.162
1267.780
1268.398
1269.015
1269.627
1270.231
1270.827
1271.415
1271.997
1272.577
1273.153
1273.725
1274.292
1274.854
1275.407
1275.954
1276.495
1277.031
1277.561
1278.077
1278.568
1279.022
1279.440
1279.845
1280.268
1280.724
1281.205
1281.697
1282.190
1282.680
1283.166
1283.647
1284.126
1284.601
1285.073
1285.541
1286.006
1286.468
1286.926
1287.381
1287.833
1288.281
1288.725
1289.165
1289.601
1290.033
1290.462
1290.889
1291.314
1291.737
1292.158
1292.577
1292.994
1293.409
1293.821
1294.232
1294.638
1295.038
1295.433
1295.824
1296.214
1296.604
1296.991
1297.374
1297.754
1298.132
1298.510
1298.889
1299.266
1299.638
1300.005
1300.368
1300.729
1301.089
1301.447
1301.804
1302.159
1302.512
1302.863
1303.212
1303.557
1303.900
1304.242
1304.585
1304.927
1305.268
1305.606
1305.941
1306.273
1306.601
1306.927
1307.249
1307.570
1307.892
1308.215
1308.537
1308.858
1309.175
1309.489
1309.801
1310.113
1310.423
1310.732
1311.036
1311.339
1311.639
1311.938
1312.235
1312.532
1312.831
1313.131
1313.432
1313.729
1314.023
1314.312
1314.601
1314.890
1315.177
1315.464
1315.748
1316.030
1316.312
1316.592
1316.868
1317.140
1317.411
1317.682
1317.954
1318.226
1318.497
1318.767
1319.036
1319.303
1319.570
1319.836
1320.102
1320.367
1320.629
1320.890
1321.149
1321.410
1321.669
1321.927
1322.182
1322.436
1322.690
1322.942
1323.194
1323.443
1323.690
1323.936
1324.183
1324.430
1324.674
1324.918
1325.161
1325.405
1325.648
1325.889
1326.130
1326.370
1326.610
1326.850
1327.090
1327.330
1327.570
1327.810
1328.050
1328.290
1328.530
1328.770
1329.010
1329.250
1329.490
1329.730
1329.970
1330.210
1330.450
1330.690
1330.930
1331.170
1331.410
1331.650
1331.890
1332.130
1332.370
1332.610
1332.850
1333.090
1333.330
1333.570
1333.810
1334.050
1334.290
1334.530
1334.770
1335.011
1335.252
1335.493
1335.733
1335.973
1336.212
1336.451
1336.690
1336.930
1337.170
1337.410
1337.650
1337.890
1338.130
1338.370
1338.610
1338.850
1339.090
1339.330
1339.570
1339.810
1340.050
1340.290
1340.530
1340.770
1341.010
1341.250
1341.490
1341.730
1341.970
1342.210
1342.450
1342.690
1342.930
1343.170
1343.410
1343.650
1343.890
1344.130
1344.370
1344.610
1344.850
1345.090
1345.330
1345.570
1345.810
1346.050
1346.290
1346.530
1346.770
1347.010
1347.250
1347.490
1347.732
1347.976
1348.228
1348.494
1348.776
1349.066
1349.351
1349.618
1349.868
1350.110
1350.352
1350.595
1350.836
1351.075
1351.312
1351.552
1351.795
1352.036
1352.275
1352.512
1352.752
1352.995
1353.236
1353.475
1353.714
1353.960
1354.216
1354.487
1354.773
1355.065
1355.350
1355.618
1355.868
1356.110
1356.352
1356.595
1356.836
1357.075
1357.312
1357.552
1357.795
1358.036
1358.275
1358.512
1358.752
1358.995
1359.236
1359.475
1359.712
1359.952
1360.195
1360.436
1360.674
1360.909
1361.145
1361.382
1361.619
1361.855
1362.093
1362.333
1362.575
1362.817
1363.058
1363.297
1363.534
1363.772
1364.011
1364.250
1364.490
1364.730
1364.970
1365.210
1365.450
1365.690
1365.930
1366.170
1366.410
1366.650
1366.890
1367.130
1367.370
1367.610
1367.850
1368.090
1368.330
1368.570
1368.810
1369.050
1369.290
1369.530
1369.770
1370.010
1370.250
1383.690
1385.610
1387.530
1389.410
1391.370
1393.290
1395.210
1397.130
1399.010
1400.970
1402.890
1404.810
1406.850
1407.329
1407.809
1408.288
1408.768
1409.247
1409.726
1410.206
1410.685
1411.164
1411.644
1412.123
1412.603
1413.082
1413.561
1414.041
1414.520
1415.000
1415.479
1415.958
1416.438
1416.917
1417.396
1417.876
1418.355
1418.835
1419.314
1419.793
1420.273
1420.752
1421.232
1421.711
1422.190
1422.670
1423.149
1423.628
1424.108
1424.587
1425.067
1425.546
1426.025
1426.505
1426.984
1427.464
1427.943
1428.422
1428.902
1429.381
1429.860
1430.340
1430.819
1431.299
1431.778
1432.257
1432.737
1433.216
1433.696
1434.175
1434.654
1435.134
1435.613
1436.092
1436.572
1437.051
1437.531
1438.010
1438.250
1438.730
1438.970
1439.210
1439.450
1439.930
1440.170
1440.650
1440.890
1441.130
1441.370
1441.850
1442.090
1442.570
1442.810
1443.050
1443.290
1443.770
1444.010
1444.490
1444.730
1444.970
1445.210
1445.690
1445.930
1446.410
1446.650
1446.890
1447.130
1447.610
1447.850
1448.330
1448.570
1448.810
1449.050
1449.530
1449.770
1450.250
1450.490
1450.730
1450.970
1451.450
1451.690
1452.170
1452.410
1452.650
1452.890
1453.370
1453.610
1454.090
1454.330
1454.570
1454.810
1455.290
1455.530
1456.010
1456.250
1456.490
1456.730
1457.210
1457.450
1457.930
1458.170
1458.410
1458.650
1459.130
1459.370
1459.850
1460.090
1460.330
1460.570
1461.050
1461.290
1461.770
1462.010
1462.250
1462.490
1462.970
1463.210
1463.690
1463.930
1464.170
1464.410
1464.890
1465.130
1465.610
1465.850
1466.090
1466.330
1466.810
1467.050
1467.530
1467.770
1468.010
1468.250
1468.730
1469.210
1469.690
1470.170
1470.650
1471.130
1471.610
1472.090
1472.570
1473.050
1473.530
1474.010
1474.490
1474.970
1475.450
1475.930
1476.410
1476.890
1477.370
1477.850
1478.330
1478.810
1479.290
1479.770
1480.250
1480.730
1481.210
1481.690
1482.170
1482.650
1483.130
1483.610
1484.090
1484.570
1485.050
1485.530
1486.010
1486.490
1486.970
1487.450
1487.930
1488.410
1488.890
1489.370
1489.850
1490.330
1490.810
1491.290
1491.770
1492.250
1492.730
1493.210
1493.690
1494.170
1494.650
1495.130
1495.610
1496.090
1496.570
1497.050
1497.530
1498.010
1498.490
1498.970
1499.450
1499.930
1500.410
1500.890
1501.370
1501.850
1502.330
1502.810
1503.290
1503.770
1504.250
1504.730
1505.210
1505.690
1506.170
1506.650
1506.890
1507.370
1507.610
1507.850
1508.090
1508.570
1508.810
1509.290
1509.530
1509.770
1510.010
1510.490
1510.730
1511.210
1511.450
1511.690
1511.930
1512.410
1512.650
1513.130
1513.370
1513.610
1513.850
1514.330
1514.570
1515.050
1515.290
1515.530
1515.770
1516.250
1516.490
1516.970
1517.210
1517.450
1517.690
1518.170
1518.410
1518.890
1519.130
1519.370
1519.610
1520.090
1520.330
1520.810
1521.050
1521.290
1521.530
1522.010
1522.250
1522.730
1522.970
1523.210
1523.450
1523.930
1524.170
1524.650
1524.890
1525.130
1525.370
1525.850
1526.090
1526.570
1526.810
1527.050
1527.290
1527.770
1528.010
1528.490
1528.730
1528.970
1529.210
1529.690
1529.930
1530.410
1530.650
1530.890
1531.130
1531.610
1531.850
1532.330
1532.570
1532.810
1533.050
1533.530
1533.770
1534.250
1534.490
1534.730
1534.970
1535.450
1535.690
1536.170
1536.410
1536.650
1536.890
1545.050
1547.010
1548.890
1550.810
1552.770
1554.650
1556.610
1558.490
1560.370
1560.610
1561.090
1561.330
1561.570
1561.810
1562.290
1562.530
1563.010
1563.250
1563.490
1563.730
1564.210
1564.450
1564.930
1565.170
1565.410
1565.650
1566.130
1566.370
1566.850
1567.090
1567.330
1567.570
1568.050
1568.290
1568.770
1569.010
1569.250
1569.490
1569.970
1570.210
1570.690
1570.930
1571.170
1571.410
1571.890
1572.130
1572.610
1572.850
1573.090
1573.330
1573.810
1574.050
1574.530
1574.770
1575.010
1575.250
1575.730
1575.970
1576.450
1576.690
1576.930
1577.170
1577.650
1577.890
1578.370
1578.610
1578.850
1579.090
1579.570
1579.810
1580.290
1580.530
1580.770
1581.010
1581.490
1581.730
1582.210
1582.450
1582.690
1582.930
1583.410
1583.650
1584.130
1584.370
1584.610
1584.850
1585.330
1585.570
1586.050
1586.290
1586.530
1586.770
1587.250
1587.490
1587.970
1588.210
1588.450
1588.690
1589.170
1589.410
1589.890
1590.130
1590.370
1590.610
1603.530
1604.565
1605.600
1606.635
1607.671
1608.706
1609.741
1610.776
1611.811
1612.846
1613.882
1614.917
1615.952
1616.987
1618.022
1619.057
1620.092
1621.128
1622.163
1623.198
1624.233
1625.268
1626.303
1627.338
1628.374
1629.409
1630.444
1631.479
1632.514
1633.549
1634.585
1635.620
1636.655
1637.690
1647.930
1649.810
1651.690
1653.570
1655.410
1657.330
1659.210
1661.050
1662.930
1664.810
1666.690
1668.570
1670.410
1672.330
1674.210
1676.050
1677.930
1679.810
1681.530
1683.410
1685.450
1685.685
1685.919
1686.154
1686.389
1686.623
1686.858
1687.093
1687.327
1687.562
1687.797
1688.031
1688.266
1688.501
1688.735
1688.970
1689.205
1689.439
1689.674
1689.909
1690.143
1690.378
1690.613
1690.847
1691.082
1691.317
1691.551
1691.786
1692.021
1692.255
1692.490
1692.725
1692.959
1693.194
1693.429
1693.663
1693.898
1694.133
1694.367
1694.602
1694.837
1695.071
1695.306
1695.541
1695.775
1696.010
1696.245
1696.479
1696.714
1696.949
1697.183
1697.418
1697.653
1697.887
1698.122
1698.357
1698.591
1698.826
1699.061
1699.295
1699.530
1700.570
1700.804
1701.039
1701.508
1701.742
1701.977
1702.446
1702.680
1702.915
1703.384
1703.618
1703.853
1704.322
1704.556
1704.791
1705.260
1705.494
1705.729
1706.198
1706.432
1706.667
1707.136
1707.370
1707.604
1708.073
1708.308
1708.542
1709.011
1709.246
1709.480
1709.949
1710.184
1710.418
1710.887
1711.122
1711.356
1711.825
1712.060
1712.294
1712.763
1712.998
1713.232
1713.701
1713.936
1714.170
1715.610
1716.077
1716.545
1717.012
1717.480
1717.947
1718.415
1718.882
1719.350
1719.817
1720.285
1720.752
1721.220
1721.687
1722.155
1722.622
1723.090
1723.557
1724.025
1724.492
1724.960
1725.427
1725.895
1726.362
1726.830
1727.297
1727.765
1728.232
1728.700
1729.167
1729.635
1730.102
1730.570
1730.804
1731.039
1731.273
1731.508
1731.742
1731.977
1732.211
1732.446
1732.680
1732.915
1733.149
1733.384
1733.618
1733.853
1734.087
1734.322
1734.556
1734.791
1735.025
1735.260
1735.494
1735.729
1735.963
1736.198
1736.432
1736.667
1736.901
1737.136
1737.370
1737.604
1737.839
1738.073
1738.308
1738.542
1738.777
1739.011
1739.246
1739.480
1739.715
1739.949
1740.184
1740.418
1740.653
1740.887
1741.122
1741.356
1741.591
1741.825
1742.060
1742.294
1742.529
1742.763
1742.998
1743.232
1743.467
1743.701
1743.936
1744.170
1745.490
1745.958
1746.427
1746.895
1747.364
1747.832
1748.300
1748.769
1749.237
1749.705
1750.174
1750.642
1751.111
1751.579
1752.047
1752.516
1752.984
1753.453
1753.921
1754.389
1754.858
1755.326
1755.795
1756.263
1756.731
1757.200
1757.668
1758.136
1758.605
1759.073
1759.542
1760.010
1760.570
1760.804
1761.039
1761.508
1761.742
1761.977
1762.446
1762.680
1762.915
1763.384
1763.618
1763.853
1764.322
1764.556
1764.791
1765.260
1765.494
1765.729
1766.198
1766.432
1766.667
1767.136
1767.370
1767.604
1768.073
1768.308
1768.542
1769.011
1769.246
1769.480
1769.949
1770.184
1770.418
1770.887
1771.122
1771.356
1771.825
1772.060
1772.294
1772.763
1772.998
1773.232
1773.701
1773.935
1774.170
1775.490
1777.370
1779.210
1781.130
1783.010
1784.850
1786.730
1788.610
1790.530
1790.764
1790.999
1791.468
1791.702
1791.937
1792.406
1792.640
1792.875
1793.344
1793.578
1793.813
1794.282
1794.516
1794.751
1795.220
1795.454
1795.689
1796.158
1796.392
1796.627
1797.096
1797.330
1797.564
1798.033
1798.268
1798.502
1798.971
1799.206
1799.440
1799.909
1800.144
1800.378
1800.847
1801.082
1801.316
1801.785
1802.020
1802.254
1802.723
1802.958
1803.192
1803.661
1803.895
1804.130
1835.501
1835.736
1835.970
1836.205
1836.439
1836.674
1836.908
1837.143
1837.377
1837.612
1837.846
1838.081
1838.315
1838.550
1838.784
1839.019
1839.253
1839.488
1839.722
1839.956
1840.191
1840.425
1840.660
1840.894
1841.129
1841.363
1841.598
1841.832
1842.067
1842.301
1842.536
1842.770
1843.005
1843.239
1843.474
1843.708
1843.943
1844.177
1844.412
1844.646
1844.880
1845.115
1845.349
1845.584
1845.818
1846.053
1846.287
1846.522
1846.756
1846.991
1847.225
1847.460
1847.694
1847.929
1848.163
1848.398
1848.632
1848.867
1849.101
1849.336
1849.570
1850.490
1850.958
1851.427
1851.895
1852.364
1852.832
1853.300
1853.769
1854.237
1854.705
1855.174
1855.642
1856.111
1856.579
1857.047
1857.516
1857.984
1858.453
1858.921
1859.389
1859.858
1860.326
1860.795
1861.263
1861.731
1862.200
1862.668
1863.136
1863.605
1864.073
1864.542
1865.010
1871.919
1872.845
1873.766
1874.677
1875.578
1876.477
1877.366
1878.246
1879.114
1879.966
1880.809
1881.649
1882.486
1883.315
1884.126
1884.929
1885.729
1886.526
1887.314
1888.083
1888.837
1889.581
1890.329
1891.075
1891.809
1892.538
1893.266
1893.976
1894.680
1895.376
1896.069
1896.750
1897.438
1898.115
1898.778
1899.437
1900.087
1900.729
1901.370
1902.009
1902.646
1903.275
1903.889
1904.501
1905.118
1905.726
1906.326
1906.915
1907.490
1908.064
1908.650
1909.235
1909.804
1910.361
1910.913
1911.478
1912.036
1912.581
1913.129
1913.676
1914.209
1914.741
1915.278
1915.807
1916.327
1916.841
1917.351
1917.869
1918.379
1918.892
1919.407
1919.915
1920.407
1920.892
1921.382
1921.878
1922.367
1922.849
1923.330
1923.810
1924.290
1924.770
1925.250
1925.727
1926.201
1926.674
1927.161
1927.647
1928.130
1928.610
1929.090
1929.570
1930.050
1930.530
1931.010
1931.490
1931.970
1932.450
1932.930
1933.410
1933.890
1934.370
1934.850
1935.330
1935.810
1936.290
1936.770
1937.249
1937.727
1938.198
1938.659
1939.121
1939.579
1940.041
1940.499
1940.961
1941.419
1941.881
1942.342
1942.810
1943.276
1943.730
1944.184
1944.650
1945.119
1945.581
1946.047
1946.507
1946.953
1947.413
1947.879
1948.341
1948.809
1949.276
1949.730
1950.184
1950.651
1951.119
1951.581
1952.049
1952.516
1952.970
1953.201
1953.431
1953.662
1953.892
1954.123
1954.354
1954.815
1955.046
1955.276
1955.507
1955.737
1955.968
1956.199
1956.660
1956.891
1957.121
1957.352
1957.582
1957.813
1958.044
1958.505
1958.736
1958.966
1959.197
1959.427
1959.658
1959.889
1960.350
1960.581
1960.811
1961.042
1961.272
1961.503
1961.734
1962.195
1962.426
1962.656
1962.887
1963.117
1963.348
1963.579
1964.040
1964.271
1964.501
1964.732
1964.962
1965.193
1965.424
1965.885
1966.116
1966.346
1966.577
1966.807
1967.038
1967.269
1967.731
1968.193
1968.656
1969.118
1969.580
1970.043
1970.505
1970.967
1971.430
1971.892
1972.354
1972.817
1973.279
1973.741
1974.204
1974.666
1975.128
1975.591
1976.053
1976.515
1976.977
1977.440
1977.902
1978.364
1978.827
1979.289
1979.751
1980.214
1980.676
1981.138
1981.601
1982.063
1982.525
1982.986
1983.447
1984.369
1984.830
1985.291
1986.213
1986.674
1987.135
1988.057
1988.518
1988.979
1989.900
1990.361
1990.822
1991.744
1992.205
1992.666
1993.588
1994.049
1994.510
1995.432
1995.893
1996.354
1997.275
1997.736
1998.197
1999.119
1999.580
2000.041
2000.963
2001.424
2001.885
2002.807
2003.268
2003.729
2004.650
2005.111
2005.572
2006.494
2006.955
2007.416
2008.338
2008.799
2009.260
2010.182
2010.643
2011.104
2012.026
2012.486
2012.947
2013.869
2014.330
2014.791
2015.713
2016.174
2016.635
2017.557
2018.018
2018.479
2019.401
2019.862
2020.322
2021.244
2021.705
2022.166
2023.088
2023.549
2024.010
2026.810
2027.273
2027.735
2028.198
2028.660
2029.123
2029.585
2030.048
2030.510
2030.973
2031.435
2031.898
2032.360
2032.823
2033.285
2033.748
2034.210
2034.673
2035.135
2035.598
2036.060
2036.523
2036.985
2037.448
2037.910
2038.373
2038.835
2039.298
2039.760
2040.223
2040.685
2041.148
2041.610
2041.841
2042.071
2042.302
2042.532
2042.763
2042.994
2043.455
2043.686
2043.916
2044.147
2044.377
2044.608
2044.839
2045.300
2045.531
2045.761
2045.992
2046.222
2046.453
2046.684
2047.145
2047.376
2047.606
2047.837
2048.067
2048.298
2048.529
2048.990
2049.221
2049.451
2049.682
2049.912
2050.143
2050.374
2050.835
2051.066
2051.296
2051.527
2051.757
2051.988
2052.219
2052.680
2052.911
2053.141
2053.372
2053.602
2053.833
2054.064
2054.525
2054.756
2054.986
2055.217
2055.447
2055.678
2055.909
2056.370
2056.601
2056.831
2057.062
2057.293
2057.523
2057.754
2057.984
2058.215
2058.446
2058.676
2058.907
2059.138
2059.368
2059.599
2059.830
2060.060
2060.291
2060.521
2060.752
2060.983
2061.213
2061.444
2061.675
2061.905
2062.136
2062.367
2062.597
2062.828
2063.058
2063.289
2063.520
2063.750
2063.981
2064.212
2064.442
2064.673
2064.904
2065.134
2065.365
2065.595
2065.826
2066.057
2066.287
2066.518
2066.749
2066.979
2067.210
2067.441
2067.671
2067.902
2068.133
2068.363
2068.594
2068.824
2069.055
2069.286
2069.516
2069.747
2069.978
2070.208
2070.439
2070.670
2070.900
2071.131
2071.361
2071.592
2071.823
2072.053
2072.284
2072.515
2072.745
2072.976
2073.207
2073.437
2073.668
2073.898
2074.129
2074.360
2074.590
2074.821
2075.052
2075.282
2075.513
2075.744
2075.974
2076.205
2076.435
2076.666
2076.897
2077.127
2077.358
2077.589
2077.819
2078.050
2078.512
2078.975
2079.437
2079.900
2080.362
2080.825
2081.287
2081.750
2082.212
2082.675
2083.137
2083.600
2084.062
2084.525
2084.987
2085.450
2209.610
2211.530
2213.450
2215.370
2217.290
2219.210
2221.130
2223.050
2224.970
2226.890
2228.810
2230.730
2232.650
2234.570
2236.490
2238.410
2240.330
2242.250
2244.170
2246.090
2248.010
2249.930
2251.850
2253.770
2255.690
2257.610
2259.530
2261.450
2263.370
2265.290
2267.210
2269.130
2271.050
2272.970
2274.890
2276.810
2278.730
2280.650
2282.570
2285.890
2286.490
2287.090
2287.690
2288.290
2288.890
2289.490
2290.090
2290.690
2291.290
2291.890
2292.490
2293.090
2293.690
2294.290
2294.890
2295.490
2296.090
2296.690
2297.290
2297.890
2298.490
2299.090
2299.690
2300.290
2300.890
2301.490
2302.090
2302.690
2303.290
2303.890
2304.490
2305.090
2305.690
2306.290
2306.890
2307.490
2308.090
2308.690
2309.290
2309.890
2310.490
2311.090
2311.690
2312.290
2312.890
2313.490
2314.090
2314.690
2315.290
2315.890
2316.490
2317.090
2317.690
2318.290
2318.890
2319.490
2320.090
2320.690
2321.290
2321.890
2322.490
2323.090
2323.690
2324.290
2324.890
2325.490
2326.090
2326.690
2327.290
2327.890
2328.490
2329.090
2329.690
2330.290
2330.890
2331.490
2332.090
2332.690
2333.290
2333.890
2334.490
2335.090
2335.690
2336.290
2336.890
2337.490
2338.090
2338.690
2339.290
2339.890
2340.490
2341.090
2341.690
2342.290
2342.890
2343.490
2344.090
2344.690
2345.290
2345.890
2346.490
2347.090
2347.690
2348.290
2348.890
2349.490
2350.090
2350.690
2351.290
2351.890
2352.490
2353.090
2353.690
2354.290
2354.890
2355.490
2356.090
2356.690
2357.290
2357.890
2358.490
2359.090
2359.690
2360.290
2360.890
2361.490
2362.090
2362.690
2363.290
2363.890
2364.490
2365.090
2365.690
2366.290
2366.890
2367.490
2368.090
2368.690
2369.290
2369.890
2370.490
2371.090
2371.690
2372.290
2372.890
2373.490
2374.090
2374.690
2375.290
2375.890
2376.490
2377.090
2377.690
2378.290
2378.890
2379.490
2380.090
2380.690
2381.290
2381.890
2382.490
2383.090
2384.970
2385.311
2385.652
2385.993
2386.334
2386.675
2387.016
2387.356
2387.697
2388.038
2388.379
2388.720
2389.061
2389.402
2389.743
2390.084
2390.425
2390.766
2391.107
2391.447
2391.788
2392.129
2392.470
2392.811
2393.152
2393.493
2393.834
2394.175
2394.516
2394.857
2395.198
2395.539
2395.879
2396.220
2396.561
2396.902
2397.243
2397.584
2397.925
2398.266
2398.607
2398.948
2399.289
2399.630
2399.970
2400.311
2400.652
2400.993
2401.334
2401.675
2402.016
2402.357
2402.698
2403.039
2403.380
2403.721
2404.061
2404.402
2404.743
2405.084
2405.425
2405.766
2406.107
2406.448
2406.789
2407.130
2407.471
2407.812
2408.153
2408.493
2408.834
2409.175
2409.516
2409.857
2410.198
2410.539
2410.880
2411.221
2411.562
2411.903
2412.244
2412.584
2412.925
2413.266
2413.607
2413.948
2414.289
2414.630
2414.971
2415.312
2415.653
2415.994
2416.335
2416.676
2417.016
2417.357
2417.698
2418.039
2418.380
2418.721
2419.062
2419.403
2419.744
2420.085
2420.426
2420.767
2421.107
2421.448
2421.789
2422.130
2422.471
2422.812
2423.153
2423.494
2423.835
2424.176
2424.517
2424.858
2425.199
2425.539
2425.880
2426.221
2426.562
2426.903
2427.244
2427.585
2427.926
2428.267
2428.608
2428.949
2429.290
2429.630
2429.971
2430.312
2430.653
2430.994
2431.335
2431.676
2432.017
2432.358
2432.699
2433.040
2433.381
2433.721
2434.062
2434.403
2434.744
2435.085
2435.426
2435.767
2436.108
2436.449
2436.790
2437.131
2437.472
2437.813
2438.153
2438.494
2438.835
2439.176
2439.517
2439.858
2440.199
2440.540
2440.881
2441.222
2441.563
2441.904
2442.244
2442.585
2442.926
2443.267
2443.608
2443.949
2444.290
2445.090
2445.390
2445.690
2445.990
2446.290
2446.591
2446.891
2447.191
2447.491
2447.791
2448.091
2448.391
2448.691
2448.992
2449.292
2449.592
2449.892
2450.192
2450.492
2450.792
2451.092
2451.392
2451.693
2451.993
2452.293
2452.593
2452.893
2453.193
2453.493
2453.793
2454.094
2454.394
2454.694
2454.994
2455.294
2455.594
2455.894
2456.194
2456.494
2456.795
2457.095
2457.395
2457.695
2457.995
2458.295
2458.595
2458.895
2459.196
2459.496
2459.796
2460.096
2460.396
2460.696
2460.996
2461.296
2461.597
2461.897
2462.197
2462.497
2462.797
2463.097
2463.397
2463.697
2463.997
2464.298
2464.598
2464.898
2465.198
2465.498
2465.798
2466.098
2466.398
2466.699
2466.999
2467.299
2467.599
2467.899
2468.199
2468.499
2468.799
2469.099
2469.400
2469.700
2470.000
2470.300
2470.600
2470.900
2471.200
2471.500
2471.801
2472.101
2472.401
2472.701
2473.001
2473.301
2473.601
2473.901
2474.201
2474.502
2474.802
2475.102
2475.402
2475.702
2476.002
2476.302
2476.602
2476.903
2477.203
2477.503
2477.803
2478.103
2478.403
2478.703
2479.003
2479.303
2479.604
2479.904
2480.204
2480.504
2480.804
2481.104
2481.404
2481.704
2482.005
2482.305
2482.605
2482.905
2483.205
2483.505
2483.805
2484.105
2484.405
2484.706
2485.006
2485.306
2485.606
2485.906
2486.206
2486.506
2486.806
2487.107
2487.407
2487.707
2488.007
2488.307
2488.607
2488.907
2489.207
2489.508
2489.808
2490.108
2490.408
2490.708
2491.008
2491.308
2491.608
2491.908
2492.209
2492.509
2492.809
2493.109
2493.409
2493.709
2494.009
2494.309
2494.610
2494.910
2495.210
2495.510
2495.810
2496.250
2496.490
2496.730
2496.970
2497.210
2497.450
2497.690
2497.930
2498.170
2498.409
2498.649
2498.889
2499.129
2499.369
2499.609
2499.849
2500.089
2500.329
2500.569
2500.809
2501.049
2501.289
2501.529
2501.769
2502.009
2502.249
2502.488
2502.728
2502.968
2503.208
2503.448
2503.688
2503.928
2504.168
2504.408
2504.648
2504.888
2505.128
2505.368
2505.608
2505.848
2506.088
2506.328
2506.567
2506.807
2507.047
2507.287
2507.527
2507.767
2508.007
2508.247
2508.487
2508.727
2508.967
2509.207
2509.447
2509.687
2509.927
2510.167
2510.407
2510.646
2510.886
2511.126
2511.366
2511.606
2511.846
2512.086
2512.326
2512.566
2512.806
2513.046
2513.286
2513.526
2513.766
2514.006
2514.246
2514.486
2514.725
2514.965
2515.205
2515.445
2515.685
2515.925
2516.165
2516.405
2516.645
2516.885
2517.125
2517.365
2517.605
2517.845
2518.085
2518.325
2518.565
2518.804
2519.044
2519.284
2519.524
2519.764
2520.004
2520.244
2520.484
2520.724
2520.964
2521.204
2521.444
2521.684
2521.924
2522.164
2522.404
2522.644
2522.883
2523.123
2523.363
2523.603
2523.843
2524.083
2524.323
2524.563
2524.803
2525.043
2525.283
2525.523
2525.763
2526.003
2526.243
2526.483
2526.723
2526.962
2527.202
2527.442
2527.682
2527.922
2528.162
2528.402
2528.642
2528.882
2529.122
2529.362
2529.602
2529.842
2530.082
2530.322
2530.562
2530.802
2531.041
2531.281
2531.521
2531.761
2532.001
2532.241
2532.481
2532.721
2532.961
2533.201
2533.441
2533.681
2533.921
2534.161
2534.401
2534.641
2534.881
2535.120
2535.360
2535.600
2535.840
2536.080
2536.320
2536.560
2536.800
2537.040
2537.280
2537.520
2537.760
2538.000
2538.240
2538.480
2538.720
2538.959
2539.199
2539.439
2539.679
2539.919
2540.159
2540.399
2540.639
2540.879
2541.119
2541.359
2541.599
2541.839
2542.079
2542.319
2542.559
2542.799
2543.038
2543.278
2543.518
2543.758
2543.998
2544.238
2544.478
2544.718
2544.958
2545.198
2545.438
2545.678
2545.918
2546.158
2546.398
2546.638
2546.878
2547.117
2547.357
2547.597
2547.837
2548.077
2548.317
2548.557
2548.797
2549.037
2549.277
2549.517
2549.757
2549.997
2550.237
2550.477
2550.717
2550.957
2551.196
2551.436
2551.676
2551.916
2552.156
2552.396
2552.636
2552.876
2553.116
2553.356
2553.596
2553.836
2554.076
2554.316
2554.556
2554.796
2555.036
2555.275
2555.515
2555.755
2555.995
2556.235
2556.475
2556.715
2556.955
2557.195
2557.435
2557.675
2557.915
2558.155
2558.395
2558.635
2558.875
2559.115
2559.354
2559.594
2559.834
2560.074
2560.314
2560.554
2560.794
2561.034
2561.274
2561.514
2561.754
2561.994
2562.234
2562.474
2562.714
2562.954
2563.194
2563.433
2563.673
2563.913
2564.153
2564.393
2564.633
2564.873
2565.113
2565.353
2565.593
2565.833
2566.073
2566.313
2566.553
2566.793
2567.033
2567.273
2567.512
2567.752
2567.992
2568.232
2568.472
2568.712
2568.952
2569.192
2569.432
2569.672
2569.912
2570.152
2570.392
2570.632
2570.872
2571.112
2571.352
2571.591
2571.831
2572.071
2572.311
2572.551
2572.791
2573.031
2573.271
2573.511
2573.751
2573.991
2574.231
2574.471
2574.711
2574.951
2575.191
2575.431
2575.670
2575.910
2576.150
2576.390
2576.630
2576.870
2577.110
2577.350
2577.590
2577.830
2578.070
2578.310
2578.550
2578.790
2579.030
2579.270
2579.510
2579.749
2579.989
2580.229
2580.469
2580.709
2580.949
2581.189
2581.429
2581.669
2581.909
2582.149
2582.389
2582.629
2582.869
2583.109
2583.349
2583.589
2583.828
2584.068
2584.308
2584.548
2584.788
2585.028
2585.268
2585.508
2585.748
2585.988
2586.228
2586.468
2586.708
2586.948
2587.188
2587.428
2587.668
2587.907
2588.147
2588.387
2588.627
2588.867
2589.107
2589.347
2589.587
2589.827
2590.067
2590.307
2590.547
2590.787
2591.027
2591.267
2591.507
2591.747
2591.986
2592.226
2592.466
2592.706
2592.946
2593.186
2593.426
2593.666
2593.906
2594.146
2594.386
2594.626
2594.866
2595.106
2595.346
2595.586
2595.826
2596.065
2596.305
2596.545
2596.785
2597.025
2597.265
2597.505
2597.745
2597.985
2598.225
2598.465
2598.705
2598.945
2599.185
2599.425
2599.665
2599.905
2600.144
2600.384
2600.624
2600.864
2601.104
2601.344
2601.584
2601.824
2602.064
2602.304
2602.544
2602.784
2603.024
2603.264
2603.504
2603.744
2603.984
2604.223
2604.463
2604.703
2604.943
2605.183
2605.423
2605.663
2605.903
2606.143
2606.383
2606.623
2606.863
2607.103
2607.343
2607.583
2607.823
2608.063
2608.302
2608.542
2608.782
2609.022
2609.262
2609.502
2609.742
2609.982
2610.222
2610.462
2610.702
2610.942
2611.182
2611.422
2611.662
2611.902
2612.142
2612.381
2612.621
2612.861
2613.101
2613.341
2613.581
2613.821
2614.061
2614.301
2614.541
2614.781
2615.021
2615.261
2615.501
2615.741
2615.981
2616.221
2616.460
2616.700
2616.940
2617.180
2617.420
2617.660
2617.900
2618.140
2618.380
2618.620
2618.860
2619.100
2619.340
2619.580
2619.820
2620.060
2620.299
2620.539
2620.779
2621.019
2621.259
2621.499
2621.739
2621.979
2622.219
2622.459
2622.699
2622.939
2623.179
2623.419
2623.659
2623.899
2624.139
2624.378
2624.618
2624.858
2625.098
2625.338
2625.578
2625.818
2626.058
2626.298
2626.538
2626.778
2627.018
2627.258
2627.498
2627.738
2627.978
2628.218
2628.457
2628.697
2628.937
2629.177
2629.417
2629.657
2629.897
2630.137
2630.377
2630.617
2630.857
2631.097
2631.337
2631.577
2631.817
2632.057
2632.297
2632.536
2632.776
2633.016
2633.256
2633.496
2633.736
2633.976
2634.216
2634.456
2634.696
2634.936
2635.176
2635.416
2635.656
2635.896
2636.136
2636.376
2636.615
2636.855
2637.095
2637.335
2637.575
2637.815
2638.055
2638.295
2638.535
2638.775
2639.015
2639.255
2639.495
2639.735
2639.975
2640.215
2640.455
2640.694
2640.934
2641.174
2641.414
2641.654
2641.894
2642.134
2642.374
2642.614
2642.854
2643.094
2643.334
2643.574
2643.814
2644.054
2644.294
2644.534
2644.773
2645.013
2645.253
2645.493
2645.733
2645.973
2646.213
2646.453
2646.693
2646.933
2647.173
2647.413
2647.653
2647.893
2648.133
2648.373
2648.613
2648.852
2649.092
2649.332
2649.572
2649.812
2650.052
2650.292
2650.532
2650.772
2651.012
2651.252
2651.492
2651.732
2651.972
2652.212
2652.452
2652.692
2652.931
2653.171
2653.411
2653.651
2653.891
2654.131
2654.371
2654.611
2654.851
2655.091
2655.331
2655.571
2655.811
2656.051
2656.291
2656.531
2656.771
2657.010
2657.250
2657.490
2657.730
2657.970
2658.210
2658.450
2658.690
2658.930
2659.730
2659.970
2660.210
