22.039
22.506
22.973
23.440
32.382
32.852
33.321
33.790
34.259
34.729
35.198
35.667
36.136
36.606
37.075
37.544
38.013
38.483
38.952
39.421
39.890
40.360
40.829
41.298
41.767
42.237
42.706
43.175
43.644
44.114
44.583
45.052
45.521
45.991
46.460
46.929
47.398
47.868
48.337
48.806
49.275
49.745
50.214
50.683
51.152
51.622
52.091
52.560
53.029
53.499
53.968
54.437
54.906
55.376
55.845
56.314
56.783
57.253
57.722
58.191
58.660
59.130
59.599
60.068
60.537
61.007
61.476
61.945
91.908
92.378
92.847
93.316
93.785
94.255
94.724
95.193
95.662
96.131
96.601
97.070
97.539
98.008
98.477
98.947
99.416
99.885
100.354
100.824
101.293
101.762
102.231
102.700
103.170
103.639
104.108
104.577
105.047
105.516
105.985
106.454
106.923
107.159
107.395
107.630
107.866
108.102
108.337
108.573
108.809
109.044
109.280
109.516
109.751
109.987
110.223
110.458
110.694
110.930
111.165
111.401
111.636
111.872
112.108
112.343
112.579
112.815
113.050
113.286
113.522
113.757
113.993
114.229
114.464
114.700
114.936
115.171
115.407
115.643
115.878
116.114
116.350
116.585
116.821
117.056
117.292
117.528
117.763
117.999
118.235
118.470
118.706
118.942
119.177
119.413
119.649
119.884
120.120
120.356
120.591
120.827
121.063
121.298
121.534
121.769
122.005
122.473
122.942
123.410
123.878
124.346
124.814
125.282
125.751
126.219
126.687
127.155
127.623
128.092
128.560
129.028
129.496
129.964
130.433
130.901
131.369
131.837
132.305
132.774
133.242
133.710
134.178
134.646
135.115
135.583
136.051
136.519
136.987
137.456
137.924
138.392
138.860
139.328
139.796
140.265
140.733
141.201
141.669
142.137
142.606
143.074
143.542
144.010
144.478
144.947
145.415
145.883
146.351
146.819
147.288
147.756
148.224
148.692
149.160
149.629
150.097
150.565
151.033
151.501
166.983
167.335
167.686
168.038
168.389
168.858
169.210
169.561
169.913
170.264
170.733
171.084
171.436
171.787
172.139
172.608
172.959
173.311
173.662
174.014
174.482
174.834
175.185
175.537
175.888
176.357
176.709
177.060
177.412
177.763
178.232
178.583
178.935
179.286
179.638
180.130
180.364
180.598
180.831
181.065
181.299
181.533
181.767
182.001
182.234
182.468
182.702
182.936
183.170
183.404
183.638
183.871
184.105
184.339
184.573
184.807
185.041
185.274
185.508
185.742
185.976
186.210
186.444
186.677
186.911
187.145
187.379
187.613
187.847
188.080
188.314
188.548
188.782
189.016
189.250
189.484
190.429
191.374
192.320
193.265
194.211
196.947
197.416
197.885
198.354
198.824
199.293
199.762
200.231
200.700
201.170
201.639
202.108
202.577
203.047
203.516
203.985
204.454
204.923
205.393
205.862
206.331
206.800
207.270
207.739
208.208
208.677
209.146
209.616
210.085
210.554
211.023
211.492
211.962
212.900
213.839
214.778
215.717
216.655
217.594
218.533
219.471
220.410
221.349
222.288
223.226
224.165
225.104
226.042
242.993
243.462
243.931
244.400
244.870
245.339
245.808
246.277
246.747
247.216
247.685
248.154
248.624
249.093
249.562
250.031
250.501
250.970
251.439
251.908
252.378
252.847
253.316
253.785
254.255
254.724
255.193
255.662
256.132
256.601
257.070
257.540
258.009
258.478
258.947
259.417
259.886
260.355
260.824
261.294
261.763
262.232
262.701
263.171
263.640
264.109
264.578
265.048
265.517
265.986
266.455
266.925
267.394
267.863
268.332
268.802
269.271
269.740
270.209
270.679
271.148
271.617
272.086
272.556
274.090
274.559
274.794
275.966
276.435
276.669
277.841
278.310
278.545
279.717
280.186
280.420
281.592
282.061
282.296
283.468
283.937
284.171
285.343
285.812
286.047
287.219
287.688
287.922
289.094
289.563
289.798
290.970
291.439
291.673
292.845
293.314
293.549
294.721
295.190
295.424
296.596
297.065
297.300
298.472
298.941
299.175
300.347
300.816
301.051
302.986
303.220
303.454
303.688
303.922
304.156
304.390
304.625
304.859
305.093
305.327
305.561
305.795
306.029
306.263
306.497
306.731
306.965
307.199
307.433
307.668
307.902
308.136
308.370
308.604
308.838
309.072
309.306
309.540
309.774
310.008
310.242
310.477
310.711
310.945
311.179
311.413
311.647
311.881
312.115
312.349
312.583
312.817
313.051
313.285
313.520
313.754
313.988
314.222
314.456
314.690
314.924
315.158
315.392
315.626
315.860
316.094
316.329
316.563
316.797
317.031
317.265
317.499
317.733
317.967
318.201
318.553
318.905
319.139
319.491
319.842
320.076
320.428
320.780
321.014
321.366
321.717
321.951
322.303
322.655
322.889
323.241
323.592
323.826
324.178
324.530
324.764
325.116
325.467
325.701
326.053
326.405
326.639
326.991
327.342
327.576
327.928
328.280
328.514
328.866
329.217
329.451
329.803
330.155
330.389
330.741
331.092
331.326
331.678
332.030
332.264
332.616
333.016
333.485
333.954
334.422
334.891
335.360
335.829
336.298
336.767
337.236
337.704
338.173
338.642
339.111
339.580
340.049
340.517
340.986
341.455
341.924
342.393
342.862
343.331
343.799
344.268
344.737
345.206
345.675
346.144
346.612
347.081
347.550
348.019
348.488
348.957
349.426
349.894
350.363
350.832
351.301
351.768
352.002
352.237
352.471
352.705
352.939
353.174
353.408
353.642
353.877
354.111
354.345
354.579
354.814
355.048
355.282
355.516
355.751
355.985
356.219
356.454
356.688
356.922
357.156
357.391
357.625
357.859
358.093
358.328
358.562
358.796
359.031
359.265
359.499
359.733
359.968
360.202
360.436
360.671
360.905
361.139
361.373
361.608
361.842
362.076
362.310
362.545
362.779
377.866
378.336
378.806
379.277
379.747
380.217
380.687
381.157
381.627
382.097
382.567
383.037
383.507
383.977
384.448
384.918
385.388
385.858
386.328
386.798
387.268
387.738
388.208
388.678
389.148
389.619
390.089
390.559
391.029
391.499
391.969
392.439
392.909
393.145
393.380
393.616
393.851
394.087
394.322
394.558
394.793
395.029
395.264
395.500
395.735
395.971
396.206
396.442
396.677
396.913
397.148
397.384
397.619
397.855
398.091
398.326
398.562
398.797
399.033
399.268
399.504
399.739
399.975
400.210
400.446
400.681
400.917
401.152
401.388
401.623
401.859
402.094
402.330
402.565
402.801
403.036
403.272
403.507
403.743
403.978
404.214
404.449
404.685
404.921
405.156
405.392
405.627
405.863
407.958
408.193
408.429
408.664
408.900
409.136
409.371
409.842
410.078
410.314
410.549
410.785
411.020
411.256
411.727
411.963
412.198
412.434
412.670
412.905
413.141
413.612
413.848
414.083
414.319
414.555
414.790
415.026
415.497
415.733
415.968
416.204
416.439
416.675
416.911
417.382
417.617
417.853
418.089
418.324
418.560
418.795
419.267
419.502
419.738
419.974
420.209
420.445
420.680
423.039
423.274
423.509
423.743
423.978
424.212
424.447
424.916
425.151
425.386
425.620
425.855
426.090
426.324
426.794
427.028
427.263
427.497
427.732
427.967
428.201
428.671
428.905
429.140
429.375
429.609
429.844
430.079
430.548
430.782
431.017
431.252
431.486
431.721
431.956
432.425
432.660
432.894
433.129
433.364
433.598
433.833
434.302
434.537
434.771
435.006
435.241
435.475
435.710
436.179
436.414
436.649
436.883
437.118
437.352
437.587
438.058
438.529
439.000
439.471
439.942
440.413
440.885
441.356
441.827
442.298
442.769
443.240
443.711
444.182
444.653
445.124
445.595
445.833
446.070
446.308
446.545
446.783
447.020
447.258
447.495
447.733
447.970
448.208
448.445
448.682
448.920
449.157
449.395
449.632
449.870
450.107
450.345
450.582
450.820
451.057
451.295
451.532
451.770
452.007
452.245
452.482
452.720
452.957
453.195
453.431
453.667
454.138
454.374
454.610
455.082
455.317
455.553
456.025
456.261
456.497
456.968
457.204
457.440
457.912
458.148
458.383
458.855
459.091
459.327
459.799
460.034
460.270
460.742
460.978
461.214
461.685
461.921
462.157
462.629
462.865
463.100
463.572
463.808
464.044
464.515
464.751
464.987
465.459
465.695
465.931
466.402
466.638
466.874
467.346
467.581
467.817
468.351
468.833
469.316
469.798
470.371
470.840
471.309
471.778
472.247
472.716
473.185
473.654
474.123
474.592
475.061
475.530
475.999
476.468
476.937
477.406
477.875
478.344
478.814
479.283
479.752
480.221
480.690
481.159
481.628
482.097
482.566
483.035
