7.836
8.078
8.320
8.562
8.804
11.707
11.948
12.190
12.432
12.674
15.577
15.819
16.061
16.303
16.545
19.448
19.690
19.931
20.173
20.415
22.834
23.318
23.560
23.801
24.043
24.285
24.768
25.734
26.701
27.184
27.426
27.667
27.909
28.151
28.634
29.600
30.567
31.050
31.292
31.533
31.775
32.016
32.500
33.466
34.433
34.916
35.158
35.399
35.641
35.882
36.366
37.332
44.106
45.073
46.041
47.008
47.976
48.944
49.911
50.879
51.847
52.814
53.782
54.282
54.524
54.766
55.007
55.249
55.732
56.699
57.665
58.148
58.390
58.632
58.873
59.115
59.598
60.565
61.531
62.014
62.256
62.498
62.739
62.981
63.464
64.430
65.397
65.880
66.122
66.363
66.605
66.847
67.330
68.296
69.765
70.006
70.248
70.490
70.732
73.635
73.877
74.119
74.361
74.603
77.506
77.748
77.989
78.231
78.473
81.376
81.618
81.860
82.102
82.344
84.746
85.714
86.681
87.649
88.617
89.584
90.552
91.520
92.487
93.455
94.422
95.390
96.358
97.325
100.262
100.729
100.971
101.213
101.455
101.696
102.180
103.148
104.116
104.599
104.841
105.083
105.325
105.567
106.051
107.018
107.986
108.470
108.712
108.954
109.196
109.437
109.921
110.889
111.857
112.340
112.582
112.824
113.066
113.308
113.792
114.759
115.727
116.211
116.453
116.695
116.937
117.179
117.662
118.630
119.598
120.081
120.323
120.565
120.807
121.049
121.533
122.501
123.468
123.952
124.194
124.436
124.678
124.920
125.403
126.371
127.339
127.823
128.064
128.306
128.548
128.790
131.193
131.693
131.935
132.177
132.418
132.660
133.144
134.111
135.078
135.561
135.803
136.045
136.287
136.528
137.012
137.979
138.946
139.429
139.671
139.913
140.155
140.396
140.880
141.847
142.814
143.298
143.539
143.781
144.023
144.265
144.748
145.715
146.682
147.166
147.408
147.649
147.891
148.133
148.616
149.583
150.550
151.034
151.276
151.518
151.759
152.001
152.485
153.452
154.419
154.902
155.144
155.386
155.627
155.869
156.353
157.320
158.287
158.770
159.012
159.254
162.190
162.657
162.899
163.141
163.383
163.625
164.109
165.077
166.045
166.529
166.770
167.012
167.254
167.496
167.980
168.948
169.916
170.400
170.642
170.884
171.126
171.368
171.851
172.819
173.787
174.271
174.513
174.755
174.997
175.239
175.723
176.690
177.658
178.142
178.384
178.626
178.868
179.110
179.594
180.562
181.529
182.013
182.255
182.497
182.739
182.981
183.465
184.433
185.401
185.885
186.126
186.368
186.610
186.852
187.336
188.304
189.272
189.756
189.998
190.240
190.482
190.724
191.207
192.175
216.327
217.183
218.040
218.897
219.754
220.611
221.467
222.324
223.181
224.038
224.894
225.751
226.608
227.465
228.322
229.178
230.035
230.892
231.749
232.606
233.462
234.319
235.176
236.033
236.890
237.746
238.603
239.460
240.317
241.174
242.030
242.887
243.744
244.172
244.601
245.029
245.458
245.886
246.314
246.743
247.171
247.599
248.028
248.456
248.885
249.313
249.741
250.170
250.598
255.739
256.596
257.453
258.309
259.166
260.023
260.880
261.737
262.593
263.450
264.307
265.164
266.021
266.877
267.734
268.591
269.448
270.304
271.161
272.018
272.875
273.732
274.588
275.445
276.302
277.159
278.016
278.872
279.729
280.586
281.443
282.300
283.156
284.013
284.870
298.579
299.435
300.292
301.149
302.006
302.863
303.719
304.576
305.433
306.290
307.147
308.003
308.860
309.717
310.574
311.431
311.645
311.859
312.073
312.287
312.502
312.716
312.930
313.144
313.358
313.573
313.787
314.001
314.215
314.429
314.644
314.858
315.072
315.286
315.500
315.715
315.929
316.143
316.357
316.571
316.785
317.000
317.214
317.428
317.642
317.856
318.071
318.285
318.499
318.713
318.927
319.142
319.356
319.570
319.784
319.998
320.213
320.427
320.641
320.855
321.069
321.284
321.498
321.712
321.926
322.140
322.355
322.569
322.783
322.997
323.211
323.426
323.640
323.854
324.068
324.282
324.497
324.711
324.925
325.139
325.353
325.568
325.782
325.996
326.210
326.424
326.639
326.853
327.067
327.281
327.495
327.710
327.924
328.138
328.352
328.566
328.781
328.995
329.209
329.423
329.637
329.852
330.066
330.280
330.494
330.708
330.923
331.137
331.351
331.565
331.779
331.994
332.208
332.422
332.636
332.850
333.065
333.279
333.493
333.707
333.921
334.136
334.350
334.564
334.778
334.992
335.207
335.421
335.635
335.849
336.063
336.278
336.492
336.706
336.920
337.134
337.349
337.563
337.777
337.991
338.205
338.420
338.634
338.848
339.062
339.276
339.490
339.705
346.559
347.416
348.273
349.129
349.986
350.843
351.700
352.557
353.413
354.270
355.127
355.984
356.841
357.697
358.554
358.768
358.983
359.197
359.411
359.625
359.839
360.054
360.268
360.482
360.696
360.910
361.125
361.339
361.553
361.767
361.981
362.196
362.410
362.624
362.838
363.052
363.267
363.481
363.695
363.909
364.123
364.337
364.552
364.766
364.980
365.194
365.408
365.623
365.837
366.051
366.265
366.479
366.694
366.908
367.122
367.336
367.550
367.765
367.979
368.193
368.407
368.621
368.836
369.050
369.264
369.478
369.692
369.907
370.121
370.335
370.549
370.763
370.978
371.192
371.406
371.620
371.834
372.049
372.263
372.477
372.691
372.905
373.120
373.334
373.548
373.762
373.976
379.117
379.974
380.831
381.688
382.544
383.401
384.258
385.115
385.972
386.828
387.685
395.988
396.463
396.939
397.415
397.891
398.367
398.843
399.319
399.795
400.271
400.746
401.222
401.698
402.174
402.650
403.126
403.602
404.078
404.553
405.029
405.505
405.981
406.457
406.933
407.409
407.885
408.361
408.836
409.312
409.550
409.788
410.026
410.264
410.502
410.740
410.978
411.216
411.454
411.692
411.930
412.168
412.406
412.644
412.881
413.119
413.357
413.595
413.833
414.071
414.309
414.547
414.785
415.023
415.261
415.499
415.737
415.975
416.213
416.451
416.689
416.926
417.164
417.402
417.640
417.878
418.116
418.354
418.592
418.830
419.068
419.306
419.544
419.782
420.020
420.258
420.496
420.734
420.971
421.209
421.447
421.685
421.923
422.161
422.399
422.637
424.541
425.017
425.492
425.968
426.444
426.920
427.396
427.872
428.348
428.824
429.299
429.775
430.251
430.727
431.203
431.679
432.155
432.631
433.107
433.582
434.058
434.534
435.010
435.486
435.962
436.438
436.914
437.389
437.865
438.341
438.817
439.293
439.769
440.007
440.245
440.483
440.721
440.959
441.197
441.435
441.672
441.910
442.148
442.386
442.624
442.862
443.100
443.338
443.576
443.814
444.052
444.290
444.528
444.766
445.004
445.242
445.480
445.717
445.955
446.193
446.431
446.669
446.907
447.145
447.383
447.621
447.859
448.097
448.335
448.573
448.811
449.049
449.287
449.525
449.762
450.000
450.238
450.476
450.714
450.952
451.190
451.428
451.666
451.904
452.142
452.380
452.618
452.856
453.094
453.332
453.570
453.808
454.045
454.283
454.521
454.759
454.997
484.502
484.978
485.454
485.930
486.406
486.881
487.357
487.595
487.833
488.071
488.309
488.547
488.785
489.023
489.261
489.499
489.737
489.975
490.213
490.451
490.689
490.926
491.164
491.402
491.640
491.878
492.116
492.354
492.592
492.830
493.068
493.306
493.544
493.782
494.020
494.258
494.496
494.734
494.971
495.209
495.447
495.685
495.923
496.161
496.399
496.637
496.875
497.113
497.351
497.589
497.827
498.065
498.303
498.541
498.779
499.017
499.254
499.492
499.730
499.968
500.206
500.444
500.682
502.586
503.062
503.537
504.013
504.489
504.965
505.441
505.917
506.393
506.869
507.344
507.820
508.296
508.772
509.248
509.724
510.200
510.676
511.152
511.627
512.103
512.579
513.055
513.531
514.007
514.483
514.959
515.435
515.910
516.386
516.862
517.338
517.814
518.052
518.290
518.528
518.766
519.004
519.242
519.480
519.717
519.955
520.193
520.431
520.669
520.907
521.145
521.383
521.621
521.859
522.097
522.335
522.573
522.811
523.049
523.287
523.525
523.762
524.000
524.238
524.476
524.714
524.952
525.190
525.428
525.666
525.904
526.142
526.380
526.618
526.856
527.094
527.332
527.570
527.807
528.045
528.283
528.521
528.759
528.997
529.235
529.473
529.711
529.949
530.187
530.425
530.663
530.901
531.139
533.042
533.280
533.518
533.756
533.994
534.232
534.470
534.708
534.946
535.184
535.422
535.660
535.898
536.135
536.373
536.611
536.849
537.087
537.325
537.563
537.801
538.039
538.277
538.515
538.753
538.991
539.229
539.467
539.705
539.943
540.180
540.418
540.656
540.894
541.132
541.370
541.608
541.846
542.084
542.322
542.560
542.798
543.036
543.274
543.512
543.750
543.988
544.226
544.463
544.701
544.939
545.177
545.415
545.653
545.891
546.129
546.367
550.882
551.327
551.772
552.217
552.662
553.106
553.551
553.996
554.441
554.885
555.330
555.775
556.220
556.665
557.109
557.554
557.999
558.444
558.888
559.333
559.778
560.223
560.668
561.112
561.557
562.002
562.447
562.891
563.336
563.781
569.020
570.801
572.581
574.362
576.143
577.924
579.705
581.486
583.267
585.048
586.829
588.610
590.391
592.172
593.953
595.734
597.515
597.959
598.403
598.847
599.292
599.736
600.180
600.624
601.068
601.512
601.957
602.401
602.845
603.289
603.733
604.178
604.622
604.845
605.069
605.292
605.515
605.739
605.962
606.186
606.409
606.633
606.856
607.079
607.303
607.526
607.750
607.973
608.196
608.420
608.643
608.867
609.090
609.313
609.537
609.760
611.762
612.206
612.650
613.094
613.538
613.982
614.426
614.871
615.315
615.759
616.203
616.647
617.091
617.535
619.770
620.214
620.658
621.102
621.546
621.990
622.434
622.879
623.323
623.767
624.211
624.655
625.099
625.543
627.745
628.189
628.633
629.077
629.521
629.965
630.409
630.853
631.297
631.741
632.185
632.629
633.073
633.517
635.786
636.230
636.673
637.117
637.560
638.004
638.447
638.890
639.334
639.777
640.221
640.664
641.108
641.551
641.995
642.438
642.882
643.325
643.768
644.212
644.655
645.099
645.542
645.986
646.429
646.873
647.316
647.760
648.203
648.646
649.090
649.533
652.603
654.440
656.208
657.979
659.744
661.512
663.381
665.149
666.917
668.619
669.064
669.510
669.955
670.401
670.846
671.291
671.737
672.182
672.627
673.073
673.518
673.964
674.409
674.854
675.300
675.745
676.190
676.636
677.081
677.527
677.972
678.417
678.863
681.065
681.510
681.955
682.400
682.844
683.289
683.734
684.179
684.624
685.069
685.514
685.959
686.404
686.848
687.293
687.738
687.961
688.184
688.407
688.630
688.853
689.076
689.298
689.521
689.744
689.967
690.190
690.413
690.636
690.859
691.082
691.304
691.527
691.750
691.973
692.196
692.419
692.642
692.865
693.088
693.310
695.312
695.756
696.200
696.645
697.089
697.533
697.977
698.421
698.865
699.309
699.753
700.197
700.641
701.085
703.287
703.731
704.175
704.619
705.063
705.507
705.951
706.395
706.839
707.283
707.727
708.171
708.615
709.059
711.295
711.739
712.183
712.627
713.071
713.515
713.959
714.403
714.847
715.291
715.735
716.179
716.623
717.067
719.303
719.748
720.192
720.636
721.081
721.525
721.970
722.414
722.859
723.303
723.748
724.192
724.637
725.081
725.526
725.970
726.414
726.859
727.303
727.748
728.192
728.637
729.081
729.526
729.970
730.415
752.506
755.709
756.910
757.511
757.711
758.912
760.714
760.914
762.116
763.317
765.319
768.522
769.723
770.324
770.524
771.692
772.926
773.494
773.727
774.928
776.130
781.401
782.536
783.203
783.437
784.538
785.672
786.173
786.373
787.708
789.510
789.710
790.911
792.079
792.713
792.946
794.114
797.317
798.519
799.090
799.319
800.521
801.755
802.322
802.523
803.724
804.925
805.526
805.726
806.326
806.493
810.163
811.398
811.965
812.166
813.367
814.568
815.135
815.335
816.570
819.740
823.010
824.177
824.745
824.945
826.146
827.414
827.981
828.148
828.749
828.949
829.349
830.617
831.151
831.351
831.952
832.152
838.837
839.292
839.746
840.200
840.655
841.109
841.564
842.018
842.473
842.927
843.381
843.836
844.290
844.745
845.199
845.654
846.108
846.562
847.017
847.471
847.926
848.380
848.834
849.289
849.743
850.198
850.652
851.107
851.561
852.015
852.470
852.924
853.379
853.833
854.288
854.742
855.196
855.651
856.105
856.560
857.014
857.469
857.923
858.377
858.832
859.286
859.741
860.195
860.649
861.104
861.558
862.013
862.467
862.922
863.376
863.830
864.285
864.739
865.194
865.648
866.103
866.557
867.011
867.466
867.920
868.375
868.829
869.283
869.738
870.192
870.647
871.101
871.556
872.010
872.464
872.919
873.373
873.828
874.282
874.737
875.191
875.645
876.100
876.554
877.009
877.463
877.918
878.372
878.826
879.281
879.735
880.190
880.644
881.098
881.553
882.007
882.462
882.916
883.371
883.825
884.279
884.734
885.188
885.643
886.097
886.552
887.006
887.460
887.915
888.369
888.824
889.278
889.732
890.187
890.641
891.096
891.550
892.005
892.459
892.913
893.368
893.822
894.277
894.731
895.186
895.640
896.094
896.995
897.450
897.905
898.360
898.814
899.269
899.724
900.179
900.633
901.088
901.543
901.998
902.452
902.907
903.362
903.817
904.271
904.726
905.181
905.636
906.090
906.545
907.000
907.455
907.909
908.364
908.819
909.274
909.728
910.183
910.638
911.093
911.547
912.002
912.457
912.912
913.366
913.821
914.276
914.731
915.186
915.640
916.095
916.550
917.005
917.459
917.914
918.369
918.824
919.278
919.733
920.188
920.643
921.097
921.552
922.007
922.462
922.916
923.371
923.826
924.281
924.735
925.190
926.091
926.546
927.001
927.455
927.910
928.365
928.820
929.274
929.729
930.184
930.639
931.093
931.548
932.003
932.458
932.912
933.367
933.822
934.277
934.731
935.186
935.641
936.096
936.550
937.005
937.460
937.915
938.369
938.824
939.279
939.734
940.188
940.643
941.098
941.553
942.007
942.462
942.917
943.372
943.826
944.281
944.736
945.191
945.645
946.100
946.555
947.010
947.464
947.919
948.374
948.829
949.283
949.738
950.193
950.648
951.102
951.557
952.012
952.467
952.921
953.376
953.831
954.286
954.740
955.195
955.650
956.105
956.559
957.014
957.469
957.924
958.378
958.833
959.288
959.743
960.197
960.652
961.107
961.562
962.016
962.471
962.926
963.381
963.835
964.290
964.745
965.200
965.654
966.109
966.564
967.019
967.473
967.928
968.383
968.838
969.292
969.747
970.202
971.570
972.024
972.478
972.933
973.387
973.841
974.296
974.750
975.204
975.659
976.113
976.567
977.022
977.476
977.930
978.385
978.839
979.293
979.748
980.202
980.656
981.111
981.565
982.019
982.474
982.928
983.382
983.837
984.291
984.745
985.200
985.654
986.108
986.563
987.017
987.471
987.926
988.380
988.834
989.289
989.743
990.197
990.652
991.106
991.560
992.015
992.469
992.923
993.378
993.832
994.286
994.741
995.195
995.649
996.104
996.558
997.012
997.467
997.921
998.375
998.830
999.284
999.738
1000.193
1000.647
1001.101
1001.556
1002.010
1002.464
1002.919
1003.373
1003.827
1004.282
1004.736
1005.190
1005.645
1006.099
1006.553
1007.008
1007.462
1007.916
1008.371
1008.825
1009.279
1009.734
1010.188
1010.642
1011.097
1011.551
1012.005
1012.460
1012.914
1013.368
1013.823
1014.277
1014.731
1015.186
1015.640
1016.094
1016.548
1017.003
1017.457
1017.911
1018.366
1018.820
1019.274
1019.729
1020.183
1020.637
1021.092
1021.546
1022.000
1022.455
1022.909
1023.363
1023.818
1024.272
1024.726
1025.181
1025.635
1026.089
1026.544
1026.998
1027.452
1027.907
1028.361
1028.815
1029.270
1029.724
1089.840
1090.295
1090.749
1091.204
1091.659
1092.114
1092.568
1093.023
1093.478
1093.932
1094.387
1094.842
1095.297
1095.751
1096.206
1096.661
1097.116
1097.570
1098.025
1098.480
1098.934
1099.389
1099.844
1100.299
1100.753
1101.208
1101.663
1102.118
1102.572
1103.027
1103.482
1103.936
1104.391
1104.846
1105.301
1105.755
1106.210
1106.665
1107.120
1107.574
1108.029
1108.484
1108.938
1109.393
1109.848
1110.303
1110.757
1111.212
1111.667
1112.122
1112.576
1113.031
1113.486
1113.940
1114.395
1114.850
1115.305
1115.759
1116.214
1116.669
1117.124
1117.578
1118.033
1118.488
1118.942
1119.397
1119.852
1120.307
1120.761
1121.216
1121.671
1122.126
1122.580
1123.035
1123.490
1123.944
1124.399
1124.854
1125.309
1126.210
1126.664
1127.119
1127.574
1128.028
1128.483
1128.938
1129.393
1129.847
1130.302
1130.757
1131.212
1131.666
1132.121
1132.576
1133.030
1133.485
1133.940
1134.395
1134.849
1135.304
1135.759
1136.214
1136.668
1137.123
1137.578
1138.032
1138.487
1138.942
1139.397
1139.851
1140.306
1140.761
1141.216
1141.670
1142.125
1142.580
1143.034
1143.489
1143.944
1144.399
1144.853
1145.308
1145.763
1146.218
1146.672
1147.127
1147.582
1148.036
1148.491
1148.946
1149.401
1149.855
1150.310
1150.765
1151.220
1151.674
1152.129
1152.584
1153.039
1153.493
1153.948
1154.403
1154.857
1155.312
1155.767
1156.222
1156.676
1157.131
1157.586
1158.041
1158.495
1158.950
1159.405
1159.859
1160.314
1160.769
1161.224
1161.678
1162.579
1163.034
1163.488
1163.943
1164.397
1164.852
1165.306
1165.761
1166.215
1166.670
1167.124
1167.579
1168.033
1168.488
1168.942
1169.397
1169.851
1170.306
1170.760
1171.214
1171.669
1172.123
1172.578
1173.032
1173.487
1173.941
1174.396
1174.850
1175.305
1175.759
1176.214
1176.668
1177.123
1177.577
1178.032
1178.486
1178.941
1179.395
1179.850
1180.304
1180.759
1181.213
1181.668
1182.122
1182.577
1183.031
1183.486
1183.940
1184.395
1184.849
1185.304
1185.758
1186.213
1186.667
1187.122
1187.576
1188.031
1188.485
1188.940
1189.394
1189.848
1190.303
1190.757
1191.212
1191.666
1192.121
1192.575
1193.030
1193.484
1193.939
1194.393
1194.848
1195.302
1195.757
1196.211
1196.666
1197.120
1197.575
1198.029
1198.484
1198.938
1199.393
1199.847
1200.302
1200.756
1201.211
1201.665
1202.120
1202.574
1203.029
1203.483
1203.938
1204.392
1204.847
1205.301
1205.756
1206.210
1206.665
1207.119
1207.573
1208.028
1208.482
1208.937
1209.391
1209.846
1210.300
1210.755
1211.209
1211.664
1212.118
1212.573
1213.027
1213.482
1213.936
1214.391
1214.845
1215.300
1215.754
1216.209
1216.663
1217.118
1217.572
1218.027
1218.481
1218.936
1219.390
1219.845
1220.299
1220.754
1221.208
1221.663
1222.117
1222.572
1223.026
1223.481
1223.935
1224.390
1224.844
1225.298
1225.753
1226.207
1226.662
1227.116
1227.571
1228.025
1228.480
1228.934
1229.389
1229.843
1230.298
1230.752
1231.207
1231.661
1232.116
1232.570
1233.025
1233.479
1233.934
1234.388
1234.843
1235.297
1235.752
1236.206
1236.661
1237.115
1237.570
1238.024
1238.479
1238.933
1239.388
1239.842
1240.297
1240.751
1241.206
1241.660
1242.115
1242.569
1243.024
1243.478
1243.932
1244.387
1244.841
1245.296
1245.750
1246.205
1246.659
1247.114
1247.568
1248.023
1248.477
1248.932
1249.386
1249.789
1250.187
1250.583
1250.974
1251.362
1251.746
1252.127
1252.504
1252.878
1253.248
1253.614
1253.977
1254.336
1254.691
1255.043
1255.392
1255.736
1256.077
1256.415
1256.749
1257.079
1257.406
1257.729
1258.048
1258.364
1258.677
1258.985
1259.290
1259.592
1259.890
1260.184
1260.475
1260.762
1261.045
1261.325
1261.602
1261.874
1262.143
1262.409
1262.671
1262.929
1263.184
1263.435
1263.682
1263.926
1264.167
1264.403
1264.636
1264.866
1265.092
1265.314
1265.533
1265.748
1265.959
1297.296
1298.256
1299.215
1300.175
1301.134
1302.094
1303.054
1304.013
1304.973
1305.932
1306.892
1307.851
1308.811
1309.771
1310.730
1311.690
1312.649
1313.609
1314.569
1315.528
1316.488
1317.447
1318.407
1319.366
1320.326
1321.286
1322.245
1323.205
1324.164
1325.124
1327.477
1327.958
1328.439
1328.919
1329.400
1329.881
1330.362
1330.842
1331.323
1331.804
1332.285
1332.765
1333.246
1333.727
1334.207
1334.688
1335.169
1335.650
1336.130
1336.611
1337.092
1337.573
1338.053
1338.534
1339.015
1339.495
1339.976
1340.457
1342.866
1343.346
1343.826
1344.306
1344.785
1345.265
1345.745
1346.225
1346.705
1347.184
1347.664
1348.144
1348.624
1349.104
1349.583
1350.063
1350.543
1351.023
1351.503
1351.982
1352.462
1352.942
1353.422
1353.901
1354.381
1354.861
1355.341
1355.821
1356.300
1356.780
1357.260
1357.740
1358.220
1358.699
1359.179
1359.659
1360.139
1360.619
1361.098
1361.578
1362.058
1362.538
1363.017
1363.497
1363.977
1364.457
1364.937
1365.416
1365.896
1366.376
1366.856
1367.336
1367.815
1368.295
1368.775
1369.255
1369.735
1370.214
1370.694
1373.557
1374.037
1374.517
1374.997
1375.478
1375.958
1376.438
1376.918
1377.399
1377.879
1378.359
1378.839
1379.320
1379.800
1380.280
1380.760
1381.241
1381.721
1382.201
1382.681
1383.161
1383.642
1384.122
1384.602
1385.082
1385.563
1386.043
1386.523
1387.003
1387.484
1387.964
1388.444
1388.924
1389.405
1389.885
1390.365
1390.845
1391.326
1391.806
1392.286
1392.766
1393.247
1393.727
1394.207
1394.687
1395.168
1395.648
1396.128
1396.608
1397.089
1397.569
1398.049
1398.529
1399.009
1399.490
1399.970
1400.450
1419.634
1420.113
1420.593
1421.072
1421.552
1422.031
1422.511
1422.990
1423.470
1423.949
1424.429
1424.908
1425.388
1425.867
1426.347
1426.826
1427.306
1427.785
1428.265
1428.744
1429.224
1429.703
1430.183
1430.662
1431.142
1431.621
1432.101
1432.580
1450.391
1450.871
1451.351
1451.831
1452.311
1452.791
1453.271
1453.751
1454.231
1454.711
1455.191
1455.671
1456.151
1456.631
1457.111
1457.591
1458.071
1458.551
1459.032
1459.512
1459.992
1460.472
1460.952
1461.432
1461.912
1462.392
1462.872
1463.352
1463.832
1464.312
1464.792
1465.272
1473.904
1474.858
1475.813
1476.767
1477.721
1478.676
1481.082
1481.562
1482.042
1482.522
1483.003
1483.483
1483.963
1484.443
1484.923
1485.403
1485.883
1486.364
1486.844
1487.324
1487.804
1488.284
1488.764
1489.244
1489.724
1490.205
1490.685
1491.165
1491.645
1492.125
1492.605
1493.085
1493.566
1494.046
1494.526
1495.006
1495.486
1495.966
1496.446
1496.927
1497.407
1497.887
1498.367
1498.847
1499.327
1499.807
1500.288
1500.768
1501.248
1501.728
1502.208
1502.688
1503.168
1503.649
1504.129
1504.609
1505.089
1505.569
1506.049
1506.529
1507.010
1507.490
1507.970
1508.450
1508.930
1509.410
1527.172
1527.640
1528.140
1528.607
1529.074
1529.575
1530.042
1530.542
1531.010
1531.477
1531.977
1532.444
1532.945
1533.412
1533.879
1534.380
1534.847
1535.314
1535.814
1536.282
1536.782
1537.249
1537.716
1538.217
1538.684
1539.184
1539.652
1540.119
1542.541
1543.021
1543.501
1543.981
1544.461
1544.941
1545.421
1545.901
1546.381
1546.861
1547.341
1547.821
1548.301
1548.781
1549.261
1549.741
1550.221
1550.701
1551.181
1551.661
1552.141
1552.621
1553.101
1553.581
1554.061
1554.541
1555.021
1555.501
1555.981
1556.461
1556.941
1557.421
1557.901
1558.381
1558.861
1559.341
1559.821
1560.301
1560.781
1561.261
1561.741
1562.221
1562.701
1563.181
1563.661
1564.141
1564.621
1565.101
1565.581
1566.061
1566.541
1567.021
1567.501
1567.981
1568.461
1568.941
1569.421
1569.901
1570.381
1570.861
1571.341
1571.821
1572.301
1572.781
1573.261
1573.741
1574.221
1574.701
1575.181
1575.661
1576.141
1576.621
1577.101
1577.581
1578.061
1578.541
1579.021
1579.501
1579.981
1580.461
1580.941
1581.421
1581.901
1582.381
1582.861
1583.341
1583.821
1584.301
1584.781
1585.261
1585.740
1586.220
1586.700
1587.180
1587.660
1588.140
1590.551
1591.474
1592.397
1593.320
1594.242
1595.165
1596.088
1597.011
1597.933
1598.856
1599.779
1600.702
1601.624
1602.547
1603.470
1604.393
1605.315
1606.238
1607.161
1608.084
1609.006
1609.929
1610.852
1611.775
1612.697
1613.620
1614.543
1615.466
1616.388
1617.311
1618.234
1619.157
1620.079
1621.002
1621.925
1622.848
1623.770
1624.693
1625.616
1626.539
1627.461
1628.384
1629.307
1630.230
1631.152
1632.075
1632.998
1633.921
1634.843
1635.766
1636.689
1637.612
1638.534
1639.457
1640.380
1641.303
1642.225
1643.148
1644.071
1644.994
1645.916
1646.839
1647.762
1649.214
1649.676
1650.138
1650.599
1651.061
1651.523
1651.984
1652.446
1652.908
1653.369
1653.831
1654.293
1654.754
1655.216
1655.678
1656.139
1656.601
1657.063
1657.524
1657.986
1658.448
1658.909
1659.371
1659.832
1660.294
1660.756
1661.217
1661.679
1662.141
1662.602
1663.064
1663.526
1663.987
1664.449
1664.911
1665.372
1665.834
1666.296
1666.757
1667.219
1667.681
1668.142
1668.604
1669.066
1669.527
1669.989
1670.451
1670.912
1671.374
1671.836
1672.297
1672.759
1673.221
1673.682
1674.144
1674.606
1675.067
1675.529
1675.991
1676.452
1676.914
1677.376
1677.837
1678.299
1678.761
1679.222
1679.684
1680.145
1680.607
1681.069
1681.530
1681.992
1682.454
1682.915
1683.377
1683.839
1684.300
1684.762
1685.224
1685.685
1686.147
1686.609
1687.070
1687.532
1687.994
1688.455
1688.917
1689.379
1689.840
1690.302
1690.764
1691.225
1691.687
1692.149
1692.610
1693.072
1693.534
1693.995
1694.457
1694.919
1695.380
1695.842
1696.304
1696.765
1697.227
1697.689
1698.150
1698.612
1699.074
1699.535
1699.997
1700.458
1700.920
1701.382
1701.843
1702.305
1702.767
1703.228
1703.690
1704.152
1704.613
1705.075
1705.537
1705.998
1706.460
1706.922
1707.383
1707.845
1708.307
1723.026
1723.487
1723.949
1724.410
1724.872
1725.333
1725.795
1726.256
1726.718
1727.179
1727.641
1728.102
1728.564
1729.025
1729.487
1729.948
1730.410
1730.871
1731.333
1731.795
1732.256
1732.718
1733.179
1733.641
1734.102
1734.564
1735.025
1735.487
1735.948
1736.410
1736.871
1737.333
1737.794
1738.256
1738.717
1739.179
1739.640
1740.102
1740.563
1741.025
1741.486
1741.948
1742.409
1742.871
1743.332
1743.794
1744.255
1744.717
1745.178
1745.640
1746.101
1746.563
1747.024
1747.486
1747.948
1748.409
1748.871
1749.332
1749.794
1750.255
1750.717
1751.178
1751.640
1752.101
1752.563
1753.024
1753.486
1753.947
1754.409
1754.870
1755.332
1755.793
1756.255
1756.716
1757.178
1757.639
1758.101
1758.562
1759.024
1759.485
1759.947
1760.408
1760.870
1761.331
1761.793
1762.254
1762.716
1763.177
1763.639
1764.100
1764.562
1765.024
1765.485
1765.947
1766.408
1766.870
1767.101
1767.332
1767.563
1767.794
1768.025
1768.257
1768.488
1768.719
1768.950
1769.181
1769.412
1769.644
1769.875
1770.106
1770.337
1770.568
1770.799
1771.031
1771.262
1771.493
1771.724
1771.955
1772.186
1772.418
1772.649
1772.880
1773.111
1773.342
1773.573
1773.805
1774.036
1774.267
1774.498
1774.729
1774.960
1775.191
1775.423
1775.654
1775.885
1776.116
1776.347
1776.578
1776.810
1777.041
1777.272
1777.503
1777.734
1777.965
1778.197
1778.428
1778.659
1778.890
1779.121
1779.352
1779.584
1779.815
1780.046
1780.277
1780.508
1780.739
1780.971
1781.202
1781.433
1781.664
1781.895
1782.126
1826.458
1826.689
1826.919
1827.150
1827.381
1827.612
1827.842
1828.073
1828.304
1828.534
1828.765
1828.996
1829.226
1829.457
1829.688
1829.919
1830.149
1830.380
1830.611
1830.841
1831.072
1831.303
1831.533
1831.764
1831.995
1832.226
1832.456
1832.687
1832.918
1833.148
1833.379
1833.610
1833.841
1834.071
1834.302
1834.533
1834.763
1834.994
1835.225
1835.455
1835.686
1835.917
1836.148
1836.378
1836.609
1836.840
1837.070
1837.301
1837.532
1837.762
1837.993
1838.224
1838.455
1838.685
1838.916
1839.147
1839.377
1839.608
1839.839
1840.069
1840.300
1840.531
1840.762
1840.992
1841.223
1841.454
1841.684
1841.915
1842.146
1842.376
1842.607
1842.838
1843.069
1843.299
1843.530
1843.761
1843.991
1844.222
1844.453
1844.683
1844.914
1845.145
1845.376
1845.606
1845.837
1846.068
1846.298
1846.529
1846.760
1846.991
1847.221
1847.452
1847.683
1847.913
1848.144
1848.375
1848.605
1848.836
1849.067
1849.298
1849.528
1849.759
1849.990
1850.220
1850.451
1850.682
1850.912
1851.143
1851.374
1851.605
1851.835
1852.066
1852.297
1852.527
1852.758
1852.989
1853.219
1853.450
1853.681
1853.912
1854.142
1854.373
1854.604
1854.834
1855.065
1855.296
1855.526
1855.757
1855.988
1856.219
1856.449
1856.680
1856.911
1857.141
1857.372
1857.603
1857.833
1858.064
1858.295
1858.526
1858.756
1858.987
1859.218
1859.448
1859.679
1859.910
1860.140
1860.371
1860.602
1860.833
1861.063
1861.294
1861.525
1861.755
1861.986
1862.217
1862.448
1862.678
1862.909
1863.140
1863.370
1863.601
1863.832
1864.062
1864.293
1864.524
1864.755
1864.985
1865.216
1865.447
1865.677
1865.908
1866.139
1866.369
1866.600
1866.831
1867.062
1867.292
1867.523
1867.754
1867.984
1868.215
1868.446
1868.676
1868.907
1869.138
1869.369
1869.599
1869.830
1870.061
1870.291
1870.522
1870.753
1870.983
1871.214
1871.445
1871.676
1871.906
1872.137
1872.368
1872.598
1872.829
1873.060
1873.290
1873.521
1873.752
1873.983
1874.213
1874.444
1874.675
1874.905
1875.136
1875.367
1875.597
1875.828
1876.059
1876.290
1876.520
1876.751
1876.982
1877.212
1877.443
1877.674
1877.905
1878.135
1878.366
1878.597
1878.827
1879.058
1879.289
1879.519
1879.750
1879.981
1880.212
1880.442
1880.673
1880.904
1881.134
1881.365
1881.596
1881.826
1882.057
1882.288
1882.519
1882.749
1882.980
1883.211
1883.441
1883.672
1883.903
1884.133
1884.364
1884.595
1884.826
1885.056
1885.287
1885.518
1885.748
1885.979
1886.210
1886.440
1886.671
1886.902
1887.133
1887.363
1887.594
1887.825
1888.055
1888.286
1888.517
1888.747
1888.978
1889.209
1889.440
1889.670
1889.901
1890.132
1890.362
1890.593
1890.824
1891.054
1891.285
1891.516
1891.747
1891.977
1892.208
1892.439
1892.669
1892.900
1893.131
1893.362
1893.592
1893.823
1894.054
1894.284
1894.515
1894.746
1894.976
1895.207
1895.438
1895.669
1895.899
1896.130
1896.361
1896.591
1896.822
1897.053
1897.283
1897.514
1897.745
1897.976
1898.206
1898.437
1898.668
1898.898
1899.129
1899.360
1899.590
1899.821
1900.052
1900.732
1901.193
1901.654
1902.115
1902.576
1903.037
1903.498
1903.959
1904.420
1904.881
1905.342
1905.803
1906.264
1906.725
1907.186
1907.647
1908.108
1908.569
1909.030
1909.491
1909.952
1910.413
1910.874
1911.335
1911.796
1912.257
1912.718
1913.179
1913.640
1914.101
1914.562
1915.023
1976.783
1977.224
1977.665
1978.106
1978.547
1978.989
1979.430
1979.871
1980.312
1980.753
1981.194
1981.636
1982.077
1982.518
1982.959
1983.400
1983.841
1984.283
1984.724
1985.165
1985.606
1986.047
1986.488
1986.930
1987.371
1987.812
1988.253
1988.694
1989.135
1989.577
1990.018
1990.459
1990.900
1991.341
1991.782
1992.224
1992.665
1993.106
1993.547
1993.988
1994.429
1994.871
1995.312
1995.753
1996.194
1996.635
1997.076
1997.518
1997.959
1998.400
1998.841
1999.282
1999.723
2000.165
2000.606
2001.047
2001.488
2001.929
2002.370
2002.812
2003.253
2003.694
2004.135
2004.576
2005.017
2005.238
2005.459
2005.679
2005.900
2006.120
2006.341
2006.562
2006.782
2007.003
2007.223
2007.444
2007.664
2007.885
2008.106
2008.326
2008.547
2008.767
2008.988
2009.209
2009.429
2009.650
2009.870
2010.091
2010.311
2010.532
2010.753
2010.973
2011.194
2011.414
2011.635
2011.856
2012.076
2012.297
2012.517
2012.738
2012.958
2013.179
2013.400
2013.620
2013.841
2014.061
2014.282
2014.503
2014.723
2014.944
2015.164
2015.385
2015.605
2015.826
2016.047
2016.267
2016.488
2016.708
2016.929
2017.150
2017.370
2017.591
2017.811
2018.032
2018.252
2018.473
2018.694
2018.914
2019.135
2019.355
2019.576
2019.797
2020.017
2020.238
2020.458
2020.679
2020.899
2021.120
2021.341
2021.561
2021.782
2022.002
2022.223
2022.444
2022.664
2022.885
2023.105
2023.326
2023.546
2023.767
2023.988
2024.208
2024.429
2024.649
2024.870
2025.091
2025.311
2025.532
2025.752
2025.973
2026.193
2026.414
2026.635
2026.855
2027.076
2027.296
2027.517
2027.738
2027.958
2028.179
2028.399
2028.620
2028.840
2029.061
2029.282
2029.502
2029.723
2029.943
2030.164
2030.385
2030.605
2030.826
2031.046
2031.267
2031.487
2031.708
2031.929
2032.149
2032.370
2032.590
2032.811
2033.032
2033.252
2061.487
2061.928
2062.369
2062.810
2063.252
2063.693
2064.134
2064.575
2065.016
2065.457
2065.899
2066.340
2066.781
2067.222
2067.663
2068.104
2068.546
2068.987
2069.428
2069.869
2070.310
2070.751
2071.193
2071.634
2072.075
2072.516
2072.957
2073.398
2073.840
2074.281
2074.722
2075.163
2075.604
2076.045
2076.487
2076.928
2077.369
2077.810
2078.251
2078.692
2079.134
2079.575
2080.016
2080.457
2080.898
2081.339
2081.781
2082.222
2082.663
2083.104
2083.545
2083.986
2084.428
2084.869
2085.310
2085.751
2086.192
2086.633
2087.075
2087.516
2087.957
2088.398
2088.839
2089.280
2089.722
2089.942
2090.163
2090.383
2090.604
2090.824
2091.045
2091.266
2091.486
2091.707
2091.927
2092.148
2092.369
2092.589
2092.810
2093.030
2093.251
2093.471
2093.692
2093.913
2094.133
2094.354
2094.574
2094.795
2095.016
2095.236
2095.457
2095.677
2095.898
2096.118
2096.339
2096.560
2096.780
2097.001
2097.221
2097.442
2097.663
2097.883
2098.104
2098.324
2098.545
2098.765
2098.986
2099.207
2099.427
2099.648
2099.868
2100.089
2100.310
2100.530
2100.751
2100.971
2101.192
2101.412
2101.633
2101.854
2102.074
2102.295
2102.515
2102.736
2102.957
2103.177
2103.398
2103.618
2103.839
2104.280
2104.721
2105.162
2105.604
2106.045
2106.486
2106.927
2107.368
2107.809
2108.251
2108.692
2109.133
2109.574
2110.015
2110.456
2110.898
2111.339
2111.780
2112.221
2112.662
2113.103
2113.545
2113.986
2114.427
2114.868
2115.309
2115.750
2116.192
2116.633
2117.074
2117.515
2117.956
2118.177
2118.397
2118.618
2118.839
2119.059
2119.280
2119.500
2119.721
2119.941
2120.162
2120.383
2120.603
2120.824
2121.044
2121.265
2121.486
2121.706
2121.927
2122.147
2122.368
2122.588
2122.809
2123.030
2123.250
2123.471
2123.691
2123.912
2124.133
2124.353
2124.574
2124.794
2125.015
2125.235
2125.456
2125.677
2125.897
2126.118
2126.338
2126.559
2126.780
2127.000
2127.221
2127.441
2127.662
2127.882
2128.103
2128.324
2128.544
2128.765
2128.985
2129.206
2129.427
2129.647
2129.868
2130.088
2130.309
2130.530
2130.750
2130.971
2131.191
2131.412
2131.632
2131.853
2132.074
2132.294
2132.515
2132.735
2132.956
2133.177
2133.397
2133.618
2133.838
2134.059
2134.279
2134.500
2134.721
2134.941
2135.162
2135.382
2135.603
2135.824
2136.044
2136.265
2136.485
2136.706
2136.926
2137.147
2137.368
2137.588
2137.809
2138.029
2138.250
2138.471
2138.691
2138.912
2139.132
2139.353
2139.573
2139.794
2140.015
2140.235
2140.456
2140.676
2140.897
2141.118
2141.338
2141.559
2141.779
2142.000
2142.220
2142.441
2142.662
2142.882
2143.103
2143.323
2143.544
2143.765
2143.985
2144.206
2144.426
2144.867
2145.309
2145.750
2146.191
2146.632
2147.073
2147.514
2147.956
2148.397
2148.838
2149.279
2149.720
2150.161
2150.603
2151.044
2151.485
2151.926
2152.367
2152.808
2153.250
2153.691
2154.132
2154.573
2155.014
2155.455
2155.897
2156.338
2156.779
2157.220
2157.661
2158.102
2158.544
2158.985
2159.426
2159.867
2160.308
2160.529
2160.749
2160.970
2161.191
2161.411
2161.632
2161.852
2162.073
2162.294
2162.514
2162.735
2162.955
2163.176
2163.396
2163.617
2163.838
2164.058
2164.279
2164.499
2164.720
2164.941
2165.161
2165.382
2165.602
2165.823
2166.043
2166.264
2166.485
2166.705
2166.926
2167.146
2167.367
2167.588
2167.808
2168.029
2168.249
2168.470
2168.690
2168.911
2169.132
2169.352
2169.573
2169.793
2170.014
2170.235
2170.455
2170.676
2170.896
2171.117
2171.337
2171.558
2171.779
2171.999
2172.220
2172.440
2172.661
2172.882
2173.102
2173.323
2173.543
2173.764
2173.984
2174.205
2174.426
2224.070
2224.545
2225.020
2225.377
2225.971
2226.446
2226.921
2227.278
2227.872
2228.347
2228.822
2229.179
2229.773
2230.248
2230.723
2231.080
2231.674
2232.149
2232.624
2232.981
2233.575
2234.050
2234.525
2234.882
2235.476
2235.951
2236.426
2236.783
2239.288
2239.765
2240.241
2240.599
2241.194
2241.432
2241.671
2241.909
2242.147
2242.504
2243.100
2243.577
2244.053
2244.410
2245.006
2245.244
2245.483
2245.721
2245.959
2246.316
2246.912
2247.389
2247.865
2248.222
2248.818
2249.056
2249.294
2249.533
2249.771
2250.128
2250.724
2251.200
2251.677
2252.034
2258.341
2258.817
2259.294
2259.651
2260.247
2260.486
2260.724
2260.962
2261.201
2261.558
2262.154
2262.631
2263.107
2263.465
2264.061
2264.299
2264.537
2264.776
2265.014
2265.371
2265.967
2266.444
2266.921
2267.278
2267.874
2268.112
2268.351
2268.589
2268.827
2269.185
2273.589
2274.065
2274.541
2274.898
2275.493
2275.731
2275.969
2276.207
2276.445
2276.802
2277.397
2277.873
2278.349
2278.706
2279.301
2279.539
2279.777
2280.015
2280.253
2280.610
2281.205
2281.681
2282.157
2282.514
2283.109
2283.347
2283.585
2283.823
2284.061
2284.418
2285.013
2285.489
2285.965
2286.322
2286.917
2287.155
2287.393
2287.631
2287.869
2288.226
2288.821
2289.297
2289.773
2290.130
2290.725
2290.963
2291.201
2291.439
2291.677
2292.034
2292.629
2293.105
2293.581
2293.938
2294.533
2294.771
2295.009
2295.247
2295.485
2295.842
2296.437
2296.913
2297.389
2297.746
2298.341
2298.579
2298.816
2299.054
2299.292
2299.649
2300.286
2300.523
2300.761
2300.998
2301.236
2301.473
2301.710
2301.948
2302.185
2302.422
2302.660
2302.897
2303.134
2303.372
2303.609
2303.846
2304.084
2304.321
2304.559
2304.796
2305.033
2305.271
2305.508
2305.745
2305.983
2306.220
2306.457
2306.695
2306.932
2307.169
2307.407
2307.644
2307.882
2308.119
2308.356
2308.594
2308.831
2309.068
2309.306
2309.543
2309.780
2310.018
2310.255
2310.492
2310.730
2310.967
2311.205
2311.442
2311.679
2311.917
2312.154
2312.391
2312.629
2312.866
2313.103
2313.341
2313.578
2315.528
2316.003
2316.479
2316.835
2317.429
2317.904
2318.379
2318.736
2319.330
2319.805
2320.280
2320.637
2321.231
2321.706
2322.181
2322.538
2323.132
2323.607
2324.082
2324.439
2325.033
2325.508
2325.983
2326.340
2326.934
2327.409
2327.884
2328.241
2330.743
2331.219
2331.695
2332.052
2332.648
2332.886
2333.124
2333.362
2333.600
2333.957
2334.552
2335.028
2335.504
2335.861
2336.456
2336.694
2336.932
2337.170
2337.408
2337.765
2338.361
2338.837
2339.313
2339.670
2340.265
2340.503
2340.741
2340.979
2341.217
2341.574
2342.169
2342.645
2343.121
2343.478
2343.740
2344.002
2344.264
2344.526
2344.788
2345.049
2345.311
2345.573
2345.835
2346.097
2346.359
2346.620
2346.882
2347.144
2347.406
2347.668
2347.929
2348.191
2348.453
2348.715
2348.977
2349.239
2349.500
2349.762
2350.239
2350.715
2351.072
2351.668
2351.906
2352.145
2352.383
2352.621
2352.978
2353.574
2354.050
2354.527
2354.884
2355.480
2355.718
2355.956
2356.194
2356.433
2356.790
2357.386
2357.862
2358.339
2358.696
2358.958
2359.219
2359.481
2359.743
2360.005
2360.266
2360.528
2360.790
2361.051
2361.313
2361.575
2361.837
2362.098
2362.360
2362.622
2362.884
2363.145
2363.407
2363.669
2363.931
2364.192
2364.454
2364.716
2364.977
2365.454
2365.930
2366.288
2366.883
2367.121
2367.359
2367.598
2367.836
2368.193
2368.789
2369.265
2369.742
2370.099
2370.694
2370.933
2371.171
2371.409
2371.647
2372.005
2372.600
2373.076
2373.553
2373.910
2374.506
2374.744
2374.982
2375.220
2375.459
2375.816
2376.411
2376.888
2377.364
2377.721
2378.317
2378.555
2378.793
2379.032
2379.270
2379.627
2380.223
2380.699
2381.175
2381.533
2382.128
2382.366
2382.605
2382.843
2383.081
2383.438
2384.034
2384.213
2384.391
2384.570
2384.749
2384.928
2385.107
2385.285
2385.464
2385.643
2385.822
2386.000
2386.179
2386.358
2386.537
2386.716
2386.894
2387.073
2387.252
2387.431
2387.609
2387.788
2387.967
2388.146
2388.325
2388.503
2388.682
2388.861
2389.040
2389.218
2389.397
2389.576
2389.755
2389.934
2390.112
2390.291
2390.470
2390.649
2390.827
2391.006
2391.185
2391.364
2391.555
2391.765
2391.996
2392.246
2392.516
2392.807
2393.117
2393.447
2393.796
2394.166
2394.556
2394.965
2395.395
2395.844
2396.313
2396.802
2397.311
2397.840
