45.127
45.595
46.063
46.531
46.998
47.466
47.934
48.402
48.870
49.337
49.805
50.273
50.741
51.209
51.676
52.144
52.612
53.080
53.547
54.015
54.483
54.951
55.419
55.886
56.354
56.822
57.290
57.758
58.225
58.693
59.161
59.629
60.097
60.564
61.032
61.500
61.968
62.435
62.903
63.371
63.839
64.307
64.774
65.242
65.710
66.178
66.646
67.113
67.581
68.049
68.517
68.985
69.452
69.920
70.388
70.856
71.323
71.791
72.259
72.727
73.195
73.662
74.130
74.598
75.066
75.534
76.001
76.469
76.937
77.405
77.873
78.340
78.808
79.276
79.744
80.212
80.679
81.147
81.615
82.083
82.550
83.018
83.486
83.954
84.422
84.889
85.357
85.825
86.293
86.761
87.228
87.696
88.164
88.632
89.100
89.567
90.035
90.503
90.971
91.438
91.906
92.374
92.842
93.310
93.777
94.245
94.713
95.181
95.649
96.116
96.584
97.052
127.771
128.770
129.770
130.769
131.769
132.769
133.768
134.768
135.767
136.767
137.767
138.766
139.766
140.766
141.765
142.765
143.764
144.764
145.764
146.763
147.763
148.763
149.762
150.762
151.761
152.761
153.761
154.760
155.760
156.759
157.759
158.759
159.258
159.758
160.757
161.756
162.755
163.255
163.754
164.754
165.753
166.752
167.251
167.751
168.750
169.749
170.748
171.248
171.748
172.747
173.746
174.745
175.245
175.746
176.747
177.247
177.747
178.748
179.248
179.749
180.750
181.250
181.750
182.751
183.252
183.752
184.753
185.253
185.753
186.754
187.255
187.755
188.756
189.256
189.757
190.757
191.258
191.759
192.260
192.761
193.261
193.762
194.764
195.265
195.766
196.266
196.767
197.268
197.769
198.770
199.271
199.772
200.273
200.774
201.275
201.775
202.777
203.278
203.779
204.279
204.780
205.281
205.782
222.756
223.756
224.756
225.756
226.756
227.756
228.756
229.756
230.756
231.756
232.756
233.755
234.755
235.755
236.755
237.755
238.755
239.755
240.755
241.755
242.755
243.755
244.755
245.755
246.755
247.755
248.755
249.755
250.755
251.755
252.755
253.755
254.755
255.255
255.755
256.255
256.755
257.254
257.754
258.754
259.254
259.754
260.254
260.754
261.254
261.754
262.754
263.254
263.754
264.254
264.754
265.254
265.754
266.754
267.254
267.754
268.254
268.754
269.254
269.754
270.754
271.254
271.754
272.254
272.754
273.254
273.754
274.754
275.254
275.754
276.254
276.754
277.254
277.754
278.754
279.254
279.754
280.254
280.753
281.253
281.753
282.753
283.253
283.753
284.253
284.753
285.253
285.753
286.753
287.253
287.753
288.253
288.754
289.254
289.754
290.254
290.754
291.254
291.754
292.254
292.754
293.254
293.754
294.254
294.755
295.255
295.755
296.255
296.755
297.255
297.755
298.255
298.755
299.255
299.755
300.255
300.755
301.256
301.756
302.256
302.756
303.256
303.756
304.256
304.756
305.256
305.756
306.256
306.756
307.257
307.757
308.257
308.757
309.257
309.757
310.257
310.757
311.257
311.757
312.257
312.757
313.258
313.758
314.258
314.758
315.258
315.758
316.258
316.758
317.258
317.758
318.258
341.734
342.305
342.876
343.447
344.019
344.590
345.161
345.733
346.304
346.875
347.446
348.018
348.589
349.160
349.731
350.303
350.874
351.445
352.017
352.588
353.159
353.730
354.302
354.873
355.444
356.015
356.587
357.158
357.729
358.301
358.872
359.443
360.014
360.586
361.157
361.728
362.300
362.871
363.442
364.013
364.585
365.156
365.727
366.298
366.870
367.441
368.012
368.584
369.155
369.726
370.297
370.869
371.440
372.011
372.582
373.154
373.725
374.296
374.868
375.439
376.010
376.581
377.153
377.724
378.295
378.866
379.438
380.009
380.580
381.152
381.723
382.294
382.865
383.437
384.008
384.579
385.150
385.722
386.293
386.864
387.436
388.007
388.578
389.149
389.721
390.292
390.863
391.434
392.006
392.577
393.148
393.720
394.291
394.862
395.433
396.005
396.576
397.147
397.718
398.290
398.861
399.432
400.004
400.575
401.146
401.717
402.289
402.860
403.431
404.002
404.574
405.145
405.716
406.288
406.859
407.430
408.001
408.573
409.144
409.715
410.287
410.858
411.429
412.000
412.572
413.143
413.714
414.285
433.206
433.777
434.348
434.919
435.490
436.061
436.632
437.203
437.774
438.345
438.916
439.487
440.058
440.629
441.200
441.771
442.342
442.913
443.484
444.055
444.626
445.197
445.769
446.340
446.911
447.482
448.053
448.624
449.195
449.766
450.337
450.908
451.479
452.050
452.621
453.192
453.763
454.334
454.905
455.476
456.047
456.618
457.189
457.760
458.331
458.902
459.473
460.044
460.615
461.186
461.757
462.328
462.899
463.470
464.041
464.612
465.183
465.754
466.325
466.896
467.467
468.038
468.609
469.180
469.751
470.322
470.893
471.464
472.035
472.606
473.177
473.748
474.319
474.890
475.461
476.032
476.603
477.174
477.745
478.316
478.887
479.458
480.029
480.600
481.171
481.742
482.313
482.884
483.455
484.026
484.597
485.168
485.739
486.310
486.881
487.452
488.023
488.308
488.594
488.879
489.165
489.450
489.736
490.021
490.307
490.592
490.878
491.163
491.449
491.734
492.020
492.305
492.591
492.876
493.162
493.447
493.733
494.018
494.304
494.589
494.875
495.160
495.446
495.731
496.017
496.302
496.588
496.873
497.159
497.444
497.730
498.015
498.301
498.586
498.872
499.157
499.443
499.728
500.014
500.299
500.585
500.870
501.156
501.441
501.727
502.012
502.298
502.583
502.869
503.154
503.440
503.725
504.011
504.296
504.582
504.867
505.153
505.438
505.724
506.009
506.295
506.580
506.866
507.151
507.437
507.722
508.008
508.293
508.579
508.864
509.150
509.435
509.721
510.006
510.292
510.577
510.863
511.148
511.434
511.719
512.005
512.290
512.576
512.861
513.147
513.432
513.718
514.003
514.289
514.574
514.860
515.145
515.431
515.716
516.002
516.287
516.573
516.858
517.144
517.429
517.715
518.000
518.286
518.571
518.857
519.142
519.428
519.713
519.999
520.284
520.570
520.855
521.141
521.426
521.712
521.997
522.283
522.568
522.854
523.139
523.425
523.711
523.996
553.693
554.188
554.684
555.180
555.675
556.171
556.666
557.162
557.658
558.153
558.649
559.145
559.640
560.136
560.632
561.127
561.623
562.119
562.614
563.110
563.606
564.101
564.597
565.093
565.588
566.084
566.580
567.075
567.571
568.066
568.562
569.058
569.553
570.049
570.545
571.040
571.536
572.032
572.527
573.023
573.519
574.014
574.510
575.006
575.501
575.997
576.493
576.988
577.484
577.980
578.475
578.971
579.466
579.962
580.458
580.953
581.449
581.945
582.440
582.936
583.432
583.927
584.423
584.919
585.414
585.910
586.406
586.901
587.397
587.893
588.388
588.884
589.380
589.875
590.371
590.866
591.362
591.858
592.353
592.849
593.345
593.840
594.336
594.832
595.327
595.823
596.319
596.814
597.310
597.806
598.301
598.797
599.293
599.788
600.284
600.780
601.275
601.771
602.266
602.762
603.258
603.753
604.249
604.745
605.240
605.736
606.232
606.727
607.223
607.719
608.214
608.710
609.206
609.701
610.197
610.693
611.188
611.684
612.180
612.675
613.171
613.666
614.162
614.658
615.153
615.649
616.145
616.640
617.136
617.632
618.127
618.623
619.119
619.614
620.110
620.606
621.101
621.597
622.093
622.588
623.084
623.580
624.075
624.571
625.066
625.562
626.058
626.553
627.049
627.545
628.040
628.536
629.032
629.527
630.023
630.519
631.014
631.510
632.006
632.501
632.997
633.245
633.493
633.740
633.988
634.236
634.484
634.732
634.980
635.227
635.475
635.723
635.971
636.219
636.466
636.714
636.962
637.210
637.458
637.706
637.953
638.201
638.449
638.697
638.945
639.193
639.440
639.688
639.936
640.184
640.432
640.680
640.927
641.175
641.423
641.671
641.919
642.166
642.414
642.662
642.910
643.158
643.406
643.653
643.901
644.149
644.397
644.645
644.893
645.140
645.388
645.636
645.884
646.132
646.380
646.627
646.875
647.123
647.371
647.619
647.866
648.114
648.362
648.610
648.858
649.106
649.353
649.601
649.849
650.097
650.345
650.593
650.840
651.088
651.336
651.584
651.832
652.080
652.327
652.575
652.823
653.071
653.319
653.566
653.814
654.062
654.310
654.558
654.806
655.053
655.301
655.549
655.797
656.045
656.293
656.540
656.788
657.036
657.284
657.532
657.780
658.027
658.275
658.523
658.771
659.019
659.266
659.514
659.762
660.010
660.258
660.506
660.753
661.001
661.249
661.497
661.745
661.993
662.240
662.488
662.736
662.984
663.232
663.480
663.727
663.975
664.223
664.471
664.719
676.451
676.931
677.411
677.892
678.372
678.852
679.332
679.812
680.293
680.773
681.253
681.733
682.214
682.694
683.174
683.654
684.135
684.615
685.095
685.575
686.056
686.536
687.016
687.496
687.977
688.457
688.937
689.417
689.898
692.300
692.780
693.020
693.260
693.740
694.220
694.700
694.940
695.180
695.660
696.140
696.620
696.860
697.100
697.581
698.061
698.541
698.781
699.021
699.501
699.981
700.461
700.701
700.941
701.421
701.901
702.381
702.621
702.861
703.341
703.821
704.301
704.541
704.781
705.261
705.741
706.221
706.461
706.701
707.180
707.419
707.659
708.138
708.377
708.617
709.096
709.336
709.575
710.054
710.294
710.533
711.013
711.252
711.492
711.971
712.210
712.450
712.929
713.169
713.408
713.887
714.127
714.366
714.845
715.085
715.325
715.804
716.043
716.283
716.762
717.002
717.241
717.720
717.960
718.199
718.678
718.918
719.158
719.637
719.876
720.116
720.595
722.530
723.010
723.490
723.730
723.970
724.210
724.450
724.930
725.410
725.649
725.889
726.129
726.369
726.849
727.329
727.569
727.809
728.049
728.289
728.769
729.249
729.489
729.729
729.968
730.208
730.688
731.168
731.408
731.648
731.888
732.128
732.608
733.088
733.328
733.568
733.808
734.048
734.527
735.007
735.247
735.487
735.727
735.967
736.447
736.927
737.167
737.407
737.647
737.887
738.367
738.848
739.328
739.808
740.289
740.769
741.250
741.730
742.211
742.691
743.172
743.652
744.132
744.613
745.093
745.574
746.054
746.535
747.015
747.496
747.976
748.456
748.937
749.417
749.898
750.378
750.859
751.339
751.820
752.300
752.780
753.261
753.500
753.740
753.979
754.219
754.458
754.698
755.177
755.416
755.656
755.895
756.135
756.374
756.614
757.093
757.332
757.572
757.811
758.051
758.290
758.530
759.009
759.248
759.488
759.727
759.966
760.206
760.445
760.924
761.164
761.403
761.643
761.882
762.122
762.361
762.840
763.080
763.319
763.559
763.798
764.038
764.277
764.756
764.996
765.235
765.475
765.714
765.954
766.193
766.672
766.912
767.151
767.391
767.630
767.870
768.109
768.268
768.426
768.585
768.743
768.902
769.060
769.219
769.377
769.536
769.694
769.853
770.011
770.170
770.328
770.487
770.645
770.804
770.962
771.121
771.279
771.438
771.596
771.755
771.914
772.072
772.231
772.389
772.548
772.706
772.865
773.023
773.182
773.340
773.499
773.657
773.816
773.974
774.133
774.291
774.450
774.608
774.767
774.925
775.084
775.242
775.401
775.559
775.718
775.877
776.035
776.194
776.352
776.511
776.669
776.828
776.986
777.145
777.303
777.462
777.620
777.779
777.937
778.096
778.254
778.413
778.571
778.730
778.888
779.047
779.205
779.364
779.523
779.681
779.840
779.998
780.157
780.315
780.474
780.632
780.791
780.949
781.108
781.266
781.425
781.583
781.742
781.900
782.059
782.217
782.376
782.534
782.693
782.851
783.010
783.168
783.327
783.486
783.644
783.803
783.961
784.119
784.278
784.436
784.594
784.753
784.911
785.069
785.228
785.386
785.544
785.702
785.861
786.019
786.177
786.336
786.494
786.652
786.811
786.969
787.127
787.285
787.444
787.602
787.760
787.919
788.077
788.235
788.394
788.552
788.710
788.868
789.027
789.185
789.343
789.502
789.660
789.818
789.977
796.998
797.524
798.050
798.576
799.102
799.628
800.154
800.680
801.206
801.732
802.258
802.784
803.310
803.836
804.362
804.888
805.414
805.940
806.466
806.992
807.518
808.044
808.570
809.096
809.622
810.148
810.674
811.200
811.726
812.252
812.778
813.304
813.830
814.356
814.882
815.145
815.409
815.935
816.461
816.988
817.251
817.514
818.040
818.567
819.093
819.356
819.619
820.146
820.672
821.198
821.461
821.725
822.251
822.777
823.304
823.567
823.830
824.356
824.883
825.409
825.672
825.935
826.462
826.988
827.514
827.777
828.041
828.567
829.093
829.619
829.883
830.146
830.672
831.198
831.462
831.725
832.252
832.515
832.778
833.305
833.568
833.831
834.095
834.358
834.621
834.884
835.411
835.674
835.938
836.464
836.727
836.991
837.517
837.781
838.044
838.307
838.570
838.834
839.097
839.624
839.887
840.150
840.677
840.940
841.203
841.730
841.993
842.256
842.520
842.783
843.046
843.310
843.836
844.099
844.363
844.889
845.153
845.416
845.942
846.206
846.469
846.732
846.996
847.259
847.522
848.049
848.576
849.102
849.629
850.156
850.683
851.210
851.736
852.263
852.790
853.317
853.843
854.370
854.897
855.424
855.951
856.477
857.004
857.531
858.058
858.585
859.111
859.638
860.165
860.692
861.218
861.745
862.272
862.799
863.326
863.852
864.379
864.906
865.433
865.696
865.959
866.485
867.012
867.538
867.801
868.064
868.591
869.117
869.643
869.907
870.170
870.696
871.222
871.749
872.012
872.275
872.801
873.328
873.854
874.117
874.380
874.907
875.433
875.959
876.223
876.486
877.012
877.538
878.065
878.328
878.591
879.117
879.644
880.170
880.433
880.696
881.223
881.749
882.012
882.274
882.537
882.800
883.062
883.325
883.850
884.113
884.376
884.638
884.901
885.164
885.426
885.952
886.214
886.477
886.740
887.002
887.265
887.528
888.053
888.316
888.578
888.841
889.103
889.366
889.629
890.154
890.417
890.679
890.942
891.205
891.467
891.730
892.255
892.518
892.781
893.043
893.306
893.569
893.831
894.357
894.619
894.882
895.145
895.407
895.670
895.933
896.458
896.721
896.983
897.246
897.509
897.771
898.034
923.287
923.813
924.340
924.866
925.393
925.919
926.446
926.972
927.499
928.026
928.552
929.079
929.605
930.132
930.658
931.185
931.712
932.238
932.765
933.291
933.818
934.344
934.871
935.398
935.924
936.451
936.977
937.504
938.030
938.557
939.084
939.610
940.137
940.400
940.663
941.190
941.453
941.716
942.243
942.506
942.770
943.296
943.559
943.823
944.349
944.612
944.876
945.402
945.666
945.929
946.455
946.719
946.982
947.509
947.772
948.035
948.562
948.825
949.088
949.615
949.878
950.141
950.668
950.931
951.195
951.721
951.984
952.248
952.774
953.038
953.301
953.827
954.091
954.354
954.881
955.144
955.407
955.934
956.197
956.460
956.987
957.250
957.513
957.777
958.040
958.303
958.567
958.830
959.093
959.356
959.620
959.883
960.146
960.410
960.673
960.936
961.199
961.463
961.726
961.989
962.253
962.516
962.779
963.042
963.306
963.569
963.832
964.095
964.359
964.622
964.885
965.149
965.412
965.675
965.938
966.202
966.465
966.728
966.992
967.255
967.518
967.781
968.045
968.308
968.571
968.835
969.098
969.361
969.624
969.888
970.151
970.414
970.678
970.941
971.204
971.467
971.731
971.994
972.257
972.521
972.784
973.047
973.310
973.574
973.837
1102.784
1103.284
1103.784
1104.284
1104.784
1105.284
1105.784
1106.284
1106.784
1107.284
1107.784
1108.285
1108.785
1109.285
1109.785
1110.285
1110.785
1111.285
1111.785
1112.285
1112.785
1113.285
1113.785
1114.286
1114.786
1115.286
1115.786
1116.286
1116.786
1117.286
1117.786
1118.286
1118.786
1119.286
1119.787
1120.287
1120.787
1121.287
1121.787
1122.287
1122.787
1123.287
1123.787
1124.287
1124.787
1125.287
1125.788
1126.288
1126.788
1127.288
1127.788
1128.288
1128.788
1129.288
1129.788
1130.288
1130.788
1131.289
1131.789
1132.289
1132.789
1133.289
1133.789
1134.289
1134.789
1135.289
1135.789
1136.289
1136.789
1137.290
1137.790
1138.290
1138.790
1139.290
1139.790
1140.290
1140.790
1141.290
1141.790
1142.290
1142.791
1143.291
1143.791
1144.291
1144.791
1145.291
1145.791
1146.291
1146.791
1147.291
1147.791
1148.291
1148.792
1149.292
1149.792
1150.292
1150.792
1151.292
1151.792
1152.292
1152.792
1153.292
1153.792
1154.292
1154.793
1155.293
1155.793
1156.293
1156.793
1157.293
1157.793
1158.293
1158.793
1159.293
1159.793
1160.294
1160.794
1161.294
1161.794
1162.294
1162.794
1163.294
1163.794
1164.294
1164.794
1165.294
1165.794
1166.295
1166.795
1167.295
1167.795
1168.295
1168.795
1169.295
1169.795
1170.295
1170.795
1171.295
1171.796
1172.296
1172.796
1173.296
1173.796
1174.296
1174.796
1175.296
1175.796
1176.296
1176.796
1177.296
1177.797
1178.297
1178.797
1179.297
1179.797
1180.297
1180.797
1181.297
1181.797
1182.297
1182.797
1183.298
1183.798
1184.298
1184.798
1185.298
1185.798
1186.298
1186.798
1187.298
1187.798
1188.298
1188.798
1189.299
1189.799
1190.299
1190.799
1191.299
1191.799
1192.299
1192.799
1193.299
1193.799
1194.299
1194.799
1195.300
1195.800
1196.300
1196.800
1197.300
1197.800
1198.300
1198.800
1199.300
1199.800
1200.300
1200.801
1201.301
1201.801
1202.301
1202.801
1203.301
1203.801
1204.301
1204.801
1205.301
1205.801
1206.301
1206.802
1207.302
1207.802
1208.302
1208.802
1209.302
1209.802
1210.302
1210.802
1211.302
1211.802
1212.303
1212.803
1213.303
1213.803
1214.303
1214.803
1215.303
1215.803
1216.303
1216.803
1217.303
1217.803
1218.304
1218.804
1219.304
1219.804
1220.304
1220.804
1221.304
1221.804
1222.304
1222.804
1223.304
1223.805
1224.305
1224.805
1225.305
1225.805
1226.305
1226.805
1227.305
1227.805
1228.305
1228.805
1229.305
1229.806
1230.306
1241.057
1241.534
1242.010
1242.486
1243.439
1243.915
1244.392
1244.868
1245.344
1245.821
1246.297
1247.250
1247.726
1248.202
1248.679
1249.155
1249.631
1250.108
1251.060
1251.537
1252.013
1252.489
1252.966
1253.442
1253.918
1254.871
1255.347
1255.823
1256.300
1256.776
1257.252
1257.728
1258.204
1258.680
1259.156
1259.633
1260.109
1260.585
1261.061
1261.537
1262.013
1262.489
1262.966
1263.442
1263.918
1264.394
1264.870
1265.346
1265.823
1266.299
1266.775
1267.251
1267.727
1268.203
1268.679
1269.156
1269.632
1270.108
1270.584
1271.060
1271.536
1272.013
1272.489
1272.727
1272.965
1273.440
1273.916
1274.392
1274.630
1274.868
1275.106
1275.344
1275.820
1276.296
1276.534
1276.772
1277.248
1277.723
1277.961
1278.199
1278.437
1278.675
1279.151
1279.627
1280.103
1280.341
1280.579
1281.055
1281.530
1282.006
1282.244
1282.482
1282.720
1282.958
1283.434
1283.910
1284.148
1284.386
1284.862
1285.338
1285.576
1285.813
1286.051
1286.289
1286.765
1287.241
1287.717
1287.955
1288.193
1288.669
1289.145
1289.621
1289.858
1290.096
1290.334
1290.572
1291.048
1291.524
1291.762
1292.000
1292.476
1292.952
1293.190
1293.428
1293.666
1293.903
1294.379
1294.855
1295.331
1295.569
1295.807
1296.283
1296.759
1297.235
1297.473
1297.711
1297.949
1298.186
1298.662
1299.138
1299.376
1299.614
1300.090
1300.566
1300.804
1301.042
1301.280
1301.518
1303.920
1304.396
1304.872
1305.348
1305.824
1306.300
1306.776
1307.252
1307.728
1308.204
1308.680
1309.156
1309.632
1310.108
1310.585
1311.061
1311.537
1312.013
1312.489
1312.965
1313.441
1313.917
1314.393
1314.869
1315.345
1315.821
1316.297
1316.773
1317.249
1317.725
1318.201
1319.135
1319.374
1319.612
1319.850
1320.089
1320.327
1320.566
1321.043
1321.281
1321.519
1321.758
1321.996
1322.235
1322.473
1322.950
1323.188
1323.427
1323.665
1323.903
1324.142
1324.380
1324.857
1325.096
1325.334
1325.572
1325.811
1326.049
1326.288
1326.764
1327.003
1327.241
1327.480
1327.718
1327.956
1328.195
1328.672
1328.910
1329.148
1329.387
1329.625
1329.864
1330.102
1330.579
1330.817
1331.056
1331.294
1331.533
1331.771
1332.009
1332.486
1332.725
1332.963
1333.201
1333.440
1333.678
1333.917
1343.426
1343.664
1343.903
1344.141
1344.379
1344.617
1344.855
1345.093
1345.332
1345.570
1345.808
1346.046
1346.284
1346.522
1346.761
1346.999
1347.237
1347.475
1347.713
1347.951
1348.190
1348.428
1348.666
1348.904
1349.142
1349.380
1349.619
1349.857
1350.095
1350.333
1350.571
1350.809
1351.048
1351.286
1351.524
1351.762
1352.000
1352.238
1352.477
1352.715
1352.953
1353.191
1353.429
1353.667
1353.906
1354.144
1354.382
1354.620
1354.858
1355.096
1355.335
1355.573
1355.811
1356.049
1356.287
1356.525
1356.764
1357.002
1357.240
1359.412
1359.879
1360.346
1360.813
1361.280
1361.747
1362.215
1362.683
1363.150
1363.618
1364.086
1364.554
1365.022
1365.490
1365.958
1366.426
1366.894
1367.362
1367.830
1368.298
1368.766
1369.233
1369.701
1370.169
1370.637
1371.105
1371.573
1372.041
1372.509
1372.977
1373.445
1373.913
1374.381
1374.849
1375.316
1375.784
1376.252
1376.720
1377.188
1377.656
1378.124
1378.592
1379.060
1379.528
1379.996
1380.464
1380.931
1381.399
1381.867
1382.335
1382.803
1383.271
1383.739
1384.207
1384.675
1385.143
1385.611
1386.079
1386.547
1387.014
1387.482
1387.950
1388.418
1388.886
1389.354
1389.822
1390.290
1390.758
1391.226
1391.694
1406.746
1407.214
1407.682
1408.150
1408.619
1409.087
1409.555
1410.023
1410.491
1410.960
1411.428
1411.896
1412.364
1412.832
1413.301
1413.769
1414.237
1414.705
1415.174
1415.642
1416.110
1416.578
1417.046
1417.515
1417.983
1418.451
1418.919
1419.387
1419.856
1420.324
1420.792
1421.260
1421.729
1422.197
1422.665
1423.133
1423.601
1424.070
1424.538
1425.006
1425.474
1425.942
1426.411
1426.879
1427.347
1427.815
1428.284
1428.752
1429.220
1506.171
1507.172
1508.173
1509.174
1510.175
1511.176
1512.177
1513.178
1514.179
1515.180
1516.181
1517.182
1518.183
1519.184
1520.185
1521.186
1522.187
1522.688
1522.938
1523.187
1523.687
1523.937
1524.186
1524.686
1524.935
1525.185
1525.685
1525.934
1526.184
1526.684
1526.933
1527.183
1527.683
1527.932
1528.182
1528.681
1528.931
1529.181
1529.680
1529.930
1530.180
1530.679
1530.929
1531.179
1531.678
1531.928
1532.178
1532.677
1532.927
1533.177
1533.676
1533.926
1534.175
1534.675
1534.925
1535.174
1535.674
1535.924
1536.173
1536.673
1536.922
1537.172
1537.672
1537.921
1538.171
1538.672
1539.172
1539.673
1540.173
1540.673
1541.174
1541.674
1542.175
1542.675
1543.176
1543.676
1544.177
1544.677
1545.178
1545.678
1546.179
1546.679
1547.180
1547.680
1548.180
1548.681
1549.181
1549.682
1550.182
1550.683
1551.183
1551.684
1552.184
1552.685
1553.185
1553.686
1554.186
1554.687
1555.187
1555.437
1555.686
1556.186
1556.685
1557.184
1557.434
1557.684
1558.183
1558.683
1559.182
1559.432
1559.681
1560.181
1560.680
1561.179
1561.429
1561.679
1562.178
1562.677
1563.177
1563.426
1563.676
1564.175
1564.675
1565.174
1565.424
1565.673
1566.173
1566.672
1567.171
1567.421
1567.671
1568.170
1568.669
1569.169
1569.419
1569.668
1586.113
1586.613
1587.113
1587.613
1588.113
1588.613
1589.113
1589.613
1590.113
1590.613
1591.112
1591.612
1592.112
1592.612
1593.112
1593.612
1594.112
1594.612
1595.112
1595.612
1596.112
1596.612
1597.112
1597.612
1598.112
1598.612
1599.112
1599.612
1600.112
1600.612
1601.112
1601.612
1602.112
1602.362
1602.612
1603.112
1603.362
1603.612
1603.862
1604.112
1604.362
1604.612
1605.112
1605.362
1605.612
1605.862
1606.112
1606.362
1606.612
1607.112
1607.362
1607.612
1607.862
1608.112
1608.362
1608.612
1609.112
1609.362
1609.612
1609.862
1610.112
1610.362
1610.612
1611.112
1611.362
1611.612
1611.862
1612.112
1612.362
1612.612
1613.112
1613.362
1613.612
1613.862
1614.112
1614.361
1614.611
1615.111
1615.361
1615.611
1615.861
1616.111
1616.361
1616.611
1617.111
1617.361
1617.611
1617.861
1618.111
1618.361
1618.611
1618.861
1619.111
1619.361
1619.611
1619.861
1620.111
1620.361
1620.611
1620.861
1621.111
1621.361
1621.611
1621.861
1622.111
1622.361
1622.611
1622.861
1623.111
1623.361
1623.611
1623.861
1624.111
1624.361
1624.611
1624.861
1625.111
1625.361
1625.611
1625.861
1626.111
1626.361
1626.611
1626.861
1627.111
1627.361
1627.611
1627.861
1628.111
1628.361
1628.611
1628.861
1629.111
1629.361
1629.611
1629.861
1630.111
1630.361
1630.611
1630.861
1631.111
1631.361
1631.611
1631.861
1632.111
1632.361
1632.611
1632.861
1633.111
1633.361
1633.611
1633.861
1634.111
1634.611
1635.111
1635.361
1635.611
1636.111
1636.611
1637.111
1637.361
1637.610
1638.110
1638.610
1639.110
1639.360
1639.610
1640.110
1640.610
1641.110
1641.360
1641.610
1642.110
1642.610
1643.110
1643.360
1643.610
1644.110
1644.610
1645.110
1645.360
1645.610
1646.110
1646.610
1647.110
1647.360
1647.610
1648.110
1648.610
1649.110
1649.360
1649.610
1650.110
1650.360
1650.610
1651.110
1651.360
1651.610
1652.110
1652.360
1652.610
1653.110
1653.360
1653.610
1654.110
1654.360
1654.610
1655.110
1655.360
1655.610
1656.110
1656.360
1656.610
1657.110
1657.360
1657.610
1658.110
1658.360
1658.610
1659.110
1659.360
1659.610
1660.110
1660.360
1660.610
1661.109
1661.359
1661.609
1662.109
1662.359
1662.609
1663.109
1663.359
1663.609
1664.109
1664.359
1664.609
1665.109
1665.359
1665.609
1666.109
1666.359
1666.609
1666.859
1667.109
1667.359
1667.609
1667.859
1668.109
1668.359
1668.609
1668.859
1669.109
1669.359
1669.609
1669.859
1670.109
1670.359
1670.609
1670.859
1671.109
1671.359
1671.609
1671.859
1672.109
1672.359
1672.609
1672.859
1673.109
1673.359
1673.609
1673.859
1674.109
1674.359
1674.609
1674.859
1675.109
1675.359
1675.609
1675.859
1676.109
1676.359
1676.609
1676.859
1677.109
1677.359
1677.609
1677.859
1678.109
1678.359
1678.609
1678.859
1679.109
1679.359
1679.609
1679.859
1680.109
1680.359
1680.609
1680.859
1681.109
1681.359
1681.609
1681.859
1682.109
1683.117
1684.119
1685.120
1686.122
1687.124
1688.125
1689.127
1690.129
1691.130
1692.132
1693.134
1694.135
1695.137
1696.138
1697.140
1698.142
1699.143
1700.145
1701.147
1702.148
1703.150
1704.152
1705.153
1706.297
1707.441
1708.585
1709.729
1710.873
1712.016
1713.160
1714.304
1715.448
1716.592
1717.736
1718.880
1720.023
1721.167
1722.311
1723.422
1724.565
1725.708
1726.851
1727.994
1729.137
1730.279
1731.422
1732.565
1733.708
1734.851
1735.994
1737.137
1738.280
1739.423
1740.566
1741.708
1742.280
1742.851
1743.137
1743.423
1743.994
1744.566
1745.137
1745.423
1745.709
1746.280
1746.851
1747.423
1747.709
1747.994
1748.566
1749.137
1749.709
1749.994
1750.280
1750.852
1751.423
1751.995
1752.280
1752.566
1753.137
1753.709
1754.280
1754.566
1754.852
1755.423
1755.995
1756.566
1756.852
1757.138
1757.709
1758.280
1758.852
1759.138
1759.423
1759.995
1760.566
1761.138
1761.709
1762.281
1762.852
1763.423
1763.995
1764.566
1765.138
1765.709
1766.281
1766.852
1767.424
1767.995
1768.567
1769.138
1769.709
1770.281
1770.852
1771.424
1771.995
1772.567
1773.138
1773.710
1774.281
1774.852
1775.424
1775.995
1776.567
1777.138
1777.710
1796.589
1797.160
1797.732
1798.303
1798.874
1799.445
1800.016
1800.587
1801.159
1801.730
1802.301
1802.872
1803.443
1804.015
1804.586
1805.157
1805.728
1806.299
1806.585
1806.870
1807.442
1808.013
1808.584
1808.870
1809.155
1809.726
1810.297
1810.869
1811.154
1811.440
1812.011
1812.582
1813.153
1813.439
1813.724
1814.296
1814.867
1815.438
1815.724
1816.009
1816.580
1817.152
1817.723
1818.008
1818.294
1818.865
1819.436
1820.007
1820.293
1820.579
1821.150
1821.721
1822.292
1822.578
1822.863
1823.434
1824.006
1824.577
1824.862
1825.148
1825.719
1826.290
1826.861
1827.147
1827.433
1828.004
1828.575
1829.146
1829.432
1829.717
1830.289
1830.860
1831.431
1831.716
1832.002
1832.573
1833.144
1833.430
1833.716
1834.001
1834.287
1834.572
1834.858
1835.144
1835.429
1835.715
1836.000
1836.286
1836.571
1836.857
1837.143
1837.428
1837.714
1837.999
1838.285
1838.571
1838.856
1839.142
1839.427
1839.713
1839.999
1840.284
1840.570
1840.855
1841.141
1841.426
1841.712
1841.998
1842.283
1842.569
1842.854
1843.140
1843.426
1843.711
1843.997
1844.282
1844.568
1844.853
1845.139
1845.425
1845.710
1845.996
1846.281
1846.567
1846.853
1847.138
1847.424
1847.709
1847.995
1848.281
1848.566
1848.852
1849.137
1849.423
1849.708
1849.994
1850.280
1850.565
1850.851
1851.136
1851.422
1851.993
1852.564
1853.136
1853.707
1854.278
1854.849
1855.420
1855.991
1856.563
1857.134
1857.705
1858.276
1858.847
1859.418
1859.990
1860.561
1861.132
1861.703
1862.274
1862.845
1863.417
1863.988
1864.559
1865.130
1865.701
1866.273
1866.844
1867.415
1867.986
1868.557
1869.128
1869.414
1869.699
1869.984
1870.269
1870.554
1870.839
1871.124
1871.410
1871.695
1871.980
1872.265
1872.550
1872.835
1873.121
1873.406
1873.691
1873.976
1874.261
1874.546
1874.831
1875.117
1875.402
1875.687
1875.972
1876.257
1876.542
1876.828
1877.113
1877.398
1877.683
1877.968
1878.253
1878.538
1878.824
1879.109
1879.394
1879.679
1879.964
1880.249
1880.535
1880.820
1881.105
1881.390
1881.675
1881.960
1882.245
1882.531
1882.816
1883.101
1883.386
1883.671
1883.956
1884.242
1884.527
1884.812
1885.097
1885.382
1885.667
1885.952
1886.238
1886.523
1886.808
1887.093
1887.378
1887.663
1887.949
1888.234
1888.519
1888.804
1889.089
1889.374
1889.659
1889.945
1890.230
1890.515
1890.800
1891.085
1891.370
1891.656
1891.941
1892.226
1892.511
1892.796
1893.081
1893.366
1893.652
1893.937
1894.222
1894.507
1894.792
1895.077
1895.363
1895.648
1895.933
1896.218
1896.503
1896.788
1897.074
1897.359
1897.644
1897.929
1898.214
1898.499
1898.784
1899.070
1899.355
1899.640
1899.925
1900.210
1900.495
1900.781
1901.066
1901.351
1901.636
1901.921
1902.206
1902.491
1902.777
1903.062
1903.347
1903.632
1903.917
1904.202
1904.488
1904.773
1905.058
1905.343
1905.628
1905.913
1906.198
1906.484
1906.769
1907.054
1907.339
1907.624
1907.909
1908.195
1908.480
1908.765
1909.050
1909.335
1909.620
1909.905
1910.191
1910.476
1910.761
1911.046
1911.331
1911.616
1911.902
1912.187
1912.472
1912.757
1913.042
1913.327
1913.612
1913.898
1914.183
1914.468
1914.753
1915.038
1915.323
1915.609
1915.894
1916.179
1916.464
1916.749
1917.034
1917.319
1917.605
1917.890
1918.175
1918.460
1918.745
1919.030
1919.316
1919.601
1919.886
1920.171
1920.456
1920.741
1921.026
1921.312
1921.597
1921.882
1922.167
1922.452
1922.737
1923.023
1923.308
1923.593
1923.878
1925.259
1925.498
1925.736
1925.974
1926.213
1926.689
1927.166
1927.404
1927.642
1927.881
1928.119
1928.596
1929.072
1929.311
1929.549
1929.787
1930.026
1930.502
1930.979
1931.217
1931.455
1931.694
1931.932
1932.409
1932.885
1933.124
1933.362
1933.600
1933.838
1934.315
1934.792
1935.030
1935.268
1935.507
1935.745
1936.222
1936.698
1936.937
1937.175
1937.413
1937.651
1938.128
1938.605
1938.843
1939.081
1939.320
1939.558
1940.035
1940.511
1940.749
1941.226
1941.464
1941.941
1942.418
1942.656
1942.894
1943.133
1943.371
1943.847
1944.324
1944.562
1945.039
1945.277
1945.754
1946.231
1946.469
1946.707
1946.945
1947.184
1947.660
1948.137
1948.375
1948.852
1949.090
1949.567
1950.043
1950.282
1950.520
1950.758
1950.997
1951.473
1951.950
1952.188
1952.665
1952.903
1953.380
1953.856
1954.095
1954.333
1954.571
1954.810
1955.286
1955.763
1956.001
1956.478
1956.716
1957.193
1957.669
1957.908
1958.146
1958.384
1958.623
1959.099
1959.576
1959.814
1960.291
1960.529
1961.006
1961.482
1961.721
1961.959
1962.197
1962.435
1962.912
1963.389
1963.627
1964.104
1964.342
1964.819
1965.295
1965.533
1965.772
1966.010
1966.248
1966.725
1967.202
1967.440
1967.917
1968.155
1968.631
1969.108
1969.346
1969.585
1969.823
1970.061
1970.538
1986.213
1987.166
1988.118
1989.071
1990.024
1990.976
1991.929
1992.881
1993.834
1994.786
1995.739
1996.692
1997.644
1998.597
1999.549
2000.502
2001.454
2001.693
2001.931
2002.169
2002.407
2002.883
2003.360
2003.598
2003.836
2004.074
2004.312
2004.788
2005.265
2005.503
2005.741
2005.979
2006.217
2006.694
2007.170
2007.408
2007.646
2007.884
2008.122
2008.599
2009.075
2009.313
2009.551
2009.789
2010.028
2010.504
2010.980
2011.218
2011.456
2011.695
2011.933
2012.409
2012.885
2013.123
2013.361
2013.600
2013.838
2014.314
2014.790
2015.028
2015.267
2015.505
2015.743
2016.219
2016.695
2016.934
2017.172
2017.648
2017.886
2018.124
2018.601
2018.839
2019.077
2019.553
2019.791
2020.029
2020.268
2020.506
2020.744
2020.982
2021.458
2021.696
2021.935
2022.411
2022.649
2022.887
2023.363
2023.602
2023.840
2024.078
2024.316
2024.554
2024.792
2025.269
2025.507
2025.745
2026.221
2026.459
2026.697
2027.174
2027.412
2027.650
2027.888
2028.126
2028.364
2028.603
2029.079
2029.317
2029.555
2030.031
2030.270
2030.508
2030.984
2031.222
2031.460
2031.698
2031.937
2032.413
2032.889
2033.365
2033.842
2034.318
2034.794
2035.271
2035.747
2036.223
2036.699
2037.176
2037.652
2038.128
2038.605
2039.081
2039.557
2040.033
2040.510
2040.986
2041.462
2041.939
2042.415
2042.891
2043.367
2043.844
2044.320
2044.796
2045.273
2045.749
2046.225
2046.701
2047.178
2047.416
2049.083
2049.321
2050.988
2051.226
2052.893
2053.131
2054.798
2055.036
2056.703
2056.942
2058.608
2058.847
2060.514
2060.752
2062.419
2062.657
2064.324
2064.562
2066.229
2066.467
2068.134
2068.372
2070.039
2070.277
2071.944
2072.183
2073.850
2074.088
2075.755
2075.993
2077.423
2077.661
2077.900
2078.138
2078.377
2078.615
2078.853
2079.092
2079.330
2079.568
2079.807
2080.045
2080.283
2080.522
2080.760
2080.999
2081.237
2081.475
2081.714
2081.952
2082.190
2082.429
2082.667
2082.905
2083.144
2083.382
2083.621
2083.859
2084.097
2084.336
2084.574
2084.812
2085.051
2085.289
2085.527
2085.766
2086.004
2086.243
2086.481
2086.719
2086.958
2087.196
2087.434
2087.673
2087.911
2088.149
2088.388
2088.626
2088.865
2089.103
2089.341
2089.580
2089.818
2090.056
2090.295
2090.533
2090.771
2091.010
2091.248
2091.487
2091.725
2091.963
2092.202
2092.440
2092.678
2092.917
2093.155
2093.394
2093.632
2093.870
2094.109
2094.347
2094.585
2094.824
2095.062
2095.300
2095.539
2095.777
2096.016
2096.254
2096.492
2096.731
2096.969
2097.207
2097.446
2097.684
2097.922
2098.161
2098.399
2098.638
2098.876
2099.114
2099.353
2099.591
2099.829
2100.068
2100.306
2100.544
2100.783
2101.021
2101.260
2101.498
2101.736
2101.975
2102.213
2102.451
2102.690
2102.928
2103.166
2103.405
2103.643
2103.882
2104.120
2104.358
2104.597
2104.835
2105.073
2105.312
2105.550
2105.788
2106.027
2106.265
2106.504
2106.742
2106.980
2107.219
2107.457
2107.695
2107.934
2108.172
2108.410
2108.649
2108.887
2109.126
2109.364
2109.602
2109.841
2110.079
2110.317
2110.556
2110.794
2111.032
2111.271
2111.509
2111.748
2111.986
2112.224
2112.463
2112.701
2112.939
2113.178
2113.416
2113.655
2113.893
2114.131
2114.370
2114.608
2114.846
2115.085
2115.323
2115.561
2115.800
2116.038
2116.277
2116.515
2116.753
2116.992
2117.230
2117.468
2117.707
2117.945
2118.183
2118.422
2118.660
2118.899
2119.137
2119.375
2119.614
2119.852
2120.090
2120.329
2120.567
2120.805
2121.044
2121.282
2121.521
2121.759
2121.997
2122.236
2122.474
2122.712
2122.951
2123.189
2123.427
2123.666
2123.904
2124.143
2124.381
2124.619
2124.858
2125.096
2125.334
2125.573
2125.811
2126.049
2126.288
2126.526
2126.765
2127.003
2127.241
2127.480
2127.718
2127.956
2128.195
2128.433
2128.671
2128.910
2129.148
2129.387
2129.625
2129.863
2130.102
2130.340
2130.578
2130.817
2131.055
2131.294
2131.532
2131.770
2132.009
2132.247
2132.485
2132.724
2132.962
2133.200
2133.439
2133.677
2133.916
2134.154
2134.392
2134.631
2134.869
2135.107
2135.346
2135.584
2135.822
2136.061
2136.299
2136.538
2136.776
2137.014
2137.253
2137.491
2137.729
2137.968
2138.206
2138.444
2139.328
2140.211
2141.095
2141.978
2142.862
2143.745
2144.629
2145.512
2146.449
2147.385
2148.321
2149.257
2150.193
2151.130
2152.066
2153.002
2153.938
2154.874
2155.810
2156.747
2157.683
2158.619
2159.555
2160.471
2160.706
2160.940
2161.409
2162.347
2162.581
2162.816
2163.285
2164.222
2164.457
2164.691
2165.160
2166.098
2166.332
2166.567
2167.036
2167.974
2168.208
2168.442
2168.911
2169.849
2170.083
2170.318
2170.787
2171.725
2171.959
2172.193
2172.662
2173.600
2173.835
2174.069
2174.538
2175.476
2175.945
2176.413
2176.882
2177.351
2177.820
2178.289
2178.758
2179.227
2179.696
2180.165
2180.633
2181.102
2181.571
2182.040
2182.509
2182.978
2183.447
2183.916
2184.385
2184.853
2185.322
2185.791
2186.260
2186.729
2187.198
2187.667
2188.136
2188.604
2189.073
2189.542
2190.011
2190.480
2190.949
2191.418
2191.652
2191.887
2192.356
2192.824
2193.293
2193.528
2193.762
2194.231
2194.700
2195.169
2195.403
2195.638
2196.107
2196.576
2197.044
2197.279
2197.513
2197.982
2198.217
2198.451
2198.686
2198.920
2199.154
2199.389
2199.858
2200.092
2200.327
2200.561
2200.795
2201.030
2201.264
2201.733
2201.968
2202.202
2202.437
2202.671
2202.905
2203.140
2205.484
2205.719
2205.953
2206.188
2206.422
2206.657
2206.891
2207.125
2207.360
2207.594
2207.829
2208.063
2208.298
2208.532
2208.767
2209.001
2209.235
2209.470
2209.704
2209.939
2210.173
2210.408
2210.642
2210.877
2211.111
2211.345
2211.580
2211.814
2212.049
2212.283
2212.518
2212.752
2212.987
2213.221
2213.455
2213.690
2213.924
2214.159
2214.393
2214.628
2214.862
2215.096
2215.331
2215.565
2215.800
2216.034
2216.269
2216.503
2216.738
2216.972
2217.206
2217.441
2217.675
2217.910
2218.144
2218.379
2218.613
2218.848
2219.082
2219.316
2219.551
2219.785
2220.020
2220.254
2220.489
2220.958
2221.426
2221.661
2221.895
2222.364
2222.833
2223.302
2223.536
2223.771
2224.240
2224.709
2225.178
2225.412
2225.646
2226.115
2226.584
2227.053
2227.288
2227.522
2227.991
2228.460
2228.929
2229.163
2229.397
2229.866
2230.335
2230.804
2231.039
2231.273
2231.742
2232.211
2232.680
2232.914
2233.149
2233.617
2234.086
2234.555
2234.790
2235.024
2250.035
2250.503
2250.972
2251.441
2251.909
2252.378
2252.847
2253.316
2253.784
2254.253
2254.722
2255.190
2255.659
2256.128
2256.596
2257.065
2257.534
2258.003
2258.471
2258.940
2259.409
2259.877
2260.346
2260.815
2261.284
2261.752
2262.221
2262.690
2263.158
2263.627
2264.096
2264.565
2265.033
2265.268
2265.502
2265.736
2265.971
2266.205
2266.439
2266.674
2266.908
2267.142
2267.377
2267.611
2267.845
2268.080
2268.314
2268.549
2268.783
2269.017
2269.252
2269.486
2269.720
2269.955
2270.189
2270.423
2270.658
2270.892
2271.126
2271.361
2271.595
2271.830
2272.064
2272.298
2272.533
2272.767
2273.001
2273.236
2273.470
2273.704
2273.939
2274.173
2274.407
2274.642
2274.876
2275.110
2275.345
2275.579
2275.814
2276.048
2276.282
2276.517
2276.751
2276.985
2277.220
2277.454
2277.688
2277.923
2278.157
2278.391
2278.626
2278.860
2279.095
2279.329
2279.563
2279.798
2280.032
2280.266
2280.500
2280.734
2280.968
2281.203
2281.437
2281.671
2281.905
2282.139
2282.374
2282.608
2282.842
2283.076
2283.310
2283.544
2283.779
2284.013
2284.247
2284.481
2284.715
2284.949
2285.184
2285.418
2285.652
2285.886
2286.120
2286.355
2286.589
2286.823
2287.057
2287.291
2287.525
2287.760
2287.994
2288.228
2288.462
2288.696
2288.930
2289.165
2289.399
2289.633
2289.867
2290.101
2290.336
2290.570
2290.804
2291.038
2291.272
2291.506
2291.741
2291.975
2292.209
2292.443
2292.677
2292.912
2293.146
2293.380
2293.614
2293.848
2294.082
2294.317
2294.551
2294.785
2295.019
2295.253
2295.487
2295.722
2295.956
2296.190
2296.424
2296.658
2296.893
2297.127
2297.361
2297.595
2297.829
2298.063
2298.298
2298.532
2298.766
2299.000
2299.234
2299.468
2299.703
2299.937
2300.171
2300.405
2300.639
2300.874
2301.108
2301.342
2301.576
2301.810
2302.044
2302.279
2302.513
2302.747
2302.981
2303.215
2303.449
2303.684
2303.918
2304.152
2304.386
2304.620
2304.855
2305.089
2305.323
2305.557
2305.791
2306.025
2306.260
2306.494
2306.728
2306.962
2307.196
2307.430
2307.665
2307.899
2308.133
2308.367
2308.601
2308.836
2309.070
2309.304
2309.538
2309.772
2310.006
2310.241
2310.475
2310.709
2310.943
2311.177
2311.411
2311.646
2311.880
2312.114
2312.348
2312.582
2312.817
2313.051
2351.541
2352.033
2352.526
2353.018
2353.510
2354.003
2354.495
2354.987
2355.480
2355.972
2356.464
2356.957
2357.449
2357.941
2358.434
2358.926
2359.418
2359.911
2360.403
2360.896
2361.388
2361.880
2362.373
2362.865
2363.357
2363.850
2364.342
2364.834
2365.327
2365.819
2366.311
2366.804
2367.296
2367.788
2368.281
2368.773
2369.265
2369.758
2370.250
2370.742
2371.235
2371.727
2372.219
2372.712
2373.204
2373.696
2374.189
2374.681
2375.173
2375.666
2376.158
2376.650
2377.143
2377.635
2378.127
2378.620
2379.112
2379.604
2380.097
2380.589
2381.081
2381.574
2382.066
2382.558
2383.051
2383.543
2384.035
2384.528
2385.020
2385.512
2386.005
2386.497
2386.990
2387.482
2387.974
2388.467
2388.959
2389.451
2389.944
2390.436
2390.928
2391.421
2391.913
2392.405
2392.898
2393.390
2393.882
2394.375
2394.867
2395.359
2395.852
2396.344
2396.836
2397.329
2397.821
2398.313
2398.806
2399.298
2399.790
2400.283
2400.775
2401.267
2401.760
2402.252
2402.744
2403.237
2403.729
2404.221
2404.714
2405.206
2405.698
2406.191
2406.683
2407.175
2407.668
2408.160
2408.652
2409.145
2409.637
2410.129
2410.622
2411.114
2411.607
2412.099
2412.591
2413.084
2413.576
2414.068
2414.561
2415.053
2415.545
2416.038
2416.530
2417.022
2417.515
2418.007
2418.499
2418.992
2419.484
2419.976
2420.469
2420.961
2421.453
2421.946
2422.438
2422.930
2423.423
2423.915
2424.407
2424.900
2425.392
2425.884
2426.377
2426.869
2427.361
2427.854
2428.346
2428.838
2429.331
2429.823
2430.315
2430.561
2430.807
2431.053
2431.299
2431.545
2431.790
2432.036
2432.282
2432.528
2432.774
2433.020
2433.265
2433.511
2433.757
2434.003
2434.249
2434.495
2434.740
2434.986
2435.232
2435.478
2435.724
2435.969
2436.215
2436.461
2436.707
2436.953
2437.199
2437.444
2437.690
2437.936
2438.182
2438.428
2438.674
2438.919
2439.165
2439.411
2439.657
2439.903
2440.149
2440.394
2440.640
2440.886
2441.132
2441.378
2441.624
2441.869
2442.115
2442.361
2442.607
2442.853
2443.099
2443.344
2443.590
2443.836
2444.082
2444.328
2444.574
2444.819
2445.065
2445.311
2445.557
2445.803
2446.048
2446.294
2446.540
2446.786
2447.032
2447.278
2447.523
2447.769
2448.015
2448.261
2448.507
2448.753
2448.998
2449.244
2449.490
2449.736
2449.982
2450.228
2450.473
2450.719
2450.965
2451.211
2451.457
2451.703
2451.948
2452.194
2452.440
2452.686
2452.932
2453.178
2453.423
2453.669
2453.915
2454.161
2454.407
2454.653
2454.898
2455.144
2455.390
2455.636
2455.882
2456.128
2456.373
2456.619
2456.865
2457.111
2457.357
2457.602
2457.848
2458.094
2458.340
2458.586
2458.832
2459.077
2459.323
2459.569
2459.815
2460.061
2460.307
2460.552
2460.798
2493.248
2493.739
2494.231
2494.723
2495.214
2495.706
2496.198
2496.689
2497.181
2497.673
2498.164
2498.656
2499.148
2499.639
2500.131
2500.623
2501.114
2501.606
2502.098
2502.589
2503.081
2503.573
2504.064
2504.556
2505.048
2505.539
2506.031
2506.523
2507.014
2507.506
2507.998
2508.489
2508.981
2509.473
2509.964
2510.456
2510.948
2511.439
2511.931
2512.422
2512.914
2513.406
2513.897
2514.389
2514.881
2515.372
2515.864
2516.356
2516.847
2517.339
2517.831
2518.322
2518.814
2519.306
2519.797
2520.289
2520.781
2521.272
2521.764
2522.256
2522.747
2523.239
2523.731
2524.222
2524.714
2525.206
2525.697
2526.189
2526.681
2527.172
2527.664
2528.156
2528.647
2529.139
2529.631
2530.122
2530.614
2531.106
2531.597
2532.089
2532.581
2533.072
2533.564
2534.055
2534.547
2535.039
2535.530
2536.022
2536.514
2537.005
2537.497
2537.989
2538.480
2538.972
2539.464
2539.955
2540.447
2540.693
2540.939
2541.185
2541.430
2541.676
2541.922
2542.168
2542.414
2542.660
2542.905
2543.151
2543.397
2543.643
2543.889
2544.134
2544.380
2544.626
2544.872
2545.118
2545.364
2545.609
2545.855
2546.101
2546.347
2546.593
2546.839
2547.084
2547.330
2547.576
2547.822
2548.068
2548.314
2548.559
2548.805
2549.051
2549.297
2549.543
2549.789
2550.034
2550.280
2550.526
2550.772
2551.018
2551.264
2551.509
2551.755
2552.001
2552.247
2552.493
2552.739
2552.984
2553.230
2553.476
2553.722
2553.968
2554.213
2554.459
2554.705
2554.951
2555.197
2555.443
2555.688
2555.934
2556.180
2556.426
2556.672
2556.918
2557.163
2557.409
2557.655
2557.901
2558.147
2558.393
2558.638
2558.884
2559.130
2559.376
2559.622
2559.868
2560.113
2560.359
2560.605
2560.851
2561.097
2561.343
2561.588
2561.834
2562.080
2562.326
2562.572
2562.818
2563.063
2563.309
2563.555
2563.801
2564.047
2564.293
2564.538
2564.784
2565.030
2565.276
2565.522
2565.767
2566.013
2566.259
2566.505
2566.751
2566.997
2567.242
2567.488
2567.734
2567.980
2568.226
2568.472
2568.717
2568.963
2569.209
2569.455
2569.701
2569.947
2570.192
2570.438
2570.684
2570.930
2571.176
2571.422
2571.667
2571.913
