1.844
2.144
2.444
2.744
3.044
3.344
3.644
4.244
4.544
4.844
5.144
5.444
5.744
6.044
6.644
6.944
7.244
7.544
7.844
8.144
8.444
9.044
9.344
9.644
9.944
10.244
10.544
10.844
11.444
11.744
12.044
12.344
12.644
12.944
13.244
13.844
14.144
14.444
14.744
15.044
15.344
15.644
16.244
16.544
16.844
17.144
17.444
17.744
18.044
18.644
18.944
19.244
19.544
19.844
20.144
20.444
21.044
21.344
21.644
21.944
22.244
22.544
22.844
23.444
23.744
24.044
24.344
24.644
24.944
25.244
25.844
26.144
26.444
26.744
27.044
27.344
27.644
28.244
28.544
28.844
29.144
29.444
29.744
30.044
30.644
30.944
31.244
31.544
31.844
32.144
32.444
33.044
33.344
33.644
33.944
34.244
34.544
34.844
35.444
35.744
36.044
36.344
36.644
36.944
37.244
37.844
38.144
38.444
38.744
39.044
39.344
39.644
40.244
40.544
40.844
41.144
41.444
41.744
42.044
42.644
42.944
43.244
43.544
43.844
44.144
44.444
45.044
45.344
45.644
45.944
46.244
46.544
46.844
47.444
47.744
48.044
48.344
48.644
48.944
49.244
49.844
50.144
50.444
50.744
51.044
51.344
51.644
52.244
52.544
52.844
53.144
53.444
53.744
54.044
54.644
54.944
55.244
55.544
55.844
56.144
56.444
57.044
57.344
57.644
57.944
58.244
58.544
58.844
59.443
59.743
60.043
60.343
60.643
60.943
61.243
61.843
62.143
62.443
62.743
63.043
63.343
63.643
64.243
64.543
64.843
65.143
65.443
65.743
66.043
66.643
66.943
67.243
67.543
67.843
68.143
68.443
78.654
78.953
79.253
79.553
79.853
80.153
80.452
80.752
81.052
81.352
81.651
81.951
82.251
82.551
82.851
83.150
83.450
83.750
84.050
84.349
84.649
84.949
85.249
85.549
85.848
86.148
86.448
86.748
87.047
87.347
87.647
87.947
88.247
88.546
88.846
89.146
89.446
89.746
90.045
90.345
90.645
90.945
91.244
91.544
91.844
92.144
92.444
92.743
93.043
93.343
93.643
93.942
94.242
94.542
94.842
95.142
95.441
95.741
96.041
96.341
96.640
96.940
97.240
97.540
97.840
98.139
98.439
98.739
99.039
99.338
99.638
99.938
100.238
100.538
100.837
101.137
101.437
101.737
102.036
102.336
102.636
102.936
103.236
103.535
103.835
104.135
104.435
104.734
105.034
105.334
105.634
105.934
106.233
106.533
106.833
107.133
107.432
107.732
108.032
108.332
108.632
108.931
109.231
109.531
109.831
110.130
110.430
110.730
111.030
111.330
111.629
111.929
112.229
112.529
112.828
113.128
113.428
113.728
114.028
114.327
114.627
114.927
115.227
115.526
115.826
116.126
116.425
116.722
117.004
117.255
117.491
117.724
117.958
118.191
118.424
118.657
118.890
119.123
119.356
119.589
119.822
120.055
120.288
120.521
120.754
120.987
121.220
121.453
121.686
121.919
122.152
122.385
122.618
122.851
123.084
123.317
123.550
123.783
124.016
124.250
124.483
124.716
124.949
125.182
125.415
125.648
125.881
126.114
126.347
126.580
126.813
127.046
127.279
127.512
127.745
127.978
128.211
128.444
128.677
128.910
129.143
129.376
129.609
129.842
130.075
130.308
130.541
130.775
131.008
131.241
131.474
131.707
