106.292
107.252
108.212
109.171
110.131
111.091
112.051
113.011
113.970
114.930
115.890
116.850
117.810
118.770
119.729
120.689
121.649
122.609
123.569
124.528
125.488
126.448
127.408
128.368
129.328
130.287
131.247
132.207
133.167
134.127
135.086
136.046
137.006
137.966
138.926
139.886
140.845
141.805
142.765
143.725
144.685
145.644
146.604
147.564
148.524
149.484
150.444
151.403
152.363
153.323
154.283
155.243
156.202
157.162
158.122
159.082
160.042
161.002
161.961
162.921
163.881
164.841
165.801
166.760
167.720
168.200
168.680
169.160
169.640
170.120
170.600
171.080
171.560
172.039
172.519
172.999
173.479
173.959
174.439
174.919
175.399
175.879
176.359
176.839
177.318
177.798
178.278
178.758
179.238
179.718
180.198
180.678
181.158
181.638
182.118
182.597
183.077
183.557
184.037
184.517
184.997
185.477
185.957
186.437
186.917
187.397
187.876
188.356
188.836
189.316
189.796
190.276
190.756
191.236
191.716
192.196
192.676
193.155
193.635
194.115
194.595
195.075
195.555
196.035
196.515
196.995
197.475
197.955
198.434
198.914
199.394
199.874
200.354
200.834
201.314
201.794
202.274
202.754
203.234
203.713
204.193
204.673
205.153
205.633
206.113
206.593
207.073
207.553
208.033
208.513
208.992
209.472
209.952
210.432
210.912
211.392
211.872
212.352
212.832
213.312
213.792
214.271
214.751
215.231
215.711
216.191
216.671
217.151
217.631
218.111
218.591
219.071
219.550
220.030
220.510
220.990
221.470
221.950
222.430
222.910
223.390
223.870
224.350
224.829
225.309
225.789
226.269
226.749
227.229
227.709
228.189
228.669
229.149
336.672
337.152
337.632
338.112
338.352
338.592
339.072
339.552
340.032
340.272
340.512
340.992
341.472
341.952
342.192
342.432
342.912
343.392
343.872
344.112
344.352
344.832
345.312
345.792
346.032
346.272
346.752
347.232
347.712
347.952
348.192
348.672
349.152
349.632
349.872
350.112
350.592
351.072
351.552
351.792
352.032
352.512
352.992
353.472
353.712
353.952
354.432
354.912
355.392
355.632
355.872
356.352
356.832
357.312
357.552
357.792
358.272
358.752
359.232
359.472
359.712
360.192
360.672
361.152
361.392
361.632
362.112
362.592
363.072
363.312
363.552
364.032
364.512
364.992
365.232
365.472
365.952
366.432
366.912
367.152
367.392
367.872
368.352
368.832
369.072
369.312
369.792
370.272
370.752
370.992
371.232
371.712
372.192
372.672
372.912
373.152
373.632
374.112
374.592
374.832
375.072
375.552
376.032
376.512
376.752
376.992
377.472
377.952
378.432
378.672
378.912
379.392
379.872
380.352
380.592
380.832
381.312
381.792
382.272
382.512
382.752
383.232
383.712
384.192
384.432
384.672
385.152
385.632
386.112
386.352
386.592
387.072
387.552
388.032
388.272
388.512
388.992
389.472
389.952
390.192
390.432
390.912
391.392
391.872
392.112
392.352
392.832
393.312
393.792
394.032
394.272
394.752
395.232
395.712
395.952
396.192
396.672
397.152
397.632
397.872
398.112
398.592
399.072
399.552
400.032
400.513
400.993
401.473
401.953
402.433
402.913
403.393
403.873
404.354
404.834
405.314
405.794
406.274
406.754
407.234
407.715
408.195
408.675
409.155
409.635
410.115
410.595
411.075
411.556
412.036
412.516
412.996
413.476
413.956
414.436
414.917
415.397
415.877
416.357
416.837
417.317
417.797
418.278
418.758
419.238
419.718
420.198
420.678
421.158
421.638
422.119
422.599
423.079
423.559
424.039
424.519
424.999
425.480
425.960
426.440
426.920
427.400
427.880
428.360
428.840
483.135
483.604
484.073
484.541
485.010
485.479
485.948
486.416
486.885
487.354
487.823
488.292
488.760
489.229
489.698
490.167
490.635
491.104
491.573
492.042
492.511
492.979
493.448
493.917
494.386
494.854
495.323
495.792
496.261
496.729
497.198
497.667
498.136
498.605
499.073
499.542
500.011
500.480
500.948
501.417
501.886
502.355
502.824
503.292
503.761
504.230
504.699
505.167
505.636
506.105
506.574
507.042
507.511
507.980
508.449
508.918
509.386
509.855
510.324
510.793
511.261
511.730
512.199
512.668
513.137
513.605
514.074
514.543
515.012
515.480
515.949
516.418
516.887
517.356
517.824
518.293
518.762
519.231
519.699
520.168
520.637
521.106
521.574
522.043
522.512
522.981
523.450
523.918
524.387
524.856
525.325
525.793
526.262
526.731
527.200
527.669
528.137
528.606
529.075
529.544
529.778
530.013
530.483
530.953
531.423
531.657
531.892
532.362
532.832
533.302
533.536
533.771
534.241
534.711
535.181
535.415
535.650
536.120
536.590
537.060
537.294
537.529
537.999
538.469
538.939
539.173
539.408
539.878
540.348
540.818
541.052
541.287
541.757
542.227
542.696
542.931
543.166
543.636
544.106
544.575
544.810
545.045
545.515
545.985
546.454
546.689
546.924
547.394
547.864
548.333
548.568
548.803
549.273
549.743
550.212
550.447
550.682
551.152
551.622
552.091
552.326
552.561
553.031
553.501
553.970
554.205
554.440
554.910
555.380
555.849
556.084
556.319
556.789
557.259
557.728
557.963
558.198
558.668
559.138
559.607
559.842
560.077
560.547
561.017
561.486
561.721
561.956
562.426
562.896
563.365
563.600
563.835
564.305
564.775
565.244
565.479
565.714
566.184
566.654
567.123
567.358
567.593
568.063
568.533
569.002
569.237
569.472
569.942
570.412
570.881
571.116
571.351
571.821
572.291
572.760
572.995
573.230
573.700
574.169
574.639
574.874
575.109
575.579
576.048
576.518
576.753
576.988
577.458
577.927
578.397
578.632
578.867
579.337
579.806
580.276
580.511
580.746
581.216
581.685
582.155
582.390
582.625
583.095
583.564
584.034
584.269
584.504
584.974
585.443
585.913
586.148
586.383
586.853
587.322
587.792
610.616
611.555
612.494
613.433
614.372
615.312
616.251
617.190
618.129
619.068
620.007
620.947
621.886
622.825
623.764
624.703
625.642
626.112
626.581
627.050
627.519
627.988
628.457
628.926
629.395
629.864
630.333
630.802
631.272
631.741
632.210
632.679
633.148
633.617
634.086
634.555
635.024
635.493
635.962
636.432
636.901
637.370
637.839
638.308
638.777
639.246
639.715
640.184
640.653
641.123
641.592
642.061
642.530
642.999
643.468
643.937
644.406
644.875
645.344
645.813
646.283
646.752
647.221
647.690
648.159
648.628
649.097
649.566
650.035
650.504
650.973
651.443
651.912
652.381
652.850
653.319
653.788
654.257
654.726
655.195
655.664
663.153
663.622
664.090
664.325
664.559
664.793
665.028
665.496
665.965
666.199
666.433
666.668
666.902
667.370
667.839
668.073
668.308
668.542
668.776
669.245
669.713
669.948
670.182
670.416
670.651
671.119
671.588
671.822
672.056
672.291
672.525
672.994
673.462
673.696
673.931
674.165
674.399
674.868
675.336
675.571
675.805
676.039
676.274
676.742
677.211
677.445
677.679
677.914
678.148
678.617
679.085
679.319
679.554
679.788
680.022
680.491
680.960
681.194
681.428
681.662
681.897
682.365
682.834
683.068
683.302
683.537
683.771
684.240
684.708
684.943
685.177
685.411
685.645
686.114
686.583
686.817
687.051
687.286
687.520
687.988
688.457
688.691
688.926
689.160
689.394
689.863
690.331
690.566
690.800
691.034
691.269
691.737
692.206
692.440
692.674
692.909
693.143
693.611
693.846
694.080
694.548
694.783
695.017
695.485
695.719
695.954
696.422
696.656
696.891
697.359
697.593
697.828
698.296
698.530
698.765
699.233
699.467
699.702
700.170
700.404
700.639
701.107
701.341
701.575
702.044
702.278
702.512
702.981
703.215
703.449
703.918
704.152
704.386
704.855
705.089
705.323
705.792
706.026
706.260
706.729
706.963
707.197
707.666
707.900
708.134
708.603
708.837
709.071
709.540
709.774
710.008
710.477
710.711
710.945
711.414
711.648
711.882
712.350
712.585
712.819
713.287
713.522
713.756
714.224
714.459
714.693
715.161
715.396
715.630
716.098
716.333
716.567
717.035
717.269
717.504
717.972
718.206
718.441
718.909
719.143
719.378
719.846
720.080
720.315
720.783
721.017
721.252
721.720
721.954
722.188
722.657
722.891
723.125
723.594
723.829
724.063
724.298
724.532
724.766
725.001
725.470
725.704
725.939
726.173
726.408
726.642
726.876
727.345
727.580
727.814
728.049
728.283
728.517
728.752
729.221
729.455
729.690
729.924
730.159
730.393
730.627
731.096
731.331
731.565
731.800
732.034
732.268
732.503
732.972
733.206
733.441
733.675
733.909
734.144
734.378
734.847
735.082
735.316
735.551
735.785
736.019
736.254
736.723
736.957
737.192
737.426
737.660
737.895
738.129
738.598
738.833
739.067
739.301
739.536
739.770
740.005
740.474
740.708
740.943
741.177
741.411
741.646
741.880
742.349
742.584
742.818
743.052
743.287
743.521
743.756
744.225
744.459
744.693
744.928
745.162
745.397
745.631
746.100
746.335
746.569
746.803
747.038
747.272
747.507
747.976
748.210
748.444
748.679
748.913
749.148
749.382
749.851
750.085
750.320
750.554
750.789
751.023
751.258
751.727
751.961
752.195
752.430
752.664
752.899
753.133
754.072
755.011
755.950
756.888
757.827
758.766
759.705
760.643
761.582
762.521
763.460
764.399
765.337
766.276
767.215
768.154
769.092
770.031
770.970
771.909
772.848
773.786
774.725
775.664
776.603
777.542
778.480
779.419
780.358
781.297
782.235
783.174
827.798
828.267
828.735
829.204
829.673
830.141
830.610
831.079
831.547
832.016
832.484
832.953
833.422
833.890
834.359
834.828
835.296
835.765
836.234
836.702
837.171
837.639
838.108
838.577
839.045
839.514
839.983
840.451
840.920
841.388
841.857
842.326
842.794
843.263
843.732
844.200
844.669
845.138
845.606
846.075
846.543
847.012
847.481
847.949
848.418
848.887
849.355
849.824
850.293
850.761
851.230
851.698
852.167
852.636
853.104
853.573
854.042
854.510
854.979
855.448
855.916
856.385
856.853
857.322
857.791
858.259
858.728
859.197
859.665
860.134
860.603
861.071
861.540
862.008
862.477
862.946
863.414
863.883
864.352
864.820
865.289
865.757
866.226
866.695
867.163
867.632
868.101
868.569
869.038
869.507
869.975
870.444
870.912
871.381
871.850
872.318
872.787
873.256
873.724
874.193
874.662
875.130
875.599
876.067
876.536
877.005
877.473
877.942
878.411
878.879
879.348
879.817
880.285
880.754
881.222
881.691
882.160
882.628
883.097
883.566
884.034
884.503
884.971
885.440
885.909
886.377
886.846
887.315
887.783
888.252
888.722
889.191
889.425
889.660
890.129
890.598
891.067
891.302
891.536
892.005
892.474
892.944
893.178
893.413
893.882
894.351
894.820
895.055
895.289
895.758
896.227
896.696
896.931
897.166
897.635
898.104
898.573
898.807
899.042
899.511
899.980
900.449
900.684
900.918
901.388
901.857
902.326
902.560
902.795
903.264
903.733
904.202
904.437
904.671
905.140
905.609
906.079
906.313
906.548
907.017
907.486
907.955
908.190
908.424
908.893
909.362
909.831
910.066
910.301
910.770
911.239
911.708
911.942
912.177
912.646
913.115
913.584
913.819
914.053
914.523
914.992
915.461
915.695
915.930
916.399
916.868
917.337
917.572
917.806
918.276
918.510
918.745
918.979
919.214
919.683
920.152
920.387
920.622
920.856
921.091
921.560
922.029
922.264
922.498
922.733
922.968
923.437
923.906
924.141
924.375
924.610
924.844
925.314
925.783
926.017
926.252
926.487
926.721
927.190
927.660
927.894
928.129
928.363
928.598
929.067
929.536
929.771
930.006
930.240
930.475
930.944
931.413
931.648
931.882
932.117
932.352
932.821
933.290
933.525
933.759
933.994
934.228
934.698
935.167
935.401
935.636
935.871
936.105
936.574
937.044
937.278
937.513
937.747
937.982
938.451
938.920
939.155
939.390
939.624
939.859
940.328
940.797
941.032
941.266
941.501
941.736
942.205
942.674
942.909
943.143
943.378
943.612
944.082
944.551
944.785
945.020
945.255
945.489
945.958
946.428
946.662
946.897
947.131
947.366
947.835
963.267
964.204
965.142
966.079
967.017
967.954
968.892
969.830
970.767
971.705
972.642
973.580
974.517
975.455
976.392
977.330
977.798
978.032
978.267
978.735
978.969
979.204
979.672
979.906
980.141
980.609
980.843
981.078
981.546
981.780
982.015
982.483
982.717
982.952
983.420
983.654
983.889
984.357
984.591
984.826
985.294
985.528
985.763
986.231
986.465
986.699
987.168
987.402
987.636
988.105
988.339
988.573
989.042
989.276
989.510
989.979
990.213
990.447
990.916
991.150
991.384
991.853
992.087
992.321
992.790
993.024
993.258
993.727
993.961
994.195
994.664
994.898
995.132
995.601
995.835
996.069
996.538
996.772
997.006
997.475
997.709
997.943
998.412
998.646
998.880
999.349
999.583
999.817
1000.286
1000.520
1000.754
1001.223
1001.457
1001.691
1002.159
1002.394
1002.628
1003.096
1003.331
1003.565
1004.033
1004.268
1004.502
1004.970
1005.205
1005.439
1005.907
1006.142
1006.376
1006.844
1007.079
1007.313
1008.252
1009.191
1010.130
1011.069
1012.009
1012.948
1013.887
1014.826
1015.765
1016.704
1017.643
1018.582
1019.522
1020.461
1021.400
1022.339
1022.808
1023.277
1023.746
1024.214
1024.683
1025.152
1025.621
1026.090
1026.559
1027.027
1027.496
1027.965
1028.434
1028.903
1029.372
1029.840
1030.309
1030.778
1031.247
1031.716
1032.185
1032.653
1033.122
1033.591
1034.060
1034.529
1034.998
1035.466
1035.935
1036.404
1036.873
1037.342
1037.811
1038.279
1038.748
1039.217
1039.686
1040.155
1040.624
1041.092
1041.561
1042.030
1042.499
1042.968
1043.437
1043.905
1044.374
1044.843
1045.312
1045.781
1046.250
1046.718
1047.187
1047.656
1048.125
1048.594
1049.063
1049.531
1050.000
1050.469
1050.938
1051.407
1051.876
1052.345
1052.813
1053.283
1053.752
1054.221
1054.456
1054.691
1055.160
1055.629
1056.099
1056.333
1056.568
1057.037
1057.506
1057.976
1058.210
1058.445
1058.914
1059.384
1059.853
1060.088
1060.322
1060.792
1061.261
1061.730
1061.965
1062.200
1062.669
1063.138
1063.607
1063.842
1064.077
1064.546
1065.015
1065.485
1065.719
1065.954
1066.423
1066.893
1067.362
1067.597
1067.831
1068.301
1068.770
1069.239
1069.474
1069.708
1070.178
1070.647
1071.116
1071.351
1071.586
1072.055
1072.524
1072.994
1073.228
1073.463
1073.932
1074.402
1074.871
1075.106
1075.340
1075.810
1076.279
1076.748
1076.983
1077.217
1077.687
1078.156
1078.625
1078.860
1079.095
1079.564
1080.033
1080.503
1080.737
1080.972
1081.441
1081.911
1082.380
1082.615
1082.849
1098.241
1099.180
1100.119
1101.058
1101.997
1102.936
1103.875
1104.813
1105.752
1106.691
1107.630
1108.569
1109.508
1110.446
1111.385
1112.324
1112.793
1113.027
1113.262
1113.731
1113.965
1114.200
1114.669
1114.903
1115.137
1115.606
1115.841
1116.075
1116.544
1116.779
1117.013
1117.482
1117.716
1117.951
1118.420
1118.654
1118.888
1119.357
1119.592
1119.826
1120.295
1120.530
1120.764
1121.233
1121.467
1121.702
1122.171
1122.405
1122.640
1123.108
1123.343
1123.577
1124.046
1124.281
1124.515
1124.984
1125.218
1125.453
1125.922
1126.156
1126.391
1126.859
1127.094
1127.328
1127.797
1128.032
1128.266
1128.735
1128.969
1129.204
1129.673
1129.907
1130.142
1130.610
1130.845
1131.079
1131.548
1131.783
1132.017
1132.486
1132.720
1132.955
1133.424
1133.658
1133.893
1134.362
1134.596
1134.830
1135.299
1135.534
1135.768
1136.237
1136.471
1136.706
1137.175
1137.409
1137.644
1138.113
1138.347
1138.581
1139.050
1139.285
1139.519
1139.988
1140.223
1140.457
1140.926
1141.160
1141.395
1141.864
1142.098
1142.332
1142.801
1143.036
1143.270
1143.739
1143.974
1144.208
1144.677
1144.911
1145.146
1145.615
1145.849
1146.084
1146.552
1146.787
1147.021
1147.490
1147.725
1147.959
1148.428
1148.662
1148.897
1149.366
1149.600
1149.835
1150.303
1150.538
1150.772
1151.241
1151.476
1151.710
1152.179
1152.413
1152.648
1153.117
1153.351
1153.586
1154.054
1154.289
1154.523
1154.992
1155.227
1155.461
1155.930
1156.164
1156.399
1156.868
1157.102
1157.337
1157.806
1158.040
1158.274
1158.743
1158.978
1159.212
1159.681
1159.915
1160.150
1160.619
1160.853
1161.088
1161.557
1161.791
1162.025
1162.494
1162.729
1162.963
1163.432
1163.667
1163.901
1164.370
1164.604
1164.839
1165.308
1165.542
1165.776
1166.245
1166.480
1166.714
1167.183
1167.418
1167.652
1168.121
1168.355
1168.590
1169.059
1169.293
1169.528
1169.996
1170.231
1170.465
1170.934
1171.169
1171.403
1171.872
1172.106
1172.341
1173.278
1174.214
1175.151
1176.088
1177.024
1177.961
1178.898
1179.835
1180.771
1181.708
1182.645
1183.581
1184.518
1185.455
1186.392
1187.328
1188.265
1189.202
1190.138
1191.075
1192.012
1192.949
1193.885
1194.822
1195.759
1196.696
1197.632
1198.569
1199.506
1200.442
1201.379
1202.316
1202.785
1203.019
1203.254
1203.488
1203.723
1203.957
1204.192
1204.661
1204.895
1205.130
1205.364
1205.599
1205.833
1206.068
1206.537
1206.771
1207.006
1207.240
1207.475
1207.710
1207.944
1208.413
1208.648
1208.882
1209.117
1209.351
1209.586
1209.820
1210.289
1210.524
1210.758
1210.993
1211.227
1211.462
1211.696
1212.165
1212.400
1212.634
1212.869
1213.103
1213.338
1213.572
1214.041
1214.276
1214.510
1214.745
1214.979
1215.214
1215.448
1215.917
1216.152
1216.386
1216.621
1216.855
1217.090
1217.324
1217.793
1218.028
1218.262
1218.497
1218.731
1218.966
1219.200
1219.669
1219.904
1220.138
1220.373
1220.607
1220.842
1221.076
1221.545
1221.780
1222.014
1222.249
1222.484
1222.718
1222.953
1223.422
1223.656
1223.891
1224.125
1224.360
1224.594
1224.829
1225.298
1225.532
1225.767
1226.001
1226.236
1226.470
1226.705
1227.174
1227.408
1227.643
1227.877
1228.112
1228.346
1228.581
1229.050
1229.284
1229.519
1229.753
1229.988
1230.222
1230.457
1230.926
1231.160
1231.395
1231.629
1231.864
1232.098
1232.333
1232.802
1233.036
1233.271
1233.505
1233.740
1233.974
1234.209
1234.678
1234.912
1235.147
1235.381
1235.616
1235.850
1236.085
1236.554
1236.788
1237.023
1237.258
1237.492
1237.727
1237.961
1238.430
1238.665
1238.899
1239.134
1239.368
1239.603
1239.837
1240.306
1240.541
1240.775
1241.010
1241.244
1241.479
1241.713
1242.182
1242.417
1242.651
1242.886
1243.120
1243.355
1243.589
1244.058
1244.293
1244.527
1244.762
1244.996
1245.231
1245.465
1245.934
1246.169
1246.403
1246.638
1246.872
1247.107
1247.341
1247.810
1248.045
1248.279
1248.514
1248.748
1248.983
1249.217
1249.686
1249.921
1250.155
1250.390
1250.624
1250.859
1251.093
1251.562
1251.797
1252.031
1252.266
1252.501
1252.735
1252.970
1253.439
1253.673
1253.908
1254.142
1254.377
1254.611
1254.846
1255.315
1255.549
1255.784
1256.018
1256.253
1256.487
1256.722
1257.191
1257.425
1257.660
1257.894
1258.129
1258.363
1258.598
1259.067
1259.301
1259.536
1259.770
1260.005
1260.239
1260.474
1260.943
1261.177
1261.412
1261.646
1261.881
1262.115
1262.350
1262.819
1263.053
1263.288
1263.522
1263.757
1263.991
1264.226
1264.695
1264.929
1265.164
1265.398
1265.633
1265.867
1266.102
1266.571
1266.805
1267.040
1267.275
1267.509
1267.744
1267.978
1268.447
1268.682
1268.916
1269.151
1269.385
1269.620
1269.854
1270.323
1270.558
1270.792
1271.027
1271.261
1271.496
1271.730
1272.199
1272.434
1272.668
1272.903
1273.137
1273.372
1273.606
1274.075
1274.310
1274.544
1274.779
1275.013
1275.248
1275.482
1275.951
1276.186
1276.420
1276.655
1276.889
1277.124
1277.358
1277.827
1278.062
1278.296
1278.531
1278.765
1279.000
1279.234
1279.703
1279.938
1280.172
1280.407
1280.641
1280.876
1281.110
1281.579
1281.814
1282.049
1282.283
1282.518
1282.752
1282.987
1283.456
1283.690
1283.925
1284.159
1284.394
1284.628
1284.863
1285.332
1285.566
1285.801
1286.035
1286.270
1286.504
1286.739
1287.208
1287.442
1287.677
1287.911
1288.146
1288.380
1288.615
1289.084
1289.318
1289.553
1289.787
1290.022
1290.256
1290.491
1290.960
1291.194
1291.429
1291.663
1291.898
1292.132
1292.367
1308.273
1309.211
1310.148
1311.086
1312.023
1312.961
1313.898
1314.836
1315.773
1316.711
1317.648
1318.586
1319.523
1320.461
1321.398
1322.336
1322.805
1323.274
1323.743
1323.977
1324.212
1324.681
1325.150
1325.619
1325.853
1326.088
1326.557
1327.026
1327.495
1327.730
1327.964
1328.433
1328.902
1329.371
1329.606
1329.840
1330.309
1330.778
1331.247
1331.482
1331.716
1332.185
1332.654
1333.123
1333.358
1333.592
1334.062
1334.531
1335.000
1335.234
1335.469
1335.938
1336.407
1336.876
1337.110
1337.345
1337.814
1338.283
1338.752
1338.986
1339.221
1339.690
1340.159
1340.628
1340.863
1341.097
1341.566
1342.035
1342.504
1342.739
1342.973
1343.442
1343.911
1344.380
1344.615
1344.849
1345.318
1345.787
1346.257
1346.491
1346.726
1347.195
1347.664
1348.133
1348.367
1348.602
1349.071
1349.540
1350.009
1350.243
1350.478
1350.947
1351.416
1351.885
1352.120
1352.354
1352.823
1353.291
1353.760
1354.228
1354.697
1355.165
1355.634
1356.102
1356.571
1357.039
1357.508
1357.977
1358.445
1358.914
1359.382
1359.851
1360.319
1360.788
1361.256
1361.725
1362.193
1362.662
1363.131
1363.599
1364.068
1364.536
1365.005
1365.473
1365.942
1366.410
1366.879
1367.347
1367.816
1368.285
1368.753
1369.222
1369.690
1370.159
1370.627
1371.096
1371.564
1372.033
1372.501
1372.970
1373.439
1373.907
1374.376
1374.844
1375.313
1375.781
1376.250
1376.718
1377.187
1377.655
1378.124
1378.593
1379.061
1379.530
1379.998
1380.467
1380.935
1381.404
1381.872
1382.341
1382.809
1383.279
1383.514
1383.748
1384.218
1384.453
1384.687
1385.157
1385.392
1385.626
1386.096
1386.331
1386.565
1387.035
1387.270
1387.504
1387.974
1388.208
1388.443
1388.913
1389.147
1389.382
1389.852
1390.086
1390.321
1390.791
1391.025
1391.260
1391.730
1391.964
1392.199
1392.669
1392.903
1393.138
1393.608
1393.842
1394.077
1394.547
1394.781
1395.016
1395.486
1395.720
1395.955
1396.424
1396.659
1396.894
1397.363
1397.598
1397.833
1398.302
1398.537
1398.772
1399.241
1399.476
1399.711
1400.180
1400.415
1400.650
1401.119
1401.354
1401.589
1402.058
1402.293
1402.528
1402.997
1403.232
1403.467
1403.936
1404.171
1404.406
1404.875
1405.110
1405.345
1405.814
1406.049
1406.284
1406.753
1406.988
1407.223
1407.692
1407.927
1408.162
1408.631
1408.866
1409.101
1409.570
1409.805
1410.040
1410.509
1410.744
1410.978
1411.448
1411.683
1411.917
1412.387
1412.622
1412.856
1452.458
1452.934
1453.410
1453.887
1454.363
1454.839
1455.315
1455.792
1456.268
1456.744
1457.220
1457.696
1458.173
1458.649
1459.125
1459.601
1460.077
1460.554
1461.030
1461.506
1461.982
1462.459
1462.935
1463.411
1463.887
1464.363
1464.840
1465.316
1465.792
1466.268
1466.745
1467.221
1467.697
1468.173
1468.649
1469.126
1469.602
1470.078
1470.554
1471.031
1471.507
1471.983
1472.459
1472.935
1473.412
1473.888
1474.364
1474.840
1475.317
1475.793
1476.269
1476.745
1477.221
1477.698
1478.174
1478.650
1479.126
1479.602
1480.079
1480.555
1481.031
1481.507
1481.984
1482.460
1482.936
1483.412
1483.889
1484.365
1484.603
1484.842
1485.318
1485.794
1486.271
1486.509
1486.747
1487.223
1487.700
1488.176
1488.414
1488.653
1489.129
1489.605
1490.082
1490.320
1490.558
1491.034
1491.511
1491.987
1492.225
1492.464
1492.940
1493.416
1493.893
1494.131
1494.369
1494.846
1495.322
1495.798
1496.036
1496.275
1496.751
1497.227
1497.704
1497.942
1498.180
1498.657
1499.133
1499.609
1499.848
1500.086
1500.562
1501.038
1501.515
1501.753
1501.991
1502.468
1502.944
1503.420
1503.659
1503.897
1504.373
1504.850
1505.326
1505.564
1505.802
1506.279
1506.755
1507.231
1507.470
1507.708
1508.184
1508.661
1509.137
1509.375
1509.613
1510.090
1510.566
1511.042
1511.281
1511.519
1511.995
1512.472
1512.948
1513.186
1513.424
1513.901
1514.139
1514.377
1514.854
1515.092
1515.330
1515.806
1516.044
1516.283
1516.759
1516.997
1517.235
1517.712
1517.950
1518.188
1518.665
1518.903
1519.141
1519.617
1519.856
1520.094
1520.570
1520.808
1521.047
1521.523
1521.761
1521.999
1522.476
1522.714
1522.952
1523.428
1523.667
1523.905
1524.381
1524.619
1524.858
1525.334
1525.572
1525.810
1526.287
1526.525
1526.763
1527.240
1527.478
1527.716
1528.192
1528.430
1528.669
1529.145
1529.383
1529.621
1530.098
1530.336
1530.574
1531.051
1531.289
1531.527
1532.003
1532.242
1532.480
1532.956
1533.194
1533.433
1533.909
1534.147
1534.385
1534.862
1535.100
1535.338
1535.814
1536.053
1536.291
1536.767
1537.005
1537.244
1537.720
1537.958
1538.196
1538.673
1538.911
1539.149
1539.626
1539.864
1540.102
1540.578
1540.816
1541.055
1541.531
1541.769
1542.007
1542.484
1542.722
1542.960
1543.437
1543.675
1543.913
1544.390
1544.867
1545.105
1545.344
1545.582
1545.821
1546.298
1546.775
1547.013
1547.252
1547.490
1547.728
1548.205
1548.682
1548.921
1549.159
1549.398
1549.636
1550.113
1550.590
1550.829
1551.067
1551.305
1551.544
1552.021
1552.498
1552.736
1552.975
1553.213
1553.452
1553.929
1554.406
1554.644
1554.882
1555.121
1555.359
1555.836
1556.313
1556.552
1556.790
1557.029
1557.267
1557.744
1558.221
1558.459
1558.698
1558.936
1559.175
1559.652
1560.129
1560.367
1560.606
1560.844
1561.083
1561.559
1562.036
1562.275
1562.513
1562.752
1562.990
1563.467
1563.944
1564.183
1564.421
1564.660
1564.898
1565.375
1565.852
1566.090
1566.329
1566.567
1566.806
1574.357
1574.595
1574.833
1575.072
1575.310
1575.549
1575.787
1576.264
1576.502
1576.741
1576.979
1577.218
1577.456
1577.694
1578.171
1578.410
1578.648
1578.887
1579.125
1579.363
1579.602
1580.079
1580.317
1580.555
1580.794
1581.032
1581.271
1581.509
1581.986
1582.224
1582.463
1582.701
1582.940
1583.178
1583.416
1583.893
1584.132
1584.370
1584.609
1584.847
1585.085
1585.324
1585.801
1586.039
1586.277
1586.516
1586.754
1586.993
1587.231
1587.708
1587.946
1588.185
1588.423
1588.662
1588.900
1589.138
1589.615
1589.854
1590.092
1590.331
1590.569
1590.807
1591.046
1591.523
1591.761
1591.999
1592.238
1592.476
1592.715
1592.953
1593.430
1593.668
1593.907
1594.145
1594.384
1594.622
1594.860
1595.337
1595.576
1595.814
1596.053
1596.291
1596.529
1596.768
1597.245
1597.483
1597.721
1597.960
1598.198
1598.437
1598.675
1599.152
1599.390
1599.629
1599.867
1600.106
1600.344
1600.582
1601.059
1601.298
1601.536
1601.775
1602.013
1602.251
1602.490
1602.967
1603.205
1603.443
1603.682
1603.920
1604.159
1604.397
1604.874
1635.805
1636.757
1637.710
1638.662
1639.615
1640.568
1641.520
1642.473
1643.426
1644.378
1645.331
1646.284
1647.236
1648.189
1649.142
1650.094
1651.047
1652.000
1652.952
1653.905
1654.858
1655.810
1656.763
1657.716
1658.668
1659.621
1660.574
1661.526
1662.479
1663.432
1664.384
1665.337
1666.290
1667.242
1668.195
1669.148
1670.100
1671.053
1672.005
1672.958
1673.911
1674.863
1675.816
1676.769
1677.721
1678.674
1679.627
1680.579
1681.532
1682.485
1683.437
1684.390
1685.343
1686.295
1687.248
1688.201
1689.153
1690.106
1691.059
1692.011
1692.964
1693.917
1694.869
1695.822
1741.975
1742.213
1742.452
1742.690
1742.929
1743.167
1743.405
1743.882
1744.121
1744.359
1744.598
1744.836
1745.074
1745.313
1745.790
1746.028
1746.267
1746.505
1746.743
1746.982
1747.220
1747.697
1747.936
1748.174
1748.412
1748.651
1748.889
1749.128
1749.604
1749.843
1750.081
1750.320
1750.558
1750.797
1751.035
1751.512
1751.750
1751.989
1752.227
1752.466
1752.704
1752.942
1753.419
1753.658
1753.896
1754.135
1754.373
1754.611
1754.850
1755.327
1755.565
1755.804
1756.042
1756.280
1756.519
1756.757
1757.234
1757.472
1757.711
1757.949
1758.188
1758.426
1758.665
1759.141
1759.380
1759.618
1759.857
1760.095
1760.334
1760.572
1761.049
1761.287
1761.526
1761.764
1762.003
1762.241
1762.479
1762.956
1763.195
1763.433
1763.672
1763.910
1764.148
1764.387
1764.864
1765.102
1765.340
1765.579
1765.817
1766.056
1766.294
1766.771
1767.009
1767.248
1767.486
1767.725
1767.963
1768.202
1768.678
1768.917
1769.155
1769.394
1769.632
1769.871
1770.109
1770.586
1770.824
1771.063
1771.301
1771.540
1771.778
1772.016
1772.493
1772.731
1772.969
1773.207
1773.445
1773.683
1773.921
1774.158
1774.396
1774.634
1774.872
1775.110
1775.348
1775.586
1775.824
1776.062
1776.299
1776.537
1776.775
1777.013
1777.251
1777.489
1777.727
1777.965
1778.203
1778.440
1778.678
1778.916
1779.154
1779.392
1779.630
1779.868
1780.106
1780.343
1780.581
1780.819
1781.057
1781.295
1781.533
1781.771
1782.009
1782.247
1782.484
1782.722
1782.960
1783.198
1783.436
1783.674
1783.912
1784.150
1784.388
1784.625
1784.863
1785.101
1785.339
1785.577
1785.815
1786.053
1786.291
1786.529
1786.766
1787.004
1787.242
1787.480
1787.718
1787.956
1788.194
1788.432
1788.670
1788.907
1789.145
1789.383
1789.621
1789.859
1790.097
1790.335
1790.573
1790.811
1791.048
1791.286
1791.524
1791.762
1792.000
1792.238
1792.476
1792.714
1792.951
1793.189
1793.427
1793.665
1793.903
1794.141
1794.379
1794.617
1794.855
1795.092
1795.330
1795.568
1795.806
1796.044
1796.282
1796.520
1796.758
1796.996
1797.233
1797.471
1797.709
1797.947
1798.185
1798.423
1798.661
1798.899
1799.137
1799.374
1799.612
1799.850
1800.088
1800.326
1800.564
1800.802
1801.040
1801.278
1801.515
1801.753
1801.991
1802.229
1802.467
1802.705
1802.943
1803.419
1803.895
1804.372
1804.848
1805.325
1805.801
1806.277
1806.754
1807.230
1807.706
1808.183
1808.659
1809.136
1809.612
1810.088
1810.565
1811.041
1811.517
1811.994
1812.470
1812.947
1813.423
1813.899
1814.376
1814.852
1815.328
1815.805
1816.281
1816.758
1817.234
1817.710
1818.187
1818.663
1819.139
1819.616
1820.092
1820.569
1821.045
1821.521
1821.998
1822.474
1822.950
1823.427
1823.903
1824.379
1824.856
1825.332
1825.809
1826.285
1826.761
1827.238
1827.714
1828.190
1828.667
1829.143
1829.620
1830.096
1830.572
1831.049
1831.525
1832.001
1832.478
1832.954
1833.431
1833.668
1833.906
1834.144
1834.382
1834.620
1834.858
1835.334
1835.572
1835.810
1836.048
1836.286
1836.524
1836.762
1837.237
1837.475
1837.713
1837.951
1838.189
1838.427
1838.665
1839.141
1839.379
1839.617
1839.855
1840.093
1840.330
1840.568
1841.044
1841.282
1841.520
1841.758
1841.996
1842.234
1842.472
1842.948
1843.186
1843.424
1843.661
1843.899
1844.137
1844.375
1844.851
1845.089
1845.327
1845.565
1845.803
1846.041
1846.279
1846.754
1846.992
1847.230
1847.468
1847.706
1847.944
1848.182
1848.658
1848.896
1849.134
1849.372
1849.610
1849.848
1850.085
1850.561
1850.799
1851.037
1851.275
1851.513
1851.751
1851.989
1852.465
1852.703
1852.941
1853.179
1853.416
1853.654
1853.892
1854.368
1854.606
1854.844
1855.082
1855.320
1855.558
1855.796
1856.272
1856.510
1856.747
1856.985
1857.223
1857.461
1857.699
1858.175
1858.413
1858.651
1858.889
1859.127
1859.365
1859.603
1860.078
1860.316
1860.554
1860.792
1861.030
1861.268
1861.506
1861.982
1862.220
1862.458
1862.696
1862.934
1863.171
1863.409
1863.885
1864.388
1864.626
1864.864
1865.341
1865.579
1865.817
1866.294
1866.532
1866.770
1867.247
1867.485
1867.723
1868.200
1868.438
1868.676
1869.153
1869.391
1869.630
1870.106
1870.344
1870.583
1871.059
1871.297
1871.536
1872.012
1872.250
1872.489
1872.965
1873.203
1873.442
1873.918
1874.156
1874.395
1874.871
1875.110
1875.348
1875.824
1876.063
1876.301
1876.777
1877.016
1877.254
1877.730
1877.969
1878.207
1878.683
1878.922
1879.160
1879.636
1879.875
1880.113
1880.589
1880.828
1881.066
1881.543
1881.781
1882.019
1882.496
1882.734
1882.972
1883.449
1883.687
1883.925
1884.402
1884.640
1884.878
1885.355
1885.593
1885.831
1886.308
1886.546
1886.784
1887.261
1887.499
1887.737
1888.214
1888.452
1888.690
1889.167
1889.405
1889.643
1890.120
1890.358
1890.596
1891.073
1891.311
1891.549
1892.026
1892.264
1892.502
1892.979
1893.217
1893.456
1893.932
1926.496
1927.441
1928.386
1929.331
1930.276
1931.221
1932.167
1933.112
1934.057
1935.002
1935.947
1936.892
1937.837
1938.782
1939.727
1940.672
1941.617
1942.563
1943.508
1944.453
1945.398
1946.343
1947.288
1948.233
1949.178
1950.123
1951.068
1952.013
1952.959
1953.904
1954.849
1955.794
1956.739
1957.684
1958.629
1959.574
1960.519
1961.464
1962.409
1963.355
1964.300
1964.772
1965.245
1965.717
1966.190
1966.662
1967.135
1967.608
1968.080
1968.553
1969.025
1969.498
1969.970
1970.443
1970.916
1971.388
1971.861
1972.333
1972.806
1973.278
1973.751
1974.223
1974.696
1975.169
1975.641
1976.114
1976.586
1977.059
1977.531
1978.004
1978.477
1978.949
1979.422
1979.894
1980.367
1980.839
1981.312
1981.785
1982.257
1982.730
1983.202
1983.675
1984.147
1984.620
1985.092
1985.565
1986.038
1986.510
1986.983
1987.455
1987.927
1988.400
1988.636
1988.872
1989.344
1989.817
1990.289
1990.525
1990.761
1991.234
1991.706
1992.178
1992.414
1992.651
1993.123
1993.595
1994.068
1994.304
1994.540
1995.012
1995.485
1995.957
1996.193
1996.429
1996.902
1997.374
1997.846
1998.082
1998.318
1998.791
1999.263
1999.735
1999.972
2000.208
2000.680
2001.152
2001.625
2001.861
2002.097
2002.569
2003.042
2003.514
2003.750
2003.986
2004.459
2004.931
2005.403
2005.639
2005.876
2006.348
2006.820
2007.293
2007.529
2007.765
2008.237
2008.710
2009.182
2009.418
2009.654
2010.127
2010.599
2011.071
2011.307
2011.543
2012.016
2012.488
2012.960
2013.197
2013.433
2013.905
2014.377
2014.850
2015.086
2015.322
2015.794
2016.267
2016.739
2016.975
2017.211
2017.684
2018.156
2018.628
2018.864
2019.101
2019.573
2020.045
2020.518
2020.754
2020.990
2021.462
2021.935
2022.407
2022.643
2022.879
2023.352
2023.824
2024.296
2024.532
2024.769
2025.241
2025.713
2026.185
2026.422
2026.658
2027.130
2027.602
2028.075
2028.311
2028.547
2029.019
2029.492
2029.964
2030.200
2030.436
2030.909
2031.381
2031.854
2032.090
2032.326
2032.799
2033.035
2033.271
2033.744
2033.980
2034.216
2034.689
2034.925
2035.161
2035.634
2035.870
2036.107
2036.579
2036.815
2037.052
2037.524
2037.760
2037.997
2038.469
2038.706
2038.942
2039.414
2039.651
2039.887
2040.360
2040.596
2040.832
2041.305
2041.541
2041.777
2042.250
2042.486
2042.722
2043.195
2043.431
2043.667
2044.140
2044.376
2044.612
2045.085
2045.321
2045.558
2046.030
2046.266
2046.503
2046.975
2047.212
2047.448
2047.920
2048.157
2048.393
2048.865
2049.102
2049.338
2049.811
2050.047
2050.283
2050.756
2050.992
2051.228
2051.701
2051.937
2052.173
2052.646
2052.882
2053.118
2053.591
2053.827
2054.064
2054.536
2054.772
2055.009
2055.481
2055.717
2055.954
2056.426
2056.663
2056.899
2057.371
2057.608
2057.844
2058.316
2058.553
2058.789
2059.262
2059.498
2059.735
2059.971
2060.207
2060.680
2061.153
2061.389
2061.626
2061.862
2062.098
2062.571
2063.044
2063.280
2063.517
2063.753
2063.990
2064.462
2064.935
2065.172
2065.408
2065.644
2065.881
2066.353
2066.826
2067.063
2067.299
2067.535
2067.772
2068.245
2068.717
2068.954
2069.190
2069.426
2069.663
2070.136
2070.608
2070.845
2071.081
2071.318
2071.554
2072.027
2072.500
2072.736
2072.972
2073.209
2073.445
2073.918
2074.391
2074.627
2074.863
2075.100
2075.336
2075.809
2076.282
2076.518
2076.754
2076.991
2077.227
2077.700
2078.173
2078.409
2078.646
2078.882
2079.118
2079.591
2080.064
2080.300
2080.537
2080.773
2081.009
2081.482
2081.955
2082.191
2082.428
2082.664
2082.901
2083.373
2083.846
2084.083
2084.319
2084.555
2084.792
2085.264
2085.737
2085.974
2086.210
2086.446
2086.683
2087.156
2087.628
2087.865
2088.101
2088.337
2088.574
2089.047
2089.283
2089.520
2089.756
2089.992
2090.229
2090.465
2090.938
2091.175
2091.411
2091.648
2091.884
2092.120
2092.357
2092.830
2093.066
2093.303
2093.539
2093.775
2094.012
2094.248
2094.721
2094.958
2095.194
2095.431
2095.667
2095.903
2096.140
2096.613
2096.849
2097.086
2097.322
2097.559
2097.795
2098.031
2098.504
2098.741
2098.977
2099.214
2099.450
2099.686
2099.923
2100.396
2100.632
2100.869
2101.105
2101.342
2101.578
2101.814
2102.287
2102.524
2102.760
2102.997
2103.233
2103.469
2103.706
2104.179
2104.415
2104.652
2104.888
2105.125
2105.361
2105.597
2106.070
2106.307
2106.543
2106.780
2107.016
2107.252
2107.489
2107.962
2108.198
2108.435
2108.671
2108.908
2109.144
2109.380
2109.853
2110.090
2110.326
2110.563
2110.799
2111.035
2111.272
2111.745
2111.981
2112.218
2112.454
2112.691
2112.927
2113.163
2113.636
2113.873
2114.109
2114.346
2114.582
2114.818
2115.055
2115.528
2115.764
2116.001
2116.237
2116.474
2116.710
2116.946
2117.419
2117.656
2117.892
2118.129
2118.365
2118.601
2118.838
2119.311
2119.547
2119.784
2120.020
2120.257
2120.493
2120.729
2121.202
2121.439
2121.675
2121.912
2122.148
2122.384
2122.621
2123.094
2123.330
2123.567
2123.803
2124.040
2124.276
2124.512
2124.985
2125.222
2125.458
2125.695
2125.931
2126.168
2126.404
2126.877
2127.113
2127.350
2127.586
2127.823
2128.059
2128.295
2128.768
2129.005
2129.241
2129.478
2129.714
2129.951
2130.187
2130.660
2130.896
2131.133
2131.369
2131.606
2131.842
2132.078
2132.551
2132.788
2133.024
2133.261
2133.497
2133.734
2133.970
2134.443
2134.679
2134.916
2135.152
2135.389
2135.625
2135.861
2136.334
2136.571
2136.807
2137.044
2137.280
2137.517
2137.753
2138.226
2138.462
2138.699
2138.935
2139.172
2139.408
2139.644
2140.117
2140.354
2140.590
2140.827
2141.063
2141.300
2141.536
2142.009
2142.245
2142.482
2142.718
2142.955
2143.191
2143.427
2143.900
2144.137
2144.373
2144.610
2144.846
2145.083
2145.319
2145.792
2146.028
2146.265
2146.501
2146.738
2146.974
2147.210
2147.683
2147.920
2148.156
2148.393
2148.629
2148.866
2149.102
2149.575
2149.811
2150.048
2150.284
2150.521
2150.757
2150.993
2151.466
2151.703
2151.939
2152.176
2152.412
2152.649
2152.885
2180.945
2181.245
2181.545
2181.845
2182.145
2182.445
2182.745
2183.045
2183.345
2183.645
2183.945
2184.245
2184.546
2184.846
2185.146
2185.446
2185.746
2186.046
2186.346
2186.646
2186.946
2187.246
2187.546
2187.846
2188.147
2188.447
2188.747
2189.047
2189.347
2189.647
2189.947
2190.247
2190.547
2190.847
2191.147
2191.447
2191.747
2192.048
2192.348
2192.648
2192.948
2193.248
2193.548
2193.848
2194.148
2194.448
2194.748
2195.048
2195.348
2195.649
2195.949
2196.249
2196.549
2196.849
2197.149
2197.449
2197.749
2198.049
2198.349
2198.649
2198.949
2199.249
2199.550
2199.850
2200.150
2200.450
2200.750
2201.050
2201.350
2201.650
2201.950
2202.250
2202.550
2202.850
2203.151
2203.451
2203.751
2204.051
2204.351
2204.651
2204.951
2205.251
2205.551
2205.851
2206.151
2206.451
2206.751
2207.052
2207.352
2207.652
2207.952
2208.252
2208.552
2208.852
2209.152
2209.452
2209.752
2210.052
2210.352
2210.653
2210.953
2211.253
2211.553
2211.853
2212.153
2212.453
2212.753
2213.053
2213.353
2213.653
2213.953
2214.253
2214.554
2214.854
2215.154
2215.454
2215.754
2216.054
2216.354
2216.654
2216.954
2217.254
2217.554
2217.854
2218.155
2218.455
2218.755
2219.055
2219.355
2219.655
2219.955
2220.255
2220.555
2220.855
2221.155
2221.455
2221.755
2222.056
2222.356
2222.656
2222.956
2223.256
2223.556
2223.856
2224.156
2224.456
2224.756
2225.056
2225.356
2225.657
2225.957
2226.257
2226.557
2226.857
2227.157
2227.457
2227.757
2228.057
2228.357
2228.657
2228.957
2229.257
2229.558
2229.858
2230.158
2230.458
2230.758
2231.058
2231.358
2231.658
2231.958
2232.258
2232.558
2232.858
2233.159
2233.459
2233.759
2234.059
2234.359
2234.659
2234.959
2235.259
2235.559
2235.859
2236.159
2236.459
2236.759
2237.060
2237.360
2237.660
2237.960
2238.260
2238.560
2238.860
2239.160
2239.460
2239.760
2240.060
2240.360
2240.661
2240.961
2241.261
2241.561
2241.861
2242.161
2242.461
2242.761
2243.061
2243.361
2243.661
2243.961
2244.261
2244.562
2244.862
2245.162
2245.462
2245.762
2246.062
2246.362
2246.662
2246.962
2247.262
2247.562
2247.862
2248.163
2248.463
2248.763
2249.063
2249.363
2249.663
2249.963
2250.263
2250.563
2250.863
2251.163
2251.463
2251.763
2252.064
2252.364
2252.664
2252.964
2253.264
2253.564
2253.864
2254.164
2254.464
2254.764
2255.064
2255.364
2255.665
2255.965
2256.265
2256.565
2256.865
2257.165
2257.465
2257.765
2258.065
2258.365
2258.665
2258.965
2259.265
2259.566
2259.866
2260.166
2260.466
2260.766
2261.066
2261.366
2261.666
2261.966
2262.266
2262.566
2262.866
2263.167
2263.467
2263.767
2264.067
2264.367
2264.667
2264.967
2265.267
2265.567
2265.867
2266.167
2266.467
2266.767
2267.068
2267.368
2267.668
2267.968
2268.268
2268.568
2268.868
2269.168
2269.468
2269.768
2270.068
2270.368
2270.669
2270.969
2271.269
2271.569
2271.869
2272.169
2272.469
2272.769
2273.069
2273.369
2273.669
2273.969
2274.269
2274.570
2274.870
2275.170
2275.470
2275.770
2276.070
2276.370
2276.670
2276.970
2277.270
2277.570
2277.870
2278.171
2278.471
2278.771
2279.071
2279.371
2279.671
2279.971
2280.271
2280.571
2280.871
2281.171
2281.471
2281.771
2282.072
2282.372
2282.672
2282.972
2283.272
2283.572
2283.872
2284.172
2284.472
2284.772
2285.072
2285.372
2285.673
2285.973
2286.273
2286.573
2286.873
2287.173
2287.473
2287.773
2288.073
2288.373
2288.673
2288.973
2289.273
2289.574
2289.874
2290.174
2290.474
2290.774
2291.074
2291.374
2291.674
2291.974
2292.274
2292.574
2292.874
2293.175
2293.475
2293.775
2294.075
2294.375
2294.675
2294.975
2295.275
2295.575
2295.875
2296.175
2296.475
2296.776
2297.076
2297.376
2297.676
2297.976
2298.276
2298.576
2298.876
2299.176
2299.476
2299.776
2300.076
2300.376
2300.677
2300.977
2301.277
2301.577
2301.877
2302.177
2302.477
2302.777
2303.077
2303.377
2303.677
2303.977
2304.278
2304.578
2304.878
2305.178
2305.478
2305.778
2306.078
2306.378
2306.678
2306.978
2307.278
2307.578
2307.878
2308.179
2308.479
2308.779
2309.079
2309.379
2309.679
2309.979
2310.279
2310.579
2310.879
2311.179
2311.459
2311.739
2312.019
2312.299
2312.579
2312.859
2313.139
2313.419
2313.699
2313.979
2314.259
2314.539
2314.819
2315.099
2315.379
2315.659
2315.939
2316.219
2316.499
2316.779
2317.059
2317.339
2317.618
2317.898
2318.178
2318.458
2318.738
2319.018
2319.298
2319.578
2319.858
2320.138
2320.418
2320.698
2320.978
2321.258
2321.538
2321.818
2322.098
2322.378
2322.658
2322.938
2323.218
2323.498
2323.778
2324.058
2324.338
2324.618
2324.897
2325.177
2325.457
2325.737
2326.017
2326.297
2326.577
2326.857
2327.137
2327.417
2327.697
2327.977
2328.257
2328.537
2328.817
2329.097
2329.377
2329.657
2329.937
2330.217
2330.497
2330.777
2331.057
2331.337
2331.617
2331.897
2332.177
2332.456
2332.736
2333.016
2333.296
2333.576
2333.856
2334.136
2334.416
2334.696
2334.976
2335.256
2335.536
2335.816
2336.096
2336.376
2336.656
2336.936
2337.216
2337.496
2337.776
2338.056
2338.336
2338.616
2338.896
2339.176
2339.456
2339.735
2340.015
2340.295
2340.575
2340.855
2341.135
2341.415
2341.695
2341.975
2342.255
2342.535
2342.815
2343.095
2343.375
2343.655
2343.935
2344.215
2344.495
2344.775
2345.055
2345.335
2345.615
2345.895
2346.175
2346.455
2346.735
2347.015
2347.294
2347.574
2347.854
2348.134
2348.414
2348.694
2348.974
2349.254
2349.534
2349.814
2350.094
2350.374
2350.654
2350.934
2351.214
2351.494
2351.774
2352.054
2352.334
2352.614
2352.894
2353.174
2353.454
2353.734
2354.014
2354.294
2354.573
2354.853
2355.133
2355.413
2355.693
2355.973
2356.253
2356.533
2356.813
2357.093
2357.373
2357.653
2357.933
2358.213
2358.493
2358.773
2359.053
2359.333
2359.613
2359.893
2360.173
2360.453
2360.733
2361.013
2361.293
2361.573
2361.853
2362.132
2362.412
2362.692
2362.972
2363.252
2363.532
2363.812
2364.092
2364.372
2364.652
2364.932
2365.212
2365.492
2365.772
2366.052
2366.332
2366.612
2366.892
2367.172
2367.452
2367.732
2368.012
2368.292
2368.572
2368.852
2369.132
2369.411
2369.691
2369.971
2370.251
2370.531
2370.811
2371.091
2371.371
2371.651
2371.931
2372.211
2372.491
2372.771
2373.051
2373.331
2373.611
2373.891
2374.171
2374.451
2374.731
2375.011
2375.291
2375.571
2375.851
2376.131
2376.411
2376.691
2376.970
2377.250
2377.530
2377.810
2378.090
2378.370
2378.650
2378.930
2379.210
2379.490
2379.770
2380.050
2380.330
2380.610
2380.890
2381.170
2381.450
2381.730
2382.010
2382.290
2382.570
2382.850
2383.130
2383.410
2383.690
2383.970
2384.249
2384.529
2384.809
2385.089
2385.369
2385.649
2385.929
2386.209
2386.489
2386.769
2387.049
2387.329
2387.609
2387.889
2388.169
2388.449
2388.729
2389.009
2389.289
2389.569
2389.849
2390.129
2390.409
2390.689
2390.969
2391.249
2391.528
2391.808
2392.088
2392.368
2392.648
2392.928
2393.208
2393.488
2393.768
2394.048
2394.328
2394.608
2394.888
2395.168
2395.428
2395.689
2395.949
2396.209
2396.470
2396.730
2396.990
2397.251
2397.511
2397.771
2398.032
2398.292
2398.552
2398.813
2399.073
2399.333
2399.594
2399.854
2400.114
2400.375
2400.635
2400.895
2401.156
2401.416
2401.676
2401.937
2402.197
2402.457
2402.718
2402.978
2403.238
2403.499
2403.759
2404.019
2404.280
2404.540
2404.800
2405.061
2405.321
2405.581
2405.842
2406.102
2406.362
2406.623
2406.883
2407.143
2407.404
2407.664
2407.924
2408.185
2408.445
2408.705
2408.966
2409.226
2409.486
2409.747
2410.007
2410.267
2410.528
2410.788
2411.048
2411.309
2411.569
2411.829
2412.090
2412.350
2412.610
2412.870
2413.131
2413.391
2413.651
2413.912
2414.172
2414.432
2414.693
2414.953
2415.213
2415.474
2415.734
2415.994
2416.255
2416.515
2416.775
2417.036
2417.296
2417.556
2417.817
2418.077
2418.337
2418.598
2418.858
2419.118
2419.379
2419.639
2419.899
2420.160
2420.420
2420.680
2420.941
2421.201
2421.461
2421.722
2421.982
2422.242
2422.503
2422.763
2423.023
2423.284
2423.544
2423.804
2424.065
2424.325
2424.585
2424.846
2425.106
2425.366
2425.627
2425.887
2426.147
2426.408
2426.668
2426.928
2427.189
2427.449
2427.709
2427.970
2428.230
2428.490
2428.751
2429.011
2429.271
2429.532
2429.792
2430.052
2430.313
2430.573
2430.833
2431.094
2431.354
2431.614
2431.875
2432.135
2432.395
2432.656
2432.916
2433.176
2433.437
2433.697
2433.957
2434.218
2434.478
2434.738
2434.999
2435.259
2435.519
2435.780
2436.040
2436.300
2436.561
2436.821
2437.081
2437.342
2437.602
2437.862
2438.123
2438.383
2438.643
2438.904
2439.164
2439.424
2439.685
2439.945
2440.205
2440.466
2440.726
2440.986
2441.247
2441.507
2441.767
2442.028
2442.288
2442.548
2442.809
2443.069
2443.329
2443.590
2443.850
2444.110
2444.371
2444.631
2444.891
2445.152
2445.412
2445.672
2445.932
2446.193
2446.453
2446.713
2446.974
2447.234
2447.494
2447.755
2448.015
2448.275
2448.536
2448.796
2449.056
2449.317
2449.577
2449.837
2450.098
2450.358
2450.618
2450.879
2451.139
2451.399
2451.660
2451.920
2452.180
2452.441
2452.701
2452.961
2453.222
2453.482
2453.742
2454.003
2454.263
2454.523
2454.784
2455.044
2455.304
2455.565
2455.825
2456.085
2456.346
2456.606
2456.866
2457.127
2457.387
2457.647
2457.908
2458.168
2458.428
2458.689
2458.949
2459.209
2459.470
2459.730
2459.990
2460.251
2460.511
2460.771
2461.032
2461.292
2461.552
2461.813
2462.073
2462.333
2462.594
2462.854
2463.114
2463.375
2463.635
2463.865
2464.095
2464.326
2464.556
2464.786
2465.016
2465.246
2465.477
2465.707
2465.937
2466.167
2466.397
2466.628
2466.858
2467.088
2467.318
2467.548
2467.778
2468.009
2468.239
2468.469
2468.699
2468.929
2469.160
2469.390
2469.620
2469.850
2470.080
2470.311
2470.541
2470.771
2471.001
2471.231
2471.462
2471.692
2471.922
2472.152
2472.382
2472.613
2472.843
2473.073
2473.303
2473.533
2473.764
2473.994
2474.224
2474.454
2474.684
2474.915
2475.145
2475.375
2475.605
2475.835
2476.066
2476.296
2476.526
2476.756
2476.986
2477.216
2477.447
2477.677
2477.907
2478.137
2478.367
2478.598
2478.828
2479.058
2479.288
2479.518
2479.749
2479.979
2480.209
2480.439
2480.669
2480.900
2481.130
2481.360
2481.590
2481.820
2482.051
2482.281
2482.511
2482.741
2482.971
2483.202
2483.432
2483.662
2483.892
2484.122
2484.353
2484.583
2484.813
2485.043
2485.273
2485.504
2485.734
2485.964
2486.194
2486.424
2486.654
2486.885
2487.115
2487.345
2487.575
2487.805
2488.036
2488.266
2488.496
2488.726
2488.956
2489.187
2489.417
2489.647
2489.877
2490.107
2490.338
2490.568
2490.798
2491.028
2491.258
2491.489
2491.719
2491.949
2492.179
2492.409
2492.640
2492.870
2493.100
2493.330
2493.560
2493.791
2494.021
2494.251
2494.481
2494.711
2494.942
2495.172
2495.402
2495.632
2495.862
2496.092
2496.323
2496.553
2496.783
2497.013
2497.243
2497.474
2497.704
2497.934
2498.164
2498.394
2498.625
2498.855
2499.085
2499.315
2499.545
2499.776
2500.006
2500.236
2500.466
2500.696
2500.927
2501.157
2501.387
2501.617
2501.847
2502.078
2502.308
2502.538
2502.768
2502.998
2503.229
2503.459
2503.689
2503.919
2504.149
2504.380
2504.610
2504.840
2505.070
2505.300
2505.530
2505.761
2505.991
2506.221
2506.451
2506.681
2506.912
2507.142
2507.372
2507.602
2507.832
2508.063
2508.293
2508.523
2508.753
2508.983
2509.214
2509.444
2509.674
2509.904
2510.134
2510.365
2510.595
2510.825
2511.055
2511.285
2511.516
2511.746
2511.976
2512.206
2512.436
2512.667
2512.897
2513.127
2513.357
2513.587
2513.818
2514.048
2514.278
2514.508
2514.738
2514.968
2515.199
2515.429
2515.659
2515.889
2516.119
2516.350
2516.580
2516.810
2517.040
2517.270
2517.501
2517.731
2517.961
2518.191
2518.421
2518.652
2518.882
2519.112
2519.342
2519.572
2519.803
2520.033
2520.263
2520.493
2520.723
2520.954
2521.184
2521.414
2521.644
2521.874
2522.105
2522.335
2522.565
2522.795
2523.025
2523.256
2523.486
2523.716
2523.946
2524.176
2524.406
2524.637
2524.867
2525.097
2525.327
2525.557
2525.788
2526.018
2526.248
2526.478
2526.708
2526.939
2527.169
2527.399
2527.629
2527.859
2528.090
2528.320
2528.550
2528.780
2529.010
2529.241
2529.471
2529.701
2529.931
2530.161
2530.392
2530.622
2530.852
2531.082
2531.312
2531.543
2531.773
2532.003
2532.233
2532.463
2532.694
2532.924
2533.154
2533.384
2533.614
2533.844
2534.075
2534.305
2534.535
2534.765
2534.995
2535.226
2535.456
2535.686
2535.916
2536.146
2536.377
2536.607
2536.837
2537.067
2537.297
2537.528
2537.758
2537.988
2538.218
2538.448
2538.679
2538.909
2539.139
2539.369
2539.599
2539.830
2540.060
2540.290
2540.520
2540.750
2540.981
2541.211
2541.441
2541.671
2541.901
2542.132
2542.362
2542.592
2542.822
2543.052
2543.282
2543.513
2543.743
2543.973
2544.203
2544.433
2544.664
2544.894
2545.124
2545.354
2545.584
2545.815
2546.045
2546.275
2546.505
2546.735
2546.966
2547.196
2547.426
2547.626
2547.825
2548.025
2548.225
2548.424
2548.624
2548.824
2549.024
2549.223
2549.423
2549.623
2549.822
2550.022
2550.222
2550.421
2550.621
2550.821
2551.021
2551.220
2551.420
2551.620
2551.819
2552.019
2552.219
2552.418
2552.618
2552.818
2553.018
2553.217
2553.417
2553.617
2553.816
2554.016
2554.216
2554.415
2554.615
2554.815
2555.015
2555.214
2555.414
2555.614
2555.813
2556.013
2556.213
2556.412
2556.612
2556.812
2557.012
2557.211
2557.411
2557.611
2557.810
2558.010
2558.210
2558.409
2558.609
2558.809
2559.009
2559.208
2559.408
2559.608
2559.807
2560.007
2560.207
2560.406
2560.606
2560.806
2561.006
2561.205
2561.405
2561.605
2561.804
2562.004
2562.204
2562.403
2562.603
2562.803
2563.003
2563.202
2563.402
2563.602
2563.801
2564.001
2564.201
2564.400
2564.600
2564.800
2565.000
2565.199
2565.399
2565.599
2565.798
2565.998
2566.198
2566.397
2566.597
2566.797
2566.996
2567.196
2567.396
2567.596
2567.795
2567.995
2568.195
2568.394
2568.594
2568.794
2568.993
2569.193
2569.393
2569.593
2569.792
2569.992
2570.192
2570.391
2570.591
2570.791
2570.990
2571.190
2571.390
2571.590
2571.789
2571.989
2572.189
2572.388
2572.588
2572.788
2572.987
2573.187
2573.387
2573.587
2573.786
2573.986
2574.186
2574.385
2574.585
2574.785
2574.984
2575.184
2575.384
2575.584
2575.783
2575.983
2576.183
2576.382
2576.582
2576.782
2576.981
2577.181
2577.381
2577.581
2577.780
2577.980
2578.180
2578.379
2578.579
2578.779
2578.978
2579.178
2579.378
2579.578
2579.777
2579.977
2580.177
2580.376
2580.576
2580.776
2580.975
2581.175
2581.375
2581.575
2581.774
2581.974
2582.174
2582.373
2582.573
2582.773
2582.972
2583.172
2583.372
2583.572
2583.771
2583.971
2584.171
2584.370
2584.570
2584.770
2584.969
2585.169
2585.369
2585.569
2585.768
2585.968
2586.168
2586.367
2586.567
2586.767
2586.966
2587.166
2587.366
2587.565
2587.765
2587.965
2588.165
2588.364
2588.564
2588.764
2588.963
2589.163
2589.363
2589.562
2589.762
2589.962
2590.162
2590.361
2590.561
2590.761
2590.960
2591.160
2591.360
2591.559
2591.759
2591.959
2592.159
2592.358
2592.558
2592.758
2592.957
2593.157
2593.357
2593.556
2593.756
2593.956
2594.156
2594.355
2594.555
2594.755
2594.954
2595.154
2595.354
2595.553
2595.753
2595.953
2596.153
2596.352
2596.552
2596.752
2596.951
2597.151
2597.351
2597.550
2597.750
2597.950
2598.150
2598.349
2598.549
2598.749
2598.948
2599.148
2599.348
2599.547
2599.747
2599.947
2600.147
2600.346
2600.546
2600.746
2600.945
2601.145
2601.345
2601.544
2601.744
2601.944
2602.144
2602.343
2602.543
2602.743
2602.942
2603.142
2603.342
2603.541
2603.741
2603.941
2604.141
2604.340
2604.540
2604.740
2604.939
2605.139
2605.339
2605.538
2605.738
2605.938
2606.138
2606.337
2606.537
2606.737
2606.936
2607.136
2607.336
2607.535
2607.735
2607.935
2608.134
2608.334
2608.534
2608.734
2608.933
2609.133
2609.333
2609.532
2609.732
2609.932
2610.131
2610.331
2610.531
2610.731
2610.930
2611.130
2611.330
2611.529
2611.729
2611.929
2612.128
2612.328
2612.528
2612.728
2612.927
2613.127
2613.327
2613.526
2613.726
2613.926
2614.125
2614.325
2614.525
2614.725
2614.924
2615.124
2615.324
2615.523
2615.723
2615.923
2616.122
2616.322
2616.522
2616.722
2616.921
2617.121
2617.321
2617.520
2617.720
2617.920
2618.119
2618.319
2618.519
2618.719
2618.918
2619.118
2619.318
2619.517
2619.717
2619.917
2620.116
2620.316
2620.516
2620.716
2620.915
2621.115
2621.315
2621.514
2621.714
2621.914
2622.113
2622.313
2622.513
2622.713
2622.912
2623.112
2623.312
2623.511
2623.711
2623.911
2624.110
2624.310
2624.510
2624.710
2624.909
2625.109
2625.309
2625.508
2625.708
2625.908
2626.107
2626.307
2626.507
2626.706
2626.906
2627.106
2627.306
2627.505
2627.705
2627.905
2628.104
2628.304
2628.504
2628.703
2628.903
2629.103
2629.303
2629.502
2629.702
2629.902
2630.101
2630.301
2630.501
2630.700
2630.900
2631.100
2631.300
2631.499
2631.699
2631.899
2632.098
2632.298
2632.498
2632.697
2632.897
2633.097
2633.297
2633.496
2633.696
2633.896
2634.095
2634.295
2634.495
2634.694
2634.894
2635.094
2635.294
2635.493
2635.693
