59.123
60.192
61.260
62.328
63.397
64.465
65.533
66.601
67.670
68.738
69.806
70.875
71.943
73.011
74.079
75.148
76.216
77.284
78.353
79.421
80.489
81.557
82.626
83.694
84.762
85.831
86.899
87.967
89.035
90.104
91.172
92.757
93.308
93.825
94.359
94.892
95.443
95.977
96.511
97.045
97.562
98.096
98.646
99.163
99.697
100.248
100.765
101.316
101.833
102.367
102.900
103.434
103.968
104.502
105.036
105.570
106.120
106.638
107.171
107.705
108.239
108.773
109.324
109.841
110.108
110.375
110.908
111.175
111.442
111.976
112.243
112.510
113.044
113.311
113.578
114.112
114.379
114.645
115.179
115.446
115.713
116.247
116.514
116.781
117.315
117.582
117.849
118.383
118.649
118.916
119.450
119.717
119.984
120.518
120.785
121.052
121.586
121.853
122.120
122.653
122.920
123.187
123.721
123.988
124.255
124.789
125.056
125.323
125.857
126.124
126.391
126.924
127.191
127.458
127.992
128.259
128.526
129.060
129.327
129.594
130.128
130.395
130.661
131.195
131.462
131.729
132.263
132.530
132.797
133.331
133.598
133.865
134.399
134.665
134.932
135.466
135.733
136.000
136.534
136.801
137.068
137.602
137.869
138.136
138.669
138.936
139.203
139.737
140.004
140.271
140.805
141.072
141.339
141.873
142.140
142.407
144.008
144.275
144.542
144.809
145.076
145.343
145.610
145.877
146.144
146.411
146.677
146.944
147.211
147.478
147.745
148.012
148.279
148.546
148.813
149.080
149.347
149.614
149.881
150.148
150.415
150.681
150.948
151.215
151.482
151.749
152.016
152.283
152.550
152.817
153.084
153.351
153.618
153.885
154.152
154.419
154.685
154.952
155.219
155.486
155.753
156.020
156.287
156.554
156.821
157.088
157.355
157.622
157.889
158.156
158.423
158.689
158.956
159.223
159.490
159.757
160.024
160.291
160.558
160.825
161.092
161.359
161.626
161.893
162.160
162.427
162.693
162.960
163.227
163.494
163.761
164.028
164.295
164.562
164.829
165.096
165.363
165.630
165.897
166.164
166.431
166.697
166.964
167.231
167.498
167.765
168.032
168.299
168.566
168.833
169.100
169.367
169.634
169.901
170.168
170.435
170.701
170.968
171.235
171.502
171.769
172.036
172.303
172.570
172.837
173.104
173.371
173.638
173.905
174.172
174.439
174.705
174.972
175.239
175.506
175.773
176.040
176.307
176.574
176.841
177.108
177.375
177.642
177.909
178.176
178.443
178.709
178.976
179.243
179.510
179.777
180.044
180.311
180.578
180.845
181.112
181.379
181.646
181.913
182.180
182.447
182.713
182.980
183.247
183.514
183.781
184.048
184.315
184.582
184.849
185.116
185.383
185.650
185.917
186.184
186.451
186.717
186.984
187.251
187.518
187.785
188.052
188.319
188.586
188.853
189.120
189.387
189.654
189.921
190.188
190.455
190.721
190.988
191.255
191.522
191.789
192.056
192.323
192.590
192.857
193.124
193.391
193.658
193.925
194.192
194.459
194.725
194.992
195.293
195.425
195.558
195.690
195.823
195.955
196.088
196.221
196.353
196.486
196.618
196.751
196.883
197.016
197.148
197.281
197.413
197.546
197.679
197.811
197.944
198.076
198.209
198.341
198.474
198.606
198.739
198.871
199.004
199.137
199.269
199.402
199.534
199.667
199.799
199.932
200.064
200.197
200.329
200.462
200.595
200.727
200.860
200.992
201.125
201.257
201.390
201.522
201.655
201.787
201.920
202.053
202.185
202.318
202.450
202.583
202.715
202.848
202.980
203.113
203.245
203.378
203.510
203.643
203.776
203.908
204.041
204.173
204.306
204.438
204.571
204.703
204.836
204.968
205.101
205.234
205.366
205.499
205.631
205.764
205.896
206.029
206.161
206.294
206.426
206.559
206.692
206.824
206.957
207.089
207.222
207.354
207.487
207.619
207.752
207.884
208.017
208.150
208.282
208.415
208.547
208.680
208.812
208.945
209.077
209.210
209.342
209.475
209.608
209.740
209.873
210.005
210.138
210.270
210.403
210.535
210.668
210.800
210.933
211.066
211.198
211.331
211.463
211.596
211.728
211.861
211.993
212.126
212.392
212.658
212.924
213.191
213.457
213.723
213.989
214.255
214.521
214.787
215.054
215.320
215.586
215.852
216.118
216.384
216.651
216.917
217.183
217.449
217.715
217.981
218.247
218.514
218.780
219.046
219.312
219.578
219.844
220.111
220.377
220.643
220.909
221.175
221.441
221.708
221.974
222.240
222.506
222.772
223.038
223.304
223.571
223.837
224.103
224.369
224.635
224.901
225.168
225.434
225.700
225.966
226.232
226.498
226.764
227.031
227.297
227.563
227.829
228.095
228.361
228.628
228.894
229.160
229.977
231.045
232.113
233.181
234.248
235.299
236.384
237.435
238.503
239.570
240.638
241.706
242.774
243.841
244.909
245.977
247.061
248.112
249.197
250.264
251.315
252.400
253.451
254.519
255.603
256.654
257.738
258.790
259.857
260.925
262.043
263.110
264.162
265.229
266.314
267.365
268.432
269.500
270.585
271.636
272.703
273.788
274.839
275.907
276.974
278.042
279.110
280.678
280.945
281.212
281.746
282.013
282.280
282.813
283.080
283.347
283.881
284.148
284.415
284.949
285.216
285.483
286.017
286.284
286.551
287.084
287.351
287.618
288.152
288.419
288.686
289.220
289.487
289.754
290.288
290.555
290.821
291.355
291.622
291.889
292.423
292.690
292.957
293.491
293.758
294.025
294.559
294.825
295.092
295.626
295.893
296.160
296.694
296.961
297.228
297.762
298.029
298.296
298.829
299.096
299.363
299.897
300.164
300.431
300.965
301.232
301.499
302.033
302.300
302.567
303.100
303.367
303.634
304.168
304.435
304.702
305.236
305.503
305.770
306.304
306.571
306.837
307.371
307.638
307.905
308.439
308.706
308.973
309.507
309.774
310.041
310.575
310.841
311.108
311.642
311.909
312.176
312.710
312.977
313.244
313.778
314.045
314.312
314.845
315.112
315.379
315.913
316.180
316.447
316.981
317.248
317.515
318.049
318.316
318.583
319.116
319.383
319.650
320.184
320.451
320.718
321.252
321.519
321.786
322.320
322.587
322.853
323.387
323.654
323.921
324.455
324.722
324.989
325.523
325.790
326.057
326.591
326.857
327.124
327.658
327.925
328.192
328.726
328.993
329.260
329.794
330.061
330.328
331.929
332.196
332.463
332.730
332.997
333.264
333.531
333.798
334.065
334.332
334.599
334.865
335.132
335.399
335.666
335.933
336.200
336.467
336.734
337.001
337.268
337.535
337.802
338.069
338.336
338.603
338.869
339.136
339.403
339.670
339.937
340.204
340.471
340.738
341.005
341.272
341.539
341.806
342.073
342.340
342.607
342.873
343.140
343.407
343.674
343.941
344.208
344.475
344.742
345.009
345.276
345.543
345.810
346.077
346.344
346.611
346.877
347.144
347.411
347.678
347.945
348.212
348.479
348.746
349.063
349.196
349.330
349.463
349.597
349.730
349.864
349.997
350.131
350.264
350.398
350.531
350.665
350.798
350.932
351.065
351.198
351.332
351.465
351.599
351.732
351.866
351.999
352.133
352.266
352.400
352.533
352.667
352.800
352.933
353.067
353.200
353.334
353.467
353.601
353.734
353.868
354.001
354.135
354.268
354.402
354.535
354.669
354.802
354.935
355.069
355.202
355.336
355.469
355.603
355.736
355.870
356.003
356.137
356.270
356.404
356.537
356.670
356.804
356.937
357.071
357.204
357.338
357.471
357.605
357.738
357.872
358.005
358.139
358.272
358.406
358.539
358.672
358.806
358.939
359.073
359.206
359.340
359.473
359.607
359.740
359.874
360.007
360.141
360.274
360.407
360.541
360.674
360.808
360.941
361.075
361.208
361.342
361.475
361.609
361.742
361.876
362.009
362.143
362.276
362.409
362.543
362.676
362.810
362.943
363.077
363.210
363.344
363.477
363.611
363.744
363.878
364.011
364.144
364.278
364.411
364.545
364.678
364.812
364.945
365.079
365.212
365.346
365.479
365.613
365.746
365.880
366.097
366.364
366.631
366.898
367.165
367.433
367.700
367.967
368.234
368.501
368.769
369.036
369.303
369.570
369.837
370.105
370.372
370.639
370.906
371.173
371.441
371.708
371.975
372.242
372.509
372.777
373.044
373.311
373.578
373.845
374.113
374.380
374.647
374.914
375.181
375.449
375.716
375.983
376.250
376.517
376.785
377.052
377.319
377.586
377.853
378.121
378.388
378.655
378.922
379.189
379.457
379.724
379.991
380.258
380.525
380.793
381.060
381.327
381.594
381.861
382.129
382.396
382.663
382.930
383.230
383.364
383.497
383.631
383.764
383.897
384.031
384.164
384.298
384.431
384.564
384.698
384.831
384.965
385.098
385.231
385.365
385.498
385.632
385.765
385.898
386.032
386.165
386.299
386.432
386.565
386.699
386.832
386.966
387.099
387.232
387.366
387.499
387.633
387.766
387.899
388.033
388.166
388.300
388.433
388.566
388.700
388.833
388.967
389.100
389.233
389.367
389.500
389.634
389.767
389.900
390.034
390.167
390.301
390.434
390.567
390.701
390.834
390.968
391.101
391.234
391.368
391.501
391.634
391.768
391.901
392.035
392.168
392.301
392.435
392.568
392.702
392.835
392.968
393.102
393.235
393.369
393.502
393.635
393.769
393.902
394.036
394.169
394.302
394.436
394.569
394.703
394.836
394.969
395.103
395.236
395.370
395.503
395.636
395.770
395.903
396.037
396.170
396.303
396.437
396.570
396.704
396.837
396.970
397.104
397.237
397.371
397.504
397.637
397.771
397.904
398.038
398.171
398.304
398.438
398.571
398.705
398.838
398.971
399.105
399.238
399.372
399.505
399.638
399.772
399.905
400.039
400.264
400.531
400.798
401.065
401.332
401.599
401.866
402.133
402.400
402.667
402.933
403.200
403.467
403.734
404.001
404.268
404.535
404.802
405.069
405.336
405.603
405.870
406.137
406.404
406.671
406.937
407.204
407.471
407.738
408.005
408.272
408.539
408.806
409.073
409.340
409.607
409.874
410.141
410.408
410.675
410.941
411.208
411.475
411.742
412.009
412.276
412.543
412.810
413.077
413.344
413.611
413.878
414.145
414.412
414.679
414.945
415.212
415.479
415.746
416.013
416.280
416.547
416.814
417.081
417.381
417.514
417.646
417.779
417.911
418.044
418.177
418.309
418.442
418.574
418.707
418.839
418.972
419.104
419.237
419.369
419.502
419.635
419.767
419.900
420.032
420.165
420.297
420.430
420.562
420.695
420.827
420.960
421.093
421.225
421.358
421.490
421.623
421.755
421.888
422.020
422.153
422.285
422.418
422.551
422.683
422.816
422.948
423.081
423.213
423.346
423.478
423.611
423.743
423.876
424.009
424.141
424.274
424.406
424.539
424.671
424.804
424.936
425.069
425.201
425.334
425.467
425.599
425.732
425.864
425.997
426.129
426.262
426.394
426.527
426.659
426.792
426.924
427.057
427.190
427.322
427.455
427.587
427.720
427.852
427.985
428.117
428.250
428.382
428.515
428.648
428.780
428.913
429.045
429.178
429.310
429.443
429.575
429.708
429.840
429.973
430.106
430.238
430.371
430.503
430.636
430.768
430.901
431.033
431.166
431.298
431.431
431.564
431.696
431.829
431.961
432.094
432.226
432.359
432.491
432.624
432.756
432.889
433.022
433.154
433.287
433.419
433.552
433.684
433.817
433.949
434.082
434.214
434.432
434.699
434.965
435.232
435.499
435.766
436.033
436.300
436.567
436.834
437.101
437.368
437.635
437.902
438.169
438.436
438.703
438.969
439.236
439.503
439.770
440.037
440.304
440.571
440.838
441.105
441.372
441.639
441.906
442.173
442.440
442.707
442.973
443.240
443.507
443.774
444.041
444.308
444.575
444.842
445.109
445.376
445.643
445.910
446.177
446.444
446.711
446.977
447.244
447.511
447.778
448.045
448.312
448.579
448.846
449.113
449.380
449.647
449.914
450.181
450.448
450.715
450.981
451.248
451.515
451.782
452.049
452.316
452.583
452.850
453.117
453.384
453.651
453.918
454.185
454.452
454.719
454.985
455.252
455.519
455.786
456.053
456.320
456.587
456.854
457.121
457.388
457.655
457.922
458.189
458.456
458.723
458.989
459.256
459.523
459.790
460.057
460.324
460.591
460.858
461.125
461.392
461.926
462.461
462.995
463.529
464.064
464.598
465.133
465.667
466.201
466.736
467.270
467.804
468.339
468.873
469.407
469.942
470.476
471.011
471.545
472.079
472.614
473.148
473.682
474.217
474.751
475.286
475.820
476.354
476.889
477.423
477.957
478.492
479.026
