30.182
31.254
32.326
33.397
34.469
35.541
36.613
37.684
38.756
39.828
40.900
41.971
43.043
44.115
46.794
47.062
47.330
47.866
48.402
48.938
49.206
49.474
50.009
50.545
51.081
51.349
51.617
52.153
52.689
53.225
53.493
53.761
55.368
55.636
55.904
56.440
56.976
57.512
57.780
58.047
58.583
59.119
59.655
59.923
60.191
60.727
61.263
61.799
62.067
62.334
62.870
63.406
68.229
68.765
69.301
69.837
70.373
70.908
71.444
71.980
72.516
73.052
73.588
74.124
74.660
75.195
75.731
76.267
76.803
77.339
77.875
78.411
78.946
79.482
80.018
80.554
81.090
81.626
82.162
82.698
83.233
83.769
85.377
85.645
85.913
86.449
86.985
87.520
87.788
88.056
88.592
89.128
89.664
89.932
90.200
90.736
91.272
91.807
92.075
92.343
93.951
94.219
94.487
95.023
95.558
96.094
96.362
96.630
97.166
97.702
98.238
98.506
98.774
99.310
99.845
100.381
100.649
100.917
102.525
103.061
103.597
104.132
104.668
105.204
105.740
106.276
106.812
107.348
107.884
108.419
108.955
109.491
110.027
110.563
111.099
111.635
111.903
112.170
112.438
112.706
112.974
113.242
113.510
113.778
114.046
114.314
114.582
114.850
115.118
115.386
115.654
115.922
116.190
116.457
116.725
116.993
117.261
119.673
119.941
120.209
120.744
121.280
121.816
122.084
122.352
122.888
123.424
123.960
124.228
124.496
125.031
125.567
126.103
126.371
126.639
127.175
127.711
128.247
128.515
128.783
129.318
129.854
130.390
130.658
130.926
131.462
131.998
132.534
132.802
133.069
133.605
134.141
134.677
134.945
135.213
135.749
136.285
136.821
137.356
137.892
138.428
138.964
139.500
140.036
140.572
141.108
141.643
142.179
142.715
143.251
143.787
144.323
144.859
145.395
145.930
146.466
147.002
147.538
148.074
148.610
149.146
149.681
150.217
150.753
151.289
151.825
152.361
160.606
161.086
161.566
162.046
162.526
163.006
163.486
163.966
164.446
164.926
165.406
165.886
166.366
166.846
167.326
167.806
168.286
168.766
169.246
169.726
170.206
170.686
171.166
171.646
172.126
172.606
173.086
173.566
174.046
174.526
175.006
175.486
175.966
176.446
176.926
177.406
177.886
178.366
178.846
179.326
179.806
180.286
180.766
181.246
181.726
182.206
182.686
183.166
183.646
184.126
184.606
185.086
185.566
186.046
186.526
187.006
191.806
192.766
193.726
194.686
195.646
196.606
197.566
198.526
199.486
200.446
201.406
202.366
203.326
204.286
205.246
206.206
206.686
206.926
207.166
207.646
207.886
208.126
208.606
208.846
209.086
209.566
209.806
210.046
210.526
210.766
211.006
211.486
211.726
211.966
212.446
212.686
212.926
213.406
213.646
213.886
214.366
214.606
214.846
215.326
215.566
215.806
216.286
216.526
216.766
217.246
217.486
217.726
222.046
222.526
223.006
223.486
223.966
224.446
224.926
225.406
225.886
226.366
226.846
227.326
227.806
228.286
228.766
229.246
229.726
230.206
230.686
231.166
231.646
232.126
232.606
233.086
233.566
234.046
234.526
235.006
235.486
235.966
236.446
236.926
237.406
237.886
238.366
238.846
239.326
239.806
240.286
240.766
241.246
241.726
242.206
242.686
243.166
243.646
244.126
244.606
245.086
245.566
246.046
246.526
247.006
247.486
247.966
248.446
248.926
249.406
249.886
250.366
250.846
251.326
251.806
252.286
253.246
254.206
255.166
256.126
257.086
258.046
259.006
259.966
260.926
261.886
262.846
263.806
268.126
268.606
268.846
269.086
269.326
269.566
269.806
270.046
270.286
270.526
270.766
271.006
271.246
271.486
271.726
271.966
272.206
272.446
272.686
272.926
273.166
273.406
273.646
273.886
274.126
274.366
274.606
274.846
275.086
275.326
275.566
275.806
276.046
276.286
276.526
276.766
277.006
277.246
277.486
277.726
277.966
278.206
278.446
278.686
278.926
279.166
279.406
279.646
279.886
280.126
280.366
280.606
280.846
281.086
281.326
281.566
281.806
282.046
282.286
282.526
282.766
283.006
283.246
283.486
283.726
283.966
284.206
284.446
284.686
284.926
285.166
285.406
285.646
285.886
286.126
286.366
286.606
286.846
287.086
287.326
287.566
287.806
288.046
288.286
288.526
288.766
289.006
289.246
289.486
289.726
289.966
290.206
290.446
290.686
290.926
291.166
291.406
291.646
291.886
292.126
292.366
292.606
292.846
293.086
293.326
293.566
293.806
294.046
294.286
294.526
294.766
295.006
295.246
295.486
295.726
295.966
296.206
296.446
296.686
296.926
297.166
297.406
297.646
297.886
298.126
298.366
299.326
300.286
301.246
302.206
303.166
304.126
305.086
306.046
307.006
307.966
308.926
309.886
310.846
311.806
312.766
313.726
314.206
314.446
314.686
315.166
315.406
315.646
316.126
316.366
316.606
317.086
317.326
318.046
318.286
318.526
319.006
319.246
319.486
319.966
320.206
320.446
320.926
321.166
321.886
322.126
322.366
322.846
323.086
323.326
323.806
324.046
324.286
324.766
325.006
325.726
325.966
326.206
326.686
326.926
327.166
327.646
327.886
328.126
328.606
328.846
329.566
329.806
330.046
330.526
330.766
331.006
331.486
331.726
331.966
332.446
332.686
332.926
333.406
333.646
333.886
334.366
334.606
334.846
335.326
335.566
335.806
336.286
336.526
336.766
337.246
337.486
337.726
338.206
338.446
338.686
339.166
339.406
339.646
340.126
340.366
340.606
341.086
341.326
341.566
341.806
342.046
342.286
342.526
342.766
344.926
345.406
345.886
346.366
346.846
347.326
347.806
348.286
348.766
349.006
349.246
349.486
349.726
349.966
350.206
350.686
350.926
351.166
351.406
351.646
351.886
352.126
352.606
353.086
353.566
354.046
354.526
355.006
355.486
355.966
356.446
356.686
356.926
357.166
357.406
357.646
357.886
358.366
358.606
358.846
359.086
359.326
359.566
359.806
360.286
360.766
361.246
361.726
362.206
362.686
363.166
363.646
364.126
364.366
364.606
364.846
365.086
365.326
365.566
366.046
366.286
366.526
366.766
367.006
367.246
367.486
367.966
368.446
368.926
369.406
369.886
370.366
370.846
371.326
371.806
372.046
372.286
372.526
372.766
373.006
373.246
373.726
373.966
374.206
374.446
374.686
374.926
375.166
376.126
377.086
378.046
379.006
379.966
380.926
381.886
382.846
383.806
384.766
385.726
386.686
387.646
388.606
389.566
390.526
391.486
392.446
393.406
394.366
395.326
396.286
397.246
398.206
399.166
400.126
401.086
402.046
403.006
403.966
404.446
404.686
404.926
405.166
405.406
405.646
405.886
413.311
414.022
414.732
415.443
416.154
416.865
417.575
418.286
418.997
419.708
420.418
421.129
421.840
422.550
423.261
423.972
424.683
425.393
426.104
426.815
427.526
428.236
428.947
429.658
430.369
431.079
431.790
432.501
433.211
436.054
436.232
436.410
436.765
436.943
437.120
437.476
438.720
438.897
439.075
439.253
439.608
439.786
439.963
440.319
440.496
440.674
441.029
441.207
441.385
441.740
441.918
442.096
442.451
442.629
442.806
443.162
444.405
444.583
444.761
444.938
445.294
445.471
445.649
446.005
446.182
446.360
446.715
446.893
447.071
447.426
447.604
447.781
448.137
448.314
448.492
448.847
450.091
450.269
450.447
450.624
450.980
451.157
451.335
451.690
451.868
452.046
452.401
452.579
452.756
453.112
453.289
453.467
453.823
454.000
454.178
454.533
455.955
458.798
461.641
464.483
467.326
470.169
470.702
471.235
473.012
473.545
474.078
475.855
476.388
476.921
481.541
481.719
481.896
482.252
482.429
482.607
482.962
484.206
484.384
484.561
484.739
485.095
485.272
485.450
485.805
485.983
486.161
486.516
486.694
486.871
487.227
487.404
487.582
487.937
488.115
488.293
488.648
489.892
490.070
490.247
490.425
490.780
490.958
491.136
491.491
491.669
491.846
492.202
492.379
492.557
492.913
493.090
493.268
493.623
493.801
493.979
494.334
495.578
495.755
495.933
496.111
496.466
496.644
496.822
497.177
497.355
497.532
497.888
498.065
498.243
498.598
498.776
498.954
499.309
499.487
499.664
500.020
504.284
504.462
504.640
504.817
504.995
505.173
505.350
505.528
505.706
506.949
507.127
507.305
507.482
507.660
507.838
508.015
508.193
508.371
508.549
508.726
508.904
509.082
509.259
509.437
509.615
509.792
509.970
510.148
510.325
510.503
510.681
510.858
511.036
511.214
511.391
512.635
512.813
512.991
513.168
513.346
513.524
513.701
513.879
514.057
514.234
514.412
514.590
514.767
514.945
515.123
515.300
515.478
515.656
515.833
516.011
516.189
516.367
516.544
516.722
516.900
517.077
518.321
518.499
518.676
518.854
519.032
519.209
519.387
519.565
519.742
519.920
520.098
520.276
520.453
520.631
520.809
520.986
521.164
521.342
521.519
521.697
521.875
522.052
522.230
522.408
522.585
522.763
524.007
524.185
524.362
524.540
524.718
524.895
525.073
525.251
525.428
525.606
527.027
527.738
528.449
529.870
530.581
531.292
532.003
532.713
533.424
534.135
548.586
550.462
552.337
554.212
556.088
557.026
557.963
558.901
559.839
560.776
561.714
562.652
563.589
564.058
564.527
564.996
565.465
565.934
566.403
566.871
567.340
567.809
568.278
568.747
569.216
569.685
570.153
570.622
571.091
571.560
572.029
572.498
572.967
573.435
573.904
574.373
574.842
575.311
575.780
576.249
576.717
577.186
577.655
578.124
578.593
578.827
579.062
579.296
579.531
579.765
579.999
580.234
580.468
580.703
580.937
581.172
581.406
581.640
581.875
582.109
582.344
582.578
582.813
583.047
583.281
583.516
583.750
583.985
584.219
584.454
584.688
584.922
585.157
585.391
585.626
585.860
586.095
586.212
586.329
586.446
586.563
586.681
586.798
586.915
587.032
587.149
587.267
587.384
587.501
587.618
587.736
587.853
587.970
588.087
588.204
588.322
588.439
588.556
588.673
588.790
588.908
589.025
589.142
589.259
589.377
589.494
589.611
589.728
589.845
589.963
590.080
590.197
590.314
590.431
590.549
590.666
590.783
590.900
591.018
591.135
591.252
591.369
591.486
591.604
593.596
593.831
594.065
594.534
594.768
595.003
595.472
595.706
595.941
596.409
596.644
596.878
597.347
597.581
597.816
598.285
598.519
598.754
599.222
599.457
599.691
600.160
600.395
600.629
601.098
601.332
601.567
602.036
602.270
602.504
602.973
603.208
603.442
603.911
604.145
604.380
604.849
605.318
605.786
606.255
606.724
607.193
607.662
608.131
608.600
608.834
609.068
609.537
609.772
610.006
610.475
610.709
610.944
611.413
611.647
611.882
612.350
612.585
612.819
613.288
613.523
613.757
614.226
614.460
614.695
615.164
615.398
615.632
616.101
616.336
616.570
617.039
617.273
617.508
617.977
618.211
618.446
618.914
619.149
619.383
619.852
620.087
620.321
620.790
621.024
621.259
627.354
628.292
629.229
630.167
631.105
632.042
632.980
633.918
634.856
635.793
636.731
637.669
638.606
639.544
640.482
641.419
642.357
642.826
643.295
643.764
644.233
644.701
645.170
645.639
646.108
646.577
647.046
647.515
647.983
648.452
648.921
649.390
649.859
650.328
650.797
651.265
651.734
652.203
652.672
653.141
653.610
654.079
654.547
655.016
655.485
655.954
656.423
656.892
657.361
657.478
657.595
657.712
657.829
657.947
658.064
658.181
658.298
658.415
658.533
658.650
658.767
658.884
659.002
659.119
659.236
659.353
659.470
659.588
659.705
659.822
659.939
660.056
660.174
660.291
660.408
660.525
660.643
660.760
660.877
660.994
661.111
661.229
661.346
661.463
661.580
661.697
661.815
661.932
662.049
662.166
662.284
662.401
662.518
662.635
662.752
664.862
665.097
665.331
665.800
666.034
666.269
666.738
666.972
667.207
667.675
667.910
668.144
668.613
668.848
669.082
669.551
669.785
670.020
670.489
670.723
670.957
671.426
671.661
671.895
672.364
672.598
672.833
673.302
673.536
673.771
674.239
674.474
674.708
675.177
675.411
675.646
676.115
676.584
677.052
677.521
677.990
678.459
678.928
679.397
679.866
680.100
680.334
680.569
680.803
681.038
681.272
681.741
681.975
682.210
682.444
682.679
682.913
683.148
683.616
683.851
684.085
684.320
684.554
684.789
685.023
685.492
685.726
685.961
686.195
686.430
686.664
686.898
687.367
687.602
687.836
688.071
688.305
688.539
688.774
689.243
689.477
689.712
689.946
690.180
690.415
690.649
691.118
691.353
691.587
691.821
692.056
692.290
692.525
703.258
703.492
703.727
704.195
704.430
704.664
705.133
705.367
705.601
706.070
706.304
706.538
707.007
707.241
707.476
707.944
708.179
708.413
708.882
709.116
709.350
709.819
710.053
710.287
710.756
710.990
711.225
711.693
711.928
712.162
712.631
712.865
713.099
713.568
713.802
714.036
714.505
714.974
715.442
715.911
716.380
716.848
717.317
717.785
718.254
718.488
718.723
718.957
719.191
719.426
719.660
720.129
720.363
720.597
720.832
721.066
721.300
721.535
722.003
722.237
722.472
722.706
722.940
723.175
723.409
723.878
724.112
724.346
724.581
724.815
725.049
725.284
725.752
725.986
726.221
726.455
726.689
726.924
727.158
727.627
727.861
728.095
728.330
728.564
728.798
729.033
729.501
729.735
729.970
730.204
730.438
730.673
730.907
733.250
733.484
733.719
733.953
734.187
734.422
734.656
734.890
735.125
735.359
735.593
735.828
736.062
736.296
736.531
736.765
736.999
737.234
737.468
737.702
737.936
738.171
738.405
738.639
738.874
739.108
739.342
739.577
739.811
740.045
740.280
740.514
740.748
740.983
741.217
741.451
741.685
741.920
742.154
742.388
742.623
742.857
743.091
743.326
743.560
743.794
744.029
744.263
744.497
744.732
744.966
745.200
745.434
745.669
745.903
746.137
746.372
746.606
746.840
747.075
747.309
747.543
747.778
748.012
748.246
757.381
757.843
758.304
758.766
759.227
759.689
760.151
760.612
761.074
761.535
761.997
762.459
762.920
763.382
763.843
764.305
764.767
764.997
765.228
765.459
765.690
765.920
766.151
766.382
766.613
766.844
767.074
767.305
767.536
767.767
767.998
768.228
768.459
768.690
768.921
769.152
769.382
769.613
769.844
770.075
770.306
770.536
770.767
770.998
771.229
771.460
771.690
771.921
772.152
772.383
772.613
772.844
773.075
773.306
773.537
773.767
773.998
774.229
774.460
774.691
774.921
775.152
775.383
775.614
775.845
776.075
776.306
776.537
776.768
776.999
777.229
777.460
777.691
777.922
778.153
778.383
778.614
778.845
779.076
779.537
779.999
780.460
780.922
781.384
781.845
782.076
782.307
782.538
782.768
783.230
783.692
784.153
784.615
785.076
785.538
785.769
785.999
786.230
786.461
786.923
787.384
787.846
788.307
788.769
789.231
789.461
789.692
789.923
790.154
790.615
791.077
791.539
792.000
792.462
792.923
793.154
793.385
793.616
793.846
794.308
794.770
795.231
795.693
796.154
796.616
797.078
797.539
798.001
798.462
798.924
799.386
799.847
800.309
800.770
801.232
801.693
802.155
802.617
803.078
803.540
804.001
804.463
804.925
805.386
805.848
806.309
806.771
807.232
807.694
808.156
809.079
809.310
809.540
809.771
810.002
810.233
810.464
810.694
810.925
811.156
811.387
811.618
811.848
812.079
812.310
812.541
812.772
813.002
813.233
813.464
813.695
813.925
814.156
814.387
814.618
814.849
815.079
815.310
815.541
815.772
816.003
816.233
816.464
816.695
816.926
817.157
817.387
817.618
817.849
818.080
818.311
818.541
818.772
819.003
819.234
819.465
819.695
819.926
820.157
820.388
820.618
820.849
821.080
821.311
821.542
821.772
822.003
822.234
822.465
822.696
822.926
823.157
823.388
823.619
823.850
824.311
824.773
825.234
825.696
826.158
826.388
826.619
826.850
827.081
827.542
828.004
828.465
828.927
829.389
829.850
830.081
830.312
830.543
830.773
831.235
831.697
832.158
832.620
833.081
833.543
833.774
834.004
834.235
834.466
834.928
835.389
835.851
836.312
836.774
837.236
837.466
837.697
837.928
838.159
840.467
840.928
841.390
841.851
842.313
842.775
843.236
843.698
844.159
844.621
845.083
845.544
846.006
846.467
846.929
847.390
847.852
848.314
848.775
849.237
849.698
850.160
850.622
851.083
851.545
853.391
853.853
854.314
854.776
855.237
855.699
856.161
856.622
857.084
857.545
858.007
858.469
858.930
859.392
859.853
860.315
860.776
861.238
861.700
862.161
862.623
863.084
863.546
864.008
864.469
864.931
865.392
865.854
866.316
866.777
867.239
867.700
881.194
881.670
882.146
883.097
883.573
884.049
885.000
885.476
885.952
886.904
887.380
887.855
888.807
889.283
889.759
890.710
891.186
891.662
892.613
893.089
893.565
894.517
894.992
895.468
896.420
897.372
898.323
899.275
900.226
901.178
902.130
903.081
904.033
904.984
905.936
906.888
907.839
908.077
908.315
908.553
908.791
909.029
909.267
909.505
909.743
909.980
910.218
910.456
910.694
910.932
911.170
911.646
912.122
912.597
913.073
913.549
914.025
914.501
914.976
915.452
915.928
916.404
916.880
917.356
917.831
918.307
918.783
919.259
919.735
920.210
920.686
921.162
921.638
922.114
922.589
923.065
923.541
924.017
924.493
924.969
925.444
925.920
926.872
927.110
927.348
927.585
927.823
928.061
928.299
928.537
928.775
929.013
929.251
929.489
929.727
929.965
930.202
930.440
930.678
930.916
931.154
931.392
931.630
931.868
932.106
932.344
932.581
932.819
933.057
933.295
933.533
933.771
934.009
934.247
934.485
934.723
934.961
935.198
935.436
935.674
935.912
936.150
936.388
936.626
936.864
937.102
937.340
937.577
937.815
938.053
938.291
938.529
938.767
939.005
939.243
939.481
939.719
939.957
940.194
940.432
940.670
940.908
941.146
941.384
941.622
941.860
942.098
943.049
944.001
944.953
945.904
946.856
947.807
948.759
949.711
950.662
951.614
952.565
953.517
954.469
955.420
956.372
957.324
957.799
958.275
958.751
959.227
959.703
960.178
960.654
961.130
961.606
962.082
962.558
963.033
963.509
963.985
964.461
964.937
965.412
965.888
966.364
966.840
967.316
967.791
968.267
968.743
969.219
969.695
970.170
970.646
971.122
971.598
972.074
972.550
972.787
973.025
973.263
973.501
973.739
974.453
974.691
974.929
975.166
975.404
975.642
976.356
976.594
976.832
977.070
977.308
977.546
978.259
978.497
978.735
978.973
979.211
979.449
980.162
980.400
980.638
980.876
981.114
981.352
982.066
982.304
982.542
982.779
983.017
983.255
983.969
984.207
984.445
984.683
984.921
985.158
985.872
986.110
986.348
986.586
986.824
987.062
987.775
988.013
988.251
988.727
988.965
989.203
989.679
989.917
990.155
990.630
990.868
991.106
991.582
991.820
992.058
992.534
992.771
993.009
993.485
993.723
993.961
994.437
994.675
994.913
995.388
995.626
995.864
996.340
996.578
996.816
997.292
997.530
997.767
998.243
998.481
998.719
999.195
999.433
999.671
1000.147
1000.384
1000.622
1001.098
1001.336
1001.574
1002.050
1002.288
1002.526
1003.001
1003.477
1003.953
1004.429
1004.905
1005.380
1005.856
1006.332
1006.808
1007.284
1007.759
1008.235
1008.711
1009.187
1009.663
1010.139
1010.614
1010.852
1011.090
1011.328
1011.566
1011.804
1012.042
1012.280
1012.518
1012.755
1012.993
1013.231
1013.469
1013.707
1013.945
1014.183
1014.421
1014.659
1014.897
1015.135
1015.372
1015.610
1015.848
1016.086
1018.242
1018.480
1018.718
1018.956
1019.194
1019.432
1019.670
1019.908
1020.145
1020.383
1020.621
1020.859
1021.097
1021.335
1021.573
1021.811
1022.049
1022.287
1022.525
1022.763
1023.001
1023.239
1023.477
1023.715
1023.953
1024.190
1024.428
1024.666
1024.904
1025.142
1025.380
1025.618
1025.856
1026.094
1026.332
1026.570
1026.808
1027.046
1027.284
1027.522
1027.760
1027.998
1028.235
1028.473
1028.711
1028.949
1029.187
1029.663
1029.901
1030.139
1030.615
1030.853
1031.091
1031.567
1031.805
1032.043
1032.518
1032.756
1032.994
1033.470
1034.422
1034.660
1034.898
1035.136
1035.374
1035.612
1035.850
1036.088
1036.325
1036.563
1036.801
1037.039
1037.277
1037.515
1037.753
1037.991
1038.229
1038.467
1038.705
1038.943
1039.181
1039.419
1039.657
1039.895
1040.133
1040.370
1040.608
1040.846
1041.084
1041.322
1041.560
1041.798
1042.036
1042.274
1042.512
1042.750
1042.988
1043.226
1043.464
1043.702
1043.940
1044.178
1044.415
1044.653
1044.891
1045.129
1045.367
1045.605
1045.843
1046.081
1046.319
1046.557
1046.795
1047.033
1047.271
1047.509
1047.747
1047.985
1048.222
1048.460
1048.698
1048.936
1049.174
1049.412
1049.650
1049.888
1050.126
1050.364
1050.602
1050.840
1051.078
1051.316
1051.554
1051.792
1052.030
1052.267
1052.505
1052.743
1052.981
1053.219
1053.457
1053.695
1053.933
1054.171
1054.409
1054.647
1054.885
1055.123
1055.361
1055.599
1055.837
1056.075
1056.312
1056.550
1056.788
1057.264
1057.502
1057.740
1058.216
1058.454
1058.692
1059.168
1059.406
1059.644
1060.120
1060.357
1060.595
1061.071
1061.309
1061.547
1062.023
1062.261
1062.499
1062.975
1063.213
1063.451
1063.927
1064.165
1064.402
1064.878
1065.116
1065.354
1065.830
1066.068
1066.306
1066.782
1067.020
1067.258
1067.734
1067.972
1068.210
1068.685
1068.923
1069.161
1069.637
1069.875
1070.113
1070.589
1070.827
1071.065
1071.541
1072.017
1072.492
1072.968
1073.444
1073.920
1074.396
1074.872
1075.348
1075.824
1076.299
1076.775
1077.251
1077.727
1078.203
1078.679
1079.631
1080.582
1081.534
1082.486
1083.438
1084.389
1085.341
1086.293
