59.513
60.179
60.846
61.512
62.179
62.845
63.512
64.178
64.845
65.512
66.178
66.845
67.511
68.178
68.844
69.511
70.177
70.844
71.511
72.177
72.844
73.510
74.177
74.843
75.510
76.176
76.843
77.510
78.176
78.843
79.509
80.176
80.842
81.509
82.175
82.842
83.509
84.175
84.842
85.508
86.175
86.841
87.508
88.175
88.841
89.508
90.174
90.841
91.507
92.174
92.840
93.507
94.174
94.840
95.507
96.173
96.840
97.506
98.173
98.839
99.506
100.173
100.839
101.506
102.172
102.839
103.505
104.172
104.838
105.505
106.172
106.838
107.505
108.171
108.838
109.504
110.171
110.837
111.504
112.171
112.837
113.504
114.170
114.837
115.503
116.170
116.836
117.503
118.170
118.836
119.503
120.169
120.836
121.502
122.169
122.835
123.502
124.169
124.835
125.502
126.168
126.835
127.501
128.168
128.835
129.501
130.168
130.834
131.501
132.167
132.834
133.500
134.167
134.834
135.500
136.167
136.833
137.500
138.166
138.833
139.499
140.166
140.833
141.499
142.166
142.832
143.499
144.165
144.832
145.498
146.165
146.832
147.498
148.165
148.831
149.498
150.164
150.831
151.497
152.164
152.831
153.497
154.164
154.830
155.497
156.163
156.830
157.496
158.163
158.830
159.496
160.163
160.829
161.496
162.162
162.829
163.495
164.162
164.829
165.495
166.162
166.329
166.829
167.497
167.664
168.164
168.832
168.998
169.499
170.167
170.333
170.834
171.501
171.668
172.169
172.836
173.003
173.504
174.171
174.338
174.839
175.506
175.673
176.174
176.841
177.008
177.509
178.176
178.343
178.844
179.511
179.678
180.179
180.846
181.013
181.514
182.181
182.348
182.848
183.516
183.683
184.183
184.851
185.018
185.518
186.186
186.353
186.853
187.521
187.687
188.021
188.187
188.854
189.020
189.354
189.520
190.187
190.354
190.687
190.853
191.520
191.687
192.020
192.186
192.853
193.020
193.353
193.520
194.186
194.353
194.686
194.853
195.519
195.686
196.019
196.186
196.852
197.019
197.352
197.519
198.185
198.352
198.685
198.852
199.518
199.685
200.018
200.185
200.851
201.018
201.351
201.518
202.184
202.351
202.684
202.851
203.518
203.684
204.017
204.184
204.851
205.017
205.351
205.517
206.184
206.350
206.684
206.850
207.517
207.683
208.017
208.183
208.850
209.517
210.183
210.850
211.517
212.183
212.850
213.517
214.184
214.850
215.517
216.184
216.851
217.517
218.184
218.851
219.518
220.184
220.851
221.518
222.184
222.851
223.518
224.185
224.851
225.518
226.185
226.852
227.518
228.185
228.852
229.519
230.185
230.852
231.519
232.185
232.852
233.519
234.186
234.852
235.519
236.186
236.853
237.519
238.186
238.853
239.519
240.186
240.853
283.485
283.652
284.153
284.821
284.988
285.489
286.157
286.324
286.826
287.494
287.661
288.162
288.830
288.997
289.498
290.166
290.333
290.834
291.502
291.669
292.170
292.838
293.005
293.506
294.174
294.341
294.842
295.510
295.677
296.178
296.846
297.013
297.514
298.182
298.349
298.850
299.518
299.685
300.186
300.854
301.021
301.522
302.191
302.358
302.859
303.527
303.694
304.195
304.863
305.029
305.363
305.529
306.196
306.362
306.695
306.862
307.529
307.695
308.028
308.195
308.861
309.028
309.361
309.528
310.194
310.361
310.694
310.861
311.527
311.694
312.027
312.194
312.860
313.027
313.360
313.527
314.193
314.360
314.693
314.860
315.526
315.693
316.026
316.193
316.859
317.026
317.359
317.525
318.192
318.359
318.692
318.858
319.525
319.691
320.025
320.191
320.858
321.024
321.358
321.524
322.191
322.357
322.691
322.857
323.524
323.690
324.023
324.190
324.857
325.023
325.356
325.523
347.521
347.687
348.187
348.853
349.020
349.520
350.186
350.353
350.853
351.519
351.685
352.185
352.852
353.018
353.518
354.184
354.351
354.851
355.517
355.684
356.183
356.850
357.016
357.516
358.182
358.349
358.849
359.515
359.682
360.181
360.848
361.014
361.514
362.180
362.347
362.847
363.513
363.680
364.179
364.846
365.012
365.512
366.179
366.345
366.845
367.511
367.678
368.178
368.844
369.010
369.342
369.509
370.173
370.340
370.672
370.838
371.503
371.669
372.002
372.168
372.833
372.999
373.331
373.497
374.162
374.328
374.661
374.827
375.492
375.658
375.990
376.157
376.821
376.988
377.320
377.486
378.151
378.317
378.650
378.816
379.481
379.647
379.979
380.145
380.810
380.976
381.309
381.475
382.140
382.306
382.638
382.805
383.469
383.636
383.968
384.134
384.799
384.965
385.298
385.464
386.129
386.295
386.627
386.793
387.458
387.624
387.957
388.123
388.788
388.954
389.286
389.453
390.117
390.284
390.616
390.782
391.447
391.613
391.946
392.112
392.776
392.943
393.275
393.441
394.106
394.272
394.605
394.771
395.436
395.602
395.934
396.100
396.765
396.931
397.264
397.430
398.095
398.261
398.593
398.760
399.424
399.591
399.923
400.089
400.754
400.920
401.253
401.419
402.084
402.250
402.582
402.748
403.413
403.579
403.912
404.078
404.743
404.909
405.241
405.408
406.072
406.239
406.571
406.737
407.402
407.568
407.901
408.067
408.732
408.898
409.230
409.396
461.375
461.853
462.331
462.808
463.286
463.763
464.241
464.719
465.196
465.674
466.152
466.629
467.107
467.585
468.062
468.540
469.017
469.495
469.973
470.450
470.928
471.406
471.883
472.361
472.838
473.316
473.794
474.271
474.749
475.227
475.704
476.182
476.659
477.137
477.615
477.853
478.091
478.329
478.567
479.043
479.519
479.757
479.995
480.233
480.471
480.947
481.423
481.661
481.899
482.137
482.375
482.851
483.327
483.565
483.803
484.041
484.278
484.754
485.230
485.468
485.706
485.944
486.182
486.658
487.134
487.372
487.610
487.848
488.086
488.562
489.038
489.276
489.514
489.752
489.990
490.466
490.942
491.180
491.418
491.656
491.894
492.370
492.846
493.084
493.322
493.560
493.798
494.274
494.750
494.988
495.226
495.464
495.702
496.178
496.654
496.892
497.130
497.368
497.606
498.082
498.558
498.796
499.034
499.272
499.510
499.986
500.462
500.700
500.938
501.176
501.414
501.890
502.366
502.604
502.842
503.080
503.318
503.794
504.270
504.508
504.746
504.984
505.222
505.698
506.174
506.412
506.650
506.888
507.126
507.602
508.078
508.555
509.031
509.507
509.984
510.460
510.936
511.413
511.889
512.365
512.842
513.318
513.794
514.270
514.747
515.223
515.699
516.176
516.652
517.128
517.605
518.081
518.557
519.034
519.510
519.986
520.462
520.939
521.415
521.891
522.368
522.844
523.320
523.558
523.796
524.034
524.272
524.748
525.223
525.461
525.699
525.937
526.175
526.651
527.127
527.365
527.602
527.840
528.078
528.554
529.030
529.268
529.506
529.744
529.981
530.457
530.933
531.171
531.409
531.647
531.885
532.360
532.836
533.074
533.312
533.550
533.788
534.264
534.739
534.977
535.215
535.453
535.691
536.167
536.643
536.880
537.118
537.356
537.594
538.070
538.547
539.024
539.501
539.977
540.454
540.931
541.408
541.885
542.362
542.839
543.316
543.793
544.269
544.746
545.223
545.700
546.177
546.654
547.131
547.608
548.084
548.561
549.038
549.515
549.992
550.469
550.946
551.423
551.900
552.376
552.853
560.474
561.426
562.379
563.332
564.284
565.237
566.190
567.143
568.095
569.048
570.001
570.954
571.906
572.859
573.812
574.765
575.717
576.670
577.623
578.576
579.528
580.481
581.434
582.387
583.339
584.292
585.245
586.197
587.150
588.103
591.052
591.528
592.005
592.481
592.958
593.435
593.911
594.388
594.864
595.341
595.818
596.294
596.771
597.247
597.724
598.201
598.677
599.154
599.630
600.107
600.584
601.060
601.537
602.013
602.490
602.966
603.443
603.920
604.396
604.873
605.349
605.826
606.303
606.779
607.256
607.732
608.209
608.686
609.162
609.639
610.115
610.592
611.069
611.545
612.022
612.498
612.975
613.451
613.928
614.405
614.881
615.358
615.834
616.311
616.788
617.264
617.741
618.217
618.694
619.171
619.647
620.124
620.600
621.077
621.554
623.447
623.922
624.398
624.636
624.874
625.111
625.349
625.825
626.300
626.538
626.776
627.014
627.252
627.727
628.203
628.441
628.678
628.916
629.154
629.630
630.105
630.343
630.581
630.818
631.056
631.532
632.007
632.245
632.483
632.721
632.959
633.434
633.910
634.148
634.385
634.623
634.861
635.337
635.812
636.050
636.288
636.526
636.763
637.239
637.715
637.956
638.197
638.439
638.680
638.921
639.163
639.404
673.377
673.547
673.717
673.886
674.056
674.226
675.414
675.583
675.753
675.923
676.092
676.262
677.450
677.620
677.789
677.959
678.129
678.299
679.486
679.656
679.826
679.996
680.165
680.335
681.523
681.693
681.862
682.032
682.202
682.371
683.559
683.729
683.899
684.068
684.238
684.408
685.596
685.765
685.935
686.105
686.274
686.444
687.632
687.802
687.971
688.141
688.311
688.481
689.668
689.838
690.008
690.178
690.347
690.517
691.705
691.875
692.044
692.214
692.384
692.553
693.741
693.911
694.081
694.250
694.420
694.590
695.778
695.947
696.117
696.287
696.456
696.626
697.814
697.984
698.153
698.323
698.493
698.662
699.850
700.020
700.190
700.359
700.529
700.699
701.887
702.056
702.226
702.396
702.566
702.735
703.923
704.093
704.263
704.432
704.602
704.772
705.960
706.974
707.989
709.004
710.019
710.189
710.358
710.528
710.698
710.867
712.055
712.224
712.394
712.564
712.733
712.903
714.090
715.100
716.110
717.120
718.130
718.645
719.159
719.674
720.188
720.703
721.217
722.192
722.362
722.532
722.701
722.871
723.040
724.227
724.397
724.567
724.736
724.906
725.075
726.262
726.432
726.602
726.771
726.941
727.110
728.297
728.467
728.637
728.806
728.976
729.145
730.332
730.502
730.672
730.841
731.011
731.180
732.367
732.537
732.707
732.876
733.046
733.215
734.402
734.572
734.742
734.911
735.081
735.250
736.437
736.607
736.777
736.946
737.116
737.285
738.472
739.494
740.515
741.536
742.557
742.726
742.895
743.064
743.233
743.402
744.584
744.753
744.922
745.091
745.260
745.429
746.612
747.622
748.633
749.644
766.972
767.141
767.310
767.480
767.649
767.818
767.988
768.157
768.326
768.496
769.004
769.173
769.342
769.512
769.681
769.850
770.020
770.189
770.358
770.528
771.036
771.205
771.374
771.544
771.713
771.882
772.052
772.221
772.390
772.560
773.068
773.237
773.406
773.576
773.745
773.914
774.084
774.253
774.422
774.592
775.100
775.269
775.438
775.608
775.777
775.946
777.132
777.301
777.470
777.640
777.809
777.978
779.164
779.333
779.502
779.672
779.841
780.010
781.196
781.365
781.534
781.704
781.873
782.042
783.228
783.397
783.566
783.736
783.905
784.074
785.260
785.429
785.598
785.768
785.937
786.106
787.292
787.461
787.630
787.800
787.969
788.138
789.324
789.493
789.662
789.832
790.001
790.170
791.356
791.525
791.694
791.864
792.033
792.202
793.388
793.557
793.726
793.896
794.065
794.234
795.420
795.589
795.758
795.928
796.097
796.266
797.452
797.621
797.790
797.960
798.129
798.298
799.484
799.653
799.822
799.992
800.161
800.330
801.516
801.685
801.854
802.024
802.193
802.362
803.548
803.717
803.886
804.056
804.225
804.394
805.580
805.749
805.918
806.088
806.257
806.426
807.612
808.633
809.655
810.677
811.699
811.868
812.038
812.207
812.377
812.546
813.733
813.902
814.071
814.241
814.410
814.580
815.766
816.781
817.796
818.811
819.826
820.336
820.846
821.355
821.865
822.375
822.885
823.880
824.392
824.904
825.416
825.928
826.440
826.952
827.464
827.960
828.723
829.493
830.256
831.007
831.524
848.280
848.450
848.620
848.790
848.960
849.130
849.300
849.470
849.640
849.810
850.320
850.490
850.660
850.830
851.000
851.170
851.340
851.510
851.680
851.850
852.361
852.531
852.701
852.871
853.041
853.211
853.381
853.551
853.721
853.891
854.401
854.571
854.741
854.911
855.081
855.251
855.421
855.591
855.761
855.931
856.441
856.611
856.781
856.951
857.121
857.291
857.461
857.631
857.801
857.971
858.481
858.651
858.821
858.992
859.162
859.332
859.502
859.672
859.842
860.012
860.522
860.692
860.862
861.032
861.202
861.372
861.542
861.712
861.882
862.052
862.562
862.732
862.902
863.072
863.242
863.412
863.582
863.752
863.922
864.092
864.602
864.941
865.618
865.957
866.126
866.634
866.973
867.650
867.989
868.158
868.666
869.005
869.682
870.020
870.190
870.698
871.036
871.714
872.052
872.222
872.729
873.068
873.745
874.084
874.253
874.761
875.100
875.777
876.116
876.285
876.793
877.132
877.809
878.148
878.317
878.825
879.163
879.841
880.179
880.349
971.559
972.681
973.802
976.045
977.167
978.289
980.532
981.654
981.934
982.215
982.496
982.776
983.899
984.180
984.461
984.741
985.022
986.145
986.425
986.706
986.987
987.268
987.409
988.396
988.537
989.525
990.613
990.895
991.177
991.459
991.741
992.869
993.151
993.433
993.716
993.998
995.126
995.408
995.690
995.972
996.254
996.395
997.384
997.525
998.514
998.794
999.073
999.352
999.632
999.911
1000.191
1000.470
1000.750
1001.029
1001.309
1001.588
1001.867
1002.147
1002.426
1002.706
1002.985
1003.265
1003.544
1003.824
1004.103
1004.382
1004.662
1004.941
1005.221
1005.500
1005.780
1006.059
1006.338
1006.618
1006.897
1007.177
1007.456
1009.681
1009.967
1010.252
1010.538
1010.824
1011.109
1011.395
1011.680
1011.966
1012.372
1013.075
1013.484
1014.202
1014.479
1014.757
1015.034
1015.312
1016.456
1017.015
1017.574
1018.133
1018.692
1019.251
1019.810
1020.368
1020.927
1021.486
1022.045
1022.604
1023.163
1023.304
1023.728
1024.151
1024.575
1024.998
1025.422
1025.979
1026.535
1027.091
1027.648
1028.204
1028.761
1029.317
1029.874
1030.166
1030.324
1030.598
1030.899
1032.141
1032.265
1032.677
1033.102
1033.527
1033.952
1034.377
1034.631
1034.781
1035.146
1035.353
1036.609
1037.723
1038.005
1038.287
1038.569
1038.851
1039.979
1040.261
1040.544
1040.826
1041.108
1042.236
1042.518
1042.800
1043.082
1043.364
1043.503
1044.470
1044.608
1045.575
1046.695
1046.976
1047.257
1047.539
1047.820
1048.945
1049.227
1049.508
1049.789
1050.071
1051.196
1051.477
1051.759
1052.040
1052.321
1052.460
1053.435
1053.575
1054.549
1054.830
1055.110
1055.391
1055.671
1055.951
1056.232
1056.512
1056.793
1057.073
1057.353
1057.634
1057.914
1058.195
1058.475
1058.756
1059.036
1059.316
1059.597
1059.877
1060.158
1060.438
1060.718
1060.999
1061.279
1061.560
1061.840
1062.121
1062.401
1062.681
1062.962
1063.242
1063.523
1063.803
1064.083
1064.364
1064.644
1064.925
1065.205
1065.486
1065.766
1066.046
1066.327
1066.607
1066.888
1067.168
1067.448
1067.729
1068.009
1068.290
1068.570
1068.850
1069.131
1069.411
1069.692
1069.972
1070.253
1070.533
1070.813
1071.094
1071.374
1072.516
1073.076
1073.636
1074.196
1074.756
1075.316
1075.876
1076.436
1076.996
1077.556
1078.116
1078.676
1079.236
1079.378
1079.805
1080.222
1080.639
1081.057
1081.474
1082.035
1082.596
1083.157
1083.717
1084.278
1084.839
1085.400
1085.960
1086.241
1086.382
1086.662
1086.943
1088.201
1088.345
1088.771
1089.198
1089.624
1090.051
1090.477
1090.610
1091.025
1091.440
1091.854
1092.269
1092.684
1093.818
1094.261
1094.705
1096.034
1096.478
1096.921
1098.251
1098.694
1099.137
1101.667
1102.227
1102.786
1103.346
1103.905
1104.465
1105.024
1105.583
1106.143
1106.702
1107.262
1107.821
1108.380
1108.940
1109.499
1110.059
1110.618
1111.177
1111.737
1112.018
1112.299
1112.580
1112.861
1113.424
1113.986
1114.267
1114.548
1114.830
1115.111
1115.673
1116.235
1116.517
1116.798
1117.079
1117.360
1117.923
1118.485
1118.766
1119.047
1119.328
1130.810
1130.950
1131.090
1131.371
1131.511
1131.652
1131.933
1133.055
1133.196
1133.336
1133.617
1133.757
1133.898
1134.178
1135.301
1135.442
1135.583
1135.864
1136.005
1136.145
1136.426
1136.567
1136.708
1136.989
1137.130
1137.270
1137.551
1137.692
1137.833
1138.114
1138.255
1138.395
1138.676
1139.812
1140.371
1140.929
1141.488
1142.047
1142.606
1143.165
1143.724
1144.283
1144.841
1145.400
1145.959
1146.518
1146.665
1147.104
1147.524
1147.944
1148.363
1148.783
1149.344
1149.905
1150.466
1151.027
1151.588
1152.149
1152.710
1153.271
1153.548
1153.687
1153.965
1154.242
1155.504
1155.647
1156.075
1156.499
1156.923
1157.346
1157.770
1157.905
1158.311
1158.736
1159.160
1159.585
1160.009
1160.146
1160.558
1160.979
1161.400
1161.822
1162.243
1162.388
1162.822
1163.231
1163.640
1164.049
1164.458
1164.740
1164.881
1165.163
1165.445
1198.730
1198.980
1199.481
1199.731
1200.231
1200.481
1200.982
1201.232
1201.732
1201.982
1202.483
1202.733
1203.233
1203.483
1203.984
1204.234
1204.734
1204.984
1205.485
1205.735
1206.235
1206.486
1206.986
1207.236
1207.736
1207.987
1208.487
1208.737
1209.237
1209.488
1209.988
1210.238
1210.738
1210.989
1211.489
1211.739
1212.239
1212.490
1212.990
1213.240
1213.741
1213.991
1214.736
1214.986
1215.486
1215.736
1216.236
1216.486
1216.986
1217.236
1217.735
1217.985
1218.235
1218.485
1218.735
1218.985
1219.485
1219.735
1220.235
1220.485
1220.984
1221.234
1221.734
1221.984
1222.234
1222.484
1222.734
1222.984
1223.484
1223.734
1224.233
1224.483
1224.983
1225.233
1225.733
1225.983
1226.233
1226.483
1226.733
1226.983
1227.482
1227.732
1228.232
1228.482
1228.982
1229.232
1229.732
1229.982
1230.232
1230.481
1230.731
1230.981
1231.481
1231.731
1232.231
1232.481
1232.981
1233.231
1233.730
1233.980
1234.230
1234.480
1234.730
1234.980
1235.480
1235.730
1236.230
1236.480
1236.979
1237.229
1237.729
1237.979
1238.229
1238.478
1238.728
1238.978
1239.227
1239.477
1239.727
1239.976
1240.226
1240.476
1240.725
1240.975
1241.225
1241.475
1241.724
1241.974
1242.224
1242.473
1242.723
1242.973
1243.222
1243.472
1243.722
1243.971
1244.221
1244.471
1244.720
1244.970
1245.220
1245.470
1245.719
1245.969
1246.221
1246.724
1246.976
1247.479
1247.731
1248.235
1248.486
1248.990
1249.242
1249.745
1249.997
1250.739
1250.990
1251.492
1251.743
1252.245
1252.496
1252.998
1253.249
1254.749
1254.999
1255.500
1255.750
1256.250
1256.501
1257.001
1257.252
1257.752
1258.002
1258.737
1258.987
1259.487
1259.737
1260.237
1260.487
1260.987
1261.237
1262.730
1262.982
1263.487
1263.739
1264.244
1264.496
1265.001
1265.253
1265.757
1266.010
1266.739
1266.988
1267.488
1267.738
1268.237
1268.487
1268.987
1269.237
1270.717
1270.967
1271.218
1271.468
1271.719
1271.969
1272.220
1272.470
1272.721
1272.971
1273.222
1273.472
1273.723
1273.973
1274.224
1274.474
1274.725
1274.975
1275.472
1275.722
1276.222
1276.472
1276.972
1277.222
1277.722
1277.972
1278.222
1278.472
1278.722
1278.973
1279.473
1279.723
1280.223
1280.473
1280.973
1281.223
1281.723
1281.973
1282.223
1282.473
1282.723
1282.974
1283.474
1283.724
1284.224
1284.474
1284.974
1285.224
1285.724
1285.974
1286.224
1286.474
1286.725
1286.975
1287.475
1287.725
1288.225
1288.475
1288.975
1289.225
1289.725
1289.975
1290.225
1290.475
1290.726
1290.976
1291.476
1291.726
1292.226
1292.476
1292.976
1293.226
1293.726
1293.976
1294.226
1294.477
1294.727
1294.977
1295.477
1295.727
1296.227
1296.477
1296.977
1297.227
1297.727
1297.977
1298.227
1298.477
1298.726
1298.976
1299.226
1299.476
1299.725
1299.975
1300.225
1300.475
1300.725
1300.974
1301.224
1301.474
1301.724
1301.973
1302.223
1302.473
1302.723
1302.972
1303.222
1303.472
1303.722
1303.971
1304.221
1304.471
1304.721
1304.970
1305.220
1305.470
1305.720
1305.969
1306.219
1306.469
1306.719
1306.969
1307.486
1307.734
1308.229
1308.476
1308.971
1309.218
1309.713
1309.961
1310.738
1310.986
1311.483
1311.731
1312.228
1312.476
1312.973
1313.221
1314.726
1314.978
1315.482
1315.734
1316.238
1316.489
1316.993
1317.245
1317.749
1318.001
1318.745
1318.991
1319.483
1319.729
1320.222
1320.468
1320.961
1321.207
1322.718
1322.968
1323.468
1323.718
1324.218
1324.468
1324.968
1325.218
1325.718
1325.968
1326.727
1326.976
1327.472
1327.721
1328.218
1328.466
1328.963
1329.212
1330.709
1330.958
1331.208
1331.457
1331.706
1331.956
1332.205
1332.454
1332.704
1332.953
1333.202
1333.452
1333.701
1333.950
1334.200
1334.449
1334.698
1334.948
1335.484
1335.734
1336.234
1336.484
1336.984
1337.234
1337.734
1337.984
1338.234
1338.484
1338.734
1338.984
1339.484
1339.734
1340.234
1340.484
1340.984
1341.234
1341.734
1341.984
1342.234
1342.484
1342.734
1342.984
1343.484
1343.734
1344.234
1344.484
1344.984
1345.234
1345.734
1345.984
1346.234
1346.484
1346.734
1346.984
1347.484
1347.734
1348.234
1348.484
1348.984
1349.234
1349.734
1349.984
1350.234
1350.484
1350.734
1350.984
1351.484
1351.734
1352.234
1352.484
1352.984
1353.234
1353.734
1353.984
1354.234
1354.484
1354.734
1354.984
1355.484
1355.734
1356.234
1356.484
1356.984
1357.234
1357.734
1357.984
1358.234
1358.483
1358.733
1358.983
1359.232
1359.482
1359.732
1359.981
1360.231
1360.481
1360.730
1360.980
1361.230
1361.479
1361.729
1361.979
1362.228
1362.478
1362.728
1362.977
1363.227
1363.477
1363.726
1363.976
1364.226
1364.475
1364.725
1364.975
1365.224
1365.474
1365.724
1365.973
1366.223
1366.473
1366.722
1366.972
1367.222
1367.471
1367.721
1367.971
1368.220
1368.470
1368.720
1368.969
1369.219
1369.469
1369.718
1369.968
1370.218
1370.467
1370.717
1370.967
1371.216
1371.466
1371.716
1371.965
1372.215
1372.465
1372.714
1372.964
1373.214
1373.463
1373.713
1373.963
1374.212
1374.462
1374.711
1374.961
1375.486
1375.736
1376.235
1376.484
1376.983
1377.233
1377.732
1377.981
1378.738
1378.989
1379.492
1379.743
1380.245
1380.496
1380.999
1381.250
1381.752
1382.003
1382.721
1382.971
1383.472
1383.722
1384.223
1384.473
1384.974
1385.224
1386.722
1386.973
1387.476
1387.728
1388.231
1388.483
1388.986
1389.237
1389.741
1389.992
1390.700
1390.952
1391.455
1391.707
1392.211
1392.463
1392.967
1393.219
1393.722
1393.974
1394.710
1394.960
1395.211
1395.461
1395.711
1395.962
1396.212
1396.462
1396.713
1396.963
1397.213
1397.464
1397.714
1397.964
1398.215
1398.465
1398.715
1398.965
1399.456
1399.710
1400.220
1400.474
1400.984
1401.238
1401.748
1402.002
1402.732
1402.982
1403.231
1403.481
1403.731
1403.981
1404.231
1404.480
1404.730
1404.980
1405.230
1405.480
1405.730
1405.979
1406.229
1406.479
1406.729
1406.979
1407.487
1407.738
1408.240
1408.491
1408.993
1409.244
1409.747
1409.996
1410.246
1410.496
1410.745
1410.995
1411.245
1411.494
1411.744
1411.993
1412.243
1412.493
1412.742
1412.992
1413.242
1413.491
1413.741
1413.991
1414.240
1414.490
1414.740
1414.989
1415.458
1415.714
1416.227
1416.483
1416.996
1417.252
1417.765
1418.012
1418.259
1418.506
1418.753
1419.000
1419.247
1419.494
1419.741
1419.988
1420.235
1420.482
1420.729
1420.976
1421.223
1421.470
1421.717
1421.964
1422.211
1422.458
1422.705
1422.952
1423.473
1423.726
1424.232
1424.485
1424.992
1425.245
1425.751
1426.000
1426.249
1426.498
1426.746
1426.995
1427.244
1427.493
1427.742
1427.991
1428.240
1428.488
1428.737
1428.986
1429.235
1429.484
1429.733
1429.981
1430.230
1430.479
1430.728
1430.977
1431.453
1431.708
1432.217
1432.471
1432.980
1433.235
1433.744
1433.993
1434.242
1434.491
1434.740
1434.989
1435.238
1435.487
1435.736
1435.985
1436.234
1436.483
1436.732
1436.981
1437.230
1437.479
1437.728
1437.977
1438.226
1438.475
1438.724
1438.973
1439.465
1439.716
1440.217
1440.468
1440.969
1441.219
1442.733
1443.488
1444.243
1444.999
1445.754
1445.996
1446.238
1446.480
1446.722
1446.964
1447.454
1447.704
1448.203
1448.453
1448.953
1449.203
1449.703
1449.952
1450.202
1450.452
1450.702
1450.952
1451.452
1451.702
1452.201
1452.451
1452.951
1453.201
1453.701
1453.950
1454.200
1454.450
1454.700
1454.950
1455.450
1455.700
1456.199
1456.449
1456.949
1457.199
1457.698
1457.948
1458.198
1458.448
1458.698
1458.948
1459.448
1459.697
1460.197
1460.447
1460.947
1461.197
1461.696
1461.946
1462.196
1462.446
1462.696
1462.946
1463.446
1463.695
1464.195
1464.445
1464.945
1465.195
1465.694
1465.944
1466.194
1466.444
1466.694
1466.944
1467.443
1467.693
1468.193
1468.443
1468.943
1469.193
1469.692
1469.943
1470.193
1470.444
1470.695
1470.945
1471.196
1471.446
1471.697
1471.948
1472.198
1472.449
1472.699
1472.950
1473.201
1473.451
1473.702
1473.952
1474.203
1474.454
1474.704
1474.955
1475.205
1475.456
1475.707
1475.957
1476.208
1476.458
1476.709
1476.960
1477.210
1477.461
1477.711
1477.962
1478.212
1478.463
1478.714
1478.964
1479.215
1479.465
1479.716
1479.967
1480.217
1480.468
1480.718
1480.969
1481.220
1481.470
1481.721
1481.971
1482.222
1482.473
1482.723
1482.974
1483.224
1483.475
1483.726
1483.976
1484.227
1484.477
1484.728
1484.979
1485.229
1485.480
1485.730
1485.981
1486.231
1486.482
1486.733
1486.983
1487.492
1487.742
1488.242
1488.492
1488.992
1489.242
1489.742
1489.993
1490.493
1490.743
1491.243
1491.493
1491.993
1492.243
1492.744
1492.994
1493.494
1493.744
1494.244
1494.494
1494.994
1495.244
1495.745
1495.995
1496.495
1496.745
1497.245
1497.495
1497.995
1498.245
1498.746
1498.996
1499.496
1499.746
1500.246
1500.496
1548.353
1548.953
1549.554
1549.854
1550.154
1550.455
1550.755
1551.355
1551.956
1552.256
1552.556
1552.857
1553.157
1553.758
1554.358
1554.658
1554.959
1555.259
1555.559
1556.160
1556.760
1557.060
1557.361
1557.661
1557.961
1558.562
1559.162
1559.463
1559.763
1560.063
1560.363
1560.964
1561.564
1561.865
1562.165
1562.465
1562.765
1563.366
1563.966
1564.267
1564.567
1564.867
1565.168
1565.768
1566.369
1566.669
1566.969
1567.269
1567.570
1568.169
1568.769
1569.368
1569.967
1570.567
1571.166
1571.766
1572.365
1572.965
1573.564
1574.164
1574.763
1575.363
1575.962
1576.561
1577.161
1577.760
1578.360
1578.959
1579.559
1580.158
1580.758
1581.357
1581.957
1582.556
1583.155
1583.755
1584.354
1584.954
1585.553
1586.153
1586.752
1587.352
1587.951
1588.551
1589.150
1589.749
1590.349
1590.948
1591.548
1592.147
1592.747
1593.346
1593.946
1594.545
1595.145
1595.744
1596.343
1596.943
1597.542
1597.842
1598.142
1598.441
1598.741
1599.041
1599.640
1599.939
1600.239
1600.539
1600.838
1601.138
1601.737
1602.337
1602.636
1603.535
1603.835
1604.434
1604.731
1605.029
1605.326
1605.623
1605.921
1607.123
1608.341
1608.941
1609.541
1610.141
1610.740
1611.940
1613.139
1613.739
1614.339
1614.939
1615.539
1616.738
1617.938
1618.538
1619.137
1619.437
1619.737
1620.337
1621.536
1622.736
1623.336
1623.936
1624.535
1625.135
1625.740
1626.344
1626.643
1626.943
1627.542
1628.140
1628.739
1629.039
1629.338
1629.937
1630.536
1631.134
1631.434
1631.733
1632.332
1632.931
1633.530
1633.829
1634.128
1634.727
1635.326
1635.925
1636.224
1636.524
1637.122
1637.721
1638.320
1638.619
1638.919
1639.518
1640.116
1640.715
1641.015
1641.314
1641.913
1642.512
1643.110
1643.410
1643.709
1644.308
1644.907
1645.506
1645.806
1646.107
1646.408
1646.709
1647.009
1647.611
1647.911
1648.212
1648.513
1648.814
1649.114
1649.716
1650.317
1650.618
1651.520
1651.821
1652.422
1652.723
1653.024
1653.325
1653.625
1653.926
1655.130
1656.344
1656.943
1657.543
1658.142
1658.741
1659.940
1661.139
1661.739
1662.338
1662.938
1663.537
1664.736
1665.935
1666.534
1667.134
1667.434
1667.733
1668.333
1669.532
1670.731
1671.330
1671.929
1672.529
1692.337
1692.637
1692.937
1693.537
1693.688
1693.838
1694.738
1695.039
1695.339
1695.939
1696.089
1696.239
1697.140
1697.440
1697.741
1698.341
1698.491
1698.641
1699.542
1699.842
1700.142
1700.743
1700.893
1701.043
1701.944
1702.244
1702.544
1703.145
1703.295
1703.445
1704.345
1704.646
1704.946
1705.546
1705.696
1705.847
1706.747
1707.047
1707.348
1707.948
1708.098
1708.248
1709.149
1709.449
1709.749
1710.350
1710.500
1710.650
1711.551
1711.851
1712.150
1712.750
1712.900
1713.050
1713.350
1713.949
1714.249
1714.549
1715.148
1715.298
1715.448
1715.748
1716.348
1716.647
1716.947
1717.547
1717.697
1717.847
1718.146
1718.746
1719.046
1719.346
1719.945
1720.095
1720.245
1720.545
1721.144
1721.444
1721.744
1722.344
1722.494
1722.643
1722.943
1723.543
1723.843
1724.142
1724.742
1724.892
1725.042
1725.342
1725.941
1726.241
1726.541
1727.140
1727.290
1727.440
1727.740
1728.340
1728.639
1728.939
1729.539
1729.689
1729.839
1730.138
1730.738
1731.329
1731.919
1732.219
1732.519
1732.819
1733.120
1733.720
1734.320
1734.620
1734.921
1735.221
1735.521
1736.121
1736.722
1737.021
1737.321
1737.621
1737.920
1738.220
1738.820
1739.119
1739.419
1739.719
1740.018
1740.318
1740.918
1741.517
1741.817
1742.716
1743.015
1743.615
1743.915
1744.214
1744.514
1744.814
1745.113
1746.326
1747.539
1748.139
1748.739
1749.340
1749.940
1751.140
1752.340
1752.940
1753.540
1754.140
1754.741
1755.941
1757.141
1757.741
1758.341
1758.641
1758.941
1759.541
1760.742
1761.942
1762.542
1763.142
1763.743
1764.345
1764.946
1765.547
1765.847
1766.147
1766.447
1766.747
1767.347
1767.947
1768.247
1768.547
1768.847
1769.147
1769.747
1770.346
1770.646
1770.946
1771.246
1771.546
1772.146
1772.746
1773.046
1773.346
1773.646
1773.946
1774.545
1775.145
1775.445
1775.745
1776.045
1776.345
1776.945
1777.545
1777.845
1778.145
1778.445
1778.745
1779.344
1779.944
1780.244
1780.544
1780.844
1781.144
1781.744
1782.344
1782.644
1782.944
1783.244
1783.543
1783.843
1784.142
1784.291
1784.591
1784.740
1784.890
1785.039
1785.961
1786.261
1786.561
1786.711
1787.161
1787.311
1787.461
1788.360
1788.660
1788.960
1789.110
1789.410
1789.560
1789.710
1789.860
1790.760
1791.059
1791.359
1791.509
1791.959
1792.109
1792.259
1793.159
1793.459
1793.758
1793.908
1794.208
1794.358
1794.508
1794.658
1795.558
1795.858
1796.158
1796.307
1796.757
1796.907
1797.057
1797.957
1798.257
1798.557
1798.707
1799.006
1799.156
1799.306
1799.456
1800.356
1800.656
1800.956
1801.106
1801.556
1801.705
1801.855
1833.712
1833.998
1834.284
1834.569
1834.855
1835.141
1835.426
1835.712
1835.998
1836.283
1836.569
1836.855
1837.140
1837.426
1837.712
1837.997
1838.283
1838.569
1838.854
1839.140
1839.426
1839.711
1839.997
1840.283
1840.568
1840.854
1841.140
1841.425
1841.711
1841.997
1842.282
1842.568
1842.854
1843.139
1843.425
1843.711
1843.996
1844.282
1844.568
1844.853
1845.139
1845.425
1845.710
1845.996
1846.282
1846.567
1846.853
1847.139
1847.424
1847.710
1847.996
1848.281
1848.567
1848.853
1849.138
1849.424
1849.710
1849.995
1850.281
1850.567
1850.852
1851.138
1851.424
1851.709
1851.995
1852.281
1852.567
1852.852
1853.138
1853.424
1853.709
1853.995
1854.281
1854.566
1854.852
1855.138
1855.423
1855.709
1855.995
1856.280
1856.566
1856.852
1857.137
1857.423
1857.709
1857.994
1858.280
1858.566
1858.851
1859.137
1859.423
1859.708
1859.994
1860.280
1860.565
1860.851
1865.725
1866.011
1866.868
1867.154
1868.011
1868.296
1869.154
1869.439
1870.296
1870.582
1871.439
1871.725
1872.582
1872.868
1873.725
1874.011
1874.868
1875.153
1876.011
1876.296
1877.153
1877.439
1878.296
1878.582
1879.439
1879.725
1880.582
1880.868
1881.725
1882.011
1882.868
1883.153
1884.010
1884.295
1884.579
1884.864
1885.148
1885.433
1885.717
1886.002
1886.286
1886.570
1886.855
1887.139
1887.424
1887.708
1887.993
1888.277
1888.562
1888.846
1889.130
1889.415
1889.699
1889.984
1890.268
1890.553
1890.837
1891.122
1891.406
1891.690
1891.975
1892.259
1892.544
1892.828
1893.113
1893.685
1894.258
1894.831
1895.404
1895.977
1896.550
1897.123
1897.695
1898.268
1898.841
1899.414
1899.700
1899.986
1900.272
1900.557
1900.843
1901.129
1901.415
1901.701
1901.987
1902.273
1902.843
1903.413
1903.983
1904.553
1905.123
1905.693
1906.263
1906.833
1907.403
1907.973
1908.543
1909.113
1909.400
1909.686
1909.973
1910.260
1910.546
1910.833
1911.120
1911.406
1911.693
1912.547
1912.834
1913.694
1913.981
1914.841
1915.128
1915.988
1916.275
1917.135
1917.422
1918.282
1918.569
1919.429
1919.716
1920.576
1920.863
1921.723
1922.010
1922.870
1923.157
1924.017
1924.304
1925.164
1925.450
1926.311
1926.597
1927.458
1927.744
1928.605
1928.891
1947.969
1948.542
1949.114
1949.687
1950.260
1950.833
1951.406
1951.978
1952.551
1953.124
1953.697
1954.269
1954.842
1955.415
1955.988
1956.561
1957.133
1957.706
1958.279
1958.852
1959.425
1959.997
1960.570
1961.143
1961.716
1962.288
1962.861
1963.434
1964.007
1964.292
1964.577
1964.862
1965.147
1965.432
1965.718
1966.003
1966.288
1966.573
1966.858
1967.143
1967.428
1967.713
1967.998
1968.284
1968.569
1968.854
1969.139
1969.424
1969.709
1969.994
1970.279
1970.565
1970.850
1971.135
1971.420
1971.705
1971.990
1972.275
1972.560
1972.846
1973.131
1973.416
1973.701
1973.986
1974.271
1974.556
1974.841
1975.127
1975.412
1975.697
1976.579
1976.865
1977.723
1978.009
1978.868
1979.154
1980.012
1980.298
1981.156
1981.442
1982.300
1982.586
1983.444
1983.730
1984.589
1984.875
1985.733
1986.019
1986.877
1987.163
1988.021
1988.307
1989.165
1989.451
1990.310
1990.596
1991.454
1991.740
1992.598
1992.884
1993.742
1994.312
1994.882
1995.452
1996.022
1996.592
1997.162
1997.732
1998.302
1998.872
1999.442
2000.012
2000.582
2001.152
2001.722
2002.292
2002.862
2003.432
2004.001
2004.571
2005.141
2005.711
2006.281
2006.851
2007.421
2007.991
2008.561
2009.131
2009.701
2010.271
2010.841
2011.411
2011.981
2012.267
2012.553
2012.840
2013.126
2013.412
2013.698
2013.984
2014.271
2014.557
2014.843
2015.129
2015.415
2015.702
2015.988
2016.274
2016.560
2016.847
2017.133
2017.419
2017.705
2017.991
2018.278
2018.564
2018.850
2019.136
2019.422
2019.709
2019.995
2020.281
2020.567
2020.853
2021.140
2021.426
2021.712
2021.998
2022.284
2022.571
2022.857
2023.143
2023.429
2023.716
2024.002
2024.288
2024.574
2024.860
2025.147
2025.433
2025.719
2026.005
2026.291
2026.578
2026.864
2027.150
2027.436
2027.722
2028.009
2028.295
2028.581
2028.867
2029.153
2029.440
2029.726
2029.868
2030.011
2030.153
2030.296
2030.439
2030.581
2030.724
2030.866
2031.009
2031.151
2031.294
2031.436
2031.579
2031.721
2031.864
2057.386
2057.653
2058.009
2058.188
2058.366
2058.989
2059.256
2059.612
2059.790
2059.968
2060.591
2060.859
2061.215
2061.393
2061.571
2062.194
2062.461
2062.817
2062.995
2063.173
2063.797
2064.064
2064.420
2064.598
2064.776
2065.399
2065.666
2066.023
2066.201
2066.379
2066.916
2067.025
2067.134
2067.243
2067.351
2067.460
2067.569
2067.678
2067.787
2067.896
2068.004
2068.113
2068.222
2068.331
2068.440
2068.549
2068.657
2068.766
2068.875
2068.984
2069.093
2069.202
2069.310
2069.419
2069.528
2069.637
2069.746
2070.146
2070.546
2070.946
2071.346
2071.746
2072.146
2072.546
2072.946
2073.346
2073.746
2074.146
2074.546
2074.946
2075.346
2075.746
2076.146
2076.546
2076.946
2077.346
2077.746
2078.146
2078.546
2078.946
2079.346
2079.746
2080.146
2080.546
2080.946
2081.346
2081.746
2082.146
2082.546
2082.946
2083.145
2083.345
2083.545
2083.744
2083.944
2084.143
2084.343
2084.543
2084.742
2084.942
2085.142
2085.341
2085.541
2085.740
2085.940
2086.140
2086.339
2086.539
2086.739
2086.938
2087.138
2087.337
2087.537
2087.737
2087.936
2088.136
2088.336
2088.535
2088.735
2088.934
2089.134
2089.334
2089.533
2089.733
2089.933
2090.132
2090.332
2090.531
2090.731
2090.931
2091.130
2091.330
2091.530
2091.729
2091.929
2092.128
2092.328
2092.528
2092.727
2092.927
2093.126
2093.326
2093.526
2093.725
2093.925
2094.125
2094.324
2094.524
2094.723
2094.923
2095.123
2095.322
2095.522
2095.722
2096.522
2097.323
2098.124
2098.924
2099.725
2100.526
2102.153
2102.553
2102.954
2103.354
2103.754
2104.155
2104.555
2104.955
2105.356
2105.756
2106.156
2106.557
2106.957
2107.357
2107.758
2108.158
2108.558
2108.959
2109.359
2109.759
2110.160
2110.560
2110.960
2111.361
2111.761
2112.161
2112.562
2112.962
2113.362
2113.763
2114.163
2114.563
2114.964
2115.164
2115.364
2115.563
2115.763
2115.963
2116.163
2116.363
2116.563
2116.763
2116.963
2117.162
2117.362
2117.562
2117.762
2117.962
2118.162
2118.362
2118.562
2118.762
2118.961
2119.161
2119.361
2119.561
2119.761
2119.961
2120.161
2120.361
2120.561
2120.760
2120.960
2121.160
2121.360
2121.560
2121.760
2121.960
2122.160
2122.360
2122.559
2122.759
2122.959
2123.159
2123.359
2123.559
2123.759
2123.959
2124.159
2124.358
2124.558
2124.758
2124.958
2125.158
2125.358
2125.558
2125.758
2125.957
2126.157
2126.357
2126.557
2126.757
2126.957
2127.157
2127.357
2127.557
2127.756
2128.557
2129.357
2130.157
2130.957
2131.758
2132.558
2133.358
2134.158
2134.425
2134.780
2134.957
2135.135
2135.756
2136.022
2136.377
2136.555
2136.732
2137.353
2137.620
2137.975
2138.152
2138.330
2138.951
2139.217
2139.572
2139.750
2139.927
2140.548
2140.815
2141.170
2141.347
2141.525
2142.146
2142.412
2142.767
2142.945
2143.122
2143.743
2144.010
2144.365
2144.542
2144.720
2145.341
2145.607
2145.962
2146.140
2146.317
2146.934
2147.335
2147.736
2148.137
2148.538
2148.939
2149.340
2149.741
2150.142
2150.543
2150.944
2151.344
2151.745
2152.146
2152.547
2152.948
2153.349
2153.750
2154.151
2154.552
2154.953
2155.354
2155.755
2156.156
2156.557
2156.958
2157.359
2157.760
2158.161
2158.562
2158.963
2159.364
2159.765
2159.964
2160.164
2160.364
2160.563
2160.763
2160.963
2161.163
2161.362
2161.562
2161.762
2161.961
2162.161
2162.361
2162.561
2162.760
2162.960
2163.160
2163.359
2163.559
2163.759
2163.959
2164.158
2164.358
2164.558
2164.757
2164.957
2165.157
2165.357
2165.556
2165.756
2165.956
2166.155
2166.355
2166.555
2166.755
2166.954
2167.154
2167.354
2167.553
2167.753
2167.953
2168.153
2168.352
2168.552
2168.752
2168.951
2169.151
2169.351
2169.551
2169.750
2169.950
2170.150
2170.350
2170.549
2170.749
2170.949
2171.148
2171.348
2171.548
2171.748
2171.947
2172.147
2172.347
2172.546
2173.349
2174.151
2174.953
2175.755
2176.557
2177.360
2178.162
2178.964
2179.231
2179.588
2179.766
2179.944
2180.568
2180.835
2181.192
2181.370
2181.548
2182.172
2182.439
2182.796
2182.974
2183.152
2183.776
2184.043
2184.400
2184.578
2184.756
2185.380
2185.647
2186.003
2186.182
2186.360
2186.984
2187.251
2187.607
2187.786
2187.964
2188.587
2188.855
2189.211
2189.389
2189.568
2190.191
2190.459
2190.815
2190.993
2191.172
2191.777
2191.976
2192.176
2192.376
2192.575
2192.775
2192.975
2193.174
2193.374
2193.574
2193.773
2193.973
2194.172
2194.372
2194.572
2194.771
2194.971
2195.171
2195.370
2195.570
2195.770
2195.969
2196.169
2196.369
2196.568
2196.768
2196.968
2197.167
2197.367
2197.567
2197.766
2197.966
2198.166
2198.365
2198.565
2198.765
2198.964
2199.164
2199.364
2199.563
2199.763
2199.963
2200.162
2200.362
2200.562
2200.761
2200.961
2201.161
2201.360
2201.560
2201.760
2201.959
2202.159
2202.359
2202.558
2202.758
2202.958
2203.157
2203.357
2203.556
2203.756
2203.956
2204.155
2204.355
2204.555
2204.754
2206.143
2206.342
2207.757
2208.562
2209.367
2210.172
2210.977
2211.177
2212.576
2212.776
2214.174
2214.969
2215.764
2216.558
2217.353
2217.753
2218.152
2218.552
2218.951
2219.351
2219.751
2220.150
2220.550
2220.949
2221.349
2221.749
2222.148
2222.548
2222.947
2223.347
2223.747
2224.146
2224.546
2224.946
2225.345
2225.745
2226.144
2226.544
2226.944
2227.343
2227.743
2228.142
2228.542
2228.942
2229.341
2229.741
2230.140
2230.340
2230.540
2230.740
2230.940
2231.140
2231.340
2231.540
2231.740
2231.939
2232.139
2232.339
2232.539
2232.739
2232.939
2233.139
2233.339
2233.538
2233.738
2233.938
2234.138
2234.338
2234.538
2234.738
2234.938
2235.137
2235.337
2235.537
2235.737
2235.937
2236.137
2236.337
2236.537
2236.737
2236.936
2237.136
2237.336
2237.536
2237.736
2237.936
2238.136
2238.336
2238.535
2238.735
2238.935
2239.135
2239.335
2239.535
2239.735
2239.935
2240.135
2240.334
2240.534
2240.734
2240.934
2241.134
2241.334
2241.534
2241.734
2241.933
2242.133
2242.333
2242.533
2242.733
2242.933
2243.734
2244.536
2245.338
2246.139
2246.941
2247.742
2248.544
2249.345
2249.745
2250.145
2250.545
2250.945
2251.345
2251.744
2252.144
2252.544
2252.944
2253.344
2253.743
2254.143
2254.543
2254.943
2255.343
2255.742
2256.142
2256.542
2256.942
2257.342
2257.742
2258.141
2258.541
2258.941
2259.341
2259.741
2260.140
2260.540
2260.940
2261.340
2261.740
2262.139
2262.340
2262.540
2262.740
2262.940
2263.141
2263.341
2263.541
2263.741
2263.942
2264.142
2264.342
2264.542
2264.743
2264.943
2265.143
2265.343
2265.544
2265.744
2265.944
2266.144
2266.344
2266.545
2266.745
2266.945
2267.145
2267.346
2267.546
2267.746
2267.946
2268.147
2268.347
2268.547
2268.747
2268.948
2269.148
2269.348
2269.548
2269.748
2269.949
2270.149
2270.349
2270.549
2270.750
2270.950
2271.150
2271.350
2271.551
2271.751
2271.951
2272.151
2272.352
2272.552
2272.752
2272.952
2273.152
2273.353
2273.553
2273.753
2273.953
2274.154
2274.354
2274.554
2274.754
2274.955
2332.187
2332.416
2332.653
2332.781
2333.104
2336.808
2337.263
2337.718
2338.173
2338.628
2338.862
2339.095
2339.329
2339.563
2339.797
2340.030
2340.148
2340.500
2340.734
2340.969
2341.086
2342.324
2342.555
2342.787
2343.018
2343.249
2343.481
2343.712
2343.943
2344.175
2344.406
2344.637
2344.869
2345.100
2345.331
2345.563
2345.794
2346.025
2346.257
2346.488
2346.720
2346.951
2347.182
2347.414
2347.645
2347.876
2348.108
2348.339
2348.570
2348.802
2349.033
2349.264
2349.707
2349.939
2350.170
2350.402
2350.633
2350.864
2351.096
2351.327
2351.559
2351.790
2352.022
2352.253
2352.484
2352.716
2352.947
2353.179
2353.410
2353.642
2353.873
2354.105
2354.336
2354.567
2354.799
2355.030
2355.262
2355.493
2355.725
2355.956
2356.187
2356.419
2356.650
2357.076
2357.308
2357.540
2357.772
2358.004
2358.236
2358.469
2358.701
2358.933
2359.165
2359.397
2359.629
2359.861
2360.093
2360.325
2360.557
2360.789
2361.021
2361.253
2361.486
2361.718
2361.950
2362.182
2362.414
2362.646
2362.878
2363.110
2363.342
2363.574
2363.806
2364.038
2364.490
2364.721
2364.952
2365.184
2365.415
2365.646
2365.878
2366.109
2366.340
2366.572
2366.803
2367.034
2367.266
2367.497
2367.728
2367.959
2368.191
2368.422
2368.653
2368.885
2369.116
2369.347
2369.579
2369.810
2370.041
2370.273
2370.504
2370.735
2370.967
2371.198
2371.429
2372.797
2373.259
2373.721
2374.182
2374.644
2375.106
2375.567
2376.029
2376.490
2376.952
2377.414
2377.875
2378.337
2378.799
2379.260
2379.722
2380.184
2380.645
2381.107
2381.568
2382.030
2382.492
2382.953
2383.415
2383.877
2384.338
2384.800
2385.262
2385.723
2386.185
2386.646
2387.108
2387.570
2388.485
2389.388
2389.617
2389.847
2391.230
2393.090
2393.323
2393.556
2393.789
2394.930
2395.879
2396.792
2397.029
2397.266
2398.647
2400.465
2400.701
2400.938
2401.175
2402.324
2402.555
2402.787
2403.018
2403.250
2403.481
2403.713
2403.944
2404.176
2404.407
2404.639
2404.870
2405.102
2405.333
2405.565
2405.796
2406.028
2406.259
2406.491
2406.722
2406.954
2407.185
2407.417
2407.648
2407.880
2408.111
2408.343
2408.575
2408.806
2409.038
2409.269
2409.717
2409.948
2410.179
2410.409
2410.640
2410.871
2411.102
2411.333
2411.563
2411.794
2412.025
2412.256
2412.486
2412.717
2412.948
2413.179
2413.409
2413.640
2413.871
2414.102
2414.332
2414.563
2414.794
2415.025
2415.255
2415.486
2415.717
2415.948
2416.179
2416.409
2416.640
2418.046
2418.506
2418.967
2419.428
2419.888
2420.349
2420.810
2421.270
2421.731
2422.192
2422.652
2423.113
2423.574
2424.034
2424.495
2424.956
2425.416
2425.877
2426.338
2426.799
2427.259
2427.720
2428.181
2428.641
2429.102
2429.563
2430.023
2430.484
2430.945
2431.405
2431.866
2432.327
2432.787
2433.019
2433.250
2433.482
2433.713
2433.945
2434.176
2434.407
2434.639
2434.870
2435.102
2435.333
2435.564
2435.796
2436.027
2436.259
2436.490
2436.722
2436.953
2437.184
2437.416
2437.647
2437.879
2438.110
2438.342
2438.573
2438.804
2439.036
2439.267
2439.499
2439.730
2440.192
2440.423
2440.654
2440.885
2441.115
2441.346
2441.577
2441.808
2442.038
2442.269
2442.500
2442.731
2442.961
2443.192
2443.423
2443.653
2443.884
2444.115
2444.346
2444.576
2444.807
2445.038
2445.269
2445.499
2445.730
2445.961
2446.192
2446.422
2446.653
2446.884
2447.115
2447.568
2455.873
2456.327
2457.008
2457.120
2457.456
2458.017
2458.241
2458.353
2458.690
2458.802
2458.914
2459.026
2459.138
2459.251
2459.582
2460.041
2460.721
2460.849
2461.183
2461.634
2461.852
2461.987
2462.353
2462.466
2462.580
2462.694
2462.807
2462.921
2463.256
2463.717
2464.402
2464.522
2464.857
2465.329
2465.550
2465.686
2466.024
2466.142
2466.261
2466.380
2466.499
2466.618
2466.921
2467.406
2468.113
2468.218
2468.564
2468.776
2468.895
2469.013
2469.132
2469.250
2469.369
2469.487
2469.606
2469.724
2469.843
2469.961
2470.080
2470.198
2470.317
2470.657
2471.108
2471.813
2471.926
2472.268
2472.720
2472.923
2473.062
2473.416
2473.529
2473.643
2473.756
2473.870
2473.984
2474.327
2474.771
2475.517
2475.633
2475.957
2476.434
2476.638
2476.777
2477.238
2477.344
2477.558
2477.690
2478.028
2478.504
2479.204
2479.313
2479.624
2480.114
2480.345
2480.473
2480.788
2480.904
2481.020
2481.136
2481.252
2481.368
2481.714
2482.180
2482.893
2483.006
2483.359
2483.810
2484.013
2484.130
2484.247
2484.364
2484.481
2484.599
2484.716
2484.833
2484.950
2485.067
2485.184
2485.301
2485.418
2492.798
2493.029
2493.259
2493.490
2493.721
2493.952
2494.183
2494.414
2494.645
2494.876
2495.107
2495.338
2495.569
2495.800
2496.031
2496.262
2496.492
2496.723
2496.954
2497.185
2497.416
2497.647
2497.878
2498.109
2498.340
2498.571
2498.802
2499.033
2499.264
2499.494
2499.725
2499.956
2500.187
2500.649
2501.112
2501.574
2502.036
2502.498
2502.960
2503.422
2503.884
2504.347
2504.809
2505.271
2505.733
2506.195
2506.657
2507.120
2507.582
2508.044
2508.506
2508.968
2509.430
2509.892
2510.355
2510.817
2511.279
2511.741
2512.203
2512.665
2513.127
2513.590
2514.052
2514.514
2514.976
2515.206
2515.437
2515.667
2515.898
2516.128
2516.358
2516.589
2516.819
2517.050
2517.280
2517.510
2517.741
2517.971
2518.202
2518.432
2518.662
2518.893
2519.123
2519.354
2519.584
2519.814
2520.045
2520.275
2520.506
2520.736
2520.966
2521.197
2521.427
2521.658
2521.888
2522.118
2522.349
2522.579
2522.810
2523.040
2523.270
2523.501
2523.731
2523.962
2524.192
2524.422
2524.653
2524.883
2525.114
2525.344
2525.574
2525.805
2526.035
2526.266
2526.496
2526.726
2526.957
2527.187
2527.418
2527.648
2527.878
2528.222
2528.565
2528.798
2529.138
2529.477
2529.718
2530.646
2531.585
2533.412
