99.998
100.974
101.949
102.925
103.900
104.876
105.852
106.827
107.803
108.779
109.754
110.730
111.705
112.681
113.657
114.632
115.608
116.583
117.559
118.535
119.510
120.486
121.462
122.437
123.413
124.388
125.364
126.340
127.315
128.291
129.266
130.242
131.218
131.706
132.193
133.169
133.657
134.145
135.120
135.608
136.096
137.071
137.559
138.047
139.023
139.510
139.998
140.974
141.462
141.949
142.925
143.413
143.901
144.876
145.364
145.852
146.828
147.315
147.803
148.779
149.267
149.754
150.730
151.218
151.706
152.681
153.169
153.657
154.633
155.120
155.608
156.584
157.072
157.559
158.535
159.023
159.511
160.486
160.974
161.462
162.437
162.925
163.413
164.389
164.876
165.364
166.340
166.828
167.316
168.291
168.779
169.267
170.242
170.730
171.218
172.194
172.681
173.169
174.145
174.633
175.120
176.096
176.584
177.072
177.560
178.047
178.535
179.023
179.511
179.999
180.486
180.974
181.462
181.950
182.438
182.925
183.413
183.901
184.389
184.877
185.364
185.852
186.340
186.828
187.316
187.804
188.291
188.779
189.267
189.755
190.243
190.730
191.218
191.706
192.194
192.682
193.169
193.657
194.145
194.633
195.121
195.608
196.096
196.584
197.072
197.560
198.047
198.535
199.023
199.511
199.999
200.487
200.974
201.462
201.950
202.438
202.926
203.413
203.901
204.389
204.877
205.365
205.852
206.340
206.828
207.316
207.804
208.291
208.779
209.267
209.755
210.243
210.731
211.218
211.706
212.194
212.682
213.170
213.657
214.145
214.633
215.121
215.365
215.609
216.096
216.584
217.072
217.316
217.560
218.048
218.535
219.023
219.267
219.511
219.999
220.487
220.974
221.218
221.462
221.950
222.438
222.926
223.170
223.414
223.901
224.389
224.877
225.121
225.365
225.853
226.340
226.828
227.072
227.316
227.804
228.292
228.779
229.023
229.267
229.755
230.243
230.731
230.975
231.218
231.706
232.194
232.682
232.926
233.170
233.658
234.145
234.633
234.877
235.121
235.609
236.097
236.584
236.828
237.072
237.560
238.048
238.536
238.780
239.023
239.511
239.999
240.487
240.731
240.975
241.462
241.950
242.438
242.682
242.926
243.414
243.901
244.389
244.633
244.877
245.365
245.853
246.341
246.584
246.828
247.316
247.804
248.292
248.536
248.780
249.267
249.755
250.243
250.487
250.731
251.219
251.706
252.194
252.438
252.682
253.170
253.658
254.145
254.389
254.633
255.121
255.609
256.097
256.341
256.585
257.072
257.560
258.048
258.292
258.536
259.024
259.511
259.999
260.243
260.487
260.975
261.463
261.950
262.194
262.438
262.926
263.414
263.902
264.146
264.389
264.877
265.365
265.853
266.097
266.341
266.828
267.316
267.804
268.048
268.292
268.780
269.268
269.755
269.999
270.243
270.731
271.219
271.707
271.950
272.194
272.682
273.170
273.658
273.902
274.146
274.633
275.121
275.609
275.853
276.097
276.585
277.072
277.560
277.804
278.048
278.536
279.024
279.512
279.755
279.999
280.487
280.975
281.463
281.707
281.951
282.438
282.926
283.414
283.658
283.902
284.390
284.877
285.365
285.609
285.853
286.341
286.829
287.073
287.316
287.804
288.048
288.292
288.780
289.024
289.268
289.756
289.999
290.243
290.731
290.975
291.219
291.707
291.951
292.195
292.682
292.926
293.170
293.658
293.902
294.146
294.634
294.877
295.121
295.609
295.853
296.097
296.585
296.829
297.073
297.560
297.804
298.048
298.536
298.780
299.024
299.512
299.756
299.999
300.487
300.731
300.975
301.463
301.707
301.951
302.439
302.682
302.926
303.414
303.658
303.902
304.390
304.634
304.878
305.365
305.609
305.853
306.341
306.585
306.829
307.317
307.561
307.804
308.292
308.536
308.780
309.268
309.512
309.756
310.243
310.487
310.731
311.219
311.463
311.707
312.195
312.439
312.683
313.170
313.414
313.658
314.146
314.390
314.634
315.122
315.365
315.609
316.097
316.341
316.585
317.073
317.317
317.561
318.048
318.292
318.536
319.024
319.268
319.512
320.000
320.244
320.487
320.975
321.219
321.463
321.951
322.195
322.439
322.926
323.170
323.414
323.902
324.146
324.390
324.878
325.122
325.366
325.853
326.097
326.341
326.829
327.073
327.317
327.805
328.048
328.292
328.780
329.024
329.268
329.756
330.000
330.244
330.731
330.975
331.219
331.707
331.951
332.195
332.683
332.927
333.170
333.658
333.902
334.146
334.634
334.878
335.122
335.610
335.853
336.097
336.585
336.829
337.073
337.561
337.805
338.049
338.536
338.780
339.024
339.512
339.756
340.000
340.488
340.731
340.975
341.463
341.707
341.951
342.439
342.683
342.927
343.414
343.658
343.902
344.146
344.390
344.634
344.878
345.122
345.366
345.610
345.853
346.097
346.341
346.585
346.829
347.073
347.317
347.561
347.805
348.049
348.293
348.536
348.780
349.024
349.268
349.512
349.756
350.000
350.244
350.488
350.732
350.975
351.219
351.463
351.707
351.951
352.195
352.439
352.683
352.927
353.171
353.415
353.658
353.902
354.146
354.390
354.634
354.878
355.122
355.366
355.610
355.854
356.097
356.341
356.585
356.829
357.073
357.317
357.561
357.805
358.049
358.293
358.537
358.780
359.024
359.268
359.512
359.756
360.000
360.244
360.488
360.732
360.976
361.219
361.463
361.707
361.951
362.195
362.439
362.683
362.927
363.171
363.415
363.659
363.902
364.146
364.390
364.634
364.878
365.122
365.366
365.610
365.854
366.098
366.341
366.585
366.829
367.073
367.317
367.561
367.805
368.049
368.293
368.537
368.780
369.024
369.268
369.512
369.756
370.000
370.244
370.488
370.732
370.976
371.220
371.463
371.707
371.951
372.195
372.439
372.683
372.927
373.171
373.415
373.659
373.902
374.146
374.390
374.634
374.878
375.122
375.366
375.610
375.854
376.098
376.342
376.585
376.829
377.073
377.317
377.561
377.805
378.049
378.293
378.537
378.781
379.024
379.512
380.000
380.488
380.976
381.464
381.951
382.439
382.927
383.415
383.903
384.390
384.878
385.366
385.854
386.342
386.829
387.317
387.805
388.293
388.781
389.268
389.756
390.244
390.732
391.220
391.707
392.195
392.683
392.927
393.171
393.659
394.147
394.634
394.878
395.122
395.610
396.098
396.586
396.829
397.073
397.561
398.049
398.537
398.781
399.025
399.512
400.000
400.488
400.732
400.976
401.464
401.951
402.439
402.683
402.927
403.415
403.903
404.391
404.634
404.878
405.366
405.854
406.342
406.586
406.830
407.317
407.805
408.293
408.537
408.781
409.269
409.756
410.244
410.488
410.732
411.220
411.708
412.195
412.439
412.683
413.171
413.659
414.147
414.391
414.635
415.122
415.610
416.098
416.342
416.586
417.074
417.561
418.049
418.293
418.537
419.025
419.513
420.000
420.244
420.488
420.976
421.464
421.952
422.196
422.439
422.927
423.415
423.903
424.147
424.391
424.878
425.366
425.854
426.098
426.342
426.830
427.318
427.805
428.049
428.293
428.781
429.269
429.757
430.000
430.244
430.732
431.220
431.708
431.952
432.196
432.683
433.171
433.659
433.903
434.147
434.635
434.879
435.122
435.366
435.610
435.854
436.098
436.342
436.586
436.830
437.074
437.318
437.562
437.805
438.049
438.293
438.537
438.781
439.025
439.269
439.513
439.757
440.001
440.244
440.488
440.732
440.976
441.220
441.464
441.708
441.952
442.196
442.440
442.683
442.927
443.171
443.415
443.659
443.903
444.147
444.391
444.635
444.879
445.123
445.366
445.610
445.854
446.098
446.342
446.586
446.830
447.074
447.318
447.562
447.805
448.049
448.293
448.537
448.781
449.025
449.269
449.513
449.757
450.001
450.245
450.488
450.732
450.976
451.220
451.464
451.708
451.952
452.196
452.440
452.684
452.927
453.171
453.415
453.659
453.903
454.147
454.391
454.635
454.879
455.123
455.367
455.610
455.854
456.098
456.342
456.586
456.830
457.074
457.318
457.562
457.806
458.049
458.293
458.537
458.781
459.025
459.269
459.513
459.757
460.001
460.245
460.489
460.732
460.976
461.220
461.464
461.708
461.952
462.196
462.440
462.684
462.928
463.171
463.415
463.659
463.903
464.147
464.391
464.635
464.879
465.123
465.367
465.611
465.854
466.098
466.342
466.586
466.830
467.074
467.318
467.562
467.806
468.050
468.293
468.537
468.781
469.025
469.269
469.513
469.757
470.001
470.245
470.489
470.732
470.976
471.220
471.464
471.708
471.952
472.196
472.440
472.684
472.928
473.172
473.415
473.659
473.903
474.147
659.457
659.992
660.409
660.945
661.362
661.897
662.314
662.850
663.266
663.802
664.219
664.754
665.171
665.707
666.123
666.659
667.076
667.611
668.028
668.564
668.980
669.516
669.933
670.469
670.885
671.421
671.838
672.373
672.790
673.326
673.742
674.278
674.695
675.230
675.647
676.183
676.599
677.135
677.552
678.088
678.504
679.040
679.457
679.992
680.409
680.945
681.361
681.897
682.314
682.849
683.266
683.802
684.218
684.754
685.171
685.707
686.123
686.659
687.076
687.552
688.028
688.504
688.980
689.456
689.933
690.409
690.885
691.361
691.837
692.314
692.790
693.266
693.742
694.218
694.695
695.171
695.647
696.123
696.599
697.075
697.552
698.028
698.504
698.980
699.456
699.933
700.409
700.885
701.361
701.837
702.313
702.790
703.266
703.742
704.218
704.694
705.171
705.409
705.647
705.885
706.361
706.599
707.075
707.313
707.552
707.790
708.266
708.504
708.980
709.218
709.456
709.694
710.171
710.409
710.885
711.123
711.361
711.599
712.075
712.313
712.790
713.028
713.266
713.504
713.980
714.218
714.694
714.932
715.170
715.409
715.885
716.123
716.599
716.837
717.075
717.313
717.790
718.028
718.504
718.742
718.980
719.218
719.694
719.932
720.409
720.647
720.885
721.123
721.361
721.599
721.837
722.075
722.313
722.551
722.789
723.028
723.266
723.504
723.742
723.980
724.218
724.456
724.694
724.932
725.170
725.408
725.647
725.885
726.123
726.361
726.599
726.837
727.075
727.313
727.551
727.789
728.028
728.266
728.504
728.742
728.980
729.218
729.456
729.694
729.932
730.170
730.408
730.647
730.885
731.123
731.361
731.599
731.837
732.075
732.313
732.551
732.789
733.027
733.266
733.504
733.742
733.980
734.218
734.456
734.694
734.932
735.170
735.408
735.646
735.885
736.123
736.361
736.480
736.599
736.718
736.837
736.956
737.075
737.194
737.313
737.432
737.551
737.670
737.789
737.908
738.027
738.146
738.265
738.385
738.504
738.623
738.742
738.861
738.980
739.099
739.218
739.337
739.456
739.575
739.694
739.813
739.932
740.051
740.170
740.289
740.408
740.527
740.646
740.765
740.885
741.004
741.123
741.242
741.361
741.480
741.599
741.718
741.837
741.956
742.075
742.194
742.313
742.432
742.551
742.670
742.789
742.908
743.027
743.146
743.265
743.384
743.504
743.623
743.742
743.861
743.980
744.099
744.218
744.337
744.456
744.575
744.694
744.813
744.932
745.051
745.170
745.289
745.408
745.527
745.646
745.765
745.884
746.004
746.123
746.242
746.361
746.480
746.599
746.718
746.837
746.956
747.075
747.194
747.313
747.432
747.551
747.670
747.789
747.908
748.027
748.146
748.265
748.384
748.503
748.623
748.742
748.861
748.980
749.218
749.456
749.694
749.932
750.170
750.408
750.646
750.884
751.123
751.361
751.599
751.837
752.075
752.313
752.551
752.789
753.027
753.265
753.503
753.742
753.980
754.218
754.456
754.694
754.932
755.170
755.408
755.646
755.884
756.122
756.361
756.599
756.837
757.075
757.313
757.551
757.789
758.027
758.265
758.503
758.741
758.980
759.218
759.456
759.694
759.932
760.170
760.408
760.646
760.884
761.122
761.360
761.599
761.837
762.075
762.313
762.551
762.789
763.027
763.265
763.503
763.741
763.980
764.218
764.456
764.694
764.932
765.170
765.646
766.122
766.599
767.075
767.551
768.027
768.503
768.979
769.456
769.932
770.408
770.884
771.360
771.837
772.313
772.789
773.265
773.741
774.218
774.694
775.170
775.646
776.122
776.598
777.075
777.551
778.027
778.503
778.979
779.456
779.932
780.408
780.884
781.360
781.836
782.313
782.789
783.265
783.741
784.217
784.694
785.170
785.646
786.122
786.598
787.075
787.551
788.027
788.503
788.979
789.455
789.932
790.408
790.884
791.360
791.836
792.313
792.789
793.265
793.741
794.217
794.693
795.170
795.646
796.122
796.598
797.074
797.551
797.789
798.027
798.503
798.979
799.455
799.693
799.932
800.408
800.884
801.360
801.598
801.836
802.312
802.789
803.265
803.503
803.741
804.217
804.693
805.170
805.408
805.646
806.122
806.598
807.074
807.312
807.550
808.027
808.503
808.979
809.217
809.455
809.931
810.408
810.884
811.122
811.360
811.836
812.312
812.789
813.027
813.265
813.741
814.217
814.693
814.931
815.169
815.646
816.122
816.598
816.836
817.074
817.550
818.027
818.503
818.741
818.979
819.217
819.455
819.693
819.931
820.169
820.408
820.646
820.884
821.122
821.360
821.598
821.836
822.074
822.312
822.550
822.788
823.027
823.265
823.503
823.741
823.979
824.217
824.455
824.693
824.931
825.169
825.407
825.646
825.884
826.122
826.360
826.598
826.836
826.955
827.074
827.193
827.312
827.431
827.550
827.669
827.788
827.907
828.026
828.146
828.265
828.384
828.503
828.622
828.741
828.860
828.979
829.098
829.217
829.336
829.455
829.574
829.693
829.812
829.931
830.050
830.169
830.288
830.407
830.526
830.645
830.765
830.884
831.003
831.122
831.241
831.360
831.479
831.598
831.717
831.836
831.955
832.074
832.193
832.312
832.431
832.550
832.669
832.788
832.907
833.026
833.145
833.265
833.384
833.503
833.622
833.741
833.860
833.979
834.098
834.217
834.336
834.455
834.574
834.693
834.812
834.931
835.050
835.169
835.288
835.407
835.526
835.645
835.764
835.884
836.003
836.122
836.241
836.360
836.479
836.598
836.717
836.836
836.955
837.074
837.193
837.312
837.431
837.550
837.669
837.788
837.907
838.026
838.145
838.264
838.384
838.503
838.622
838.741
838.860
838.979
839.098
839.217
839.336
839.455
839.574
839.693
839.812
839.931
840.050
840.169
840.288
840.407
840.526
840.645
840.764
840.883
841.003
841.122
841.241
841.360
841.479
841.598
841.717
841.836
841.955
842.074
842.312
842.550
842.788
843.026
843.264
843.503
843.741
843.979
844.217
844.455
844.693
844.931
845.169
845.407
845.645
845.883
846.122
846.360
846.598
846.836
847.074
847.312
847.550
847.788
848.026
848.264
848.502
848.741
848.979
849.217
849.455
849.693
849.931
850.169
850.407
850.645
850.883
851.121
851.360
851.598
851.836
852.074
852.312
852.550
852.788
853.026
853.264
853.502
853.740
853.979
854.217
854.455
854.693
854.931
855.169
855.407
855.645
855.883
856.121
856.360
856.598
856.836
857.074
857.312
857.550
857.788
858.026
858.264
858.502
858.740
858.979
859.217
859.455
859.693
859.931
860.169
860.407
860.645
860.883
861.121
861.359
861.598
861.836
862.074
862.312
862.550
862.788
863.026
863.264
863.502
863.740
863.978
864.217
864.455
864.693
864.931
865.169
865.407
865.645
865.883
866.121
866.359
866.598
866.836
867.074
867.312
867.550
867.788
868.026
868.264
868.502
868.740
868.978
869.217
869.455
869.693
869.931
870.169
870.407
870.645
870.883
871.121
871.359
871.597
871.836
872.074
872.312
872.550
872.788
873.026
873.264
873.502
873.740
873.978
874.216
874.455
874.693
874.931
875.169
875.407
875.645
875.883
876.121
876.359
876.597
876.836
877.074
877.312
877.550
877.788
878.026
878.264
878.502
878.740
878.978
879.216
879.455
879.693
879.931
880.169
880.407
880.645
880.883
881.121
881.359
881.597
881.835
882.074
882.312
882.550
882.788
883.026
883.264
883.502
883.740
883.978
884.216
884.454
884.693
884.931
885.169
885.407
885.645
885.883
886.121
886.359
886.597
886.835
887.073
887.312
887.550
1242.235
1242.711
1243.187
1243.663
1244.140
1244.616
1245.092
1245.568
1246.044
1246.521
1246.997
1247.473
1247.949
1248.425
1248.902
1249.378
1249.854
1250.330
1250.806
1251.283
1251.759
1252.235
1252.711
1253.187
1253.664
1254.140
1254.616
1255.092
1255.568
1256.044
1256.521
1256.997
1257.949
1258.902
1259.854
1260.806
1261.759
1262.235
1262.711
1263.187
1263.664
1264.140
1264.616
1265.092
1265.568
1266.045
1266.521
1266.759
1266.997
1267.235
1267.473
1267.711
1267.949
1268.187
1268.425
1268.664
1268.902
1269.021
1269.140
1269.259
1269.378
1269.497
1269.616
1269.735
1269.854
1269.973
1270.092
1270.211
1270.330
1270.449
1270.568
1270.687
1270.806
1272.711
1272.949
1273.187
1273.425
1273.664
1273.902
1274.140
1274.378
1274.616
1274.854
1275.092
1275.330
1275.568
1275.806
1276.045
1276.283
1276.521
1276.759
1276.997
1277.235
1277.473
1277.711
1277.949
1278.187
1278.426
1278.664
1278.902
1279.140
1279.378
1279.616
1279.854
1280.092
1280.330
1280.568
1280.806
1281.045
1281.283
1281.521
1281.759
1281.997
1282.235
1282.473
1282.711
1282.949
1283.187
1283.426
1283.664
1283.902
1284.140
1284.378
1284.616
1284.854
1285.092
1285.330
1285.568
1285.806
1286.045
1286.283
1286.521
1286.759
1286.997
1287.235
1287.473
1287.711
1287.949
1288.187
1288.426
1288.664
1288.902
1289.140
1289.378
1289.616
1289.854
1290.092
1290.330
1290.568
1290.807
1291.045
1291.283
1291.521
1291.759
1291.997
1292.235
1292.473
1292.711
1292.949
1293.187
1293.426
1293.664
1293.902
1294.140
1294.378
1294.616
1294.854
1295.092
1295.330
1295.568
1295.807
1296.045
1296.283
1296.521
1296.759
1296.997
1297.235
1297.473
1297.711
1297.949
1298.187
1298.426
1298.664
1298.902
1299.140
1299.378
1299.616
1299.854
1300.092
1300.330
1300.568
1300.807
1301.045
1301.283
1301.521
1301.759
1301.997
1302.235
1302.473
1302.711
1303.188
1303.664
1304.140
1304.616
1305.092
1305.568
1306.045
1306.521
1306.997
1307.473
1307.949
1308.426
1308.902
1309.378
1309.854
1310.330
1310.807
1311.283
1311.759
1312.235
1312.711
1313.188
1313.664
1314.140
1314.616
1315.092
1315.569
1316.045
1316.521
1316.997
1317.473
1317.949
1332.235
1332.711
1333.188
1333.664
1334.140
1334.616
1335.092
1335.569
1336.045
1336.521
1336.997
1337.473
1337.950
1338.426
1338.902
1339.378
1339.854
1340.331
1340.807
1341.283
1341.759
1342.235
1342.711
1343.188
1343.664
1344.140
1344.616
1345.092
1345.569
1346.045
1346.521
1346.997
1347.473
1347.950
1348.426
1348.902
1349.378
1349.854
1350.331
1350.807
1351.283
1351.759
1352.235
1352.712
1353.188
1353.664
1354.140
1354.616
1355.092
1355.569
1356.045
1356.521
1356.997
1357.473
1357.950
1358.426
1358.902
1359.378
1359.854
1360.331
1360.807
1361.283
1361.759
1362.235
1362.712
1363.188
1363.664
1364.140
1364.616
1365.093
1365.569
1366.045
1366.521
1366.997
1367.473
1367.950
1368.426
1368.902
1369.378
1369.854
1370.331
1370.807
1371.283
1371.759
1371.997
1372.235
1372.474
1372.712
1372.950
1373.188
1373.426
1373.664
1373.902
1374.140
1374.378
1374.616
1374.854
1375.093
1375.331
1375.569
1375.688
1375.807
1375.926
1376.045
1376.164
1376.283
1376.402
1376.521
1376.640
1376.759
1376.878
1376.997
1377.116
1377.235
1377.354
1377.474
1379.378
1379.616
1379.854
1380.093
1380.331
1380.569
1380.807
1381.045
1381.283
1381.521
1381.759
1381.997
1382.235
1382.474
1382.712
1382.950
1383.188
1383.426
1383.664
1383.902
1384.140
1384.378
1384.616
1384.855
1385.093
1385.331
1385.569
1385.807
1386.045
1386.283
1386.521
1386.759
1386.997
1387.235
1387.474
1387.712
1387.950
1388.188
1388.426
1388.664
1388.902
1389.140
1389.378
1389.616
1389.855
1390.093
1390.331
1390.569
1390.807
1391.045
1391.283
1391.521
1391.759
1391.997
1392.235
1392.474
1392.712
1392.950
1393.188
1393.426
1393.664
1393.902
1394.140
1394.378
1394.616
1394.855
1395.093
1395.331
1395.569
1395.807
1396.045
1396.283
1396.521
1396.759
1396.997
1397.236
1397.474
1397.712
1397.950
1398.188
1398.426
1398.664
1398.902
1399.140
1399.378
1399.616
1399.855
1400.093
1400.331
1400.569
1400.807
1401.045
1401.283
1401.521
1401.759
1401.997
1402.236
1402.474
1402.712
1402.950
1403.188
1403.426
1403.664
1403.902
1404.140
1404.378
1404.616
1404.855
1405.093
1405.331
1405.569
1405.807
1406.045
1406.283
1406.521
1406.759
1406.997
1407.236
1407.474
1407.712
1407.950
1408.188
1408.426
1408.664
1408.902
1409.140
1409.378
1409.617
1409.855
1410.093
1410.331
1410.569
1410.807
1411.045
1411.283
1411.521
1411.759
1411.997
1412.236
1412.474
1412.712
1412.950
1413.188
1413.426
1413.664
1413.902
1414.140
1414.378
1414.617
1414.855
1415.093
1415.331
1415.569
1415.807
1416.045
1416.283
1416.521
1416.759
1416.997
1417.236
1417.474
1417.712
1417.950
1418.188
1418.426
1418.664
1418.902
1419.140
1419.378
1419.617
1419.855
1420.093
1420.331
1420.569
1420.807
1421.045
1421.283
1421.521
1421.759
1421.998
1422.236
1422.474
1422.712
1422.950
1423.188
1423.426
1423.664
1423.902
1424.140
1424.378
1424.617
1424.855
1425.093
1425.331
1425.569
1425.807
1426.045
1426.283
1426.521
1426.759
1426.998
1427.236
1427.474
1427.712
1427.950
1428.188
1428.426
1428.664
1428.902
1429.140
1429.378
1429.617
1429.855
1430.093
1430.331
1430.569
1430.807
1431.045
1431.283
1431.521
1431.759
1431.998
1432.236
1432.474
1432.712
1432.950
1433.188
1433.426
1433.664
1433.902
1434.140
1434.379
1434.617
1434.855
1435.093
1435.331
1435.569
1435.807
1436.045
1436.283
1436.521
1436.759
1436.998
1437.236
1437.474
1437.712
1437.950
1438.188
1438.426
1438.664
1438.902
1439.140
1439.379
1439.617
1439.855
1440.093
1700.599
1701.075
1701.551
1702.027
1702.503
1702.979
1703.455
1703.931
1704.407
1704.883
1705.360
1705.836
1706.312
1706.788
1707.264
1707.740
1708.216
1708.692
1709.168
1709.644
1710.120
1710.597
1711.073
1711.549
1712.025
1712.501
1712.977
1713.453
1713.929
1714.405
1714.881
1715.357
1715.834
1716.072
1716.310
1716.548
1716.786
1717.024
1717.262
1717.500
1717.738
1717.976
1718.214
1718.452
1718.690
1718.928
1719.166
1719.404
1719.642
1719.880
1720.118
1720.356
1720.595
1720.833
1721.071
1721.309
1721.547
1721.785
1722.023
1722.261
1722.499
1722.737
1722.975
1723.213
1723.451
1723.689
1723.927
1724.165
1724.403
1724.641
1724.879
1725.117
1725.355
1725.593
1725.832
1726.070
1726.308
1726.546
1726.784
1727.022
1727.260
1727.498
1727.736
1727.974
1728.212
1728.450
1728.688
1728.926
1729.164
1729.402
1729.640
1729.878
1730.116
1730.354
1730.592
1730.831
1732.021
1732.259
1732.497
1732.973
1733.211
1733.449
1733.925
1734.163
1734.401
1734.877
1735.115
1735.353
1735.830
1736.068
1736.306
1736.782
1737.020
1737.258
1737.734
1737.972
1738.210
1738.686
1738.924
1739.162
1739.638
1739.876
1740.114
1740.590
1740.828
1741.067
1741.543
1741.781
1742.019
1742.495
1742.733
1742.971
1743.447
1743.685
1743.923
1744.399
1744.637
1744.875
1745.351
1745.589
1745.827
1746.304
1746.542
1746.780
1747.256
1747.494
1747.732
1748.208
1748.446
1748.684
1749.160
1749.398
1749.636
1750.112
1750.350
1750.588
1751.064
1751.303
1751.541
1752.017
1752.255
1752.493
1752.969
1753.207
1753.445
1753.921
1754.159
1754.397
1754.635
1754.873
1755.111
1755.349
1755.587
1755.825
1756.063
1756.302
1756.540
1756.778
1757.016
1757.254
1757.492
1757.730
1757.849
1757.968
1758.087
1758.206
1758.325
1758.444
1758.563
1758.682
1758.801
1758.920
1759.039
1759.158
1759.277
1759.396
1759.515
1759.634
1760.110
1760.586
1760.824
1761.062
1761.300
1761.539
1761.658
1762.015
1762.134
1762.253
1762.372
1762.491
1762.610
1762.729
1762.848
1762.967
1763.086
1763.443
1763.562
1763.919
1764.038
1764.157
1764.276
1764.395
1764.514
1764.633
1764.752
1764.871
1764.990
1765.347
1765.466
1765.823
1765.942
1766.061
1766.180
1766.299
1766.418
1766.538
1766.657
1766.776
1766.895
1767.252
1767.371
1767.728
1767.847
1767.966
1768.085
1768.204
1768.323
1768.442
1768.561
1768.680
1768.799
1769.156
1769.275
1769.632
1769.751
1769.870
1769.989
1770.108
1770.227
1770.346
1770.465
1770.584
1770.703
1771.060
1771.179
1771.536
1771.656
1771.775
1771.894
1772.013
1772.132
1772.251
1772.370
1772.489
1772.608
1772.965
1773.084
1773.441
1773.560
1773.679
1773.798
1773.917
1774.036
1774.155
1774.274
1774.393
1774.512
1774.869
1775.345
1775.821
1776.297
1776.774
1776.893
1777.012
1777.131
1777.250
1777.369
1777.488
1777.607
1777.726
1777.845
1777.964
1778.083
1778.202
1778.321
1778.678
1778.797
1778.916
1779.035
1779.154
1779.273
1779.392
1779.511
1779.630
1779.749
1779.868
1779.987
1780.106
1780.225
1780.582
1780.701
1780.820
1780.939
1781.058
1781.177
1781.296
1781.415
1781.534
1781.653
1781.772
1781.892
1782.011
1782.130
1782.487
1782.606
1782.725
1782.844
1782.963
1783.082
1783.201
1783.320
1783.439
1783.558
1783.677
1783.796
1783.915
1784.034
1784.391
1784.510
1784.629
1784.748
1784.867
1784.986
1785.105
1785.224
1785.343
1785.462
1785.581
1785.700
1785.819
1785.938
1786.295
1786.414
1786.533
1786.652
1786.771
1786.890
1787.010
1787.129
1787.248
1787.367
1787.486
1787.605
1787.724
1787.843
1788.200
1788.319
1788.438
1788.557
1788.676
1788.795
1788.914
1789.033
1789.152
1789.271
1789.390
1789.509
1789.628
1789.747
1790.104
1790.580
1791.056
1791.532
1792.008
1792.485
1792.961
1793.437
1793.913
1794.389
1794.865
1795.341
1795.817
1796.293
1796.769
1797.246
1797.722
1798.198
1798.674
1799.150
1799.626
1800.102
1800.578
1801.054
1801.530
1802.006
1802.483
1802.959
1803.435
1803.911
1804.387
1804.863
1805.339
1805.815
1806.291
1806.767
1807.243
1807.720
1808.196
1808.672
1809.148
1809.624
1810.100
1810.576
1811.052
1811.528
1812.004
1812.481
1812.957
1813.433
1813.909
1814.385
1814.861
1815.337
1815.813
1816.289
1816.765
1817.241
1817.718
1818.194
1818.670
1819.146
1819.622
1820.098
1820.574
1821.050
1821.526
1822.002
1822.478
1822.955
1823.431
1823.907
1824.383
1824.859
1825.335
1825.811
1826.287
1826.763
1827.239
1827.715
1828.192
1828.668
1829.144
1829.620
1830.096
1830.334
1830.572
1830.810
1831.048
1831.286
1831.524
1831.762
1832.000
1832.238
1832.476
1832.714
1832.953
1833.191
1833.429
1833.667
1833.905
1834.024
1834.143
1834.262
1834.381
1834.500
1834.619
1834.738
1834.857
1834.976
1835.095
1835.214
1835.333
1835.452
1835.571
1835.690
1835.809
1836.761
1836.999
1837.237
1837.475
1837.713
1837.832
1837.951
1838.071
1838.190
1838.309
1838.428
1838.547
1838.666
1838.785
1838.904
1839.023
1839.142
1839.261
1839.618
1839.737
1839.856
1839.975
1840.094
1840.213
1840.332
1840.451
1840.570
1840.689
1840.808
1840.927
1841.046
1841.165
1841.522
1841.641
1841.760
1841.879
1841.998
1842.117
1842.236
1842.355
1842.474
1842.593
1842.712
1842.831
1842.950
1843.069
1843.427
1843.546
1843.665
1843.784
1843.903
1844.022
1844.141
1844.260
1844.379
1844.498
1844.617
1844.736
1844.855
1844.974
1845.331
1845.450
1845.569
1845.688
1845.807
1845.926
1846.045
1846.164
1846.283
1846.402
1846.521
1846.640
1846.759
1846.878
1847.235
1847.354
1847.473
1847.592
1847.711
1847.830
1847.949
1848.068
1848.187
1848.307
1848.426
1848.545
1848.664
1848.783
1849.140
1849.259
1849.378
1849.497
1849.616
1849.735
1849.854
1849.973
1850.092
1850.211
1850.330
1850.449
1850.568
1850.687
1851.044
1851.520
1851.996
1852.472
1852.948
1853.067
1853.186
1853.305
1853.425
1853.544
1853.663
1853.782
1853.901
1854.020
1854.139
1854.258
1854.377
1854.496
1854.853
1854.972
1855.091
1855.210
1855.329
1855.448
1855.567
1855.686
1855.805
1855.924
1856.043
1856.162
1856.281
1856.400
1856.757
1856.876
1856.995
1857.114
1857.233
1857.352
1857.471
1857.590
1857.709
1857.828
1857.947
1858.066
1858.185
1858.304
1858.662
1858.781
1858.900
1859.019
1859.138
1859.257
1859.376
1859.495
1859.614
1859.733
1859.852
1859.971
1860.090
1860.209
1860.566
1860.685
1860.804
1860.923
1861.042
1861.161
1861.280
1861.399
1861.518
1861.637
1861.756
1861.875
1861.994
1862.113
1862.470
1862.589
1862.708
1862.827
1862.946
1863.065
1863.184
1863.303
1863.422
1863.542
1863.661
1863.780
1863.899
1864.018
1864.375
1864.494
1864.613
1864.732
1864.851
1864.970
1865.089
1865.208
1865.327
1865.446
1865.565
1865.684
1865.803
1865.922
1866.279
1866.517
1866.755
1866.993
1867.231
1867.469
1867.707
1867.945
1868.183
1868.421
1868.660
1868.898
1869.136
1869.374
1869.612
1869.850
1870.088
1870.326
1870.564
1870.802
1871.040
1871.278
1871.516
1871.754
1871.992
1872.230
1872.468
1872.706
1872.944
1873.182
1873.420
1873.658
1873.897
1874.135
1874.373
1874.611
1874.849
1875.087
1875.325
1875.563
1875.801
1876.039
1876.277
1876.515
1876.753
1876.991
1877.229
1877.467
1877.705
1877.943
1878.181
1878.419
1878.657
1878.896
1879.134
1879.372
1879.610
1879.848
1880.086
1880.324
1880.562
1880.800
1881.038
1881.276
1881.514
1881.752
1881.990
1882.228
1882.466
1882.704
1882.942
1883.180
1883.418
1883.656
1883.894
1884.133
1884.371
1884.609
1884.847
1885.085
1885.323
1885.561
1885.799
1886.037
1886.275
1886.513
1886.751
1886.989
1887.227
1887.465
1887.703
1887.941
1888.179
1888.417
1888.655
1888.893
1889.132
1889.370
1889.608
1889.846
1890.084
1890.322
1890.560
1890.798
1891.036
1891.274
1891.512
1891.750
1891.988
1892.226
1892.464
1892.702
1892.940
1893.178
1893.416
1893.654
1893.892
1894.130
1894.369
1894.607
1894.845
1895.083
1895.321
1895.559
1895.797
1896.035
1896.273
1896.511
1896.749
1896.987
1897.225
1897.463
2419.317
2419.779
2420.240
2420.702
2421.163
2421.394
2421.625
2421.856
2422.086
2422.548
2423.010
2423.471
2423.933
2424.394
2424.856
2425.087
2425.317
2425.548
2425.779
2426.240
2426.702
2427.163
2427.625
2428.087
2428.548
2428.779
2429.010
2429.240
2429.471
2429.933
2430.394
2430.856
2431.317
2431.779
2432.240
2432.471
2432.702
2432.933
2433.164
2433.625
2434.087
2434.548
2435.010
2435.471
2435.933
2436.164
2436.394
2436.625
2436.856
2437.317
2437.779
2438.241
2438.702
2439.164
2439.625
2439.856
2440.087
2440.317
2440.548
2441.010
2441.471
2441.933
2442.394
2442.856
2443.317
2443.548
2443.779
2444.010
2444.241
2444.702
2445.164
2445.625
2446.087
2446.548
2447.010
2447.241
2447.471
2447.702
2447.933
2448.394
2448.856
2449.318
2449.779
2450.241
2450.702
2450.933
2451.164
2451.394
2451.625
2452.087
2452.548
2453.010
2453.471
2453.933
2454.395
2454.625
2454.856
2455.087
2455.318
2455.779
2456.241
2456.702
2457.164
2457.625
2458.087
2458.318
2458.548
2458.779
2459.010
2459.241
2459.471
2459.702
2459.933
2460.164
2460.395
2460.625
2460.856
2460.971
2461.087
2461.202
2461.318
2461.433
2461.548
2461.664
2461.779
2461.895
2462.010
2462.125
2462.241
2462.356
2462.472
2462.587
2462.702
2463.164
2463.625
2464.087
2464.548
2465.010
2465.472
2465.702
2465.933
2466.164
2466.395
2466.856
2467.318
2467.779
2468.241
2468.702
2469.164
2469.395
2469.625
2469.856
2470.087
2470.549
2471.010
2471.472
2471.933
2472.395
2472.856
2473.087
2473.318
2473.549
2473.779
2474.241
2474.702
2475.164
2475.625
2476.087
2476.549
2476.779
2477.010
2477.241
2477.472
2477.933
2478.395
2478.856
2479.318
2479.779
2480.241
2480.472
2480.702
2480.933
2481.164
2481.626
2482.087
2482.549
2483.010
2483.472
2483.933
2484.164
2484.395
2484.626
2484.856
2485.318
2485.779
2486.241
2486.703
2487.164
2487.626
2487.856
2488.087
2488.318
2488.549
2489.010
2489.472
2489.933
2490.395
2490.856
2491.318
2491.549
2491.779
2492.010
2492.241
2492.703
2493.164
2493.626
2494.087
2494.549
2495.010
2495.241
2495.472
2495.703
2495.933
2496.395
2496.856
2497.318
2497.780
2498.241
2498.703
2498.933
2499.164
2499.395
2499.626
2500.087
2500.549
2501.010
2501.472
2501.933
2502.395
2502.626
2502.857
2503.087
2503.318
2503.780
2504.241
2504.703
2505.164
2505.626
2506.087
2506.318
2506.549
2506.780
2507.010
2507.241
2507.472
2507.703
2507.933
2508.164
2508.395
2508.626
2508.857
2509.087
2509.318
2509.549
2509.780
2510.010
2510.241
2510.472
2510.703
2510.934
2511.164
2511.395
2511.626
2511.857
2512.087
2512.318
2512.549
2512.780
2513.010
2513.241
2513.472
2513.703
2513.934
2514.164
2514.395
2514.626
2514.857
2515.087
2515.318
2515.549
2515.780
2516.010
2516.241
2516.472
2516.703
2516.934
2517.164
2517.395
2517.626
2517.857
2518.087
2518.318
2518.549
2518.780
2519.011
2519.241
2519.472
2519.703
2519.934
2520.164
2520.395
2520.626
2520.857
2521.087
2521.318
2521.549
2521.780
2522.011
2522.241
2522.472
2522.703
2522.934
2523.164
2523.395
2523.626
2523.857
2524.087
2524.318
2524.549
2524.780
2525.011
2525.241
2525.472
2525.703
2525.934
2526.164
2526.395
2526.626
2526.857
2527.088
2527.318
2527.549
2527.780
2528.011
2528.241
2528.472
2528.703
2528.934
2529.164
2529.395
2529.626
2529.857
2530.088
2530.318
2530.549
2530.780
2531.011
2531.241
2531.472
2531.703
2531.934
2532.165
2532.395
2532.626
2532.857
2533.088
2533.318
2533.549
2533.780
2534.011
2534.241
2534.472
2534.703
2534.934
2535.165
2535.395
2535.626
2535.857
2536.088
2536.318
2536.549
2536.780
2537.011
2537.241
2537.472
2537.703
2537.934
2538.165
2538.395
2538.626
2538.857
2539.088
2539.318
2539.549
2539.780
2540.011
2540.242
2540.472
2540.703
2540.934
2541.165
2541.395
2541.626
2541.857
2542.088
2542.318
2542.549
2542.780
2543.011
2543.242
2543.472
2543.703
2543.934
2544.165
2544.395
2544.626
2544.857
2545.088
2545.318
2545.549
2545.780
2546.011
2546.242
2546.472
2546.703
2546.934
2547.165
2547.395
2547.626
2547.857
2548.088
2548.319
2548.549
2548.780
2549.011
2549.242
2549.472
2549.588
2549.703
2549.819
2549.934
2550.049
2550.165
2550.280
2550.395
2550.511
2550.626
2550.742
2550.857
2550.972
2551.088
2551.203
2551.319
2551.780
2552.242
2552.703
2553.165
2553.626
2554.088
2554.319
2554.549
2554.780
2555.011
2555.472
2555.934
2556.396
2556.857
2557.319
2557.780
2558.011
2558.242
2558.472
2558.703
2559.165
2559.626
2560.088
2560.549
2561.011
2561.472
2561.703
2561.934
2562.165
2562.396
2562.857
2563.319
2563.780
2564.242
2564.703
2565.165
2565.396
2565.626
2565.857
2566.088
2566.549
2567.011
2567.473
2567.934
2568.396
2568.857
2569.319
2569.780
2570.242
2570.703
2571.165
2571.626
2572.088
2572.550
2573.011
2573.473
2573.934
2574.396
2574.857
2575.319
2575.780
2576.242
2576.703
2577.165
2577.626
2578.088
2578.550
2579.011
2579.473
2579.934
2580.396
2580.857
2581.088
2581.319
2581.550
2581.780
2582.011
2582.242
2582.473
2582.703
2582.934
2583.165
2583.396
2583.627
2583.857
2584.088
2584.319
2584.550
2584.780
2585.011
2585.242
2585.473
2585.703
2585.934
2586.165
2586.396
2586.627
2586.857
2587.088
2587.319
2587.550
2587.780
2588.011
2588.242
2588.473
2588.704
2588.934
2589.165
2589.396
2589.627
2589.857
2590.088
2590.319
2590.550
2590.780
2591.011
2591.242
2591.473
2591.704
2591.934
2592.165
2592.396
2592.627
2592.857
2593.088
2593.319
2593.550
2593.780
2594.011
2594.242
2594.473
2594.704
2594.934
2595.165
2595.396
2595.627
2595.857
2596.088
2596.319
2596.550
2596.781
2597.011
2597.242
2597.473
2597.704
2597.934
2598.165
2598.396
2598.627
2598.857
2599.088
2599.319
2599.550
2599.781
2600.011
2600.242
2600.473
2600.704
2600.934
2601.165
2601.396
2601.627
2601.857
2602.088
2602.319
2602.550
2602.781
2603.011
2603.242
2603.473
2603.704
2603.934
2604.165
2604.396
2604.627
2604.858
2605.088
2605.319
2605.550
2605.781
2606.011
2606.242
2606.473
2606.704
2606.934
2607.165
2607.396
2607.627
2607.858
2608.088
2608.319
2608.550
2608.781
2609.011
2609.242
2609.473
2609.704
2609.934
2610.165
2610.396
2610.858
2611.319
2611.781
2612.242
2612.704
2613.165
2613.627
2614.088
2614.550
2615.011
2615.473
2615.935
2616.396
2616.858
2617.319
2617.781
2618.242
2618.704
2619.165
2619.627
2620.088
2620.550
2621.012
2621.473
2621.935
2622.396
2622.858
2623.319
2623.781
2624.242
2624.704
2625.165
2625.627
2626.089
2626.550
2627.012
2627.473
2627.935
2628.396
2628.858
2629.319
2629.781
2630.242
2630.704
2631.165
2631.627
2632.089
2632.550
2633.012
2633.473
2633.935
2634.396
2634.858
2635.319
2635.781
2636.242
2636.704
2637.166
2637.627
2638.089
2638.550
2639.012
2639.473
2639.935
2640.166
2640.396
2640.627
2640.858
2641.089
2641.319
2641.550
2641.781
2642.012
2642.243
2642.473
2642.704
2642.935
2643.166
2643.396
2643.627
2643.858
2644.089
2644.319
2644.550
2644.781
2645.012
2645.243
2645.473
2645.704
2645.935
2646.166
2646.396
2646.627
2646.858
2647.089
2647.319
2647.781
2648.243
2648.704
2649.166
2649.627
2650.089
2650.550
2651.012
2651.473
2651.935
2652.396
2652.858
2653.320
2653.781
2654.243
2654.704
2654.935
2655.166
2655.396
2655.627
2655.858
2656.089
2656.320
2656.550
2656.781
2657.012
2657.243
2657.473
2657.704
2657.935
2658.166
2658.397
2658.627
2658.858
2659.089
2659.320
2659.550
2659.781
2660.012
2660.243
2660.473
2660.704
2660.935
2661.166
2661.397
2661.627
2661.858
2662.089
2662.320
2662.550
2662.781
2663.012
2663.243
2663.473
2663.704
2663.935
2664.166
2664.397
2664.627
2664.858
2665.089
2665.320
2665.550
2665.781
2666.012
2666.243
2666.474
2666.704
2666.935
2667.166
2667.397
2667.627
2667.743
2667.858
2667.974
2668.089
2668.204
2668.320
2668.435
2668.550
2668.666
2668.781
2668.897
2669.012
2669.127
2669.243
2669.358
2669.474
2669.935
2670.397
2670.858
2671.320
2671.781
2672.243
2672.474
2672.704
2672.935
2673.166
2673.627
2674.089
2674.551
2675.012
2675.474
2675.935
2676.166
2676.397
2676.627
2676.858
2677.320
2677.781
2678.243
2678.704
2679.166
2679.627
2679.858
2680.089
2680.320
2680.551
2681.012
2681.474
2681.935
2682.397
2682.858
2683.320
2683.551
2683.781
2684.012
2684.243
2684.704
2685.166
2685.628
2686.089
2686.551
2687.012
2687.243
2687.474
2687.704
2687.935
2688.397
2688.858
2689.320
2689.781
2690.243
2690.705
2690.935
2691.166
2691.397
2691.628
2692.089
2692.551
2693.012
2693.474
2693.935
2694.397
2694.628
2694.858
2695.089
2695.320
2695.781
2696.243
2696.705
2697.166
2697.628
2698.089
2698.320
2698.551
2698.782
2699.012
2699.243
2699.474
2699.705
2699.935
2700.166
2700.397
2700.628
2700.858
2701.089
2701.320
2701.551
2701.782
2702.012
2702.243
2702.474
2702.705
2702.935
2703.166
2703.397
2703.628
2703.858
2704.089
2704.320
2704.551
2704.782
2705.012
2705.243
2705.474
2705.705
2705.935
2706.166
2706.397
2706.628
2706.859
2707.089
2707.320
2707.551
2707.782
2708.012
2708.243
2708.474
2708.705
2708.935
2709.166
2709.397
2709.628
2709.859
2710.089
2710.320
2710.551
2710.782
2711.012
2711.243
2711.474
2711.705
2711.935
2712.166
2712.397
2712.628
2712.859
2713.089
2713.320
2713.551
2713.782
2714.012
2714.243
2714.474
2714.705
2714.936
2715.166
2715.397
2715.628
2715.859
2716.089
2716.320
2716.551
2716.782
2717.012
2717.243
2717.474
2717.705
2717.936
2718.166
2718.397
2718.628
2718.859
2719.089
2719.320
2719.551
2719.782
2720.013
2720.243
2720.474
2720.705
2720.936
2721.166
2721.397
2721.628
2721.859
2722.089
2722.320
2722.551
2722.782
2723.013
2723.243
2723.474
2723.705
2723.936
2724.166
2724.397
2724.628
2724.859
2725.089
2725.320
2725.551
2725.782
2726.013
2726.243
2726.474
2726.705
2726.936
2727.166
2727.397
2727.628
2727.859
2728.090
2728.320
3115.681
3116.150
3116.619
3117.088
3117.556
3118.025
3118.494
3118.963
3119.432
3119.901
3120.369
3120.838
3121.307
3121.776
3122.245
3122.714
3123.182
3123.651
3124.120
3124.589
3125.058
3125.527
3125.995
3126.464
3126.933
3127.402
3127.871
3128.340
3128.808
3129.277
3129.746
3130.215
3130.684
3131.152
3131.621
3132.090
3132.559
3133.028
3133.497
3133.965
3134.434
3134.903
3135.372
3135.841
3136.310
3136.778
3137.247
3137.716
3138.185
3138.654
3139.123
3139.591
3140.060
3140.529
3140.998
3141.467
3141.936
3142.404
3142.873
3143.342
3143.811
3144.280
3144.748
3145.217
3145.686
3146.155
3146.624
3147.093
3147.561
3148.030
3148.499
3148.968
3149.437
3149.906
3150.374
3150.843
3151.078
3151.195
3151.312
3151.429
3151.546
3151.664
3151.781
3151.898
3152.015
3152.132
3152.250
3152.367
3152.484
3152.601
3152.719
3152.836
3152.953
3153.070
3153.187
3153.305
3153.422
3153.539
3153.656
3153.773
3153.891
3154.008
3154.125
3154.242
3154.359
3154.477
3154.594
3154.711
3154.828
3154.945
3155.063
3155.180
3155.297
3155.414
3155.531
3155.649
3155.766
3155.883
3156.000
3156.118
3156.235
3156.352
3156.469
3156.586
3156.704
3156.821
3156.938
3157.055
3157.172
3157.290
3157.407
3157.524
3157.641
3157.758
3157.876
3157.993
3158.110
3158.227
3158.344
3158.462
3158.579
3158.696
3158.813
3158.930
3159.048
3159.165
3159.282
3159.399
3159.517
3159.634
3159.751
3159.868
3159.985
3160.103
3160.220
3160.337
3160.454
3160.571
3160.689
3160.806
3160.923
3161.040
3161.157
3161.275
3161.392
3161.509
3161.626
3161.743
3161.861
3161.978
3162.095
3162.212
3162.329
3162.447
3162.564
3162.681
3162.798
3162.916
3163.033
3163.150
3163.267
3163.384
3163.502
3163.619
3163.736
3163.853
3163.970
3164.088
3164.205
3164.322
3164.439
3164.556
3164.674
3164.791
3164.908
3165.025
3165.142
3165.260
3165.377
3165.494
3165.611
3165.728
3165.846
3165.963
3166.080
3166.197
3166.315
3166.432
3166.549
3166.666
3166.783
3166.901
3167.018
3167.135
3167.252
3167.369
3167.487
3167.604
3167.721
3167.838
3167.955
3168.073
3168.190
3168.307
3168.424
3168.541
3168.659
3168.776
3168.893
3169.010
3169.127
3169.245
3169.362
3169.479
3169.596
3169.714
3169.831
3169.948
3170.065
3170.182
3170.300
3170.417
3170.534
3170.651
3170.768
3170.886
3171.003
3171.120
3171.237
3171.354
3171.472
3174.285
3174.753
3175.222
3175.691
3176.160
3176.629
3177.098
3177.566
3178.035
3178.504
3178.973
3179.442
3179.911
3180.379
3180.848
3181.317
3181.551
3181.786
3182.020
3182.255
3182.489
3182.723
3182.958
3183.192
3183.427
3183.661
3183.896
3184.130
3184.364
3184.599
3184.833
3185.068
3185.302
3185.536
3185.771
3186.005
3186.240
3186.474
3186.709
3186.943
3187.177
3187.412
3187.646
3187.881
3188.115
3188.349
3188.584
3188.818
3189.053
3189.287
3189.521
3189.756
3189.990
3190.225
3190.459
3190.694
3190.928
3191.162
3191.397
3191.631
3191.866
3192.100
3192.334
3192.569
3192.803
3193.038
3193.272
3193.506
3193.741
3193.975
3194.210
3194.444
3194.679
3194.913
3195.147
3195.382
3195.616
3195.851
3196.085
3196.554
3197.023
3197.492
3197.960
3198.429
3198.898
3199.367
3199.836
3200.304
3200.773
3201.242
3201.711
3202.180
3202.649
3203.117
3203.586
3204.055
3204.524
3204.993
3205.462
3205.930
3206.399
3206.868
3207.337
3207.806
3208.275
3208.743
3209.212
3209.681
3210.150
3210.619
3210.853
3211.088
3211.322
3211.556
3211.791
3212.025
3212.260
3212.494
3212.728
3212.963
3213.197
3213.432
3213.666
3213.900
3214.135
3214.369
3214.604
3214.838
3215.073
3215.307
3215.541
3215.776
3216.010
3216.245
3216.479
3216.713
3216.948
3217.182
3217.417
3217.651
3217.768
3217.886
3218.003
3218.120
3218.237
3218.354
3218.472
3218.589
3218.706
3218.823
3218.940
3219.058
3219.175
3219.292
3219.409
3219.526
3219.644
3219.761
3219.878
3219.995
3220.112
3220.230
3220.347
3220.464
3220.581
3220.698
3220.816
3220.933
3221.050
3221.167
3221.285
3221.402
3221.519
3221.636
3221.753
3221.871
3221.988
3222.105
3222.222
3222.339
3222.457
3222.574
3222.691
3222.808
3222.925
3223.043
3223.160
3223.277
3223.394
3223.511
3223.629
3223.746
3223.863
3223.980
3224.097
3224.215
3226.090
3226.324
3226.559
3226.793
3227.028
3227.262
3227.496
3227.731
3227.965
3228.200
3228.434
3228.669
3228.903
3229.137
3229.372
3229.606
3229.841
3230.075
3230.309
3230.544
3230.778
3231.013
3231.247
3231.482
3231.716
3231.950
3232.185
3232.419
3232.654
3232.888
3233.122
3233.357
3233.591
3233.826
3234.060
3234.294
3234.529
3234.763
3234.998
3235.232
3235.467
3235.701
3235.935
3236.170
3236.404
3236.639
3236.873
3237.107
3237.342
3237.576
3237.811
3238.045
3238.279
3238.514
3238.748
3238.983
3239.217
3239.452
3239.686
3239.920
3240.155
3240.389
3240.624
3240.858
3241.092
3241.327
3241.561
3241.796
3242.030
3242.265
3242.499
3242.733
3242.968
3243.202
3243.437
3243.671
3243.905
3244.140
3244.374
3244.609
3244.843
3245.077
3245.312
3245.546
3245.781
3246.015
3246.250
3246.484
3246.718
3246.953
3247.187
3247.422
3247.656
3247.890
3248.125
3248.359
3248.594
3248.828
3249.063
3249.297
3249.531
3249.766
3250.000
3250.235
3250.469
3250.703
3250.938
3251.172
3251.407
3251.641
3251.875
3252.110
3252.344
3252.579
3252.813
3253.048
3253.282
3253.516
3253.751
3253.985
3254.220
3254.454
3254.688
3254.923
3255.157
3255.392
3255.626
3255.861
3256.095
3256.329
3256.447
3256.564
3256.681
3256.798
3256.915
3257.033
3257.150
3257.267
3257.384
3257.501
3257.619
3257.736
3257.853
3257.970
3258.087
3258.205
3258.322
3258.439
3258.556
3258.673
3258.791
3258.908
3259.025
3259.142
3259.260
3259.377
3259.494
3259.611
3259.728
3259.846
3259.963
3260.080
3260.197
3260.314
3260.432
3260.549
3260.666
3260.783
3260.900
3261.018
3261.135
3261.252
3261.369
3261.486
3261.604
3261.721
3261.838
3261.955
3262.072
3262.190
3262.307
3262.424
3262.541
3262.659
3262.776
3262.893
3263.010
3263.127
3263.245
3263.362
3263.596
3263.831
3264.065
3264.299
3264.534
3264.768
3265.003
3265.237
3265.471
3265.706
3265.940
3266.175
3266.409
3266.644
3266.878
3267.112
3267.347
3267.581
3267.816
3268.050
3268.284
3268.519
3268.753
3268.988
3269.222
3269.457
3269.691
3269.925
3270.160
3270.394
3270.629
3270.863
3271.097
3271.332
3271.566
3271.801
3272.035
3272.269
3272.504
3272.738
3272.973
3273.207
3273.442
3273.676
3273.910
3274.145
3274.379
3274.614
3274.848
3275.082
3275.317
3275.551
3275.786
3276.020
3276.254
3276.489
3276.723
3278.599
3278.833
3279.067
3279.302
3279.536
3279.771
3280.005
3280.240
3280.474
3280.708
3280.943
3281.177
3281.412
3281.646
3281.880
3282.115
3282.349
3282.584
3282.818
3283.052
3283.287
3283.521
3283.756
3283.990
3284.225
3284.459
3284.693
3284.928
3285.162
3285.397
3285.631
3285.865
3286.100
3286.334
3286.569
3286.803
3287.038
3287.272
3287.506
3287.741
3287.975
3288.210
3288.444
3288.678
3288.913
3289.147
3289.382
3289.616
3289.850
3290.085
3290.319
3290.554
3290.788
3291.023
3291.257
3291.491
3293.601
3294.070
3294.539
3295.008
3295.476
3295.945
3296.414
3296.883
3297.352
3297.821
3298.289
3298.758
3299.227
3299.696
3300.165
3300.634
3301.102
3301.571
3302.040
3302.509
3302.978
3303.446
3303.915
3304.384
3304.853
3305.322
3305.791
3306.259
3306.728
3307.197
3307.666
3308.135
3308.604
3309.072
3309.541
3310.010
3310.479
3310.948
3311.417
3311.885
3312.354
3312.823
3313.292
3313.761
3314.230
3314.698
3315.167
3315.636
3316.105
3316.574
3317.042
3317.511
3317.980
3318.449
3318.918
3319.387
3319.855
3807.208
3807.637
3808.065
3808.494
3808.922
3809.351
3813.636
3814.065
3814.493
3814.922
3815.350
3815.779
3816.207
3816.636
3820.064
3820.493
3820.921
3821.350
3821.778
3822.207
3822.635
3823.064
3827.349
3827.778
3828.206
3828.635
3829.063
3829.492
3829.920
3833.777
3833.991
3834.206
3834.420
3834.634
3834.848
3835.063
3835.277
3835.491
3835.705
3835.920
3836.134
3836.348
3836.562
3836.777
3836.991
3837.205
3837.420
3837.634
3837.848
3838.062
3838.277
3838.491
3838.705
3838.919
3839.134
3839.348
3839.562
3839.776
3839.991
3840.205
3840.419
3840.634
3840.848
3841.062
3841.276
3841.491
3841.705
3841.919
3842.133
3842.348
3842.562
3842.776
3842.990
3843.205
3843.419
3843.633
3843.847
3844.062
3844.276
3844.490
3844.705
3844.919
3845.133
3845.347
3845.562
3845.776
3845.990
3846.204
3846.419
3846.633
3846.847
3847.061
3847.276
3847.490
3847.704
3847.919
3848.133
3848.347
3848.561
3848.776
3848.990
3849.204
3849.418
3849.633
3849.847
3850.061
3850.275
3850.490
3850.704
3850.918
3851.133
3851.347
3851.561
3851.775
3851.990
3852.204
3852.418
3852.632
3852.847
3853.061
3853.275
3853.489
3853.704
3853.918
3854.132
3854.346
3854.561
3854.775
3854.989
3855.204
3855.418
3855.632
3855.846
3856.061
3856.275
3856.489
3856.703
3856.918
3857.132
3857.346
3857.560
3857.775
3857.989
3858.203
3858.418
3858.632
3858.846
3859.060
3859.275
3859.489
3859.917
3860.346
3860.774
3861.203
3861.417
3861.632
3861.846
3862.060
3862.274
3862.489
3862.703
3862.917
3863.131
3863.346
3863.560
3863.774
3863.988
3864.203
3864.417
3864.631
3864.845
3865.060
3865.274
3865.488
3865.703
3865.917
3866.131
3866.345
3866.560
3866.774
3866.988
3867.202
3867.417
3867.631
3867.845
3868.059
3868.274
3868.488
3868.702
3868.917
3869.131
3869.345
3869.452
3869.559
3869.666
3869.774
3869.881
3869.988
3870.095
3870.202
3870.309
3870.416
3870.524
3870.631
3870.738
3870.845
3870.952
3871.059
3871.166
3871.273
3871.381
3871.488
3871.595
3871.702
3871.809
3871.916
3872.023
3872.131
3872.238
3872.345
3872.452
3872.559
3872.666
3872.773
3872.880
3872.988
3873.095
3873.202
3873.630
3874.059
3874.487
3874.916
3875.344
3875.773
3876.202
3876.630
3876.844
3877.059
3877.273
3877.487
3877.701
3877.916
3878.130
3878.344
3878.558
3878.773
3878.987
3879.201
3879.416
3879.630
3879.844
3880.058
3880.273
3880.487
3880.701
3880.915
3881.130
3881.344
3881.558
3881.772
3881.987
3882.201
3882.415
3882.630
3882.844
3883.058
3883.272
3883.487
3883.701
3883.915
3884.129
3884.344
3884.558
3884.772
3884.986
3885.201
3885.415
3885.629
3885.843
3886.058
3886.272
3886.486
3886.701
3886.915
3887.129
3887.343
3887.558
3887.772
3887.986
3888.200
3888.415
3888.629
3888.843
3889.057
3889.272
3889.486
3889.700
3889.915
3890.129
3890.343
3890.557
3890.772
3890.986
3891.200
3891.414
3891.629
3891.843
3892.057
3892.271
3892.486
3892.700
3892.914
3893.129
3893.343
3893.557
3893.771
3893.986
3894.200
3894.414
3894.628
3894.843
3895.057
3895.271
3895.485
3895.700
3895.914
3896.128
3896.342
3896.557
3896.771
3896.985
3897.200
3897.414
3897.628
3897.842
3898.057
3898.271
3898.485
3898.699
3898.914
3899.128
3899.342
3899.556
3899.771
3899.985
3900.199
3900.414
3900.628
3900.842
3901.056
3901.271
3901.485
3901.699
3901.913
3902.128
3902.342
3902.556
3902.770
3902.985
3903.199
3903.413
3903.628
3903.842
3904.056
3904.270
3904.485
3904.699
3904.913
3905.127
3905.342
3905.556
3905.770
3905.984
3906.199
3906.413
3906.627
3906.841
3907.056
3907.270
3907.484
3907.913
3908.341
3908.770
3909.198
3909.627
3910.055
3910.484
3910.913
3911.341
3911.770
3912.198
3912.627
3913.055
3913.484
3913.912
3914.341
3914.769
3915.198
3915.626
3916.055
3916.483
3916.912
3917.340
3917.769
3918.198
3918.626
3919.055
3919.483
3919.912
3920.340
3920.769
3921.197
3921.626
3922.054
3922.483
3922.911
3923.340
3923.768
3924.197
3924.626
3925.054
3925.483
3925.911
3926.340
3926.768
3927.197
3927.625
3928.054
3928.482
3928.911
3929.339
3929.768
3930.196
3930.625
3931.053
3931.482
3931.911
3932.339
3932.768
3933.196
3933.625
3934.053
3934.482
3934.910
3935.125
3935.339
3935.553
3935.767
3935.982
3936.196
3936.410
3936.624
3936.839
3937.053
3937.267
3937.481
3937.696
3937.910
3938.124
3938.338
3938.553
3938.767
3938.981
3939.196
3939.410
3939.624
3939.838
3940.053
3940.267
3940.481
3940.695
3940.910
3941.124
3941.338
3941.552
3941.767
3941.981
3942.195
3942.410
3942.624
3942.838
3943.052
3943.267
3943.481
3943.695
3943.909
3944.124
3944.338
3944.552
3944.766
3944.981
3945.195
3945.409
3945.624
3945.838
3946.052
3946.266
3946.481
3946.695
3946.909
3947.123
3947.338
3947.552
3947.766
3947.980
3948.195
3948.409
3948.623
3948.837
3949.052
3949.266
3949.480
3949.695
3949.909
3950.123
3950.337
3950.552
3950.766
3950.980
3951.194
3951.409
3951.623
3951.837
3952.051
3952.266
3952.480
3952.694
3952.909
3953.123
3953.337
3953.551
3953.766
3953.980
3954.194
3954.408
3954.623
3954.837
3955.051
3955.265
3955.480
3955.694
3955.908
3956.123
3956.337
3956.551
3956.765
3956.980
3957.194
3957.408
3957.622
3957.837
3958.051
3958.265
3958.479
3958.694
3958.908
3959.122
3959.336
3959.551
3959.765
3959.979
3960.194
3960.408
3960.622
3961.051
3961.479
3961.908
3962.336
3962.765
3963.193
3963.622
3964.050
3964.479
3964.907
3965.336
3965.764
3966.193
3966.622
3967.050
3967.479
3967.907
3968.336
3968.764
3969.193
3969.621
3970.050
3970.478
3970.907
3971.335
3971.764
3972.192
3972.621
3973.049
3973.478
3973.907
3974.335
3974.764
3975.192
3975.621
3976.049
3976.478
3976.906
3977.335
3977.763
3978.192
3978.620
3979.049
3979.477
3979.906
3980.334
3980.763
3981.192
3981.620
3982.049
3982.477
3982.906
3983.334
3983.763
3984.191
3984.620
3985.048
3985.477
3985.905
3986.334
3986.762
3987.191
3987.620
3988.048
3988.477
3988.905
3989.334
3989.762
3989.976
3990.191
3990.405
3990.619
3990.833
3991.048
3991.262
3991.476
3991.691
3991.905
3992.119
3992.333
3992.548
3992.762
3992.976
3993.190
3993.405
3993.619
3993.833
3994.047
3994.262
3994.476
3994.690
3994.905
3995.119
3995.333
3995.547
3995.762
3995.976
3996.190
3996.404
3996.619
3996.833
3997.047
3997.261
3997.476
3997.690
3997.904
3998.119
3998.333
3998.547
3998.761
3998.976
3999.190
3999.404
3999.618
3999.833
4000.047
4000.261
4000.475
4000.690
4000.904
4001.118
4001.332
4001.547
4001.761
4001.975
4002.190
4002.404
4002.618
4002.832
4003.047
4003.261
4003.475
4003.689
4003.904
4004.118
4004.332
4004.546
4004.761
4004.975
4005.189
4005.404
4005.618
4005.832
4006.046
4006.261
4006.475
4006.689
4006.903
4007.118
4007.332
4007.546
4007.760
4007.975
4008.189
4008.403
4008.618
4008.832
4009.046
4009.260
4009.475
4009.689
4009.903
4010.117
4010.332
4010.546
4010.760
4010.974
4011.189
4011.403
4011.617
4011.831
4012.046
4012.260
4012.474
4012.689
4012.903
4013.117
4013.331
4013.546
4013.760
4013.974
4014.188
4014.403
4014.617
4014.831
4015.045
4015.260
4015.474
4015.688
4015.903
4016.117
4016.331
4016.545
4016.760
4016.974
4017.188
4017.402
4017.617
4017.724
4017.831
4017.938
4018.045
4018.152
4018.259
4018.367
4018.474
4018.581
4018.688
4018.795
4018.902
4019.009
4019.117
4019.224
4019.331
4019.438
4019.545
4019.652
4019.759
4019.866
4019.974
4020.081
4020.188
4020.295
4020.402
4020.509
4020.616
4020.723
4020.831
4020.938
4021.045
4021.152
4021.259
4021.366
4021.473
4021.581
4021.688
4021.795
4021.902
4022.009
4022.116
4022.223
4022.330
4022.438
4022.545
4022.652
4022.759
4022.866
4022.973
4023.080
4023.188
4023.295
4023.402
4023.509
4023.616
4023.723
4023.830
4023.937
4024.045
4024.152
4024.259
4024.366
4024.473
4024.580
4024.687
4024.795
4024.902
4025.009
4025.116
4025.223
4025.330
4025.437
4025.544
4025.652
4025.759
4025.866
4025.973
4026.080
4026.187
4026.294
4026.402
4026.509
4026.616
4026.723
4026.830
4026.937
4027.044
4027.151
4027.259
4027.366
4027.473
4027.580
4027.687
4027.794
4027.901
4028.009
4028.116
4028.223
4028.330
4028.437
4028.544
4028.651
4028.758
4028.866
4028.973
4029.080
4029.187
4029.616
4029.830
4030.044
4030.151
4030.258
4030.365
4030.473
4030.901
4031.330
4031.544
4031.758
4031.865
4031.972
4032.080
4032.187
4032.615
4033.044
4033.258
4033.472
4033.579
4033.687
4033.794
4033.901
4034.329
4034.758
4034.972
4035.186
4035.294
4035.401
4035.508
4035.615
4036.043
4036.472
4036.686
4036.901
4037.008
4037.115
4037.222
4037.329
4037.758
4038.186
4038.400
4038.615
4038.722
4038.829
4038.936
4039.043
4039.472
4039.900
4040.115
4040.329
4040.436
4040.543
4040.650
4040.757
4041.186
4041.400
4041.614
4041.829
4042.043
4042.257
4042.471
4042.900
4043.328
4043.543
4043.757
4043.864
4043.971
4044.078
4044.186
4044.614
4045.043
4045.257
4045.471
4045.578
4045.685
4045.793
4045.900
4046.328
4046.757
4046.971
4047.185
4047.292
4047.400
4047.507
4047.614
4048.042
4048.471
4048.685
4048.899
4049.007
4049.114
4049.221
4049.328
4049.756
4050.185
4050.399
4050.614
4050.721
4050.828
4050.935
4051.042
4051.471
4051.899
4052.113
4052.328
4052.435
4052.542
4052.649
4052.756
4053.185
4053.613
4053.827
4054.042
4054.149
4054.256
4054.363
4054.470
4054.899
4055.327
4055.542
4055.756
4055.863
4055.970
4056.077
4056.184
4056.613
4056.827
4057.041
4057.256
4057.470
4057.684
4057.899
4058.113
4058.327
4058.541
4058.756
4058.970
4059.184
4059.398
4059.613
4059.827
4060.041
4060.255
4060.470
4060.684
4060.898
4061.113
4061.327
4061.541
4061.755
4061.970
4062.184
4062.398
4062.612
4062.827
4063.041
4063.255
4063.469
4063.684
4063.898
4064.112
4064.326
4064.541
4064.755
4064.969
4065.184
4065.398
4065.612
4065.826
4066.041
4066.255
4066.469
4066.683
4066.898
4067.112
4067.326
4067.540
4067.755
4067.969
4068.183
4068.398
4068.612
4068.826
4069.040
4069.255
4069.469
4069.683
4069.897
4070.112
4070.326
4070.540
4070.754
4070.969
4071.183
4071.397
4071.612
4071.826
4072.040
4072.254
4072.469
4072.683
4072.897
4073.111
4073.326
4073.540
4073.754
4073.968
4074.183
4074.397
4074.611
4074.825
4075.040
4075.254
4075.468
4075.683
4075.897
4076.111
4076.325
4076.540
4076.754
4076.968
4077.182
4077.397
4077.611
4077.825
4078.039
4078.254
4078.468
4078.682
4078.897
4079.111
4079.325
4079.539
4079.754
4079.968
4080.182
4080.396
4080.611
4080.825
4081.039
4081.253
4081.468
4081.682
4081.896
4082.111
4082.325
4082.539
4082.753
4082.968
4083.182
4083.396
4083.610
4083.825
4084.039
4084.253
4084.467
4084.682
4084.896
4085.110
4085.324
4085.539
4085.753
4085.967
4086.182
4086.396
4086.610
4086.824
4087.039
4087.253
4087.467
4087.681
4087.896
4088.110
4088.324
4088.538
4088.753
4088.967
4089.181
4089.396
4089.610
4089.824
4090.038
4090.253
4090.467
4090.681
4090.895
4091.110
4091.324
4091.538
4091.752
4091.967
4092.181
4092.395
4092.610
4092.824
4093.038
4093.252
4093.467
4093.681
4093.895
4094.109
4094.324
4094.538
4094.752
4094.966
4095.181
4095.395
4095.609
4095.823
4096.038
4096.252
4096.466
4096.681
4096.895
4097.109
4097.323
4097.538
4097.752
4098.180
4098.609
4099.037
4099.466
4099.895
4100.323
4100.752
4101.180
4101.609
4102.037
4102.466
4102.894
4103.323
4103.751
4104.180
4104.608
4105.037
4105.465
4105.894
4106.322
4106.751
4107.180
4107.608
4108.037
4108.465
4108.894
4109.322
4109.751
4110.179
4110.608
4111.036
4111.465
4111.893
4112.322
