114.581
115.505
116.428
117.352
118.275
119.199
120.122
121.046
121.969
122.893
123.816
124.740
125.663
126.587
127.510
128.434
129.357
130.281
131.204
132.128
133.051
133.975
134.898
135.822
136.745
137.669
138.592
139.516
140.439
141.363
142.286
143.210
143.671
144.133
144.595
145.056
145.518
145.979
146.441
146.902
147.364
147.826
148.287
148.749
149.210
149.672
150.133
150.595
151.057
151.518
151.980
152.441
152.903
153.364
153.826
154.288
154.749
155.211
155.672
156.134
156.595
157.057
157.519
157.980
158.442
158.903
159.365
159.826
160.288
160.750
161.211
161.673
162.134
162.596
163.057
163.519
163.981
164.442
164.904
165.365
165.827
166.288
166.750
167.212
167.673
168.135
168.596
169.058
169.519
169.981
170.443
170.904
171.366
171.827
172.289
172.750
173.212
173.674
174.135
174.597
175.058
175.520
175.981
176.443
176.905
177.366
177.828
178.289
178.751
179.212
179.674
180.136
180.597
181.059
181.520
181.982
182.443
182.905
183.367
183.828
184.290
184.751
185.213
185.674
186.136
186.598
187.059
187.521
187.982
188.444
188.905
189.367
189.829
190.290
190.752
191.213
191.675
192.136
192.598
193.060
193.521
193.983
194.444
194.906
195.367
195.829
196.291
196.752
197.214
197.675
198.137
198.598
199.060
199.522
199.983
200.445
200.906
201.368
201.830
202.291
202.753
203.214
203.676
204.137
204.599
205.061
205.522
205.984
206.445
206.907
207.368
207.830
208.292
208.753
209.215
209.676
210.138
210.599
211.061
211.523
211.984
212.446
212.907
213.369
213.830
214.292
214.754
215.215
215.677
216.138
216.600
217.061
217.523
217.985
218.446
218.908
219.369
219.831
220.292
220.754
221.216
221.677
222.139
222.600
223.062
223.523
223.985
224.447
224.908
225.370
225.831
226.293
226.754
227.216
227.678
228.139
228.601
229.062
229.524
229.985
230.447
230.909
231.370
231.832
232.062
232.293
232.523
232.753
232.984
233.214
233.445
233.675
233.906
234.136
234.367
234.597
234.827
235.058
235.288
235.519
235.749
235.980
236.210
236.440
236.671
236.901
237.132
237.362
237.593
237.823
238.054
238.284
238.514
238.745
238.975
239.206
239.436
239.667
239.897
240.127
240.358
240.588
240.819
241.049
241.280
241.510
241.741
241.971
242.201
242.432
242.662
242.893
243.123
243.354
243.584
243.815
244.045
244.275
244.506
244.736
244.967
245.197
245.428
245.658
245.888
246.119
246.349
246.580
247.041
247.502
247.962
248.423
248.884
249.345
249.806
250.267
250.728
251.189
251.649
252.110
252.571
253.032
253.493
253.954
254.415
254.876
255.336
255.797
256.258
256.719
257.180
257.641
258.102
258.563
259.023
259.484
259.945
260.406
260.867
261.328
276.109
276.571
277.033
277.495
277.957
278.419
278.881
279.343
279.805
280.267
280.728
281.190
281.652
282.114
282.576
283.038
283.500
283.962
284.424
284.886
285.348
285.810
286.272
286.733
287.195
287.657
288.119
288.581
289.043
289.505
289.967
290.429
290.891
291.353
291.815
292.276
292.738
293.200
293.662
294.124
294.586
295.048
295.510
295.972
296.434
296.896
297.358
297.819
298.281
298.743
299.205
299.667
300.129
300.591
301.053
301.515
301.977
302.439
302.901
303.363
303.824
304.286
304.748
305.210
305.672
320.420
320.651
320.882
321.113
321.344
321.574
321.805
322.036
322.267
322.498
322.728
322.959
323.190
323.421
323.652
323.883
324.113
324.344
324.575
324.806
325.037
325.268
325.498
325.729
325.960
326.191
326.422
326.653
326.883
327.114
327.345
327.576
327.807
328.038
328.268
328.499
328.730
328.961
329.192
329.423
329.653
329.884
330.115
330.346
330.577
330.808
331.038
331.269
331.500
331.731
331.962
332.193
332.423
332.654
332.885
333.116
333.347
333.577
333.808
334.039
334.270
334.501
334.732
334.962
335.193
335.424
335.655
335.886
336.117
336.347
336.578
336.809
337.040
337.271
337.502
337.732
337.963
338.194
338.425
338.656
338.887
339.117
339.348
339.579
339.810
340.041
340.272
340.502
340.733
340.964
341.195
341.426
341.657
341.887
342.118
342.349
342.580
342.811
343.041
343.272
343.503
343.734
343.965
344.196
344.426
344.657
344.888
345.119
345.350
345.581
345.811
346.042
346.273
346.504
346.735
346.966
347.196
347.427
347.658
347.889
348.120
348.351
348.581
348.812
349.043
349.274
349.505
349.736
349.966
350.197
350.428
350.659
350.890
351.121
351.351
351.582
351.813
352.044
352.275
352.506
352.736
352.967
353.198
353.429
353.660
353.890
354.121
354.352
354.583
354.814
355.045
355.275
355.506
355.737
355.968
356.199
356.430
356.660
356.891
357.122
357.353
357.584
357.815
358.045
358.276
358.507
358.738
358.969
359.200
359.430
359.661
359.892
360.123
360.354
360.585
360.815
361.046
361.277
361.508
361.739
361.970
362.200
362.431
362.662
362.893
363.124
363.354
363.585
363.816
364.047
364.278
364.509
364.739
364.970
365.201
365.432
365.663
365.894
366.124
366.355
366.586
366.817
367.048
367.279
367.509
367.740
367.971
368.202
368.433
368.664
368.894
369.125
369.356
369.587
369.818
370.049
370.279
370.510
370.741
370.972
371.203
371.434
371.664
371.895
372.126
372.357
372.588
372.818
373.049
373.280
373.511
373.742
373.973
374.203
374.434
374.665
374.896
375.127
375.358
375.588
375.819
376.050
376.281
376.512
376.743
376.973
377.204
377.435
377.666
377.897
378.128
378.358
378.589
378.820
379.051
379.282
379.513
388.722
389.645
390.568
391.491
392.414
393.337
394.261
395.184
396.107
397.030
397.953
398.876
399.799
400.723
401.646
402.569
403.492
404.415
405.338
406.262
407.185
408.108
498.498
499.466
500.433
501.401
502.369
503.336
504.304
505.272
506.239
507.207
508.174
509.142
510.110
511.077
512.045
513.013
513.980
514.948
515.915
516.883
517.851
518.818
519.786
520.754
521.721
522.689
523.657
524.624
525.592
526.559
527.527
528.495
529.462
530.430
530.672
530.914
531.398
532.365
532.607
532.849
533.333
534.301
534.542
534.784
535.268
536.236
536.478
536.720
537.203
538.171
538.413
538.655
539.139
540.106
540.348
540.590
541.074
542.042
542.284
542.525
543.009
543.977
544.219
544.461
544.944
545.429
545.914
546.399
546.884
547.368
547.853
548.338
548.823
549.308
549.792
550.277
550.762
551.247
551.732
552.216
552.701
553.186
553.671
554.156
554.640
555.125
555.610
556.095
556.580
557.064
557.549
558.034
558.519
559.004
559.488
559.973
560.458
560.943
561.428
561.670
561.911
562.395
562.879
563.363
563.605
563.847
564.331
564.814
565.298
565.540
565.782
566.266
566.750
567.233
567.475
567.717
568.201
568.685
569.169
569.411
569.653
570.136
570.620
571.104
571.346
571.588
572.072
572.555
573.039
573.281
573.523
574.007
574.491
574.974
575.216
575.458
575.942
576.426
576.910
577.152
577.394
577.877
578.361
578.845
579.087
579.329
579.813
580.296
580.780
581.022
581.264
581.748
582.232
582.716
582.957
583.199
583.683
584.167
584.651
584.893
585.135
585.618
586.102
586.586
586.828
587.070
587.554
588.038
588.521
588.763
589.005
589.489
589.973
590.457
590.699
590.940
591.424
591.908
592.392
592.634
592.876
593.360
593.601
593.843
594.327
594.569
594.811
595.295
595.537
595.779
596.262
596.504
596.746
597.230
597.472
597.714
598.198
598.440
598.682
599.165
599.407
599.649
600.133
600.375
600.617
601.101
601.343
601.584
602.068
602.310
602.552
603.036
603.278
603.520
604.003
604.245
604.487
604.971
605.213
605.455
605.939
606.181
606.423
606.906
607.148
607.389
607.631
607.872
608.113
608.355
608.596
608.837
609.079
609.320
609.562
609.803
610.044
610.286
610.527
610.769
611.010
611.251
611.493
611.734
611.976
612.217
612.458
612.700
612.941
613.182
613.424
613.665
613.907
614.148
614.389
614.631
614.872
615.114
615.355
615.596
615.838
616.079
616.320
616.562
616.803
617.045
617.286
617.527
617.769
618.010
618.252
618.493
618.734
618.976
619.217
619.459
619.700
619.941
620.183
620.424
620.665
620.907
621.148
621.390
621.631
621.872
622.114
622.355
622.840
623.324
623.809
624.294
624.778
625.263
625.747
626.232
626.717
627.201
627.686
628.170
628.655
629.140
629.624
630.109
630.594
631.078
631.563
632.047
632.532
633.017
633.501
633.986
634.470
634.955
635.440
635.924
636.409
636.893
637.378
637.863
638.347
638.832
639.317
639.801
640.286
640.770
641.255
641.740
642.224
642.709
643.193
643.678
644.163
644.647
645.132
645.616
646.101
646.586
647.070
647.555
648.040
648.524
649.009
649.493
649.978
650.463
650.947
651.432
651.916
652.401
652.886
668.835
669.318
669.802
670.285
670.768
671.252
671.735
672.218
672.702
673.185
673.668
674.152
674.635
675.118
675.602
676.085
676.568
677.052
677.535
678.018
678.502
678.985
679.468
679.952
680.435
680.918
681.402
681.885
682.368
682.852
683.335
683.818
684.302
684.785
685.268
685.752
685.994
686.237
686.722
687.207
687.692
687.934
688.177
688.662
689.147
689.632
689.874
690.117
690.602
691.087
691.572
691.814
692.057
692.542
693.027
693.512
693.754
693.997
694.482
694.967
695.452
695.695
695.937
696.422
696.907
697.392
697.635
697.877
698.362
698.847
699.332
699.574
699.816
700.059
700.301
700.543
700.785
701.027
701.269
701.512
701.754
701.996
702.238
702.480
702.722
702.964
703.207
703.449
703.691
703.933
704.175
704.417
704.660
704.902
705.144
705.386
705.628
705.870
706.113
706.355
706.597
706.839
707.081
707.323
707.566
707.808
708.050
708.292
708.534
708.776
709.019
709.261
709.503
709.745
709.987
710.229
710.471
710.714
710.956
711.198
711.440
711.682
711.924
712.167
712.409
712.651
712.893
713.135
713.377
713.620
713.862
714.104
714.346
714.588
714.830
715.073
715.315
746.279
747.244
748.209
749.174
750.138
751.103
752.068
753.033
753.998
754.963
755.927
756.892
757.857
758.342
758.827
759.312
759.797
760.281
760.766
761.251
761.736
762.221
762.706
763.191
763.676
764.160
764.645
765.130
765.615
766.100
766.585
767.070
767.554
768.039
768.524
769.009
769.494
769.979
770.464
770.948
771.433
771.918
772.403
772.888
773.373
773.611
773.849
774.088
774.326
774.564
774.803
775.041
775.279
775.518
775.756
775.994
776.233
776.471
776.709
784.951
785.193
785.435
785.919
786.160
786.402
786.886
787.128
787.370
787.854
788.096
788.338
788.821
789.063
789.305
789.789
790.031
790.273
790.757
790.999
791.241
791.724
791.966
792.208
792.692
792.934
793.176
793.660
793.902
794.143
794.627
794.869
795.111
795.595
795.837
796.079
796.563
796.804
797.046
797.530
797.772
798.014
798.498
798.740
798.982
799.465
799.707
799.949
800.433
800.675
800.917
801.401
801.643
801.885
802.368
802.610
802.852
803.336
803.578
803.820
804.304
804.546
804.787
805.271
805.513
805.755
806.239
806.481
806.723
807.206
807.448
807.690
808.174
808.416
808.658
809.142
809.384
809.626
810.109
810.351
810.593
811.077
811.319
811.561
812.045
812.287
812.528
813.012
813.254
813.496
813.980
814.222
814.464
814.948
815.189
815.431
815.915
816.157
816.400
816.642
816.884
817.126
817.368
817.610
817.853
818.095
818.337
818.579
818.821
819.063
819.306
819.548
819.790
820.032
820.274
820.516
820.759
821.001
821.243
821.485
821.727
821.969
822.212
822.454
822.696
822.938
823.180
823.422
823.665
823.907
824.149
824.391
824.633
824.875
825.118
825.360
825.602
825.844
826.086
826.328
826.571
826.813
827.055
827.297
827.539
827.781
828.024
828.266
828.508
828.750
828.992
829.234
829.477
829.719
829.961
830.203
830.445
830.688
830.930
831.172
831.414
831.656
831.898
832.141
832.383
832.625
832.867
833.109
833.351
833.594
833.836
834.078
834.320
834.562
834.804
835.047
835.289
835.531
835.773
836.015
836.257
836.500
836.742
836.984
837.226
837.468
837.710
837.953
838.195
838.437
838.679
838.921
839.163
839.406
839.648
839.890
840.132
840.374
840.616
840.859
841.101
841.343
841.585
841.827
842.069
842.312
842.554
842.796
843.038
843.280
843.522
843.765
844.007
844.249
844.491
844.733
844.975
845.218
845.460
845.702
845.944
846.186
846.428
846.671
846.913
847.396
847.879
848.363
848.846
849.329
849.813
850.296
850.779
851.262
851.746
852.229
852.712
853.196
853.679
854.162
854.646
855.129
855.612
856.095
856.579
857.062
857.545
858.029
858.512
858.995
859.479
859.962
860.445
860.928
861.412
861.895
862.378
862.862
863.345
863.828
864.311
864.795
865.278
865.761
866.245
866.728
867.211
867.695
868.178
868.661
869.144
869.628
870.111
870.594
871.078
871.561
872.044
872.527
873.011
873.494
873.977
874.461
874.944
875.427
875.911
876.394
876.877
877.360
877.844
878.086
878.328
878.811
879.053
879.295
879.779
880.021
880.263
880.747
880.989
881.230
881.714
881.956
882.198
882.682
882.924
883.166
883.650
883.891
884.133
884.617
884.859
885.101
885.585
885.827
886.069
886.552
886.794
887.036
887.520
887.762
888.004
888.488
888.730
888.972
889.455
889.697
889.939
890.423
890.665
890.907
891.391
891.633
891.875
892.117
892.359
892.601
892.843
893.085
893.327
893.570
893.812
894.054
894.296
894.538
894.780
895.022
895.264
895.506
895.749
895.991
896.233
896.475
896.717
896.959
897.201
897.443
897.686
897.928
898.170
898.412
898.654
898.896
899.138
899.380
899.622
899.865
900.107
900.349
900.591
900.833
901.075
901.317
901.559
901.801
902.044
902.286
902.528
902.770
903.012
903.254
903.496
903.738
903.980
904.223
904.465
904.707
904.949
905.191
905.433
905.675
905.917
906.159
906.402
906.644
906.886
907.128
907.370
907.612
907.854
908.096
908.338
908.581
908.823
909.065
909.307
909.549
909.791
910.033
910.275
910.517
910.760
911.002
911.244
967.066
967.617
968.167
968.718
969.268
969.819
970.370
970.920
971.471
972.021
972.572
973.122
973.673
974.223
974.774
975.324
975.875
976.426
976.976
977.527
978.077
978.628
979.178
979.729
980.279
980.830
981.381
981.931
982.482
983.032
983.583
984.133
984.684
985.785
986.886
987.987
989.088
990.189
991.290
992.392
993.493
997.897
998.447
998.997
999.272
999.547
1000.097
1000.647
1001.197
1001.472
1001.747
1002.297
1002.847
1003.397
1003.672
1003.947
1004.497
1005.047
1005.597
1005.872
1006.147
1006.697
1007.247
1007.797
1008.072
1008.347
1008.896
1009.446
1009.996
1010.271
1010.546
1011.096
1011.646
1012.196
1012.471
1012.746
1013.296
1013.846
1015.515
1015.789
1016.064
1016.613
1016.887
1017.162
1017.711
1017.985
1018.260
1018.809
1019.083
1019.358
1019.907
1020.181
1020.456
1021.005
1021.279
1021.554
1022.105
1022.655
1024.323
1024.870
1025.417
1025.964
1026.511
1027.057
1027.604
1028.151
1028.698
1029.500
1030.908
1031.459
1032.010
1032.562
1033.113
1033.664
1034.216
1034.767
1035.318
1035.870
1036.421
1036.972
1037.524
1038.075
1038.626
1039.178
1039.729
1040.281
1040.832
1041.383
1041.935
1042.486
1043.037
1043.589
1044.140
1044.691
1045.243
1045.794
1046.345
1047.446
1048.548
1049.649
1050.750
1051.851
1052.952
1054.053
1055.154
1059.525
1060.076
1060.627
1060.903
1061.179
1061.730
1062.281
1062.832
1063.108
1063.383
1063.934
1064.485
1065.036
1065.312
1065.588
1066.139
1066.690
1067.241
1067.517
1067.792
1068.343
1068.894
1069.445
1069.721
1069.997
1070.548
1071.099
1071.650
1071.926
1072.201
1072.752
1073.303
1073.854
1074.130
1074.406
1074.957
1075.508
1077.143
1077.418
1077.693
1078.244
1078.519
1078.794
1079.345
1079.620
1079.896
1080.446
1080.721
1080.997
1081.547
1081.823
1082.098
1082.648
1082.924
1083.199
1083.758
1084.317
1085.952
1086.503
1087.055
1087.607
1088.158
1088.710
1089.262
1089.813
1090.365
1090.917
1091.468
1092.020
1092.572
1093.123
1093.675
1094.227
1105.238
1105.788
1106.339
1106.889
1107.440
1107.990
1108.541
1109.091
1109.642
1112.378
1112.653
1112.929
1113.204
1113.479
1113.754
1114.030
1114.305
1114.580
1114.856
1115.131
1115.406
1115.681
1115.957
1116.232
1116.507
1116.782
1117.058
1117.333
1117.608
1117.884
1118.159
1118.434
1118.709
1118.985
1119.260
1119.535
1119.810
1120.086
1120.361
1120.636
1120.912
1121.187
1121.462
1121.737
1122.013
1122.288
1122.563
1122.838
1123.114
1123.389
1123.664
1123.940
1124.215
1124.490
1124.765
1125.041
1125.316
1125.591
1125.867
1126.142
1126.417
1126.692
1126.968
1127.243
1127.518
1127.793
1128.361
1129.996
1130.271
1130.546
1131.097
1131.372
1131.647
1132.198
1132.473
1132.748
1133.299
1133.574
1133.849
1134.400
1134.675
1134.951
1135.501
1135.776
1136.052
1136.602
1186.919
1187.410
1187.901
1188.393
1188.884
1189.375
1189.866
1190.357
1190.848
1191.339
1191.830
1192.321
1192.813
1193.304
1193.795
1194.286
1194.777
1195.268
1195.759
1196.250
1196.741
1197.233
1197.724
1198.215
1198.706
1199.197
1199.688
1200.179
1200.670
1201.162
1201.653
1202.144
1202.635
1203.126
1203.617
1204.108
1204.599
1205.090
1205.582
1206.073
1206.564
1207.055
1207.546
1208.037
1208.528
1209.019
1209.510
1210.002
1210.493
1210.984
1211.475
1211.966
1212.457
1212.948
1213.439
1213.931
1214.422
1214.913
1215.404
1215.895
1216.386
1216.877
1217.368
1217.859
1218.351
1234.634
1235.617
1236.600
1237.583
1238.566
1239.550
1240.533
1241.516
1242.499
1243.482
1244.466
1245.449
1246.432
1247.415
1248.398
1249.382
1249.849
1250.341
1250.586
1250.832
1251.078
1251.324
1251.816
1252.308
1252.554
1252.800
1253.045
1253.291
1253.783
1254.275
1254.521
1254.767
1255.013
1255.259
1255.750
1256.242
1256.488
1256.734
1256.980
1257.226
1257.718
1258.209
1258.455
1258.701
1258.947
1259.193
1259.685
1260.177
1260.423
1260.669
1260.914
1261.160
1261.652
1262.144
1262.390
1262.636
1262.882
1263.128
1263.619
1264.111
1264.357
1264.603
1264.849
1265.095
1265.587
1266.078
1266.324
1266.570
1266.816
1267.062
1267.554
1268.046
1268.292
1268.538
1268.783
1269.029
1269.521
1270.013
1270.259
1270.505
1270.751
1270.997
1271.488
1271.980
1272.226
1272.472
1272.718
1272.964
1273.456
1273.947
1274.193
1274.439
1274.685
1274.931
1275.423
1275.915
1276.161
1276.406
1276.652
1276.898
1277.390
1277.882
1278.128
1278.374
1278.620
1278.866
1279.357
1279.849
1280.095
1280.341
1280.587
1280.833
1281.325
1281.816
1282.062
1282.308
1282.554
1282.800
1283.292
1283.784
1284.030
1284.275
1284.521
1284.767
1285.259
1285.751
1285.997
1286.243
1286.489
1286.734
1287.226
1287.718
1287.964
1288.210
1288.456
1288.702
1289.194
1289.685
1289.931
1290.177
1290.423
1290.669
1291.161
1291.653
1291.899
1292.144
1292.390
1292.636
1293.128
1293.620
1293.866
1294.112
1294.358
1294.603
1295.095
1295.587
1295.833
1296.079
1296.325
1296.571
1297.063
1329.061
1330.042
1331.023
1332.004
1332.985
1333.966
1334.947
1335.928
1336.909
1337.890
1338.871
1339.852
1340.833
1341.814
1342.795
1343.776
1344.268
1344.759
1345.251
1345.743
1346.235
1346.727
1347.218
1347.710
1348.202
1348.694
1349.185
1349.677
1350.169
1350.661
1351.152
1351.644
1352.136
1352.628
1353.120
1353.611
1354.103
1354.595
1355.087
1355.578
1356.070
1356.562
1357.054
1357.546
1358.037
1358.529
1359.021
1359.513
1360.004
1360.496
1360.988
1361.480
1361.971
1362.463
1362.955
1363.447
1363.939
1364.430
1364.922
1365.414
1365.906
1366.397
1366.889
1367.381
1367.873
1368.365
1368.856
1369.348
1369.840
1370.332
1370.823
1371.315
1371.807
1372.299
1372.790
1373.282
1373.774
1374.266
1374.758
1375.249
1375.741
1375.987
1376.233
1376.479
1376.725
1376.971
1377.217
1377.708
1377.954
1378.200
1378.446
1378.692
1378.938
1379.184
1379.676
1379.922
1380.167
1380.413
1380.659
1380.905
1381.151
1381.643
1381.889
1382.135
1382.381
1382.626
1382.872
1383.118
1383.610
1383.856
1384.102
1384.348
1384.594
1384.840
1385.086
1385.577
1385.823
1386.069
1386.315
1386.561
1386.807
1387.053
1387.545
1387.790
1388.036
1388.282
1388.528
1388.774
1389.020
1389.512
1389.758
1390.004
1390.250
1390.495
1390.741
1390.987
1391.479
1391.725
1391.971
1392.217
1392.463
1392.709
1392.955
1393.446
1393.692
1393.938
1394.184
1394.430
1394.676
1394.922
1395.414
1395.659
1395.905
1396.151
1396.397
1396.643
1396.889
1397.381
1397.627
1397.873
1398.119
1398.364
1398.610
1398.856
1399.348
1399.594
1399.840
1400.086
1400.332
1400.578
1400.823
1401.315
1401.561
1401.807
1402.053
1402.299
1402.545
1402.791
1403.283
1403.528
1403.774
1404.020
1404.266
1404.512
1404.758
1405.250
1405.496
1405.742
1405.987
1406.233
1406.479
1406.725
1407.217
1407.463
1407.709
1407.955
1408.201
1408.447
1408.692
1409.184
1409.430
1409.676
1409.922
1410.168
1410.414
1410.660
1411.151
1411.397
1411.643
1411.889
1412.135
1412.381
1412.627
1413.119
1413.365
1413.611
1413.856
1414.102
1414.348
1414.594
1415.086
1415.332
1415.578
1415.824
1416.070
1416.316
1416.561
1417.053
1417.299
1417.545
1417.791
1418.037
1418.283
1418.529
1419.020
1419.266
1419.512
1419.758
1420.004
1420.250
1420.496
1420.988
1421.234
1421.480
1421.725
1421.971
1422.217
1422.463
1422.951
1423.439
1423.927
1424.415
1424.902
1425.390
1425.878
1426.366
1426.854
1427.342
1427.830
1428.317
1428.805
1429.293
1429.781
1430.269
1430.757
1431.244
1431.732
1432.220
1432.708
1433.196
1433.684
1434.172
1434.659
1435.147
1435.635
1436.123
1436.611
1437.099
1437.587
1438.074
1438.562
1439.050
1439.538
1440.026
1440.514
1441.002
1441.489
1441.977
1442.465
1442.953
1443.441
1443.929
1444.416
1444.904
1445.392
1445.880
1446.368
1446.856
1447.344
1447.831
1448.319
1448.807
1449.295
1449.783
1450.271
1450.759
1451.246
1451.734
1452.222
1452.710
1453.198
1453.686
1485.417
1485.896
1486.374
1486.852
1487.096
1487.340
1487.828
1488.316
1488.805
1489.049
1489.293
1489.781
1490.269
1490.757
1491.001
1491.245
1491.733
1492.221
1492.710
1492.954
1493.198
1493.686
1494.174
1494.662
1494.906
1495.150
1495.638
1496.126
1496.615
1496.859
1497.103
1497.591
1498.079
1498.567
1498.811
1499.055
1499.543
1500.031
1500.520
1500.764
1501.008
1501.496
1501.984
1502.472
1502.716
1502.960
1503.448
1503.936
1504.425
1504.669
1504.913
1505.401
1505.889
1506.377
1506.621
1506.865
1507.353
1507.841
1508.330
1508.574
1508.818
1509.306
1509.794
1510.282
1510.526
1510.770
1511.258
1511.746
1512.234
1512.479
1512.723
1513.211
1513.699
1514.187
1514.431
1514.675
1515.163
1515.651
1516.139
1516.383
1516.627
1517.114
1517.358
1517.602
1518.090
1518.333
1518.577
1519.065
1519.308
1519.552
1520.040
1520.283
1520.527
1521.015
1521.258
1521.502
1521.990
1522.233
1522.477
1522.965
1523.208
1523.452
1523.940
1524.183
1524.427
1524.915
1525.158
1525.402
1525.890
1526.133
1526.377
1526.865
1527.109
1527.352
1527.840
1528.084
1528.327
1528.815
1529.059
1529.302
1529.790
1530.034
1530.277
1530.765
1531.009
1531.252
1531.740
1531.984
1532.227
1532.715
1532.959
1533.202
1533.690
1533.934
1534.177
1534.665
1534.909
1535.152
1535.640
1535.884
1536.127
1536.615
1536.859
1537.103
1537.590
1537.834
1538.078
1538.565
1538.809
1539.053
1539.540
1539.784
1540.028
1540.515
1540.759
1541.003
1541.490
1541.734
1541.978
1542.465
1542.709
1542.953
1543.440
1543.684
1543.928
1544.415
1544.659
1544.903
1545.390
1545.634
1545.878
1561.493
1561.737
1561.981
1562.225
1562.469
1562.713
1562.957
1563.445
1563.689
1563.933
1564.177
1564.421
1564.665
1564.909
1565.397
1565.641
1565.885
1566.129
1566.373
1566.617
1566.861
1567.349
1567.593
1567.837
1568.081
1568.325
1568.569
1568.813
1569.301
1569.545
1569.789
1570.033
1570.277
1570.521
1570.765
1571.253
1571.497
1571.741
1571.985
1572.229
1572.473
1572.717
1573.205
1573.449
1573.693
1573.937
1574.181
1574.425
1574.669
1575.157
1575.401
1575.645
1575.889
1576.133
1576.377
1576.621
1577.109
1577.353
1577.597
1577.841
1578.085
1578.329
1578.573
1579.061
1579.305
1579.549
1579.793
1580.037
1580.281
1580.525
1581.013
1581.257
1581.501
1581.745
1581.989
1582.233
1582.477
1582.965
1583.209
1583.453
1583.697
1583.941
1584.185
1584.429
1584.917
1585.161
1585.405
1585.649
1585.893
1586.137
1586.381
1586.869
1587.113
1587.357
1587.601
1587.845
1588.089
1588.333
1588.821
1589.065
1589.309
1589.553
1589.797
1590.041
1590.285
1590.773
1591.017
1591.261
1591.505
1591.749
1591.993
1592.237
1592.725
1592.968
1593.212
1593.456
1593.699
1593.943
1594.187
1594.431
1594.674
1594.918
1595.162
1595.406
1595.649
1595.893
1596.137
1596.381
1596.624
1596.868
1597.112
1597.355
1597.599
1597.843
1598.087
1598.330
1598.574
1598.818
1599.062
1599.305
1599.549
1599.793
1600.037
1600.280
1600.524
1600.768
1601.011
1601.255
1601.499
1601.743
1601.986
1602.230
1602.474
1602.718
1602.961
1603.205
1603.449
1603.693
1603.936
1604.180
1604.424
1604.667
1604.911
1605.155
1605.399
1605.642
1605.886
1606.130
1606.374
1606.617
1606.861
1607.105
1607.349
1607.592
1607.836
1608.080
1608.323
1608.567
1608.811
1609.055
1609.298
1609.542
1609.786
1610.030
1610.273
1610.517
1610.761
1611.005
1611.248
1611.492
1611.736
1611.979
1612.223
1612.467
1612.711
1612.954
1613.198
1613.442
1613.686
1613.929
1614.173
1614.417
1614.661
1614.904
1615.148
1615.392
1615.635
1615.879
1616.123
1616.367
1616.610
1616.854
1617.098
1617.342
1617.585
1617.829
1618.073
1618.317
1618.560
1618.804
1619.048
1619.291
1619.535
1619.779
1620.023
1620.266
1620.510
1620.754
1620.998
1621.241
1621.485
1621.729
1621.973
1622.216
1622.460
1622.704
1622.947
1623.191
1623.435
1623.679
1623.922
1624.412
1624.901
1625.391
1625.634
1625.878
1626.366
1626.854
1627.342
1627.586
1627.830
1628.318
1628.806
1629.294
1629.538
1629.782
1630.270
1630.758
1631.246
1631.490
1631.733
1632.221
1632.709
1633.197
1633.441
1633.685
1634.173
1634.661
1635.149
1635.393
1635.637
1636.125
1636.613
1637.101
1637.345
1637.589
1638.076
1638.564
1639.052
1639.296
1639.540
1640.028
1640.516
1641.004
1641.248
1641.492
1641.980
1642.468
1642.956
1643.200
1643.444
1643.931
1644.419
1644.907
1645.151
1645.395
1645.883
1646.371
1646.859
1647.103
1647.347
1647.835
1648.323
1648.811
1649.055
1649.299
1649.786
1650.274
1650.762
1651.006
1651.250
1651.738
1652.226
1652.714
1652.958
1653.202
1653.690
1654.178
1654.666
1654.910
1655.154
1731.763
1732.881
1733.999
1735.117
1736.235
1737.352
1738.470
1739.588
1740.706
1741.824
1742.941
1743.502
1744.063
1745.185
1745.746
1746.307
1747.429
1747.990
1748.551
1749.673
1750.234
1750.795
1751.917
1752.478
1753.039
1754.161
1754.722
1755.283
1756.405
1756.966
1757.527
1758.649
1759.210
1759.771
1760.893
1761.454
1762.015
1763.136
1763.697
1764.258
1765.380
1765.941
1766.502
1767.624
1768.185
1768.746
1769.868
1770.429
1770.990
1772.112
1772.673
1773.234
1774.356
1774.917
1775.478
1776.600
1777.161
1777.722
1778.844
1779.124
1779.404
1779.963
1780.243
1780.523
1781.083
1781.362
1781.642
1782.202
1782.482
1782.762
1783.321
1783.601
1783.881
1784.441
1784.721
1785.001
1785.560
1785.840
1786.120
1786.680
1786.959
1787.239
1787.799
1788.079
1788.359
1788.918
1789.198
1789.478
1790.038
1790.318
1790.598
1791.157
1791.437
1791.717
1792.277
1792.556
1792.836
1793.396
1793.676
1793.956
1794.515
1794.795
1795.075
1795.635
1795.915
1796.194
1799.031
1799.591
1800.152
1800.713
1801.273
1801.834
1802.395
1802.955
1803.516
1804.077
1804.637
1805.198
1805.759
1806.319
1806.880
1807.441
1808.001
1808.562
1809.123
1809.683
1810.244
1810.805
1811.365
1811.926
1812.487
1813.047
1813.608
1814.169
1814.729
1815.290
1815.850
1816.411
1816.972
1817.532
1818.093
1818.654
1819.214
1819.775
1820.336
1820.896
1821.457
1822.018
1822.578
1823.139
1823.700
1824.260
1824.821
1825.382
1825.942
1826.503
1827.064
1827.624
1828.185
1828.746
1829.306
1829.867
1830.428
1830.988
1831.549
1832.110
1832.670
1833.231
1833.792
1834.352
1834.913
1835.474
1836.035
1837.156
1837.717
1838.278
1839.399
1839.960
1840.521
1841.642
1842.203
1842.764
1843.885
1844.446
1845.007
1846.128
1846.689
1847.250
1848.371
1848.932
1849.493
1850.615
1851.175
1851.736
1852.858
1853.418
1853.979
1855.101
1855.662
1856.222
1857.344
1857.905
1858.465
1859.587
1860.148
1860.708
1861.830
1862.391
1862.952
1864.073
1864.634
1865.195
1866.316
1866.877
1867.438
1868.559
1869.120
1869.681
1870.802
1871.083
1871.363
1871.643
1871.923
1872.483
1873.044
1873.324
1873.604
1873.884
1874.165
1874.725
1875.285
1875.565
1875.846
1876.126
1876.406
1876.966
1877.527
1877.807
1878.087
1878.367
1878.647
1879.208
1879.768
1880.048
1880.329
1880.609
1880.889
1881.449
1882.010
1882.290
1882.570
1882.850
1883.130
1883.691
1884.251
1884.531
1884.811
1885.092
1885.372
1885.932
1886.493
1886.773
1887.053
1887.333
1887.613
1888.174
1888.734
1889.014
1889.295
1889.575
1889.856
1890.136
1890.417
1890.697
1890.978
1891.258
1891.539
1891.819
1892.100
1892.380
1892.661
1892.941
1893.222
1893.502
1893.783
1894.063
1894.344
1894.624
1894.905
1895.185
1895.466
1895.746
1896.027
1896.307
1896.588
1896.868
1897.149
1897.429
1897.710
1897.990
1898.271
1898.551
1898.831
1899.112
1899.392
1899.673
1899.953
1900.234
1900.514
1900.795
1901.075
1901.356
1901.636
1901.917
1902.197
1902.478
1902.758
1903.039
1903.319
1903.600
1903.880
1904.161
1904.441
1904.722
1905.002
1905.283
1905.563
1905.844
1906.124
1906.405
1972.637
1973.621
1974.605
1975.589
1976.572
1977.556
1978.540
1979.523
1980.507
1981.491
1982.474
1983.458
1984.442
1985.426
1986.409
1987.393
1988.377
1989.360
1990.344
1991.328
1992.311
1993.295
1994.279
1995.263
1996.246
1997.230
1998.214
1999.197
1999.689
2000.180
2000.672
2001.163
2001.655
2002.146
2002.638
2003.129
2003.621
2004.112
2004.604
2005.095
2005.587
2006.078
2006.570
2007.061
2007.553
2008.044
2008.536
2009.027
2009.519
2010.010
2010.502
2010.993
2011.485
2011.976
2012.468
2012.959
2013.451
2013.942
2014.434
2014.925
2015.417
2015.908
2016.400
2016.891
2017.383
2017.874
2018.366
2018.857
2019.349
2019.840
2020.332
2020.823
2021.315
2021.806
2022.298
2022.789
2023.281
2023.772
2024.264
2024.755
2025.247
2025.738
2026.230
2026.721
2027.213
2027.704
2028.196
2028.687
2029.179
2029.670
2030.162
2031.163
2031.408
2031.654
2031.900
2032.146
2032.392
2032.637
2033.129
2033.375
2033.621
2033.866
2034.112
2034.358
2034.604
2035.095
2035.341
2035.587
2035.833
2036.079
2036.324
2036.570
2037.062
2037.308
2037.553
2037.799
2038.045
2038.291
2038.537
2039.028
2039.274
2039.520
2039.766
2040.011
2040.257
2040.503
2040.995
2041.240
2041.486
2041.732
2041.978
2042.224
2042.469
2042.961
2043.207
2043.453
2043.698
2043.944
2044.190
2044.436
2044.927
2045.173
2045.419
2045.665
2045.911
2046.156
2046.402
2046.894
2047.140
2047.385
2047.631
2047.877
2048.123
2048.369
2048.860
2049.106
2049.352
2049.598
2049.843
2050.089
2050.335
2050.827
2051.072
2051.318
2051.564
2051.810
2052.056
2052.301
2052.793
2053.039
2053.285
2053.530
2053.776
2054.022
2054.268
2054.759
2055.005
2055.251
2055.497
2055.743
2055.988
2056.234
2056.726
2056.972
2057.217
2057.463
2057.709
2057.955
2058.201
2058.692
2058.938
2059.184
2059.430
2059.675
2059.921
2060.167
2060.659
2061.150
2061.642
2062.134
2062.625
2063.117
2063.609
2064.100
2064.592
2065.084
2065.575
2066.067
2066.559
2067.050
2067.542
2068.034
2068.525
2069.017
2069.509
2070.000
2070.492
2070.984
2071.475
2071.967
2072.459
2072.950
2073.442
2073.934
2074.425
2074.917
2075.409
2075.900
2076.392
2076.884
2077.375
2077.867
2078.359
2078.850
2079.342
2079.834
2080.325
2080.817
2081.309
2081.800
2082.292
2082.784
2083.275
2083.767
2084.259
2084.750
2085.242
2085.734
2086.225
2086.717
2087.209
2087.700
2088.192
2088.684
2089.175
2089.667
2090.159
2090.650
2091.142
2091.634
2092.125
2092.617
2093.109
2093.600
2094.092
2094.338
2094.584
2094.830
2095.076
2095.322
2095.568
2096.059
2096.305
2096.551
2096.797
2097.043
2097.289
2097.535
2098.027
2098.272
2098.518
2098.764
2099.010
2099.256
2099.502
2099.994
2100.240
2100.486
2100.732
2100.977
2101.223
2101.469
2101.961
2102.207
2102.453
2102.699
2102.945
2103.191
2103.437
2103.928
2104.174
2104.420
2104.666
2104.912
2105.158
2105.404
2105.896
2106.141
2106.387
2106.633
2106.879
2107.125
2107.371
2107.863
2108.109
2108.355
2108.601
2108.846
2109.092
2109.338
2109.830
2110.076
2110.322
2110.568
2110.814
2111.060
2111.305
2111.797
2112.043
2112.289
2112.535
2112.781
2113.027
2113.273
2113.765
2114.010
2114.256
2114.502
2114.748
2114.994
2115.240
2115.732
2115.978
2116.224
2116.469
2116.715
2116.961
2117.207
2117.699
2117.945
2118.191
2118.437
2118.683
2118.929
2119.174
2119.666
2119.912
2120.158
2120.404
2120.650
2120.896
2121.142
2121.633
2121.879
2122.125
2122.371
2122.617
2122.863
2123.109
2123.601
2123.847
2124.093
2124.338
2124.584
2124.830
2125.076
2125.568
2125.814
2126.060
2126.306
2126.552
2126.798
2127.043
2127.535
2127.781
2128.027
2128.273
2128.519
2128.765
2129.011
2129.502
2129.748
2129.994
2130.240
2130.486
2130.732
2130.978
2131.470
2131.716
2131.962
2132.207
2132.453
2132.699
2132.945
2133.437
2133.683
2133.929
2134.175
2134.421
2134.666
2134.912
2135.404
2135.650
2135.896
2136.142
2136.388
2136.634
2136.880
2137.371
2137.617
2137.863
2138.109
2138.355
2138.601
2138.847
2139.339
2139.585
2139.830
2140.076
2140.322
2140.568
2140.814
2141.306
2141.552
2141.798
2142.044
2142.290
2142.536
2142.782
2143.028
2143.274
2143.520
2143.766
2144.012
2144.258
2144.504
2144.750
2144.996
2145.242
2145.488
2145.734
2145.980
2146.226
2146.472
2146.718
2146.964
2147.210
2147.456
2147.702
2147.948
2148.194
2148.440
2148.686
2148.932
2149.178
2149.424
2149.670
2149.916
2150.162
2150.408
2150.654
2150.900
2151.146
2151.392
2151.638
2151.884
2152.130
2152.377
2152.623
2152.869
2153.115
2153.361
2153.607
2153.853
2154.099
2154.345
2154.591
2154.837
2155.083
2155.329
2155.575
2155.821
2156.067
2156.313
2156.559
2156.805
2157.051
2157.297
2157.543
2157.789
2158.035
2158.281
2158.527
2158.773
2159.019
2159.265
2159.511
2159.757
2160.003
2160.249
2160.495
2160.741
2160.987
2161.233
2161.479
2161.725
2161.971
2162.217
2162.463
2162.709
2162.955
2163.201
2163.447
2163.693
2163.939
2164.185
2164.431
2164.677
2164.923
2165.169
2165.415
2165.661
2165.907
2166.153
2166.399
2166.645
2166.891
2167.137
2167.383
2167.629
2167.875
2168.121
2168.367
2168.613
2168.859
2169.105
2169.351
2169.597
2169.843
2170.089
2170.335
2170.581
2170.827
2171.073
2171.319
2171.564
2171.810
2172.055
2172.301
2172.792
2173.038
2173.283
2173.529
2173.775
2174.020
2174.266
2174.757
2175.003
2175.248
2175.494
2175.739
2175.985
2176.231
2176.722
2176.967
2177.213
2177.459
2177.704
2177.950
2178.195
2178.687
2178.932
2179.178
2179.423
2179.669
2179.915
2180.160
2180.651
2180.897
2181.143
2181.388
2181.634
2181.879
2182.125
2182.616
2182.862
2183.107
2183.353
2183.599
2183.844
2184.090
2184.581
2184.826
2185.072
2185.318
2185.563
2185.809
2186.054
2186.546
2186.791
2187.037
2187.282
2187.528
2187.774
2188.019
2189.004
2189.988
2190.972
2191.957
2192.941
2193.925
2194.909
2195.894
2262.160
2262.586
2263.012
2263.863
2264.289
2264.715
2265.567
2265.993
2266.418
2267.270
2267.696
2268.122
2268.973
2269.399
2269.825
2270.677
2271.103
2271.529
2272.380
2272.806
2273.232
2274.084
2274.509
2274.935
2275.787
2276.213
2276.639
2277.490
2277.916
2278.342
2279.194
2279.620
2280.045
2280.897
2281.323
2281.749
2282.600
2283.026
2283.452
2284.304
2284.730
2285.155
2286.007
2286.433
2286.859
2287.711
2288.136
2288.562
2289.414
2289.840
2290.266
2291.117
2291.543
2291.969
2292.821
2293.246
2293.672
2294.524
2294.950
2295.376
2296.227
2296.653
2297.078
2297.503
2297.929
2298.354
2298.779
2299.204
2299.630
2300.055
2300.480
2300.906
2301.331
2301.756
2302.181
2302.607
2303.032
2303.457
2303.883
2304.308
2304.733
2305.159
2305.584
2306.009
2306.434
2306.860
2307.285
2307.710
2308.136
2308.561
2308.986
2309.411
2309.837
2310.262
2310.687
2311.113
2311.538
2311.963
2312.388
2312.814
2313.239
2313.664
2314.090
2314.515
2314.940
2315.366
2315.791
2316.216
2316.641
2317.067
2317.492
2317.917
2318.343
2318.768
2319.193
2319.618
2320.044
2320.469
2320.894
2321.320
2321.745
2322.170
2322.596
2323.021
2323.446
2323.871
2324.297
2324.722
2325.147
2325.573
2325.998
2326.423
2326.848
2327.274
2327.699
2328.124
2328.550
2328.975
2329.400
2329.825
2330.251
2330.676
2331.101
2331.527
2331.952
2332.377
2332.803
2333.228
2333.653
2334.078
2334.504
2334.929
2335.354
2335.780
2336.205
2336.630
2337.055
2337.481
2337.906
2338.331
2338.757
2339.182
2339.607
2340.032
2340.458
2340.883
2341.308
2341.734
2342.159
2342.584
2343.010
2343.435
2343.860
2344.285
2344.711
2345.136
2345.561
2345.987
2346.412
2346.837
2347.262
2347.688
2348.113
2348.538
2348.964
2349.389
2349.814
2350.682
2350.894
2351.107
2351.319
2351.532
2351.744
2351.956
2352.169
2352.381
2352.594
2352.806
2353.019
2353.231
2353.444
2353.656
2353.869
2354.081
2354.293
2354.506
2354.718
2354.931
2355.143
2355.356
2355.568
2355.781
2355.993
2356.206
2356.418
2356.630
2356.843
2357.055
2357.268
2357.480
2357.693
2357.905
2358.118
2358.330
2358.542
2358.755
2358.967
2359.180
2359.392
2359.605
2359.817
2360.030
2360.242
2360.455
2360.667
2360.879
2361.092
2361.304
2361.517
2361.729
2361.942
2362.154
2362.367
2362.579
2362.792
2363.004
2363.216
2363.429
2363.641
2363.854
2364.066
2364.279
2364.491
2364.704
2364.916
2365.128
2365.341
2365.553
2365.766
2365.978
2366.191
2366.403
2366.616
2366.828
2367.041
2367.253
2367.465
2367.678
2367.890
2368.103
2368.315
2368.528
2368.740
2368.953
2369.165
2369.378
2369.590
2369.802
2370.015
2370.227
2370.440
2370.652
2370.865
2371.077
2371.290
2371.502
2371.714
2371.927
2372.139
2372.352
2372.564
2372.777
2372.989
2373.202
2373.414
2373.627
2373.839
2374.051
2374.264
2374.476
2374.689
2374.901
2375.114
2375.326
2375.539
2375.751
2375.964
2376.176
2376.388
2376.601
2376.813
2377.026
2377.238
2377.451
2377.663
2377.876
2378.301
2378.726
2379.152
2379.577
2380.003
2380.428
2380.854
2381.279
2381.704
2382.130
2382.555
2382.981
2383.406
2383.832
2384.257
2384.682
2385.108
2385.533
2385.959
2386.384
2386.810
2387.235
2387.660
2388.086
2388.511
2388.937
2389.362
2389.787
2390.213
2390.638
2391.064
2391.489
2391.915
2392.340
2392.765
2393.191
2393.616
2394.042
2394.467
2394.893
2395.318
2395.743
2396.169
2396.594
2397.020
2397.445
2397.871
2398.296
2398.721
2399.147
2399.572
2399.998
2400.423
2400.849
2401.274
2401.699
2402.125
2402.550
2402.976
2403.401
2403.827
2404.252
2404.677
2405.103
2405.316
2405.529
2405.742
2405.955
2406.168
2406.381
2406.594
2406.807
2407.020
2407.233
2407.446
2407.658
2407.871
2408.084
2408.297
2408.510
2408.723
2408.936
2409.149
2409.362
2409.575
2409.788
2410.001
2410.214
2410.427
2410.640
2410.853
2411.066
2411.279
2411.492
2411.705
2411.918
2412.131
2412.344
2412.557
2412.770
2412.983
2413.196
2413.409
2413.622
2413.835
2414.048
2414.261
2414.474
2414.687
2414.900
2415.113
2415.326
2415.538
2415.751
2415.964
2416.177
2416.390
2416.603
2416.816
2417.029
2417.242
2417.455
2417.668
2417.881
2418.094
2418.307
2418.520
2418.733
2418.946
2419.159
2419.372
2419.585
2419.798
2420.011
2420.224
2420.437
2420.650
2420.863
2421.076
2421.289
2421.502
2421.715
2421.928
2422.141
2422.354
2422.567
2422.780
2422.993
2423.206
2423.418
2423.631
2423.844
2424.057
2424.270
2424.483
2424.696
2424.909
2425.122
2425.335
2425.548
2425.761
2425.974
2426.187
2426.400
2426.613
2426.826
2427.039
2427.252
2427.465
2427.678
2427.891
2428.104
2428.317
2428.530
2428.743
2428.956
2429.169
2429.382
2429.595
2429.808
2430.021
2430.234
2430.447
2430.660
2430.873
2431.086
2431.299
2431.511
2431.724
2431.937
2432.150
2432.363
2491.789
2492.258
2492.727
2493.196
2493.665
2494.134
2494.603
2495.072
2495.541
2496.009
2496.478
2496.947
2497.416
2497.885
2498.354
2498.823
2499.292
2499.761
2500.229
2500.698
2501.167
2501.636
2502.105
2502.574
2503.043
2503.512
2503.981
2504.449
2504.918
2505.387
2505.856
2506.325
2506.794
2507.263
2507.732
2508.201
2508.669
2509.138
2509.607
2510.076
2510.545
2511.014
2511.483
2511.952
2512.421
2512.889
2513.358
2513.827
2514.296
2514.765
2515.234
2515.703
2516.172
2516.641
2517.109
2517.578
2518.047
2518.516
2518.985
2519.454
2519.923
2520.392
2520.861
2521.329
2521.798
2522.267
2522.736
2523.205
2523.674
2524.143
2524.612
2525.081
2525.549
2526.018
2526.487
2526.956
2527.425
2527.894
2528.363
2528.832
2529.301
2529.769
2530.238
2530.707
2531.176
2531.645
2532.114
2532.583
2533.052
2533.521
2533.989
2534.458
2534.927
2535.396
2535.865
2536.334
2548.046
2548.284
2548.523
2548.762
2549.000
2549.239
2549.478
2549.717
2549.955
2550.194
2550.433
2550.671
2550.910
2551.149
2551.849
2552.318
2552.787
2553.021
2553.256
2553.724
2553.959
2554.193
2554.427
2554.662
2554.896
2555.130
2555.599
2556.068
2556.537
2556.771
2557.005
2557.474
2557.708
2557.943
2558.177
2558.412
2558.646
2558.880
2559.349
2559.818
2560.286
2560.521
2560.755
2561.224
2561.458
2561.693
2561.927
2562.161
2562.396
2562.630
2563.099
2563.567
2564.036
2564.271
2564.505
2564.974
2565.208
2565.442
2565.677
2565.911
2566.145
2566.380
2566.849
2567.317
2567.786
2568.020
2568.255
2568.723
2568.958
2569.192
2569.426
2569.661
2569.895
2570.130
2570.598
2571.067
2571.536
2571.770
2572.004
2572.473
2572.708
2572.942
2573.176
2573.411
2573.645
2573.879
2574.348
2574.817
2575.286
2575.520
2575.754
2576.223
2576.457
2576.692
2576.926
2577.160
2577.395
2577.629
2578.098
2578.567
2579.035
2579.270
2579.504
2579.973
2580.207
2580.441
2580.676
2580.910
2581.145
2581.379
2611.909
2612.144
2612.379
2612.613
2612.848
2613.082
2613.317
2613.552
2613.786
2614.021
2614.255
2614.490
2614.725
2614.959
2615.194
2615.429
2615.663
2615.898
2616.132
2616.367
2616.602
2616.836
2617.071
2617.305
2617.540
2617.775
2618.009
2618.244
2618.478
2618.713
2618.948
2619.182
2619.417
2619.534
2619.651
2619.768
2619.885
2620.003
2620.120
2620.237
2620.354
2620.471
2620.588
2620.705
2620.823
2620.940
2621.057
2621.174
2621.291
2621.408
2621.525
2621.643
2621.760
2621.877
2621.994
2622.111
2622.228
2622.345
2622.462
2622.580
2622.697
2622.814
2622.931
2623.048
2623.165
2623.282
2623.400
2623.517
2623.634
2623.751
2623.868
2623.985
2624.102
2624.220
2624.337
2624.454
2624.571
2624.688
2624.805
2624.922
2630.628
2631.098
2631.568
2631.802
2632.037
2632.507
2632.742
2632.977
2633.212
2633.447
2633.681
2633.916
2634.386
2634.856
2635.326
2635.560
2635.795
2636.265
2636.500
2636.735
2636.970
2637.204
2637.439
2637.674
2638.144
2638.614
2639.083
2639.318
2639.553
2640.023
2640.258
2640.493
2640.728
2640.962
2641.197
2641.432
2641.902
2642.372
2642.841
2643.076
2643.311
2643.781
2644.016
2644.251
2644.485
2644.720
2644.955
2645.190
2645.660
2646.130
2646.599
2646.834
2647.069
2647.539
2647.774
2648.008
2648.243
2648.478
2648.713
2648.948
2649.418
2649.887
2650.357
2650.592
2650.827
2651.297
2651.532
2651.766
2652.001
2652.236
2652.471
2652.706
2653.176
2653.645
2654.115
2654.350
2654.585
2655.055
2655.289
2655.524
2655.759
2655.994
2656.229
2656.464
2656.934
2657.403
2657.873
2658.108
2658.343
2658.813
2659.047
2659.282
2659.517
2659.752
2659.987
2660.222
2660.691
2660.926
2661.160
2661.394
2661.628
2661.862
2662.096
2662.330
2662.564
2662.798
2663.033
2663.267
2663.501
2663.735
2663.969
2664.203
2664.437
2664.671
2664.905
2665.139
2665.374
2665.608
2665.842
2666.076
2666.310
2666.544
2666.778
2667.012
2667.246
2667.481
2667.715
2667.949
2668.183
2668.417
2668.651
2668.885
2669.119
2669.353
2669.587
2669.822
2670.056
2670.290
2670.524
2670.758
2670.992
2671.226
2671.460
2671.694
2671.928
2672.163
2672.397
2672.631
2672.865
2673.099
2673.333
2673.567
2673.801
2674.035
2674.270
2674.504
2674.738
2674.972
2675.206
2675.675
2676.144
2676.614
2677.083
2677.552
2678.021
2678.490
2678.960
2679.429
2679.898
2680.367
2680.837
2681.306
2681.775
2682.244
2682.713
2683.183
2683.652
2684.121
2684.590
2685.060
2685.529
2685.998
2686.467
2686.936
2687.406
2687.875
2688.344
2688.813
2689.283
2689.752
2690.221
2746.010
2746.480
2746.950
2747.420
2747.890
2748.360
2748.830
2749.299
2749.769
2750.239
2750.709
2751.179
2751.649
2751.883
2752.117
2752.585
2752.819
2753.054
2753.522
2753.756
2753.990
2754.458
2754.692
2754.926
2755.394
2755.628
2755.863
2756.331
2756.565
2756.799
2757.267
2757.501
2757.735
2758.203
2758.438
2758.672
2759.140
2759.374
2759.608
2760.076
2760.310
2760.544
2761.013
2761.247
2761.481
2761.949
2762.183
2762.417
2762.885
2763.119
2763.353
2763.822
2764.056
2764.290
2764.758
2764.992
2765.226
2765.694
2765.928
2766.162
2766.631
2767.099
2767.567
2767.801
2768.035
2768.503
2768.971
2769.439
2769.673
2769.907
2770.376
2770.844
2771.312
2771.546
2771.780
2772.248
2772.716
2773.184
2773.418
2773.652
2774.120
2774.589
2775.057
2775.291
2775.525
2775.993
2776.461
2776.929
2777.163
2777.397
2777.865
2778.333
2778.802
2779.036
2779.270
2779.738
2780.206
2780.674
2780.908
2781.142
2781.611
2782.081
2782.550
2783.019
2783.488
2783.958
2784.427
2784.896
2785.365
2785.835
2786.304
2786.773
2787.242
2787.711
2788.181
2788.650
2789.119
2789.588
2790.058
2790.527
2790.996
2791.465
2791.935
2792.404
2792.873
2793.342
2793.811
2794.281
2794.750
2795.219
2795.688
2796.158
2796.627
2797.096
2797.565
2798.035
2798.504
2798.973
2799.442
2799.911
2800.381
2800.850
2801.319
2801.788
2802.258
2802.727
2803.196
2803.665
2804.135
2804.604
2805.073
2805.542
2806.011
2806.481
2806.950
2807.419
2807.888
2808.358
2808.827
2809.296
2809.765
2810.235
2810.704
2811.173
2811.642
2811.876
2812.110
2812.345
2812.579
2812.813
2813.047
2813.281
2813.515
2813.749
2813.983
2814.217
2814.451
2814.685
2814.919
2815.154
2815.388
2815.622
2815.856
2816.090
2816.324
2816.558
2816.792
2817.026
2817.260
2817.494
2817.729
2817.963
2818.197
2818.431
2818.665
2818.899
2819.133
2819.367
2819.601
2819.835
2820.069
2820.304
2820.538
2820.772
2821.006
2821.240
2821.474
2821.708
2821.942
2822.176
2822.410
2822.644
2822.878
2823.113
2823.347
2823.581
2823.815
2824.049
2824.283
2824.517
2824.751
2824.985
2825.219
2825.453
2825.688
2825.922
2826.156
2826.390
2826.624
2826.858
2827.092
2827.326
2827.560
2827.794
2828.028
2828.263
2828.497
2828.731
2828.965
2829.199
2829.433
2829.667
2829.901
2830.135
2830.369
2830.603
2830.837
2831.072
2831.306
2831.540
2831.774
2832.008
2832.242
2832.476
2832.710
2832.944
2833.178
2833.412
2833.647
2833.881
2834.115
2834.349
2834.583
2834.817
2835.051
2835.285
2835.519
2835.753
2835.987
2836.222
2836.456
2836.690
2836.924
2837.158
2837.392
2837.626
2837.860
2838.094
2838.328
2838.562
2838.796
2839.031
2839.265
2839.499
2839.733
2839.967
2840.201
2840.435
2840.669
2840.903
2841.137
2841.371
2841.606
2842.075
2842.544
2843.013
2843.482
2843.952
2844.421
2844.890
2845.359
2845.828
2846.298
2846.767
2847.236
2847.705
2848.175
2848.644
2849.113
2849.582
2850.051
2850.521
2850.990
2851.459
2851.928
2852.398
2852.867
2853.336
2853.805
2854.274
2854.744
2855.213
2855.682
2856.151
2856.621
2857.090
2857.559
2858.028
2858.497
2858.967
2859.436
2859.905
2860.374
2860.843
2861.313
2861.782
2862.251
2862.720
2863.190
2863.659
2864.128
2864.597
2865.066
2865.536
2866.005
2866.474
2866.943
2867.413
2867.882
2868.351
2868.820
2869.289
2869.759
2870.228
2870.697
2871.166
2871.636
2871.870
2872.105
2872.574
2872.809
2873.043
2873.512
2873.747
2873.982
2874.451
2874.685
2874.920
2875.389
2875.624
2875.858
2876.328
2876.562
2876.797
2877.266
2877.501
2877.735
2878.205
2878.439
2878.674
2879.143
2879.375
2879.606
2879.837
2880.069
2880.300
2880.532
2880.763
2880.995
2881.226
2881.458
2881.689
2881.921
2882.152
2882.384
2882.615
2882.847
2882.966
2883.085
2883.204
2883.323
2883.443
2883.562
2883.681
2883.800
2883.919
2884.038
2884.158
2884.277
2884.396
2884.515
2884.634
2884.753
2884.873
2884.992
2885.111
2885.230
2885.349
2885.468
2885.588
2885.707
2885.826
2885.945
2886.064
2886.183
2886.651
2886.884
2887.118
2887.351
2887.585
2887.818
2888.052
2888.285
2888.519
2888.753
2888.986
2889.220
2889.453
2889.687
2889.920
2890.154
2890.388
2890.621
2890.855
2891.088
2891.322
2891.555
2891.789
2892.023
2892.256
2892.490
2892.723
2892.957
2893.190
2893.424
2893.658
2893.891
2894.125
2894.358
2894.592
2894.825
2895.059
2895.292
2895.526
2895.760
2895.993
2896.227
2896.460
2896.694
2896.927
2897.161
2897.395
2897.628
2897.862
2898.095
2898.329
2898.562
2898.796
2899.030
2899.263
2899.497
2899.730
2899.964
2900.197
2900.431
2900.665
2900.898
2901.132
2901.365
2901.599
2902.068
2902.537
2902.771
2903.006
2903.474
2903.943
2904.412
2904.647
2904.881
2905.350
2905.819
2906.288
2906.522
2906.757
2907.226
2907.695
2908.164
2908.398
2908.632
2909.101
2909.570
2910.039
2910.274
2910.508
2910.977
2911.446
2911.915
2912.149
2912.384
2912.853
2913.322
2913.791
2914.025
2914.259
2914.728
2915.197
2915.666
2915.901
2916.135
2916.604
2917.073
2917.542
2917.776
2918.011
2918.480
2918.949
2919.417
2919.652
2919.886
2920.355
2920.824
2921.293
2921.528
2921.762
2922.231
2922.700
2923.169
2923.403
2923.638
2924.107
2924.576
2925.044
2925.279
2925.513
2925.982
2926.451
2926.920
2927.155
2927.389
2927.858
2928.327
2928.796
2929.030
2929.265
2929.734
2930.202
2930.671
2930.906
2931.140
2931.609
2932.078
2932.547
2932.781
2933.016
2933.485
2933.954
2934.423
2934.657
2934.892
2935.361
2935.829
2936.298
2936.533
2936.767
2937.601
2938.071
2938.540
2939.009
2939.478
2939.947
2940.416
2940.886
2941.355
2941.824
2942.293
2942.762
2943.231
2943.700
2944.170
2944.639
2945.108
2945.577
2946.046
2946.515
2946.985
2947.454
2947.923
2948.392
2948.861
2949.330
2949.799
2950.269
2950.738
2951.207
2951.676
2952.145
2952.614
2953.084
2953.318
2953.552
2953.786
2954.021
2954.255
2954.489
2954.723
2954.958
2955.192
2955.426
2955.661
2955.895
2956.129
2956.363
2956.598
2956.832
2957.066
2957.300
2957.535
2957.769
2958.003
2958.237
2958.472
2958.706
2958.940
2959.175
2959.409
2959.643
2959.877
2960.112
2960.346
2960.580
2960.814
2961.049
2961.283
2961.517
2961.752
2961.986
2962.220
2962.454
2962.689
2962.923
2963.157
2963.391
2963.626
2963.860
2964.094
2964.328
2964.563
2964.797
2965.031
2965.266
2965.500
2965.734
2965.968
2966.203
2966.437
2966.671
2966.905
2967.140
2967.374
2967.608
2967.843
2968.077
2968.311
2968.545
2968.780
2969.014
2969.248
2969.482
2969.717
2969.951
2970.185
2970.419
2970.654
2970.888
2971.122
2971.357
2971.591
2971.825
2972.059
2972.294
2972.528
2972.762
2972.996
2973.231
2973.465
2973.699
2973.934
2974.168
2974.402
2974.636
2974.871
2975.105
2975.339
2983.047
2983.516
2983.985
2984.454
2984.924
2985.393
2985.862
2986.331
2986.801
2987.270
2987.739
2988.208
2988.677
2989.147
2989.616
2990.085
2990.554
2991.024
2991.493
2991.962
2992.431
2992.900
2993.370
2993.839
2994.308
2994.777
2995.247
2995.716
2996.185
2996.654
2997.123
2997.593
2998.062
2998.296
2998.531
2999.000
2999.235
2999.469
2999.939
3000.173
3000.408
3000.877
3001.112
3001.346
3001.816
3002.050
3002.285
3002.754
3002.989
3003.223
3003.692
3003.927
3004.162
3004.631
3004.866
3005.100
3005.569
3005.804
3006.039
3006.508
3006.742
3006.977
3007.446
3007.681
3007.915
3008.385
3008.619
3008.854
3009.323
3009.558
3009.792
3010.262
3010.496
3010.731
3011.200
3011.435
3011.669
3012.138
3012.373
3012.608
3013.075
3013.543
3014.010
3014.478
3014.945
3015.062
3015.179
3015.296
3015.412
3015.529
3015.646
3015.763
3015.880
3015.996
3016.113
3016.230
3016.347
3016.464
3016.580
3016.697
3016.814
3016.931
3017.047
3017.164
3017.281
3017.398
3017.515
3017.631
3017.748
3017.865
3017.982
3018.099
3018.215
3018.332
3018.449
3018.566
3018.682
3019.150
3019.617
3020.084
3020.551
3021.018
3021.485
3021.952
3022.419
3022.537
3022.654
3022.771
3022.889
3023.006
3023.123
3023.241
3023.358
3023.475
3023.593
3023.710
3023.827
3023.944
3024.062
3024.179
3024.296
3024.414
3024.531
3024.648
3024.766
3024.883
3025.000
3025.118
3025.235
3025.352
3025.469
3025.587
3025.704
3025.821
3025.939
3026.056
3026.173
3026.291
3026.408
3026.525
3026.642
3026.760
3026.877
3026.994
3027.112
3027.229
3027.346
3027.464
3027.581
3027.698
3027.816
3027.933
3028.050
3028.167
3028.285
3028.402
3028.519
3028.637
3028.754
3028.871
3028.989
3029.106
3029.223
3029.340
3029.458
3029.575
3029.692
3029.810
3029.927
3030.162
3030.396
3030.631
3030.865
3031.100
3031.335
3031.569
3031.804
3032.038
3032.273
3032.508
3032.742
3032.977
3033.212
3033.446
3033.681
3033.915
3034.150
3034.385
3034.619
3034.854
3035.088
3035.323
3035.558
3035.792
3036.027
3036.261
3036.496
3036.731
3036.965
3037.200
3037.434
3037.669
3037.904
3038.138
3038.373
3038.608
3038.842
3039.077
3039.311
3039.546
3039.781
3040.015
3040.250
3040.484
3040.719
3040.954
3041.188
3041.423
3041.657
3041.892
3042.127
3042.361
3042.596
3042.831
3043.065
3043.300
3043.534
3043.769
3044.004
3044.238
3044.473
3044.707
3044.942
3045.409
3045.876
3046.343
3046.811
3047.278
3047.745
3048.212
3048.679
3049.146
3049.613
3050.080
3050.548
3051.015
3051.482
3051.949
3052.416
3052.652
3052.887
3053.123
3053.359
3053.594
3053.830
3054.066
3054.301
3054.537
3054.773
3055.008
3055.244
3055.480
3055.715
3055.951
3056.187
3056.304
3056.422
3056.540
3056.658
3056.776
3056.894
3057.012
3057.130
3057.248
3057.366
3057.483
3057.601
3057.719
3057.837
3057.955
3059.957
3060.191
3060.426
3060.660
3060.895
3061.129
3061.364
3061.598
3061.832
3062.067
3062.301
3062.536
3062.770
3063.005
3063.239
3063.474
3063.708
3063.942
3064.177
3064.411
3064.646
3064.880
3065.115
3065.349
3065.583
3065.818
3066.052
3066.287
3066.521
3066.756
3066.990
3067.225
3067.459
3067.693
3067.928
3068.162
3068.397
3068.631
3068.866
3069.100
3069.334
3069.569
3069.803
3070.038
3070.272
3070.507
3070.741
3070.976
3071.210
3071.444
3071.679
3071.913
3072.148
3072.382
3072.617
3072.851
3073.085
3073.320
3073.554
3073.789
3074.023
3074.258
3074.492
3074.727
3074.961
3075.195
3075.430
3075.664
3075.899
3076.133
3076.368
3076.602
3076.836
3077.071
3077.305
3077.540
3077.774
3078.009
3078.243
3078.478
3078.712
3078.946
3079.181
3079.415
3079.650
3079.884
3080.119
3080.353
3080.587
3080.822
3081.056
3081.291
3081.525
3081.760
3081.994
3082.229
3082.463
3082.697
3082.932
3083.166
3083.401
3083.635
3083.870
3084.104
3084.338
3084.573
3084.807
3085.042
3085.276
3085.511
3085.745
3085.980
3086.214
3086.448
3086.683
3086.917
3087.152
3087.386
3087.621
3087.855
3088.089
3088.324
3088.558
3088.793
3089.027
3089.262
3089.496
3089.731
3089.965
3090.199
3090.434
3090.668
3090.903
3091.137
3091.372
3091.606
3091.840
3092.075
3092.309
3092.544
3092.778
3093.013
3093.247
3093.482
3093.716
3093.950
3094.185
3094.419
3094.654
3094.888
3095.123
3095.357
3095.591
3095.826
3096.060
3096.295
3096.529
3096.764
3096.998
3097.232
3097.467
3097.701
3097.936
3098.170
3098.405
3098.639
3098.874
3099.108
3099.342
3099.577
3099.811
3100.046
3100.280
3100.515
3100.749
3100.983
3101.218
3101.452
3101.687
3101.921
3102.156
3102.390
3102.625
3102.859
3103.093
3103.328
3103.562
3103.797
3104.031
3104.266
3104.500
3104.734
3104.969
3105.203
3105.438
3105.672
3105.907
3106.141
3106.376
3106.610
3106.844
3107.079
3107.313
3107.548
3107.782
3108.017
3108.251
3108.485
3108.720
3108.954
3109.189
3109.423
3109.658
3109.892
3110.127
3110.361
3110.595
3110.830
3111.064
3111.299
3111.533
3111.768
3112.002
3112.236
3112.471
3112.705
3112.940
3113.174
3113.409
3113.643
3113.878
