56.240
56.729
57.217
57.706
58.194
58.683
59.171
59.660
60.149
60.637
61.126
61.614
62.103
62.591
63.080
63.569
64.057
64.546
65.034
65.523
66.011
66.500
66.989
67.477
67.966
68.454
68.943
69.431
69.920
70.012
70.289
70.382
70.658
70.751
71.028
71.120
71.326
71.463
71.600
71.880
72.124
72.368
72.856
73.100
73.344
73.833
74.077
74.321
74.809
75.053
75.297
75.785
76.029
76.273
76.761
77.005
77.249
77.738
77.982
78.226
78.714
78.958
79.202
79.690
79.934
80.178
80.666
80.911
81.155
81.643
81.887
82.131
82.619
82.863
83.107
83.595
83.839
84.083
84.572
84.816
85.060
85.548
85.792
86.036
86.524
86.768
87.012
87.500
87.744
87.988
88.477
88.721
88.965
89.453
89.697
89.941
90.429
90.673
90.917
91.405
91.649
91.894
92.382
92.626
92.870
93.358
93.602
93.846
94.334
94.578
94.822
95.310
95.555
95.799
96.287
96.531
96.775
97.263
97.507
97.751
98.239
98.483
98.727
99.216
99.460
99.704
100.192
100.436
100.680
103.080
103.324
103.568
103.812
104.056
104.544
105.033
105.521
105.765
106.009
106.253
106.497
106.985
107.473
107.961
108.205
108.449
108.693
108.938
109.426
109.914
110.402
110.646
110.890
111.134
111.378
111.866
112.354
112.843
113.087
113.331
113.575
113.819
114.307
114.795
115.283
115.527
115.771
116.015
116.259
116.748
117.236
117.724
117.968
118.212
118.456
118.700
119.188
119.676
120.164
120.408
120.653
120.897
121.141
121.629
122.117
122.605
122.849
123.093
123.337
123.581
124.069
124.558
125.046
125.290
125.534
125.778
126.022
126.510
126.998
127.486
127.730
127.974
128.218
128.463
128.951
129.439
129.927
130.171
130.415
130.659
130.903
131.391
131.879
132.368
132.612
132.856
133.100
133.344
133.832
134.320
134.807
135.295
135.782
136.270
136.758
137.245
137.733
138.221
138.708
139.196
139.683
140.171
140.659
141.146
141.634
142.122
142.609
143.097
143.584
144.072
144.560
145.047
145.535
146.023
146.510
146.998
147.485
147.973
148.461
148.948
149.436
149.924
150.411
150.899
151.386
151.874
152.362
152.849
153.337
153.825
154.312
154.800
155.287
155.775
156.263
156.750
157.238
157.726
158.213
158.701
159.188
159.676
160.164
160.651
161.139
161.627
162.114
162.602
163.089
163.577
164.065
164.552
165.040
180.680
180.924
181.167
181.411
181.655
181.898
182.142
182.385
182.629
182.873
183.116
183.360
183.604
183.847
184.091
184.335
184.578
184.822
185.065
185.309
185.553
185.796
186.040
186.284
186.527
186.771
187.015
187.258
187.502
187.745
187.989
188.233
188.476
188.720
188.964
189.207
189.451
189.695
189.938
190.182
190.425
190.669
190.913
191.156
191.400
191.644
191.887
192.131
192.375
192.618
192.862
193.105
193.349
193.593
193.836
194.080
194.324
194.567
194.811
195.055
195.298
195.542
195.785
196.029
196.273
196.516
196.760
197.248
197.736
198.224
198.712
199.200
199.688
200.176
200.664
201.152
201.640
202.128
202.616
203.104
203.592
204.080
204.568
205.056
205.544
206.032
206.520
207.008
207.496
207.984
208.472
208.960
209.448
209.936
210.424
210.912
211.400
211.644
211.888
212.376
212.864
213.352
213.597
213.841
214.329
214.817
215.305
215.549
215.793
216.281
216.769
217.257
217.502
217.746
218.234
218.722
219.210
219.454
219.698
220.186
220.674
221.162
221.407
221.651
222.139
222.627
223.115
223.359
223.603
224.091
224.579
225.067
225.312
225.556
226.044
226.532
227.020
227.264
227.508
227.996
228.484
228.972
229.217
229.461
229.949
230.437
230.925
231.169
231.413
231.901
232.389
232.877
233.122
233.366
233.854
234.342
234.830
235.074
235.318
235.806
236.294
236.782
237.027
237.271
237.759
238.247
238.735
238.979
239.223
239.711
240.199
240.687
240.932
241.176
241.664
242.152
242.640
242.884
243.127
243.371
243.614
243.858
244.101
244.345
244.588
244.832
245.075
245.319
245.562
245.806
246.049
246.293
246.536
246.780
247.024
247.267
247.511
247.754
247.998
248.241
248.485
248.728
248.972
249.215
249.459
249.702
249.946
250.189
250.433
250.676
250.920
251.164
251.407
251.651
251.894
252.138
252.381
252.625
252.868
253.112
253.355
253.599
253.842
254.086
254.329
254.573
254.816
255.060
255.304
255.547
255.791
256.034
256.278
256.521
256.765
257.008
257.252
257.495
257.739
257.982
258.226
258.469
258.713
258.956
259.200
259.688
260.175
260.663
261.151
261.639
262.126
262.614
263.102
263.590
264.077
264.565
265.053
265.541
266.028
266.516
267.004
267.492
267.979
268.467
268.955
269.443
269.930
270.418
270.906
271.394
271.881
272.369
272.857
273.345
273.832
274.320
276.520
276.626
276.732
277.580
277.686
277.792
278.640
278.738
279.616
279.713
280.591
280.689
281.567
281.664
282.542
282.640
286.280
286.400
286.520
317.200
317.693
318.186
318.679
319.172
319.665
320.157
320.650
321.143
321.636
322.129
322.622
323.115
323.608
324.101
324.594
325.086
325.579
326.072
326.565
327.058
327.551
328.044
328.537
329.030
329.523
330.015
330.508
331.001
331.494
331.987
332.480
348.680
348.926
349.172
349.664
349.910
350.156
350.647
350.893
351.139
351.631
351.877
352.123
352.615
352.861
353.107
353.599
353.844
354.090
354.582
354.828
355.074
355.566
355.812
356.058
356.550
356.796
357.041
357.533
357.779
358.025
358.517
358.763
359.009
359.501
359.747
359.993
360.484
360.730
360.976
361.468
361.714
361.960
364.440
364.686
364.932
365.423
365.915
366.406
366.898
367.389
367.881
368.372
368.618
368.864
369.355
369.847
370.338
370.830
371.321
371.813
372.304
372.550
372.796
373.287
373.779
374.271
374.762
375.254
375.745
376.237
376.482
376.728
377.220
377.711
378.203
378.694
379.186
379.677
380.169
380.415
380.660
381.152
381.643
382.135
382.626
383.118
383.609
384.101
384.347
384.593
385.084
385.576
386.067
386.559
387.050
387.542
388.033
388.279
388.525
389.016
389.508
389.999
390.491
390.982
391.474
391.965
392.211
392.457
392.948
393.440
395.920
396.412
396.903
397.395
397.886
398.378
398.870
399.361
399.853
400.345
400.836
401.328
401.819
402.311
402.803
403.294
403.786
404.277
404.769
405.261
405.752
406.244
406.735
407.227
407.719
408.210
408.702
409.194
409.685
410.177
410.668
411.160
411.652
412.143
412.635
413.126
413.618
414.110
414.601
415.093
415.585
416.076
416.568
417.059
417.551
418.043
418.534
419.026
419.517
420.009
420.501
420.992
421.484
421.975
422.467
422.959
423.450
423.942
424.434
424.925
425.417
425.908
426.400
427.360
427.606
427.852
428.344
428.836
429.328
429.573
429.819
430.311
430.803
431.295
431.541
431.787
432.279
432.771
433.263
433.508
433.754
434.246
434.738
435.230
435.476
435.722
436.214
436.706
437.198
437.443
437.689
438.181
438.673
439.165
439.411
439.657
440.149
440.641
441.133
441.378
441.624
442.116
442.608
443.100
443.346
443.592
444.084
444.576
445.068
445.313
445.559
446.051
446.543
447.035
447.281
447.527
448.019
448.511
449.003
449.248
449.494
449.986
450.478
450.970
451.216
451.462
451.954
452.446
452.938
453.183
453.429
453.921
454.413
454.905
455.151
455.397
455.889
456.381
456.873
457.118
457.364
457.856
458.348
458.840
459.086
459.333
459.579
459.825
460.318
460.810
461.303
461.549
461.795
462.041
462.288
462.780
463.273
463.765
464.011
464.258
464.504
464.750
465.243
465.735
466.228
466.474
466.720
466.966
467.213
467.705
468.198
468.690
468.936
469.183
469.429
469.675
470.168
470.660
471.153
471.399
471.645
471.891
472.138
472.630
473.123
473.615
473.861
474.108
474.354
474.600
490.320
490.566
490.812
491.058
491.304
491.550
491.796
492.041
492.287
492.533
492.779
493.025
493.271
493.517
493.763
494.009
494.255
494.501
494.747
494.993
495.239
495.484
495.730
495.976
496.222
496.468
496.714
496.960
497.206
497.452
497.698
497.944
498.190
498.436
498.681
498.927
499.173
499.419
499.665
499.911
500.157
500.403
500.649
500.895
501.141
501.387
501.633
501.879
502.124
502.370
502.616
502.862
503.108
503.354
503.600
529.000
529.492
529.985
530.477
530.969
531.462
531.954
532.447
532.939
533.431
533.924
534.416
534.908
535.401
535.893
536.385
536.878
537.370
537.863
538.355
538.847
539.340
539.832
540.324
540.817
541.309
541.801
542.294
542.786
543.279
543.771
544.263
544.756
545.248
545.740
546.233
546.725
547.217
547.710
548.202
548.695
549.187
549.679
550.172
550.664
551.156
551.649
552.141
552.633
553.126
553.618
554.111
554.603
555.095
555.588
556.080
561.000
561.980
562.960
563.940
564.920
565.900
566.880
567.860
568.840
569.820
570.800
571.780
572.760
573.740
574.720
576.240
576.486
576.731
577.222
577.468
577.713
578.204
578.450
578.695
579.186
579.432
579.677
580.168
580.414
580.659
581.150
581.396
581.641
582.132
582.378
582.623
583.114
583.360
583.606
584.097
584.342
584.588
585.079
585.324
585.570
586.061
586.306
586.552
587.043
587.288
587.534
588.025
588.270
588.516
589.007
589.252
589.498
589.989
590.234
590.480
591.960
592.206
592.452
592.697
592.943
593.189
593.435
593.680
593.926
594.172
594.418
594.663
594.909
595.155
595.401
595.646
595.892
596.138
596.384
596.629
596.875
597.121
597.367
597.613
597.858
598.104
598.350
598.596
598.841
599.087
599.333
599.579
599.824
600.070
600.316
600.562
600.807
601.053
601.299
601.545
601.791
602.036
602.282
602.528
602.774
603.019
603.265
603.511
603.757
604.002
604.248
604.494
604.740
604.985
605.231
605.477
605.723
605.968
606.214
606.460
606.706
606.952
607.197
607.443
607.689
607.935
608.180
608.426
608.672
608.918
609.163
609.409
609.655
609.901
610.146
610.392
610.638
610.884
611.129
611.375
611.621
611.867
612.113
612.358
612.604
612.850
613.096
613.341
613.587
613.833
614.079
614.324
614.570
614.816
615.062
615.307
615.553
615.799
616.045
616.291
616.536
616.782
617.028
617.274
617.519
617.765
618.011
618.257
618.502
618.748
618.994
619.240
619.485
619.731
619.977
620.223
620.468
620.714
620.960
623.400
623.646
623.892
624.385
624.877
625.370
625.616
625.862
626.354
626.847
627.339
627.586
627.832
628.324
628.817
629.309
629.555
629.801
630.294
630.786
631.279
631.525
631.771
632.263
632.756
633.248
633.494
633.741
634.233
634.726
635.218
635.464
635.710
636.203
636.695
637.188
637.434
637.680
639.160
639.652
640.145
640.637
641.130
641.622
642.114
642.607
643.099
643.592
644.084
644.577
645.069
645.561
646.054
646.546
647.039
647.531
648.023
648.516
649.008
649.501
649.993
650.486
650.978
651.470
651.963
652.455
652.948
653.440
653.920
654.166
654.413
654.906
655.152
655.398
655.891
656.138
656.384
656.877
657.123
657.370
657.862
658.109
658.355
658.848
659.094
659.341
659.834
660.080
660.326
660.819
661.066
661.312
661.805
662.051
662.298
662.790
663.037
663.283
663.776
664.022
664.269
664.762
665.008
665.254
665.747
665.994
666.240
671.640
672.624
673.608
674.592
675.576
676.560
677.544
678.528
679.512
680.496
681.480
690.320
690.566
690.812
691.058
691.304
691.549
691.795
692.041
692.287
692.533
692.779
693.025
693.271
693.517
693.763
694.008
694.254
694.500
694.746
694.992
695.238
695.484
695.730
695.976
696.221
696.467
696.713
696.959
697.205
697.451
697.697
697.943
698.189
698.435
698.680
698.926
699.172
699.418
699.664
699.910
700.156
700.402
700.648
700.893
701.139
701.385
701.631
701.877
702.123
702.369
702.615
702.861
703.107
703.352
703.598
703.844
704.090
704.336
704.582
704.828
705.074
705.320
705.565
705.811
706.057
706.303
706.549
706.795
707.041
707.287
707.533
707.779
708.024
708.270
708.516
708.762
709.008
709.254
709.500
709.746
709.992
710.237
710.483
710.729
710.975
711.221
711.467
711.713
711.959
712.205
712.451
712.696
712.942
713.188
713.434
713.680
713.926
714.172
714.418
714.664
714.909
715.155
715.401
715.647
715.893
716.139
716.385
716.631
716.877
717.123
717.368
717.614
717.860
718.106
718.352
718.598
718.844
719.090
719.336
719.581
719.827
720.073
720.319
720.565
720.811
721.057
721.303
721.549
721.795
722.040
722.286
722.532
722.778
723.024
723.270
723.516
723.762
724.008
724.253
724.499
724.745
724.991
725.237
725.483
725.729
725.975
726.221
726.467
726.712
726.958
727.204
727.450
727.696
727.942
728.188
728.434
728.680
728.925
729.171
729.417
729.663
729.909
730.155
730.401
730.647
730.893
731.139
731.384
731.630
731.876
732.122
732.368
732.614
732.860
733.106
733.352
733.597
733.843
734.089
734.335
734.581
734.827
735.073
735.319
735.565
735.811
736.056
736.302
736.548
736.794
737.040
784.120
784.589
785.058
785.526
785.995
786.464
786.933
787.401
787.870
788.339
788.808
789.276
789.745
790.214
790.683
791.151
791.620
792.089
792.558
793.026
793.495
793.964
794.433
794.901
795.370
795.839
796.308
796.776
797.245
797.714
798.183
798.651
799.120
799.354
799.589
800.058
800.292
800.526
800.995
801.229
801.464
801.933
802.167
802.401
802.870
803.104
803.339
803.808
804.042
804.276
804.745
804.979
805.214
805.683
805.917
806.151
806.620
806.854
807.089
807.558
807.792
808.026
808.495
808.729
808.964
809.433
809.667
809.901
810.370
810.604
810.839
811.308
811.542
811.776
812.245
812.479
812.714
813.183
813.417
813.651
814.120
814.589
815.058
815.527
815.996
816.465
816.934
817.402
817.871
818.340
818.809
819.278
819.747
820.216
820.685
821.154
821.623
822.092
822.561
823.030
823.498
823.967
824.436
824.905
825.374
825.843
826.312
826.781
827.250
827.719
828.188
828.657
829.126
829.594
830.063
830.532
831.001
831.470
831.939
832.408
832.877
833.346
833.815
834.284
834.753
835.222
835.690
836.159
836.628
837.097
837.566
838.035
838.504
838.973
839.442
839.911
840.380
840.849
841.318
841.786
842.255
842.724
843.193
843.662
844.131
844.600
844.834
845.069
845.303
845.537
846.006
846.475
846.944
847.412
847.881
848.350
848.584
848.819
849.053
849.287
849.756
850.225
850.694
851.162
851.631
852.100
852.334
852.569
852.803
853.037
853.506
853.975
854.444
854.912
855.381
855.850
856.084
856.319
856.553
856.787
857.256
857.725
858.194
858.662
859.131
859.600
859.834
860.069
860.303
860.537
861.006
861.475
861.944
862.412
862.881
863.350
863.584
863.819
864.053
864.287
864.756
865.225
865.694
866.162
866.631
867.100
867.334
867.569
867.803
868.037
868.506
868.975
869.444
869.912
870.381
870.850
871.084
871.319
871.553
871.787
872.256
872.725
873.194
873.662
874.131
874.600
874.834
875.069
875.303
875.537
876.006
876.475
876.944
877.412
877.881
878.350
878.584
878.819
879.053
879.287
879.756
880.225
880.694
881.162
881.631
882.100
882.334
882.569
882.803
883.037
883.506
883.975
884.444
884.912
885.381
885.850
886.084
886.319
886.553
886.787
887.256
887.725
888.194
888.662
889.131
889.599
890.068
890.536
891.005
891.474
891.942
892.411
892.879
893.348
893.817
894.285
894.754
895.222
895.691
896.159
896.628
897.097
897.565
898.034
898.502
898.971
899.440
899.908
900.377
900.845
901.314
901.782
902.251
902.720
903.188
903.657
904.125
904.594
905.063
905.531
906.000
906.468
906.937
907.405
907.874
908.343
908.811
909.280
909.748
910.217
910.686
911.154
911.623
912.091
912.560
913.028
913.497
913.966
914.434
914.903
915.371
915.840
916.309
916.777
917.246
917.714
918.183
918.651
919.120
919.354
919.588
920.057
920.525
920.994
921.228
921.462
921.930
922.399
922.867
923.101
923.335
923.804
924.272
924.741
924.975
925.209
925.677
926.146
926.614
926.848
927.083
927.551
928.019
928.488
928.722
928.956
929.425
929.893
930.361
930.595
930.830
931.298
931.766
932.235
932.469
932.703
933.172
933.640
964.120
964.354
964.589
964.823
965.058
965.292
965.526
965.761
965.995
966.229
966.464
966.698
966.933
967.167
967.401
967.636
967.870
968.104
968.339
968.573
968.808
969.042
969.276
969.511
969.745
969.979
970.214
970.448
970.683
970.917
971.151
971.386
971.620
971.854
972.089
972.323
972.558
972.792
973.026
973.261
973.495
973.729
973.964
974.198
974.433
974.667
974.901
975.136
975.370
975.604
975.839
976.073
976.308
976.542
976.776
977.011
977.245
977.479
977.714
977.948
978.183
978.417
978.651
978.886
979.120
979.354
979.589
979.823
980.058
980.292
980.526
980.761
980.995
981.229
981.464
981.698
981.933
982.167
982.401
982.636
982.870
983.104
983.339
983.573
983.808
984.042
984.276
984.511
984.745
984.979
985.214
985.448
985.683
985.917
986.151
986.386
986.620
986.854
987.089
987.323
987.558
987.792
988.026
988.261
988.495
988.729
988.964
989.198
989.433
989.667
989.901
990.136
990.370
990.604
990.839
991.073
991.308
991.542
991.776
992.011
992.245
992.479
992.714
992.948
993.183
993.417
993.651
993.886
994.120
1024.720
1025.200
1025.680
1026.160
1026.640
1027.120
1027.600
1028.080
1028.560
1029.040
1029.520
1030.000
1030.480
1030.960
1031.440
1031.920
1032.400
1032.880
1033.360
1033.840
1034.320
1034.800
1035.280
1035.760
1036.240
1036.720
1037.200
1037.680
1038.160
1038.640
1039.120
1039.600
1040.080
1040.560
1041.040
1041.520
1042.000
1042.480
1042.960
1043.440
1043.920
1044.400
1044.880
1045.360
1045.840
1046.320
1046.800
1047.280
1047.760
1048.240
1048.720
1049.200
1049.680
1050.160
1050.640
1051.120
1051.600
1052.080
1052.560
1053.040
1053.520
1054.000
1054.480
1054.960
1055.440
1055.680
1055.920
1056.160
1056.400
1056.880
1057.360
1057.840
1058.320
1058.800
1059.280
1059.520
1059.760
1060.000
1060.240
1060.720
1061.200
1061.680
1062.160
1062.640
1063.120
1063.360
1063.600
1063.840
1064.080
1064.560
1065.040
1065.520
1066.000
1066.480
1066.960
1067.200
1067.440
1067.680
1067.920
1068.400
1068.880
1069.360
1069.840
1070.320
1070.800
1071.040
1071.280
1071.520
1071.760
1072.240
1072.720
1073.200
1073.680
1074.160
1074.640
1074.880
1075.120
1075.360
1075.600
1076.080
1076.560
1077.040
1077.520
1078.000
1078.480
1078.720
1078.960
1079.200
1079.440
1079.920
1080.400
1080.880
1081.360
1081.840
1082.320
1082.560
1082.800
1083.040
1083.280
1083.760
1084.240
1084.720
1085.200
1085.680
1086.160
1086.400
1086.640
1087.120
1087.360
1087.600
1088.080
1088.320
1088.560
1089.040
1089.280
1089.520
1090.000
1090.240
1090.480
1090.960
1091.200
1091.440
1091.920
1092.160
1092.400
1092.880
1093.120
1093.360
1093.840
1094.080
1094.320
1094.800
1095.040
1095.280
1095.760
1096.000
1096.240
1096.720
1096.960
1097.200
1097.680
1097.920
1098.160
1098.640
1098.880
1099.120
1099.600
1099.840
1100.080
1100.560
1100.800
1101.040
1101.520
1102.000
1102.480
1102.960
1103.440
1103.920
1104.400
1104.880
1105.360
1105.840
1106.320
1106.800
1107.280
1107.760
1108.240
1108.720
1109.200
1109.680
1110.160
1110.640
1111.120
1111.600
1112.080
1112.560
1113.040
1113.520
1114.000
1114.480
1114.960
1115.440
1115.920
1116.400
1116.880
1117.120
1117.360
1117.840
1118.320
1118.800
1119.040
1119.280
1119.760
1120.240
1120.720
1120.960
1121.200
1121.680
1122.160
1122.640
1122.880
1123.120
1123.600
1124.080
1124.560
1124.800
1125.040
1125.520
1126.000
1126.480
1126.720
1126.960
1127.440
1127.920
1128.400
1128.640
1128.880
1129.360
1129.840
1130.320
1130.560
1130.800
1131.280
1131.760
1132.240
1132.720
1133.200
1133.680
1134.160
1134.640
1135.120
1135.600
1136.080
1136.560
1137.040
1137.520
1138.000
1138.480
1138.960
1139.440
1139.920
1140.400
1140.880
1141.360
1141.840
1142.320
1142.800
1143.280
1143.760
1144.240
1144.720
1145.200
1145.680
1146.160
1146.640
1147.120
1147.600
1148.080
1148.560
1149.040
1149.520
1150.000
1150.480
1150.960
1151.440
1151.920
1152.400
1152.880
1153.360
1153.840
1154.320
1154.800
1155.280
1155.760
1156.240
1156.720
1157.200
1157.680
1158.160
1158.640
1159.120
1159.600
1160.080
1160.560
1161.040
1161.520
1162.000
1162.480
1162.960
1163.200
1163.440
1163.680
1163.920
1164.400
1164.880
1165.360
1165.600
1165.840
1166.080
1166.320
1166.800
1167.280
1167.760
1168.000
1168.240
1168.480
1168.720
1169.200
1169.680
1170.160
1170.400
1170.640
1170.880
1171.120
1171.600
1172.080
1172.560
1172.800
1173.040
1173.280
1173.520
1174.000
1174.480
1174.960
1175.200
1175.440
1175.680
1175.920
1176.400
1176.880
1177.360
1177.600
1177.840
1178.080
1178.320
1178.800
1179.280
1179.760
1180.000
1180.240
1180.480
1180.720
1181.200
1181.680
1182.160
1182.400
1182.640
1182.880
1183.120
1183.600
1184.080
1184.560
1184.800
1185.040
1185.280
1185.520
1186.000
1186.480
1186.960
1187.200
1187.440
1187.680
1187.920
1188.400
1188.880
1189.360
1189.600
1189.840
1190.080
1190.320
1190.800
1191.280
1191.760
1192.000
1192.240
1192.480
1192.720
1193.200
1193.680
1194.160
1194.640
1195.120
1195.600
1196.080
1196.560
1197.040
1197.520
1198.000
1198.480
1198.960
1199.440
1199.920
1200.400
1200.880
1201.360
1201.840
1202.320
1202.800
1203.280
1203.760
1204.240
1204.720
1205.200
1205.680
1206.160
1206.640
1207.120
1207.600
1208.080
1208.560
1224.400
1224.880
1225.360
1225.840
1226.320
1226.800
1227.280
1227.760
1228.240
1228.720
1229.200
1229.680
1230.160
1230.640
1231.120
1231.600
1232.080
1232.560
1233.040
1233.520
1234.000
1234.480
1234.960
1235.440
1235.920
1236.400
1236.880
1237.360
1237.840
1238.320
1238.800
1239.280
1239.760
1240.000
1240.240
1240.720
1240.960
1241.200
1241.680
1241.920
1242.160
1242.640
1242.880
1243.120
1243.600
1243.840
1244.080
1244.560
1244.800
1245.040
1245.520
1245.760
1246.000
1246.480
1246.720
1246.960
1247.440
1247.680
1247.920
1248.400
1248.640
1248.880
1249.360
1249.600
1249.840
1250.320
1250.560
1250.800
1251.280
1251.520
1251.760
1252.240
1252.480
1252.720
1255.120
1255.360
1255.600
1255.840
1256.080
1256.320
1256.560
1256.800
1257.040
1257.280
1257.520
1257.760
1258.000
1258.240
1258.480
1258.720
1258.960
1259.200
1259.440
1259.680
1259.920
1260.160
1260.400
1260.640
1260.880
1261.120
1261.360
1261.600
1261.840
1262.080
1262.320
1262.560
1262.800
1263.040
1263.280
1263.520
1263.760
1264.000
1264.240
1264.480
1264.720
1264.960
1265.200
1265.440
1265.680
1265.920
1266.160
1266.400
1266.640
1266.880
1267.120
1267.360
1267.600
1267.840
1268.080
1268.320
1268.560
1268.800
1269.040
1269.280
1269.520
1269.760
1270.000
1270.240
1270.480
1270.720
1270.960
1271.200
1271.440
1271.680
1271.920
1272.160
1272.400
1272.640
1272.880
1273.120
1273.360
1273.600
1273.840
1274.080
1274.320
1274.560
1274.800
1275.040
1275.280
1275.520
1275.760
1276.000
1276.240
1276.480
1276.720
1276.960
1277.200
1277.440
1277.680
1277.920
1278.160
1278.400
1278.640
1278.880
1279.120
1279.360
1279.600
1279.840
1280.080
1280.320
1280.560
1280.800
1281.040
1281.280
1281.520
1281.760
1282.000
1282.240
1282.480
1282.720
1282.960
1283.200
1283.440
1283.680
1283.920
1284.160
1284.400
1284.640
1284.880
1285.120
1285.360
1285.600
1285.840
1299.720
1300.196
1300.671
1301.147
1301.623
1302.099
1302.574
1303.050
1303.526
1304.001
1304.477
1304.953
1305.429
1305.904
1306.380
1306.856
1307.331
1307.807
1308.283
1308.759
1309.234
1309.710
1310.186
1310.661
1311.137
1311.613
1312.089
1312.564
1313.040
1314.960
1315.199
1315.437
1315.676
1315.914
1316.153
1316.391
1316.630
1316.868
1317.107
1317.345
1317.584
1317.822
1318.061
1318.299
1318.538
1318.776
1319.015
1319.253
1319.492
1319.730
1319.969
1320.207
1320.446
1320.684
1320.923
1321.161
1321.400
1321.639
1321.877
1322.116
1322.354
1322.593
1322.831
1323.070
1323.308
1323.547
1323.785
1324.024
1324.262
1324.501
1324.739
1324.978
1325.216
1325.455
1325.693
1325.932
1326.170
1326.409
1326.647
1326.886
1327.124
1327.363
1327.601
1327.840
1330.200
1330.438
1330.676
1331.152
1331.390
1331.628
1332.104
1332.342
1332.580
1333.056
1333.294
1333.532
1334.009
1334.247
1334.485
1334.961
1335.199
1335.437
1335.913
1336.151
1336.389
1336.865
1337.103
1337.341
1337.817
1338.055
1338.293
1338.769
1339.007
1339.245
1339.721
1339.959
1340.197
1340.673
1340.911
1341.150
1341.626
1341.864
1342.102
1342.578
1342.816
1343.054
1343.530
1343.768
1344.006
1344.482
1344.720
1344.958
1345.434
1345.672
1345.910
1346.386
1346.624
1346.862
1347.338
1347.576
1347.814
1348.290
1348.529
1348.767
1349.243
1349.481
1349.719
1350.195
1350.433
1350.671
1351.147
1351.385
1351.623
1352.099
1352.337
1352.575
1353.051
1353.289
1353.527
1354.003
1354.241
1354.479
1354.955
1355.193
1355.431
1355.908
1356.146
1356.384
1356.860
1357.098
1357.336
1357.812
1358.050
1358.288
1358.764
1359.002
1359.240
1360.680
1360.918
1361.156
1361.394
1361.632
1361.870
1362.108
1362.346
1362.585
1362.823
1363.061
1363.299
1363.537
1363.775
1364.013
1364.251
1364.489
1364.727
1364.965
1365.203
1365.441
1365.679
1365.917
1366.155
1366.394
1366.632
1366.870
1367.108
1367.346
1367.584
1367.822
1368.060
1368.298
1368.536
1368.774
1369.012
1369.250
1369.488
1369.726
1369.965
1370.203
1370.441
1370.679
1370.917
1371.155
1371.393
1371.631
1371.869
1372.107
1372.345
1372.583
1372.821
1373.059
1373.297
1373.535
1373.774
1374.012
1374.250
1374.488
1374.726
1374.964
1375.202
1375.440
1375.916
1376.393
1376.869
1377.345
1377.822
1378.298
1378.774
1379.250
1379.727
1380.203
1380.679
1381.156
1381.632
1382.108
1382.585
1383.061
1383.537
1384.014
1384.490
1384.966
1385.442
1385.919
1386.395
1386.871
1387.348
1387.824
1388.300
1388.777
1389.253
1389.729
1390.206
1390.682
1391.158
1391.634
1392.111
1392.587
1393.063
1393.540
1394.016
1394.492
1394.969
1395.445
1395.921
1396.398
1396.874
1397.350
1397.826
1398.303
1398.779
1399.255
1399.732
1400.208
1400.684
1401.161
1401.637
1402.113
1402.590
1403.066
1403.542
1404.018
1404.495
1404.971
1405.447
1405.924
1406.400
1406.638
1406.876
1407.352
1407.829
1408.305
1408.543
1408.781
1409.257
1409.734
1410.210
1410.448
1410.686
1411.162
1411.639
1412.115
1412.353
1412.591
1413.067
1413.544
1414.020
1414.258
1414.496
1414.972
1415.449
1415.925
1416.163
1416.401
1416.877
1417.354
1417.830
1418.068
1418.306
1418.782
1419.259
1419.735
1419.973
1420.211
1420.687
1421.164
1421.640
1421.878
1422.116
1422.592
1423.069
1423.545
1423.783
1424.021
1424.497
1424.974
1425.450
1425.688
1425.926
1426.402
1426.879
1427.355
1427.593
1427.831
1428.307
1428.784
1429.260
1429.498
1429.736
1430.212
1430.689
1431.165
1431.403
1431.641
1432.117
1432.594
1433.070
1433.308
1433.546
1434.022
1434.499
1434.975
1435.213
1435.451
1435.927
1436.403
1436.879
1437.355
1437.831
1438.307
1438.783
1439.259
1439.735
1440.211
1440.687
1441.164
1441.640
1442.116
1442.592
1443.068
1443.544
1444.020
1444.496
1444.972
1445.448
1445.924
1446.400
1446.876
1447.352
1447.828
1448.304
1448.780
1449.256
1449.732
1450.208
1450.684
1451.160
1452.120
1452.358
1452.596
1453.072
1453.548
1454.023
1454.499
1454.975
1455.451
1455.927
1456.165
1456.403
1456.879
1457.354
1457.830
1458.306
1458.782
1459.258
1459.734
1459.972
1460.210
1460.686
1461.161
1461.637
1462.113
1462.589
1463.065
1463.541
1463.779
1464.017
1464.492
1464.968
1465.444
1465.920
1466.396
1466.872
1467.348
1467.586
1467.823
1468.299
1468.775
1469.251
1469.727
1470.203
1470.679
1471.154
1471.392
1471.630
1472.106
1472.582
1473.058
1473.534
1474.010
1474.486
1474.961
1475.199
1475.437
1475.913
1476.389
1476.865
1477.341
1477.817
1478.292
1478.768
1479.006
1479.244
1479.722
1480.199
1480.677
1481.155
1481.633
1482.110
1482.588
1483.066
1483.543
1484.021
1484.499
1484.976
1485.454
1485.932
1486.409
1486.887
1487.365
1487.842
1488.320
1490.200
1490.438
1490.676
1490.914
1491.153
1491.391
1491.629
1491.867
1492.105
1492.343
1492.581
1492.819
1493.058
1493.296
1493.534
1493.772
1494.010
1494.248
1494.486
1494.724
1494.963
1495.201
1495.439
1495.677
1495.915
1496.153
1496.391
1496.629
1496.868
1497.106
1497.344
1497.582
1497.820
1498.058
1498.296
1498.534
1498.773
1499.011
1499.249
1499.487
1499.725
1499.963
1500.201
1500.439
1500.678
1500.916
1501.154
1501.392
1501.630
1501.868
1502.106
1502.344
1502.583
1502.821
1503.059
1503.297
1503.535
1503.773
1504.011
1504.249
1504.488
1504.726
1504.964
1505.202
1505.440
1505.678
1505.916
1506.154
1506.393
1506.631
1506.869
1507.107
1507.345
1507.583
1507.821
1508.059
1508.298
1508.536
1508.774
1509.012
1509.250
1509.488
1509.726
1509.964
1510.203
1510.441
1510.679
1510.917
1511.155
1511.393
1511.631
1511.869
1512.108
1512.346
1512.584
1512.822
1513.060
1513.298
1513.536
1513.774
1514.013
1514.251
1514.489
1514.727
1514.965
1515.203
1515.441
1515.679
1515.918
1516.156
1516.394
1516.632
1516.870
1517.108
1517.346
1517.584
1517.823
1518.061
1518.299
1518.537
1518.775
1519.013
1519.251
1519.489
1519.728
1519.966
1520.204
1520.442
1520.680
1521.160
1521.398
1521.636
1522.112
1522.589
1523.065
1523.303
1523.541
1524.017
1524.493
1524.970
1525.208
1525.446
1525.922
1526.398
1526.874
1527.112
1527.350
1527.827
1528.303
1528.779
1529.017
1529.255
1529.731
1530.208
1530.684
1530.922
1531.160
1531.636
1532.112
1532.589
1532.827
1533.065
1533.541
1534.017
1534.493
1534.731
1534.970
1535.446
1535.922
1536.398
1536.636
1536.874
1537.350
1537.827
1538.303
1538.541
1538.779
1539.255
1539.731
1540.208
1540.446
1540.684
1541.160
1541.636
1542.112
1542.350
1542.589
1543.065
1543.541
1544.017
1544.255
1544.493
1544.970
1545.446
1545.922
1546.160
1546.398
1546.874
1547.350
1547.827
1548.065
1548.303
1548.779
1549.255
1549.731
1549.970
1550.208
1550.684
1551.160
1568.480
1568.943
1569.405
1569.868
1570.330
1570.793
1571.255
1571.718
1572.180
1572.643
1573.105
1573.568
1574.030
1574.493
1574.955
1575.418
1575.880
1576.343
1576.805
1577.268
1577.730
1578.193
1578.655
1579.118
1579.580
1580.043
1580.505
1580.968
1581.430
1581.893
1582.355
1582.818
1583.280
1583.510
1583.741
1584.202
1584.662
1585.123
1585.354
1585.584
1586.045
1586.506
1586.966
1587.197
1587.427
1587.888
1588.349
1588.810
1589.040
1589.271
1589.731
1590.192
1590.653
1590.883
1591.114
1591.575
1592.035
1592.496
1592.727
1592.957
1593.418
1593.879
1594.339
1594.570
1594.800
1595.261
1595.722
1596.183
1596.413
1596.643
1597.104
1597.565
1598.026
1598.257
1598.488
1598.950
1599.412
1599.874
1600.336
1600.798
1601.261
1601.723
1601.954
1602.185
1602.647
1603.109
1603.571
1604.033
1604.495
1604.957
1605.419
1605.650
1605.881
1606.344
1606.806
1607.268
1607.730
1608.192
1608.654
1609.116
1609.347
1609.578
1610.040
1610.502
1610.965
1611.427
1611.889
1612.351
1612.813
1613.044
1613.275
1613.737
1614.199
1614.661
1615.123
1615.586
1616.048
1616.510
1616.741
1616.972
1617.434
1617.896
1618.358
1618.820
1619.282
1619.744
1620.206
1620.438
1620.669
1621.131
1621.593
1622.055
1622.517
1622.979
1623.441
1623.903
1624.134
1624.365
1624.827
1625.290
1625.752
1626.214
1626.676
1627.138
1627.600
1627.830
1628.060
1628.290
1628.520
1628.750
1628.980
1629.210
1629.440
1629.670
1629.900
1630.130
1630.360
1630.590
1630.820
1631.050
1631.280
1631.510
1631.740
1631.970
1632.200
1632.430
1632.660
1632.890
1633.120
1633.350
1633.580
1633.810
1634.040
1634.270
1634.500
1634.730
1634.960
1635.190
1635.420
1635.650
1635.880
1636.110
1636.340
1636.570
1636.800
1637.030
1637.260
1637.490
1637.720
1637.950
1638.180
1638.410
1638.640
1638.870
1639.100
1639.330
1639.560
1639.790
1640.020
1640.250
1640.480
1640.710
1640.940
1641.170
1641.400
1641.862
1642.324
1642.786
1643.249
1643.711
1644.173
1644.635
1645.097
1645.559
1646.022
1646.484
1646.946
1647.408
1647.870
1648.332
1648.794
1649.257
1649.719
1650.181
1650.643
1651.105
1651.567
1652.030
1652.492
1652.954
1653.416
1653.878
1654.340
1654.802
1655.265
1655.727
1656.189
1656.651
1657.113
1657.575
1658.038
1658.500
1658.962
1659.424
1659.886
1660.348
1660.810
1661.273
1661.735
1662.197
1662.659
1663.121
1663.583
1664.046
1664.508
1664.970
1665.432
1665.894
1666.356
1666.818
1667.281
1667.743
1668.205
1668.667
1669.129
1669.591
1670.054
1670.516
1670.978
1671.440
1671.670
1671.901
1672.131
1672.362
1672.822
1673.283
1673.744
1673.974
1674.205
1674.435
1674.666
1675.126
1675.587
1676.048
1676.278
1676.509
1676.739
1676.970
1677.430
1677.891
1678.352
1678.582
1678.813
1679.043
1679.274
1679.734
1680.195
1680.656
1680.886
1681.117
1681.347
1681.578
1682.038
1682.499
1682.960
1683.190
1683.421
1683.651
1683.882
1684.342
1684.803
1685.264
1685.494
1685.725
1685.955
1686.186
1686.646
1687.107
1687.568
1687.798
1688.029
1688.259
1688.490
1688.950
1689.411
1689.872
1690.102
1690.333
1690.563
1690.794
1691.254
1691.715
1692.176
1692.406
1692.637
1692.867
1693.098
1693.559
1694.021
1694.483
1694.945
1695.406
1695.868
1696.330
1696.791
1697.253
1697.715
1698.177
1698.638
1699.100
1699.562
1700.024
1700.485
1700.947
1701.409
1701.871
1702.332
1702.794
1703.256
1703.718
1704.179
1704.641
1705.103
1705.564
1706.026
1706.488
1706.950
1707.411
1707.873
1708.335
1708.797
1709.258
1709.720
1710.182
1710.644
1711.105
1711.567
1712.029
1712.491
1712.952
1713.414
1713.876
1714.337
1714.799
1715.261
1715.723
1716.184
1716.646
1717.108
1717.570
1718.031
1718.493
1718.955
1719.417
1719.878
1720.340
1720.802
1721.264
1721.725
1722.187
1722.649
1723.110
1723.572
1724.034
1724.496
1724.957
1725.419
1725.881
1726.343
1726.804
1727.266
1727.728
1728.190
1728.651
1729.113
1729.575
1730.037
1730.498
1730.960
1731.191
1731.421
1731.652
1731.883
1732.114
1732.344
1732.575
1732.806
1733.036
1733.267
1733.498
1733.728
1733.959
1734.190
1734.421
1734.651
1734.882
1735.113
1735.343
1735.574
1735.805
1736.035
1736.266
1736.497
1736.728
1736.958
1737.189
1737.420
1737.650
1737.881
1738.112
1738.342
1738.573
1738.804
1739.035
1739.265
1739.496
1739.727
1739.957
1740.188
1740.419
1740.649
1740.880
1741.111
1741.342
1741.572
1741.803
1742.034
1742.264
1742.495
1742.726
1742.956
1743.187
1743.418
1743.649
1743.879
1744.110
1744.341
1744.571
1744.802
1745.033
1745.263
1745.494
1745.725
1745.956
1746.186
1746.417
1746.648
1746.878
1747.109
1747.340
1747.570
1747.801
1748.032
1748.263
1748.493
1748.724
1748.955
1749.185
1749.416
1749.647
1749.877
1750.108
1750.339
1750.570
1750.800
1751.031
1751.262
1751.492
1751.723
1751.954
1752.184
1752.415
1752.646
1752.877
1753.107
1753.338
1753.569
1753.799
1754.030
1754.261
1754.491
1754.722
1754.953
1755.184
1755.414
1755.645
1755.876
1756.106
1756.337
1756.568
1756.798
1757.029
1757.260
1757.491
1757.721
1757.952
1758.183
1758.413
1758.644
1758.875
1759.105
1759.336
1759.567
1759.798
1760.028
1802.040
1802.513
1802.986
1803.459
1803.932
1804.406
1804.879
1805.352
1805.825
1806.298
1806.771
1807.244
1807.717
1808.190
1808.663
1809.137
1809.610
1810.083
1810.556
1811.029
1811.502
1811.975
1812.448
1812.921
1813.394
1813.868
1814.341
1814.814
1815.287
1815.760
1817.160
1817.396
1817.633
1817.869
1818.106
1818.342
1818.578
1818.815
1819.051
1819.288
1819.524
1819.760
1819.997
1820.233
1820.470
1820.706
1820.942
1821.179
1821.415
1821.651
1821.888
1822.124
1822.361
1822.597
1822.833
1823.070
1823.306
1823.543
1823.779
1824.015
1824.252
1824.488
1824.725
1824.961
1825.197
1825.434
1825.670
1825.907
1826.143
1826.379
1826.616
1826.852
1827.089
1827.325
1827.561
1827.798
1828.034
1828.270
1828.507
1828.743
1828.980
1829.216
1829.452
1829.689
1829.925
1830.162
1830.398
1830.634
1830.871
1831.107
1831.344
1831.580
1831.816
1832.053
1832.289
1832.526
1832.762
1832.998
1833.235
1833.471
1833.708
1833.944
1834.180
1834.417
1834.653
1834.890
1835.126
1835.362
1835.599
1835.835
1836.071
1836.308
1836.544
1836.781
1837.017
1837.253
1837.490
1837.726
1837.963
1838.199
1838.435
1838.672
1838.908
1839.145
1839.381
1839.617
1839.854
1840.090
1840.327
1840.563
1840.799
1841.036
1841.272
1841.509
1841.745
1841.981
1842.218
1842.454
1842.690
1842.927
1843.163
1843.400
1843.636
1843.872
1844.109
1844.345
1844.582
1844.818
1845.054
1845.291
1845.527
1845.764
1846.000
1854.960
1855.196
1855.433
1855.905
1856.141
1856.378
1856.850
1857.086
1857.323
1857.795
1858.031
1858.268
1858.740
1858.976
1859.213
1859.685
1859.921
1860.158
1860.630
1860.866
1861.103
1861.575
1861.811
1862.048
1862.520
1862.756
1862.993
1863.465
1863.701
1863.938
1864.410
1864.646
1864.883
1865.355
1865.591
1865.828
1866.300
1866.536
1866.773
1867.245
1867.481
1867.718
1868.190
1868.426
1868.663
1869.135
1869.371
1869.608
1870.080
1870.316
1870.553
1871.025
1871.261
1871.498
1871.970
1872.206
1872.443
1872.915
1873.151
1873.388
1873.860
1874.096
1874.333
1874.805
1875.041
1875.278
1875.750
1875.986
1876.223
1876.695
1876.931
1877.168
1877.640
1878.113
1878.585
1879.058
1879.530
1880.003
1880.475
1880.948
1881.420
1881.893
1882.365
1882.838
1883.310
1883.783
1884.255
1884.728
1885.200
1885.673
1886.145
1886.618
1887.090
1887.563
1888.035
1888.508
1888.980
1889.453
1889.925
1890.398
1890.870
1891.343
1891.815
1892.288
1892.760
1893.233
1893.705
1894.178
1894.650
1895.123
1895.595
1896.068
1896.540
1897.013
1897.485
1897.958
1898.430
1898.903
1899.375
1899.848
1900.320
1900.793
1901.265
1901.738
1902.210
1902.683
1903.155
1903.628
1904.100
1904.573
1905.045
1905.518
1905.990
1906.463
1906.935
1907.408
1907.880
1911.640
1913.520
1914.480
1914.960
1915.196
1915.433
1915.669
1915.905
1916.141
1916.378
1916.614
1916.850
1917.086
1917.323
1917.559
1917.795
1918.031
1918.268
1918.504
1918.740
1918.976
1919.213
1919.449
1919.685
1919.921
1920.158
1920.394
1920.630
1920.866
1921.103
1921.339
1921.575
1921.811
1922.048
1922.284
1922.520
1922.756
1922.993
1923.229
1923.465
1923.701
1923.938
1924.174
1924.410
1924.646
1924.883
1925.119
1925.355
1925.591
1925.828
1926.064
1926.300
1926.536
1926.773
1927.009
1927.245
1927.481
1927.718
1927.954
1928.190
1928.426
1928.663
1928.899
1929.135
1929.371
1929.608
1929.844
1930.080
1930.520
1930.757
1930.993
1931.466
1931.940
1932.413
1932.649
1932.886
1933.359
1933.832
1934.305
1934.542
1934.779
1935.252
1935.725
1936.198
1936.435
1936.671
1937.145
1937.618
1938.091
1938.328
1938.564
1939.037
1939.510
1939.984
1940.220
1940.457
1940.930
1941.403
1941.876
1942.113
1942.350
1942.823
1943.296
1943.769
1944.006
1944.242
1944.714
1945.187
1945.659
1946.131
1946.603
1947.075
1947.547
1948.019
1948.491
1948.963
1949.436
1949.908
1950.380
1950.852
1951.324
1951.796
1952.268
1952.740
1953.212
1953.685
1954.157
1954.629
1955.101
1955.573
1956.045
1956.517
1956.989
1957.461
1957.934
1958.406
1958.878
1959.350
1959.822
1960.294
1960.766
1961.238
1961.710
1962.183
1962.655
1963.127
1963.599
1964.071
1964.543
1965.015
1965.487
1965.959
1966.432
1966.904
1967.376
1967.848
1968.320
1968.556
1968.793
1969.029
1969.265
1969.501
1969.738
1969.974
1970.210
1970.446
1970.683
1970.919
1971.155
1971.392
1971.628
1971.864
1972.100
1972.337
1972.573
1972.809
1973.045
1973.282
1973.518
1973.754
1973.991
1974.227
1974.463
1974.699
1974.936
1975.172
1975.408
1975.644
1975.881
1976.117
1976.353
1976.589
1976.826
1977.062
1977.298
1977.535
1977.771
1978.007
1978.243
1978.480
1978.716
1978.952
1979.188
1979.425
1979.661
1979.897
1980.134
1980.370
1980.606
1980.842
1981.079
1981.315
1981.551
1981.787
1982.024
1982.260
1982.496
1982.733
1982.969
1983.205
1983.441
1983.678
1983.914
1984.150
1984.386
1984.623
1984.859
1985.095
1985.332
1985.568
1985.804
1986.040
1986.277
1986.513
1986.749
1986.985
1987.222
1987.458
1987.694
1987.931
1988.167
1988.403
1988.639
1988.876
1989.112
1989.348
1989.584
1989.821
1990.057
1990.293
1990.529
1990.766
1991.002
1991.238
1991.475
1991.711
1991.947
1992.183
1992.420
1992.656
1992.892
1993.128
1993.365
1993.601
1993.837
1994.074
1994.310
1994.546
1994.782
1995.019
1995.255
1995.491
1995.727
1995.964
1996.200
2036.680
2037.124
2037.568
2038.012
2038.456
2038.900
2039.344
2039.788
2040.232
2040.676
2041.120
2041.564
2042.008
2042.452
2042.896
2043.340
2043.784
2044.228
2044.672
2045.116
2045.560
2046.004
2046.448
2046.892
2047.336
2047.780
2048.224
2048.668
2049.112
2049.556
2050.000
2050.222
2050.445
2050.890
2051.335
2051.780
2052.002
2052.225
2052.670
2053.115
2053.560
2053.782
2054.005
2054.450
2054.895
2055.340
2055.562
2055.785
2056.230
2056.675
2057.120
2057.342
2057.565
2058.010
2058.455
2058.900
2059.122
2059.345
2059.790
2060.235
2060.680
2060.902
2061.125
2061.570
2062.015
2062.460
2062.682
2062.905
2063.350
2063.795
2064.240
2064.462
2064.684
2064.906
2065.129
2065.573
2066.017
2066.462
2066.684
2066.906
2067.128
2067.350
2067.794
2068.239
2068.683
2068.905
2069.127
2069.350
2069.572
2070.016
2070.460
2070.905
2071.127
2071.349
2071.571
2071.793
2072.238
2072.682
2073.126
2073.348
2073.570
2073.793
2074.015
2074.459
2074.903
2075.348
2075.570
2075.792
2076.014
2076.236
2076.681
2077.125
2077.569
2077.791
2078.014
2078.236
2078.458
2078.902
2079.346
2079.791
2080.013
2080.235
2080.457
2080.679
2081.124
2081.568
2082.012
2082.234
2082.457
2082.679
2082.901
2083.345
2083.790
2084.234
2084.456
2084.678
2084.900
2085.122
2085.567
2086.011
2086.455
2086.678
2086.900
2087.122
2087.344
2087.788
2088.233
2088.677
2088.899
2089.121
2089.343
2089.566
2090.010
2090.454
2090.898
2091.121
2091.343
2091.565
2091.787
2092.231
2092.676
2093.120
2093.342
2093.564
2093.786
2094.008
2094.230
2094.452
2094.674
2094.895
2095.117
2095.339
2095.561
2095.783
2096.005
2096.227
2096.449
2096.671
2096.893
2097.115
2097.337
2097.559
2097.781
2098.003
2098.225
2098.446
2098.668
2098.890
2099.112
2099.334
2099.556
2099.778
2100.000
2100.222
2100.444
2100.666
2100.888
2101.110
2101.332
2101.554
2101.775
2101.997
2102.219
2102.441
2102.663
2102.885
2103.107
2103.329
2103.551
2103.773
2103.995
2104.217
2104.439
2104.661
2104.883
2105.105
2105.326
2105.548
2105.770
2105.992
2106.214
2106.436
2106.658
2106.880
2107.760
2107.983
2108.206
2108.651
2108.874
2109.097
2109.542
2109.765
2109.988
2110.433
2110.656
2110.879
2111.324
2111.547
2111.770
2112.215
2112.438
2112.661
2113.106
2113.329
2113.552
2113.997
2114.220
2114.443
2114.888
2115.111
2115.334
2115.779
2116.002
2116.225
2116.670
2116.893
2117.116
2117.561
2117.784
2118.007
2118.452
2118.675
2118.898
2119.343
2119.566
2119.789
2120.234
2120.457
2120.680
2128.240
2134.680
2135.120
2135.320
2135.760
2137.093
2138.427
2139.760
2140.651
2141.543
2142.434
2143.326
2144.217
2145.109
2146.000
2146.445
2146.891
2147.336
2147.781
2148.227
2148.672
2149.117
2149.563
2150.008
2150.453
2150.899
2151.344
2151.789
2152.235
2152.680
2152.902
2153.125
2153.347
2153.570
2153.792
2154.015
2154.237
2154.460
2154.682
2154.905
2155.127
2155.350
2155.572
2155.795
2156.017
2156.240
2156.388
2156.536
2156.684
2156.833
2156.981
2157.129
2157.277
2157.425
2157.573
2157.721
2157.869
2158.018
2158.166
2158.314
2158.462
2158.610
2158.758
2158.906
2159.055
2159.203
2159.351
2159.499
2159.647
2159.795
2159.943
2160.092
2160.240
2160.388
2160.536
2160.684
2160.832
2160.980
2161.128
2161.277
2161.425
2161.573
2161.721
2161.869
2162.017
2162.165
2162.314
2162.462
2162.610
2162.758
2162.906
2163.054
2163.202
2163.351
2163.499
2163.647
2163.795
2163.943
2164.091
2164.239
2164.387
2164.536
2164.684
2164.832
2164.980
2165.128
2165.276
2165.424
2165.573
2165.721
2165.869
2166.017
2166.165
2166.313
2166.461
2166.609
2166.758
2166.906
2167.054
2167.202
2167.350
2167.498
2167.646
2167.795
2167.943
2168.091
2168.239
2168.387
2168.535
2168.683
2168.832
2168.980
2169.128
2169.276
2169.424
2169.572
2169.720
2169.868
2170.017
2170.165
2170.313
2170.461
2170.609
2170.757
2170.905
2171.054
2171.202
2171.350
2171.498
2171.646
2171.794
2171.942
2172.090
2172.239
2172.387
2172.535
2172.683
2172.831
2172.979
2173.127
2173.276
2173.424
2173.572
2173.720
2173.868
2174.016
2174.164
2174.313
2174.461
2174.609
2174.757
2174.905
2175.053
2175.201
2175.349
2175.498
2175.646
2175.794
2175.942
2176.090
2176.238
2176.386
2176.535
2176.683
2176.831
2176.979
2177.127
2177.275
2177.423
2177.572
2177.720
2177.868
2178.016
2178.164
2178.312
2178.460
2178.608
2178.757
2178.905
2179.053
2179.201
2179.349
2179.497
2179.645
2179.794
2179.942
2180.090
2180.238
2180.386
2180.534
2180.682
2180.830
2180.979
2181.127
2181.275
2181.423
2181.571
2181.719
2181.867
2182.016
2182.164
2182.312
2182.460
2182.608
2182.756
2182.904
2183.053
2183.201
2183.349
2183.497
2183.645
2183.793
2183.941
2184.089
2184.238
2184.386
2184.534
2184.682
2184.830
2184.978
2185.126
2185.275
2185.423
2185.571
2185.719
2185.867
2186.015
2186.163
2186.312
2186.460
2186.608
2186.756
2186.904
2187.052
2187.200
2187.348
2187.497
2187.645
2187.793
2187.941
2188.089
2188.237
2188.385
2188.534
2188.682
2188.830
2188.978
2189.126
2189.274
2189.422
2189.570
2189.719
2189.867
2190.015
2190.163
2190.311
2190.459
2190.607
2190.756
2190.904
2191.052
2191.200
2191.348
2191.496
2191.644
2191.793
2191.941
2192.089
2192.237
2192.385
2192.533
2192.681
2192.829
2192.978
2193.126
2193.274
2193.422
2193.570
2193.718
2193.866
2194.015
2194.163
2194.311
2194.459
2194.607
2194.755
2194.903
2195.051
2195.200
2195.348
2195.496
2195.644
2195.792
2195.940
2196.088
2196.237
2196.385
2196.533
2196.681
2196.829
2196.977
2197.125
2197.274
2197.422
2197.570
2197.718
2197.866
2198.014
2198.162
2198.310
2198.459
2198.607
2198.755
2198.903
2199.051
2199.199
2199.347
2199.496
2199.644
2199.792
2199.940
2200.088
2200.236
2200.384
2200.533
2200.681
2200.829
2200.977
2201.125
2201.273
2201.421
2201.569
2201.718
2201.866
2202.014
2202.162
2202.310
2202.458
2202.606
2202.755
2202.903
2203.051
2203.199
2203.347
2203.495
2203.643
2203.791
2203.940
2204.088
2204.236
2204.384
2204.532
2204.680
2204.828
2204.977
2205.125
2205.273
2205.421
2205.569
2205.717
2205.865
2206.014
2206.162
2206.310
2206.458
2206.606
2206.754
2206.902
2207.050
2207.199
2207.347
2207.495
2207.643
2207.791
2207.939
2208.087
2208.236
2208.384
2208.532
2208.680
2208.828
2208.976
2209.124
2209.273
2209.421
2209.569
2209.717
2209.865
2210.013
2210.161
2210.309
2210.458
2210.606
2210.754
2210.902
2211.050
2211.198
2211.346
2211.495
2211.643
2211.791
2211.939
2212.087
2212.235
2212.383
2212.531
2212.680
2212.828
2212.976
2213.124
2213.272
2213.420
2213.568
2213.717
2213.865
2214.013
2214.161
2214.309
2214.457
2214.605
2214.754
2214.902
2215.050
2215.198
2215.346
2215.494
2215.642
2215.790
2215.939
2216.087
2216.235
2216.383
2216.531
2216.679
2216.827
2216.976
2217.124
2217.272
2217.420
2217.568
2217.716
2217.864
2218.013
2218.161
2218.309
2218.457
2218.605
2218.753
2218.901
2219.049
2219.198
2219.346
2219.494
2219.642
2219.790
2219.938
2220.086
2220.235
2220.383
2220.531
2220.679
2220.827
2220.975
2221.123
2221.271
2221.420
2221.568
2221.716
2221.864
2222.012
2222.160
2222.308
2222.457
2222.605
2222.753
2222.901
2223.049
2223.197
2223.345
2223.494
2223.642
2223.790
2223.938
2224.086
2224.234
2224.382
2224.530
2224.679
2224.827
2224.975
2225.123
2225.271
2225.419
2225.567
2225.716
2225.864
2226.012
2226.160
2226.308
2226.456
2226.604
2226.752
2226.901
2227.049
2227.197
2227.345
2227.493
2227.641
2227.789
2227.938
2228.086
2228.234
2228.382
2228.530
2228.678
2228.826
2228.975
2229.123
2229.271
2229.419
2229.567
2229.715
2229.863
2230.011
2230.160
2230.308
2230.456
2230.604
2230.752
2230.900
2231.048
2231.197
2231.345
2231.493
2231.641
2231.789
2231.937
2232.085
2232.234
2232.382
2232.530
2232.678
2232.826
2232.974
2233.122
2233.270
2233.419
2233.567
2233.715
2233.863
2234.011
2234.159
2234.307
2234.456
2234.604
2234.752
2234.900
2235.048
2235.196
2235.344
2235.492
2235.641
2235.789
2235.937
2236.085
2236.233
2236.381
2236.529
2236.678
2236.826
2236.974
2237.122
2237.270
2237.418
2237.566
2237.715
2237.863
2238.011
2238.159
2238.307
2238.455
2238.603
2238.751
2238.900
2239.048
2239.196
2239.344
2239.492
2239.640
2239.788
2239.937
2240.085
2240.233
2240.381
2240.529
2240.677
2240.825
2240.974
2241.122
2241.270
2241.418
2241.566
2241.714
2241.862
2242.010
2275.520
2275.933
2276.140
2276.553
2276.759
2277.172
2277.379
2277.792
2277.998
2278.411
2278.516
2278.620
2278.724
2278.828
2279.230
2279.431
2279.833
2280.035
2280.437
2280.638
2281.040
2281.248
2281.456
2281.664
2281.872
2282.080
2282.480
2282.680
2283.080
2283.280
2283.680
2283.880
2284.280
2284.493
2284.707
2284.920
2285.020
2285.120
2285.220
2285.320
2285.727
2285.931
2286.338
2286.542
2286.949
2287.153
2287.560
2287.770
2287.980
2288.190
2288.400
2314.720
2315.128
2315.535
2315.943
2316.350
2316.758
2317.165
2317.573
2317.980
2318.388
2318.795
2319.203
2319.610
2320.018
2320.425
2320.833
2321.240
2321.648
2322.055
2322.463
2322.870
2323.278
2323.685
2324.093
2324.500
2324.908
2325.315
2325.723
2326.130
2326.538
2326.945
2327.353
2327.760
2327.964
2328.169
2328.578
2328.782
2328.986
2329.395
2329.599
2329.804
2330.213
2330.417
2330.621
2331.030
2331.234
2331.439
2331.848
2332.052
2332.256
2332.665
2332.869
2333.074
2333.483
2333.687
2333.891
2334.300
2334.504
2334.709
2335.118
2335.322
2335.526
2335.935
2336.139
2336.344
2336.753
2336.957
2337.161
2337.570
2337.774
2337.979
2338.388
2338.592
2338.796
2339.205
2339.409
2339.614
2340.023
2340.227
2340.431
2340.840
2341.044
2341.248
2341.452
2341.657
2341.861
2342.065
2342.269
2342.473
2342.677
2342.881
2343.085
2343.290
2343.494
2343.698
2343.902
2344.106
2344.310
2344.514
2344.718
2344.923
2345.127
2345.331
2345.535
2345.739
2345.943
2346.147
2346.351
2346.556
2346.760
2346.964
2347.168
2347.372
2347.576
2347.780
2347.984
2348.189
2348.393
2348.597
2348.801
2349.005
2349.209
2349.413
2349.617
2349.822
2350.026
2350.230
2350.434
2350.638
2350.842
2351.046
2351.250
2351.455
2351.659
2351.863
2352.067
2352.271
2352.475
2352.679
2352.883
2353.088
2353.292
2353.496
2353.700
2353.904
2354.108
2354.312
2354.517
2354.721
2354.925
2355.129
2355.333
2355.537
2355.741
2355.945
2356.150
2356.354
2356.558
2356.762
2356.966
2357.170
2357.374
2357.578
2357.783
2357.987
2358.191
2358.395
2358.599
2358.803
2359.007
2359.211
2359.416
2359.620
2359.824
2360.028
2360.232
2360.436
2360.640
2360.844
2361.049
2361.253
2361.457
2361.661
2361.865
2362.069
2362.273
2362.477
2362.682
2362.886
2363.090
2363.294
2363.498
2363.702
2363.906
2364.110
2364.315
2364.519
2364.723
2364.927
2365.131
2365.335
2365.539
2365.743
2365.948
2366.152
2366.356
2366.560
2366.968
2367.377
2367.785
2368.194
2368.602
2369.011
2369.419
2369.828
2370.236
2370.645
2371.053
2371.462
2371.870
2372.279
2372.687
2373.096
2373.504
2373.913
2374.321
2374.730
2375.138
2375.547
2375.955
2376.364
2376.772
2377.181
2377.589
2377.998
2378.406
2378.815
2379.223
2379.632
2380.040
2380.244
2380.448
2380.652
2380.856
2381.060
2381.264
2381.468
2381.672
2381.876
2382.080
2382.284
2382.487
2382.691
2382.895
2383.099
2383.303
2383.507
2383.711
2383.915
2384.119
2384.323
2384.527
2384.731
2384.935
2385.139
2385.343
2385.547
2385.751
2385.955
2386.159
2386.363
2386.567
2386.771
2386.975
2387.179
2387.382
2387.586
2387.790
2387.994
2388.198
2388.402
2388.606
2388.810
2389.014
2389.218
2389.422
2389.626
2389.830
2390.034
2390.238
2390.442
2390.646
2390.850
2391.054
2391.258
2391.462
2391.666
2391.870
2392.074
2392.277
2392.481
2392.685
2392.889
2393.093
2393.297
2393.501
2393.705
2393.909
2394.113
2394.317
2394.521
2394.725
2394.929
2395.133
2395.337
2395.541
2395.745
2395.949
2396.153
2396.357
2396.561
2396.765
2396.969
2397.172
2397.376
2397.580
2397.784
2397.988
2398.192
2398.396
2398.600
2398.804
2399.008
2399.212
2399.416
2399.620
2399.824
2400.028
2400.232
2400.436
2400.640
2400.844
2401.048
2401.252
2401.456
2401.660
2401.864
2402.067
2402.271
2402.475
2402.679
2402.883
2403.087
2403.291
2403.495
2403.699
2403.903
2404.107
2404.311
2404.515
2404.719
2404.923
2405.127
2405.331
2405.535
2405.739
2405.943
2406.147
2406.351
2406.555
2406.759
2406.962
2407.166
2407.370
2407.574
2407.778
2407.982
2408.186
2408.390
2408.594
2408.798
2409.002
2409.206
2409.410
2409.614
2409.818
2410.022
2410.226
2410.430
2410.634
2410.838
2411.042
2411.246
2411.450
2411.654
2411.857
2412.061
2412.265
2412.469
2412.673
2412.877
2413.081
2413.285
2413.489
2413.693
2413.897
2414.101
2414.305
2414.509
2414.713
2414.917
2415.121
2415.325
2415.529
2415.733
2415.937
2416.141
2416.345
2416.549
2416.752
2416.956
2417.160
2417.364
2417.568
2417.772
2417.976
2418.180
2418.384
2418.588
2418.792
2418.996
2419.200
2425.320
2425.560
2429.000
2431.880
2432.280
2434.920
2435.320
2438.400
2438.600
2442.080
2442.680
2443.280
2443.920
2444.520
2444.720
2444.920
2445.020
2445.120
2445.220
2445.320
2445.760
2445.963
2446.167
2446.370
2446.574
2446.777
2446.980
2447.184
2447.387
2447.591
2447.794
2447.997
2448.201
2448.404
2448.608
2448.811
2449.015
2449.218
2449.421
2449.625
2449.828
2450.032
2450.235
2450.438
2450.642
2450.845
2451.049
2451.252
2451.455
2451.659
2451.862
2452.066
2452.269
2452.472
2452.676
2452.879
2453.083
2453.286
2453.489
2453.693
2453.896
2454.100
2454.303
2454.507
2454.710
2454.913
2455.117
2455.320
2455.524
2455.727
2455.930
2456.134
2456.337
2456.541
2456.744
2456.947
2457.151
2457.354
2457.558
2458.000
2458.135
2458.270
2458.404
2458.539
2458.674
2458.809
2458.944
2459.078
2459.213
2459.348
2459.483
2459.618
2459.752
2459.887
2460.022
2460.157
2460.292
2460.426
2460.561
2460.696
2460.831
2460.966
2461.100
2461.235
2461.370
2461.505
2461.640
2461.774
2461.909
2462.044
2462.179
2462.314
2462.448
2462.583
2462.718
2462.853
2462.988
2463.122
2463.257
2463.392
2463.527
2463.662
2463.796
2463.931
2464.066
2464.201
2464.336
2464.471
2464.605
2464.740
2464.875
2465.010
2465.145
2465.279
2465.414
2465.549
2465.684
2465.819
2465.953
2466.088
2466.223
2466.358
2466.493
2466.627
2466.762
2466.897
2467.032
2467.167
2467.301
2467.436
2467.571
2467.706
2467.841
2467.975
2468.110
2468.245
2468.380
2468.515
2468.649
2468.784
2468.919
2469.054
2469.189
2469.323
2469.458
2469.593
2469.728
2469.863
2469.997
2470.132
2470.267
2470.402
2470.537
2470.671
2470.806
2470.941
2471.076
2471.480
2471.684
2471.888
2472.091
2472.295
2472.499
2472.703
2472.906
2473.110
2473.314
2473.518
2473.721
2473.925
2474.129
2474.333
2474.536
2474.740
2474.944
2475.148
2475.351
2475.555
2475.759
2475.963
2476.166
2476.370
2476.574
2476.778
2476.981
2477.185
2477.389
2477.593
2477.796
2478.000
