19.862
20.276
20.690
21.105
21.519
21.933
22.347
22.762
26.495
26.909
27.323
27.737
28.151
28.564
28.978
29.392
29.806
30.220
30.634
31.048
31.462
31.876
32.289
32.703
33.117
33.531
33.945
34.359
34.773
35.187
35.601
36.014
36.428
36.842
37.256
37.670
38.084
38.498
38.912
39.326
39.739
40.153
40.567
40.981
41.395
41.809
42.223
42.637
43.051
43.464
43.878
44.292
44.706
45.120
45.534
45.948
46.362
46.776
47.189
47.603
48.017
48.431
48.845
49.259
49.673
50.087
50.501
50.914
51.328
51.742
52.156
52.570
52.984
53.398
53.812
54.226
54.639
55.053
55.467
55.881
56.295
56.709
57.123
57.537
57.951
58.364
58.778
59.192
59.606
60.020
60.434
60.848
61.262
61.676
62.089
62.503
62.917
63.331
63.745
64.159
64.573
64.987
65.401
65.814
66.228
69.528
69.942
70.357
70.564
70.771
71.185
71.599
72.013
72.220
72.427
72.634
72.841
73.256
73.670
73.877
74.084
74.498
74.912
75.326
75.533
75.740
75.948
76.155
76.569
76.983
77.190
77.397
77.811
78.225
78.639
78.847
79.054
79.261
79.468
79.882
80.296
80.503
80.710
81.124
81.538
81.953
82.160
82.367
82.574
82.781
83.194
83.608
84.021
84.435
84.848
85.262
85.675
86.089
86.502
86.916
87.329
87.743
88.156
88.570
88.983
89.397
89.810
90.224
90.637
91.051
91.464
91.878
92.291
92.705
93.118
93.532
93.945
94.359
94.772
95.186
95.599
96.013
96.426
96.839
97.253
97.666
98.080
98.493
98.907
99.320
99.734
100.147
100.561
100.974
101.388
101.801
102.215
102.628
102.835
103.042
103.248
103.455
103.662
103.869
104.075
104.282
104.489
104.695
104.902
105.109
105.316
105.522
105.729
105.936
106.039
106.141
106.244
106.347
106.450
106.553
106.656
106.759
106.862
106.965
107.068
107.171
107.273
107.376
107.479
107.582
109.262
109.676
110.089
110.503
110.917
111.331
111.745
112.159
112.573
112.987
113.401
113.814
114.228
114.642
115.056
115.470
115.884
116.298
116.712
117.126
117.539
117.953
118.367
118.781
119.195
119.609
120.023
120.437
120.851
121.264
121.678
122.092
122.506
122.920
123.334
123.748
124.162
124.369
124.575
124.782
124.989
125.403
125.817
126.231
126.644
127.058
127.472
127.679
127.886
128.093
128.300
128.713
129.127
129.541
129.955
130.369
130.782
130.989
131.196
131.403
131.610
132.024
132.438
132.851
133.265
133.679
134.093
134.300
134.506
134.713
134.920
135.334
135.747
136.161
136.574
136.987
137.401
137.814
138.228
138.641
139.054
139.468
139.881
140.295
140.708
141.121
141.535
141.948
142.362
142.568
142.775
142.982
143.189
143.396
143.603
143.809
144.016
144.223
144.430
144.637
144.843
145.050
145.257
145.464
145.671
145.878
146.084
146.291
146.498
146.705
146.912
147.118
147.325
147.429
147.533
147.637
147.741
147.845
147.948
148.052
148.156
148.260
148.364
148.468
148.572
148.676
148.779
148.883
162.228
162.641
163.053
163.466
163.878
164.291
164.703
165.116
165.528
165.941
166.353
166.766
167.178
167.591
168.003
168.416
168.828
169.035
169.242
169.449
169.656
169.863
170.070
170.277
170.483
170.690
170.897
171.104
171.311
171.518
171.725
171.932
172.139
172.345
172.552
172.759
172.966
173.173
173.380
173.587
173.794
173.899
174.004
174.109
174.214
174.320
174.425
174.530
174.635
174.740
174.845
174.951
175.056
175.161
175.266
175.371
175.476
175.889
176.302
176.508
176.714
177.127
177.539
177.952
178.158
178.364
178.777
179.190
179.602
179.808
180.015
180.427
180.840
181.252
181.459
181.665
182.078
182.490
182.903
183.109
183.315
183.728
184.140
184.553
184.759
184.965
185.378
185.791
186.203
186.409
186.616
187.028
188.695
189.109
189.524
189.731
189.938
190.352
190.766
191.181
191.388
191.595
192.009
192.424
192.838
193.045
193.252
193.666
194.081
194.495
194.702
194.909
195.324
195.738
196.152
196.359
196.566
196.981
197.395
197.809
198.016
198.224
198.638
199.052
199.466
199.674
199.881
200.295
201.728
201.935
202.142
202.557
202.764
202.971
203.385
203.592
203.799
204.213
204.420
204.627
205.041
205.249
205.456
205.870
206.077
206.284
206.698
206.905
207.112
207.526
207.733
207.940
208.355
208.562
208.974
209.387
209.799
210.212
210.624
211.037
211.449
211.862
212.072
212.282
212.492
212.702
212.912
213.122
213.332
213.542
213.752
213.962
214.067
214.173
214.279
214.385
214.490
214.596
214.702
214.808
215.195
215.511
215.827
216.142
216.458
216.559
216.660
216.762
216.863
217.171
217.479
217.787
218.095
218.295
218.495
218.803
219.112
219.420
219.728
219.945
220.162
220.470
220.778
221.087
221.395
221.595
221.795
222.111
222.426
222.742
223.058
223.162
223.267
223.371
223.475
223.780
224.085
224.390
224.695
224.912
225.128
225.437
225.745
226.053
226.362
226.562
226.762
227.070
227.378
227.687
227.995
228.212
228.428
228.842
229.256
229.670
230.084
230.498
230.912
231.326
231.740
232.154
232.568
232.982
233.396
233.810
234.224
234.638
235.052
235.466
235.880
236.294
236.708
237.122
237.536
237.950
238.364
238.778
239.192
239.606
240.020
240.434
240.848
241.262
241.665
241.972
242.280
242.587
242.895
243.003
243.112
243.220
243.328
243.637
243.945
244.253
244.562
244.762
244.962
245.278
245.595
245.912
246.228
246.428
246.628
246.937
247.245
247.553
247.862
248.078
248.295
248.608
248.921
249.235
249.548
249.649
249.750
249.851
249.952
250.263
250.574
250.884
251.195
251.395
251.595
251.903
252.212
252.520
252.828
253.045
253.262
253.570
253.878
254.187
254.495
254.695
254.895
255.210
255.525
255.841
256.156
256.261
256.366
256.471
256.576
256.880
257.185
257.490
257.795
258.012
258.228
258.537
258.845
259.153
259.462
259.662
259.862
260.170
260.478
260.787
261.095
261.312
261.528
261.837
262.145
262.453
262.762
262.870
262.978
263.087
263.195
263.503
263.812
264.120
264.428
264.628
264.828
265.137
265.445
265.753
266.062
266.278
266.495
266.803
267.112
267.420
267.728
268.128
268.336
268.543
268.750
268.957
269.165
269.372
269.787
269.994
270.201
270.409
270.616
270.823
271.030
271.445
271.652
271.860
272.067
272.274
272.481
272.689
273.103
273.311
273.518
273.725
273.932
274.140
274.347
274.762
274.969
275.176
275.384
275.591
275.798
276.005
276.420
276.627
276.835
277.042
277.249
277.456
277.664
278.078
278.286
278.493
278.700
278.907
279.115
279.322
279.737
279.944
280.151
280.359
280.566
280.773
280.980
281.395
281.809
282.223
282.637
283.051
283.464
283.878
284.292
284.706
285.120
285.534
285.948
286.362
286.776
287.189
287.603
288.017
288.431
288.845
289.259
289.673
290.087
290.501
290.914
291.328
291.742
292.156
292.570
292.984
293.398
293.812
294.226
294.639
295.053
295.467
295.881
296.295
296.709
297.123
297.537
297.951
298.364
298.778
299.192
299.606
300.020
300.434
300.848
301.262
301.676
302.089
302.503
302.917
303.331
303.745
304.159
304.573
304.987
305.401
305.814
306.228
307.862
308.276
308.690
309.105
309.519
309.933
310.347
310.762
311.176
311.590
312.005
312.419
312.833
313.247
313.662
314.076
314.490
314.905
315.319
315.733
316.147
316.562
316.976
317.390
317.805
318.219
318.633
319.047
319.462
320.695
320.895
321.095
321.512
321.928
322.135
322.342
322.757
323.171
323.585
323.792
323.999
324.413
324.827
325.241
325.448
325.655
326.069
326.483
326.898
327.105
327.312
327.726
328.140
328.554
328.761
328.968
329.382
329.796
330.210
330.417
330.624
331.039
331.453
331.867
332.074
332.281
332.695
334.362
334.776
335.190
335.398
335.605
336.019
336.434
336.848
337.055
337.262
337.677
338.091
338.505
338.713
338.920
339.334
339.749
340.163
340.370
340.577
340.992
341.406
341.821
342.028
342.235
342.649
343.064
343.478
343.685
343.892
344.307
344.721
345.136
345.343
345.550
345.964
347.195
347.404
347.613
348.660
348.864
349.069
350.296
350.502
350.707
351.941
352.148
352.354
353.593
353.800
354.006
355.245
355.451
355.658
356.897
357.103
357.310
358.549
358.755
358.962
360.628
360.828
362.495
364.169
365.816
367.862
368.691
369.519
370.348
371.177
372.006
372.835
373.664
374.493
375.322
376.151
376.979
377.808
378.637
379.466
380.295
380.706
381.117
381.528
381.939
382.351
382.762
383.173
383.584
383.995
384.205
384.414
384.624
384.833
385.043
385.252
385.462
387.328
387.741
388.155
388.361
388.568
388.774
388.981
389.394
389.807
390.013
390.220
390.427
390.633
391.046
391.459
391.666
391.872
392.079
392.285
392.699
393.112
393.318
393.525
393.731
393.938
394.351
394.764
394.971
395.177
395.384
395.590
396.003
396.416
396.623
396.830
397.036
397.243
397.656
398.069
398.275
398.482
398.688
398.895
400.128
400.337
400.545
400.753
400.962
401.170
401.378
401.587
401.795
402.228
402.435
402.642
402.849
403.056
403.262
403.469
403.883
404.090
404.297
404.503
404.710
404.917
405.124
405.538
405.744
405.951
406.158
406.365
406.572
406.779
407.192
407.399
407.606
407.813
408.020
408.226
408.433
408.847
409.054
409.261
409.467
409.674
409.881
410.088
410.501
410.708
410.915
411.122
411.329
411.536
411.742
412.156
412.361
412.566
412.771
412.976
413.180
413.385
413.795
414.002
414.209
414.416
414.624
414.831
415.038
415.245
415.452
415.659
415.866
416.074
416.281
416.488
416.695
416.902
417.109
417.316
417.524
417.731
417.938
418.145
418.352
418.559
418.766
418.974
419.181
419.388
419.595
419.802
420.009
420.216
420.424
420.631
420.838
421.045
421.252
421.459
421.666
421.874
422.081
422.288
422.495
422.702
422.909
423.116
423.324
423.531
423.738
423.945
424.152
424.359
424.566
424.774
424.981
425.188
425.395
427.028
427.443
427.857
428.271
428.685
429.100
429.514
429.928
430.343
430.757
431.171
431.585
432.000
432.414
432.828
433.243
433.657
434.071
434.485
434.900
435.314
435.728
436.143
436.557
436.971
437.385
437.800
438.214
438.628
439.862
440.071
440.281
441.328
441.528
441.728
442.962
443.178
443.395
444.628
444.828
445.028
446.295
446.495
446.695
447.928
448.145
448.362
449.595
449.795
449.995
451.262
451.462
451.662
452.295
452.706
453.117
453.528
455.162
456.828
458.495
460.562
461.390
462.219
463.047
463.876
464.705
465.533
466.362
466.775
467.189
467.603
468.017
468.430
468.844
469.258
469.671
470.085
470.499
470.913
471.326
471.740
472.154
472.568
472.981
473.395
473.602
473.809
474.016
474.223
474.430
474.638
474.845
475.052
475.259
475.466
475.673
475.880
476.087
476.294
476.501
476.708
476.813
476.918
477.023
477.128
477.232
477.337
477.442
477.547
477.652
477.757
477.861
477.966
478.071
478.176
479.995
480.202
480.409
480.616
480.823
481.029
481.236
481.443
481.650
481.857
482.064
482.271
482.478
482.684
482.891
483.098
483.305
483.512
483.719
483.926
484.133
484.340
484.546
484.753
484.960
485.167
485.374
485.581
485.788
485.995
486.202
486.408
486.615
486.822
487.029
487.236
487.443
487.650
487.857
488.063
488.270
488.477
488.684
488.891
489.098
489.305
489.512
489.719
489.925
490.132
490.339
490.546
490.753
490.960
491.167
491.374
491.581
491.787
491.994
492.201
492.408
492.615
492.822
493.029
493.236
493.442
493.649
493.856
494.063
494.270
494.477
494.684
494.891
495.098
495.304
495.511
495.718
495.925
496.132
496.339
496.546
496.753
496.959
497.166
497.373
497.580
497.787
497.994
498.201
498.408
498.615
498.821
499.028
499.235
499.442
499.649
499.856
500.063
500.270
500.477
500.683
500.890
501.097
501.304
501.511
501.718
501.925
502.132
502.338
502.545
502.752
502.959
503.166
503.373
503.580
503.787
503.994
504.200
504.407
504.614
504.821
505.028
505.235
505.442
505.649
505.856
506.062
506.269
506.476
506.683
506.890
507.097
507.304
507.511
507.717
507.924
508.131
508.338
508.545
508.752
508.959
509.166
509.373
509.579
509.786
509.993
510.200
510.407
510.614
510.821
511.028
511.234
511.441
511.648
511.855
512.062
512.269
512.476
512.683
512.890
513.096
513.303
513.510
513.717
513.924
514.131
514.338
514.545
514.752
514.958
515.165
515.372
515.579
515.786
515.993
516.200
516.407
516.613
516.820
517.027
517.234
517.441
517.648
517.855
518.062
519.728
520.142
520.556
520.970
521.384
521.798
522.212
522.626
523.040
523.454
523.868
524.282
524.696
525.110
525.524
525.938
526.352
526.766
527.180
527.594
528.008
528.422
528.836
529.250
529.664
530.078
530.492
530.906
531.320
531.734
532.148
532.562
532.976
533.390
533.804
534.218
534.632
535.046
535.460
535.873
536.287
536.701
537.115
537.529
537.943
538.357
538.771
539.185
539.599
540.013
540.427
540.841
541.255
541.669
542.083
542.497
542.911
543.325
543.739
544.153
544.567
544.981
545.395
546.228
546.642
547.055
547.469
547.882
548.296
548.710
549.123
549.537
549.950
550.364
550.777
551.191
551.604
552.018
552.431
552.845
553.259
553.672
554.086
554.499
554.913
555.326
555.740
556.153
556.567
556.980
557.394
557.807
558.221
558.635
559.048
559.462
559.669
559.876
560.082
560.289
560.703
560.910
561.117
561.324
561.531
561.738
561.945
562.359
562.773
562.980
563.187
563.394
563.601
564.014
564.221
564.428
564.635
564.842
565.049
565.256
565.670
566.084
566.291
566.498
566.705
566.912
567.326
567.532
567.739
567.946
568.153
568.360
568.567
568.977
569.388
569.798
570.208
570.618
571.028
572.695
573.525
574.354
575.184
576.014
576.843
577.673
578.502
579.332
580.162
580.991
581.821
582.651
583.480
584.310
585.139
585.969
586.382
586.796
587.209
587.622
588.036
588.449
588.862
589.276
589.689
590.102
590.515
590.929
591.342
591.755
592.169
592.582
592.995
593.409
593.822
594.235
594.648
595.062
595.475
595.888
596.302
596.715
597.128
599.195
599.402
599.609
599.816
600.023
600.437
600.644
600.851
601.057
601.264
601.471
601.678
602.092
602.506
602.713
602.920
603.127
603.334
603.748
603.955
604.162
604.369
604.576
604.782
604.989
605.403
605.817
606.024
606.231
606.438
606.645
607.059
607.266
607.473
607.680
607.887
608.094
608.301
608.713
609.126
609.539
609.952
610.364
610.777
611.190
611.603
612.016
612.428
612.635
612.842
613.049
613.256
613.670
613.877
614.084
614.291
614.498
614.705
614.912
615.326
615.739
615.946
616.153
616.360
616.567
616.981
617.188
617.395
617.602
617.809
618.016
618.223
618.637
619.051
619.257
619.464
619.671
619.878
620.292
620.499
620.706
620.913
621.120
621.327
621.534
621.947
622.359
622.772
623.185
623.598
624.011
624.423
624.836
625.249
625.662
627.328
627.742
627.949
628.155
628.569
628.776
628.982
629.189
629.396
629.603
629.810
630.223
630.637
631.050
631.257
631.464
631.877
632.084
632.291
632.498
632.704
632.911
633.118
633.531
633.945
634.359
634.565
634.772
635.186
635.392
635.599
635.806
636.013
636.219
636.426
636.840
637.253
637.667
637.874
638.080
638.494
638.701
638.907
639.114
639.321
639.528
639.735
640.148
640.562
642.228
642.641
643.055
643.468
643.881
644.294
644.707
645.120
645.533
645.946
646.359
646.772
647.185
647.599
648.012
648.425
648.838
649.251
649.664
650.077
650.490
650.903
651.316
651.730
652.143
652.556
652.969
653.382
653.795
655.462
655.772
656.083
656.393
656.704
657.118
657.532
657.946
658.360
658.774
659.084
659.395
659.706
660.016
660.430
660.844
661.258
661.672
662.086
662.394
662.701
663.009
663.316
663.624
663.931
664.239
664.547
664.854
665.162
665.795
666.206
666.617
667.028
668.695
669.524
670.352
671.181
672.009
672.838
673.666
674.495
675.324
676.152
676.981
677.809
678.638
679.466
680.295
681.928
682.135
682.342
682.549
682.756
683.170
683.377
683.584
683.791
683.998
684.205
684.412
684.826
685.239
685.446
685.653
685.860
686.067
686.481
686.688
686.895
687.102
687.309
687.516
687.723
688.137
688.551
688.757
688.964
689.171
689.378
689.792
689.999
690.206
690.413
690.620
690.827
691.034
691.450
691.866
692.282
692.698
693.114
693.531
693.947
694.363
694.779
695.195
695.402
695.609
695.816
696.023
696.437
696.644
696.851
697.057
697.264
697.471
697.678
698.092
698.506
698.713
698.920
699.127
699.334
699.748
699.955
700.162
700.369
700.576
700.782
700.989
701.403
701.817
702.024
702.231
702.438
702.645
703.059
703.266
703.473
703.680
703.887
704.094
704.301
704.714
705.128
705.541
705.955
706.368
706.782
707.195
707.609
708.023
708.436
708.850
709.263
709.677
710.090
710.504
710.918
711.331
711.745
712.158
712.572
712.985
713.399
713.812
714.226
714.640
715.053
715.467
715.880
716.294
716.707
717.121
717.535
717.948
718.362
718.569
718.776
718.982
719.189
719.396
719.603
719.810
720.017
720.224
720.431
720.638
720.845
721.673
721.880
722.087
722.294
722.501
722.707
722.914
723.121
723.328
723.535
723.742
723.949
724.156
724.984
725.191
725.398
725.605
725.812
726.019
726.226
726.432
726.639
726.846
727.053
727.260
727.467
728.295
728.502
728.709
728.916
729.123
729.330
729.537
729.744
729.951
730.157
730.364
730.571
730.778
731.606
731.813
732.020
732.227
732.434
732.641
732.848
733.055
733.262
733.469
733.676
733.882
734.089
734.917
735.124
735.331
735.538
735.745
735.952
736.159
736.366
736.573
736.780
736.987
737.194
737.401
738.228
738.435
738.642
738.849
739.056
739.263
739.470
739.677
739.884
740.091
740.298
740.505
740.712
741.539
741.746
741.953
742.160
742.367
742.574
742.781
742.988
743.195
743.402
743.609
743.816
744.023
744.851
745.057
745.264
745.471
745.678
745.885
746.092
746.299
746.506
746.713
746.920
747.127
747.334
748.162
748.369
748.576
748.783
748.990
749.197
749.404
749.611
749.818
750.025
750.232
750.439
750.646
750.853
751.060
751.267
751.474
751.681
751.888
752.095
752.302
752.509
752.716
752.923
753.130
753.337
753.544
753.751
753.958
754.165
754.372
754.579
754.786
754.993
755.200
755.407
755.614
755.821
756.028
756.235
756.442
756.649
756.856
757.063
757.270
757.477
757.683
757.890
758.097
758.304
758.511
758.718
758.925
759.132
759.339
759.546
759.753
759.960
760.167
760.374
760.581
760.788
760.995
761.202
761.409
761.616
761.823
762.030
762.237
762.444
762.651
762.858
763.065
763.272
763.479
763.686
763.893
764.100
764.307
764.514
764.721
764.928
765.135
765.342
765.549
765.756
765.963
766.170
766.377
766.584
766.791
766.998
767.205
767.412
767.619
767.826
768.033
768.240
768.447
768.654
768.861
769.068
769.275
769.482
769.689
769.896
770.103
770.310
770.517
770.724
770.931
771.138
771.345
771.552
771.759
771.966
772.173
772.380
772.587
772.794
773.001
774.628
775.042
775.456
775.870
776.284
776.698
777.112
777.526
777.940
778.354
778.768
779.182
779.596
780.010
780.424
780.838
781.252
781.666
782.080
782.494
782.908
783.322
783.736
784.150
784.564
784.978
785.392
785.806
786.220
786.634
787.048
787.462
787.876
788.290
788.704
789.118
789.532
789.946
790.360
790.773
791.187
791.601
792.015
792.429
792.843
793.257
793.671
794.085
794.499
794.913
795.327
795.741
796.155
796.569
796.983
797.397
797.811
798.225
798.639
799.053
799.467
799.881
800.295
801.128
807.762
808.175
808.588
809.001
809.414
809.827
810.240
810.653
811.066
811.480
811.893
812.306
812.719
813.132
813.545
813.958
814.371
814.784
815.197
815.610
816.024
816.437
816.850
817.263
817.676
818.089
818.502
818.915
819.328
819.545
819.762
820.175
820.588
821.002
821.415
821.828
822.242
822.655
823.068
823.482
823.895
824.308
824.722
825.135
825.548
825.962
826.375
826.788
827.202
827.615
828.028
828.442
828.855
829.268
829.682
830.095
830.508
830.922
831.335
831.748
832.162
832.575
832.988
833.402
833.815
834.228
837.562
839.195
840.862
842.528
844.162
845.828
847.462
849.128
849.335
849.543
849.750
849.957
850.164
850.371
850.578
850.785
850.993
851.200
851.407
851.614
851.821
852.028
852.441
852.853
853.266
853.678
854.091
854.503
854.916
855.328
855.536
855.743
856.157
856.572
856.986
857.401
857.815
858.229
858.644
858.851
859.058
859.473
859.887
860.302
860.716
861.131
861.545
861.959
862.167
862.374
862.788
863.203
863.617
864.032
864.446
864.861
865.068
865.275
865.689
866.102
866.516
866.930
867.344
867.757
868.171
868.585
868.999
869.412
869.826
870.240
870.654
871.067
871.481
871.895
872.309
872.722
873.136
873.550
873.963
874.377
874.791
875.205
875.618
876.032
876.446
876.860
877.273
877.687
878.101
878.515
878.928
882.228
882.642
883.056
883.471
883.885
884.299
884.713
885.127
885.541
885.955
886.369
886.783
887.197
887.611
888.025
888.439
888.853
889.267
889.681
890.096
890.510
890.924
891.338
891.752
892.166
892.580
892.994
893.408
893.822
894.236
894.650
895.064
895.478
895.892
896.306
896.721
897.135
897.549
897.963
898.377
898.791
899.205
899.619
900.033
900.447
900.861
901.275
901.689
902.103
902.517
902.931
903.346
903.760
904.174
904.588
905.002
905.416
905.830
906.244
906.658
907.072
907.486
907.900
908.314
908.728
909.142
909.348
909.555
909.762
910.175
910.382
910.588
910.795
911.208
911.415
911.622
912.035
912.448
912.655
912.862
913.068
913.482
913.688
913.895
914.102
914.515
914.722
914.928
915.342
915.755
915.962
916.168
916.375
916.788
916.995
917.202
917.408
917.822
918.028
918.235
918.648
919.062
919.268
919.475
919.682
920.095
920.305
920.514
920.724
920.933
921.143
921.352
921.562
921.962
922.375
922.582
922.788
922.995
923.408
923.615
923.822
924.028
924.442
924.648
924.855
925.268
925.682
925.888
926.095
926.302
926.715
926.922
927.128
927.335
927.748
927.955
928.162
928.575
928.988
929.195
929.402
929.608
930.022
930.228
930.435
930.642
931.055
931.262
931.468
931.882
932.295
932.502
932.708
932.915
933.328
933.538
933.747
933.957
934.166
934.376
934.585
934.795
935.195
935.402
935.609
935.816
936.023
936.230
936.437
936.644
936.851
937.058
937.265
937.472
937.679
937.886
938.093
938.507
938.714
938.921
939.128
939.335
939.542
939.749
939.956
940.163
940.370
940.577
940.784
940.991
941.198
941.405
941.819
942.026
942.233
942.440
942.647
942.854
943.061
943.268
943.475
943.682
943.889
944.096
944.303
944.510
944.717
945.130
945.337
945.544
945.751
945.958
946.165
946.372
946.579
946.786
946.993
947.200
947.407
947.614
947.821
948.028
948.442
948.856
949.270
949.684
950.097
950.511
950.925
951.339
951.752
952.166
952.580
952.994
953.408
953.821
954.235
954.649
955.063
955.477
955.890
956.304
956.718
957.132
957.546
957.959
958.373
958.787
959.201
959.615
960.028
961.695
963.328
964.995
966.662
968.295
968.712
969.128
969.545
969.962
970.378
970.795
971.212
971.628
971.832
972.037
972.241
972.445
972.649
972.853
973.057
973.262
973.400
973.538
973.676
973.814
973.952
974.090
974.228
974.366
974.505
974.643
974.781
974.919
975.057
975.195
975.333
975.471
975.609
975.747
975.885
976.024
976.162
976.462
976.565
976.876
976.980
977.291
977.394
977.705
977.809
978.120
978.223
978.534
978.638
978.948
979.052
979.363
979.467
979.777
979.881
980.192
980.295
980.606
980.710
981.021
981.124
981.435
981.539
981.850
981.953
982.264
982.368
982.679
982.782
983.093
983.197
983.508
983.611
983.922
984.026
984.336
984.440
984.751
984.855
985.165
985.269
985.580
985.683
985.994
986.098
986.409
986.512
986.823
986.927
987.238
987.341
987.652
987.756
988.067
988.170
988.481
988.585
988.896
988.999
989.310
989.414
989.828
996.428
996.843
997.257
997.672
998.086
998.501
998.915
999.329
999.744
1000.158
1000.573
1000.987
1001.402
1001.816
1002.231
1002.645
1003.059
1003.474
1003.888
1004.303
1004.717
1005.132
1005.546
1005.961
1006.375
1006.789
1007.204
1007.618
1008.033
1008.447
1008.862
1009.695
1010.108
1010.315
1010.522
1010.728
1011.142
1011.348
1011.555
1011.762
1012.175
1012.382
1012.588
1013.002
1013.415
1013.622
1013.828
1014.035
1014.448
1014.655
1014.862
1015.068
1015.482
1015.688
1015.895
1016.308
1016.722
1016.928
1017.135
1017.342
1017.755
1017.962
1018.168
1018.375
1018.788
1018.995
1019.202
1019.615
1020.028
1020.235
1020.442
1020.648
1021.062
1021.266
1021.471
1021.676
1021.881
1022.085
1022.290
1022.495
1022.895
1023.102
1023.309
1023.516
1023.723
1023.929
1024.136
1024.343
1024.550
1024.757
1024.964
1025.171
1025.378
1025.584
1025.791
1025.998
1026.205
1026.412
1026.619
1026.826
1027.033
1027.239
1027.446
1027.653
1027.860
1028.067
1028.274
1028.481
1028.688
1028.894
1029.101
1029.308
1029.515
1029.722
1029.929
1030.136
1030.343
1030.549
1030.756
1030.963
1031.170
1031.377
1031.584
1031.791
1031.998
1032.205
1032.411
1032.618
1032.825
1033.032
1033.239
1033.446
1033.653
1033.860
1034.066
1034.273
1034.480
1034.687
1034.894
1035.101
1035.308
1035.515
1035.721
1035.928
1036.135
1036.342
1036.549
1036.756
1036.963
1037.170
1037.376
1037.583
1037.790
1037.997
1038.204
1038.411
1038.618
1038.825
1039.032
1039.238
1039.445
1039.652
1039.859
1040.066
1040.273
1040.480
1040.687
1040.893
1041.100
1041.307
1041.514
1041.721
1041.928
1042.135
1042.342
1042.548
1042.755
1042.962
1043.169
1043.376
1043.583
1043.790
1043.997
1044.203
1044.410
1044.617
1044.824
1045.031
1045.238
1045.445
1045.652
1045.858
1046.065
1046.272
1046.479
1046.686
1046.893
1047.100
1047.307
1047.514
1047.720
1047.927
1048.134
1048.341
1048.548
1048.755
1048.962
1049.376
1049.789
1050.203
1050.617
1051.031
1051.445
1051.859
1052.272
1052.686
1053.100
1053.514
1053.928
1054.342
1054.756
1055.169
1055.583
1055.997
1056.411
1056.825
1057.239
1057.652
1058.066
1058.480
1058.894
1059.308
1059.722
1060.136
1060.549
1060.963
1061.377
1061.791
1062.205
1062.619
1063.032
1063.446
1063.860
1064.274
1064.688
1065.102
1065.516
1065.929
1066.343
1066.757
1067.171
1067.585
1067.999
1068.412
1068.826
1069.240
1069.654
1070.068
1070.482
1070.896
1071.309
1071.723
1072.137
1072.551
1072.965
1073.379
1073.792
1074.206
1074.620
1075.034
1075.448
1075.862
1079.162
1079.575
1079.989
1080.402
1080.816
1081.229
1081.643
1082.056
1082.470
1082.884
1083.297
1083.711
1084.124
1084.538
1084.951
1085.365
1085.778
1086.192
1086.605
1087.019
1087.432
1087.846
1088.260
1088.673
1089.087
1089.500
1089.914
1090.327
1090.741
1091.154
1091.568
1091.981
1092.395
1092.712
1093.028
1093.428
1094.062
1094.268
1094.474
1094.680
1094.887
1095.093
1095.299
1095.505
1095.712
1096.021
1096.330
1096.743
1097.568
1097.774
1097.981
1098.188
1098.394
1098.601
1098.807
1099.014
1099.333
1099.652
1100.062
1100.695
1100.902
1101.109
1101.316
1101.523
1101.730
1101.937
1102.144
1102.351
1102.557
1102.764
1102.971
1103.178
1103.385
1103.592
1103.799
1104.006
1104.213
1104.420
1104.627
1104.834
1105.041
1105.248
1105.455
1105.662
1107.306
1107.443
1107.579
1107.716
1107.852
1107.989
1108.126
1108.262
1108.399
1108.535
1108.962
1109.375
1109.789
1110.203
1110.617
1111.030
1111.444
1111.858
1112.271
1112.685
1113.099
1113.513
1113.926
1114.340
1114.754
1115.168
1115.581
1115.995
1116.409
1116.822
1117.236
1117.650
1118.064
1118.477
1118.891
1119.305
1119.719
1120.132
1120.546
1120.960
1121.373
1121.787
1122.201
1122.615
1123.028
1123.235
1123.442
1123.856
1124.269
1124.683
1124.890
1125.097
1125.511
1125.924
1126.338
1126.545
1126.752
1127.165
1127.579
1127.993
1128.200
1128.406
1128.820
1129.234
1129.648
1129.854
1130.061
1130.475
1130.889
1131.302
1131.509
1131.716
1132.130
1132.544
1132.957
1133.164
1133.371
1133.785
1134.198
1134.612
1134.819
1135.026
1135.419
1135.730
1136.041
1136.462
1137.095
1137.303
1137.512
1137.720
1137.928
1138.137
1138.345
1138.553
1138.762
1139.062
1139.362
1139.795
1140.628
1140.833
1141.038
1141.243
1141.447
1141.652
1141.857
1142.062
1142.378
1142.695
1143.095
1143.728
1143.935
1144.142
1144.349
1144.556
1144.763
1144.970
1145.177
1145.384
1145.591
1145.798
1146.005
1146.212
1146.419
1146.626
1146.832
1147.039
1147.246
1147.453
1147.660
1147.867
1148.074
1148.281
1148.488
1148.695
1148.995
1149.295
1149.728
1150.328
1150.537
1150.745
1150.953
1151.162
1151.370
1151.578
1151.787
1151.995
1152.312
1152.628
1153.028
1153.862
1154.066
1154.271
1154.476
1154.681
1154.885
1155.090
1155.295
1155.612
1155.928
1156.328
1156.962
1157.169
1157.376
1157.582
1157.789
1157.996
1158.203
1158.410
1158.617
1158.824
1159.031
1159.238
1159.445
1159.652
1159.859
1160.066
1160.273
1160.480
1160.687
1160.894
1161.101
1161.307
1161.514
1161.721
1161.928
1165.228
1165.642
1166.056
1166.470
1166.884
1167.298
1167.712
1168.126
1168.539
1168.953
1169.367
1169.781
1170.195
1170.609
1171.023
1171.437
1171.851
1172.264
1172.678
1173.092
1173.506
1173.920
1174.334
1174.748
1175.162
1175.576
1175.989
1176.403
1176.817
1177.231
1177.645
1178.059
1178.473
1178.887
1179.301
1179.714
1180.128
1180.542
1180.956
1181.370
1181.784
1182.198
1182.612
1183.026
1183.439
1183.853
1184.267
1184.681
1185.095
1185.302
1185.509
1185.716
1185.923
1186.130
1186.337
1186.544
1186.751
1186.957
1187.164
1187.371
1187.578
1187.785
1187.992
1188.199
1188.406
1188.613
1188.820
1189.027
1189.234
1189.441
1189.648
1189.855
1190.062
1190.199
1190.336
1190.473
1190.610
1190.747
1190.883
1191.020
1191.157
1191.294
1191.723
1192.152
1192.255
1192.359
1192.462
1192.772
1193.082
1193.392
1193.806
1193.909
1194.012
1194.116
1194.426
1194.736
1195.046
1195.459
1195.562
1195.666
1195.769
1196.079
1196.389
1196.699
1197.113
1197.216
1197.319
1197.423
1197.733
1198.043
1198.353
1198.766
1198.869
1198.973
1199.076
1199.386
1199.696
1200.006
1200.420
1200.523
1200.626
1200.730
1201.040
1201.350
1201.660
1202.073
1202.176
1202.280
1202.383
1202.693
1203.003
1203.313
1203.727
1203.830
1203.933
1204.037
1204.347
1204.657
1204.967
1205.380
1205.483
1205.587
1205.690
1206.000
1206.310
1206.620
1207.034
1207.137
1207.240
1207.344
1207.654
1207.964
1208.274
1208.687
1208.791
1208.894
1208.997
1209.307
1209.617
1209.927
1210.341
1210.444
1210.547
1210.651
1210.961
1211.271
1211.581
1211.994
1212.098
1212.201
1212.304
1212.614
1212.924
1213.234
1213.648
1213.751
1213.854
1213.958
1214.268
1214.578
1214.888
1215.301
1215.405
1215.508
1215.611
1215.921
1216.231
1216.541
1216.955
1217.058
1217.161
1217.265
1217.575
1217.885
1218.195
1224.828
1225.241
1225.654
1226.067
1226.480
1226.892
1227.305
1227.718
1228.131
1228.544
1228.957
1229.369
1229.782
1230.195
1231.428
1231.843
1232.258
1232.672
1233.087
1233.502
1233.917
1234.331
1234.746
1235.161
1235.575
1235.990
1236.405
1236.820
1237.234
1237.649
1238.064
1238.478
1238.893
1239.308
1239.722
1240.137
1240.552
1240.967
1241.381
1241.796
1242.211
1242.625
1243.040
1243.455
1243.870
1244.284
1244.699
1245.114
1245.528
1245.735
1245.942
1246.355
1246.769
1247.182
1247.389
1247.596
1248.010
1248.423
1248.837
1249.043
1249.250
1249.664
1250.077
1250.491
1250.698
1250.904
1251.318
1251.731
1252.145
1252.352
1252.559
1252.972
1253.386
1253.799
1254.006
1254.213
1254.626
1255.040
1255.453
1255.660
1255.867
1256.280
1256.694
1257.107
1257.314
1257.521
1257.935
1258.348
1258.762
1259.176
1259.589
1260.003
1260.417
1260.830
1261.244
1261.658
1262.071
1262.485
1262.898
1263.312
1263.726
1264.139
1264.553
1264.967
1265.380
1265.794
1266.208
1266.621
1267.035
1267.449
1267.862
1268.276
1268.690
1269.103
1269.517
1269.931
1270.344
1270.758
1271.171
1271.483
1271.795
1272.195
1272.828
1273.037
1273.245
1273.453
1273.662
1273.870
1274.078
1274.287
1274.495
1274.795
1275.095
1275.495
1276.328
1276.538
1276.747
1276.957
1277.166
1277.376
1277.585
1277.795
1278.095
1278.395
1278.828
1279.428
1279.637
1279.845
1280.053
1280.262
1280.470
1280.678
1280.887
1281.095
1281.303
1281.512
1281.720
1281.928
1282.137
1282.345
1282.553
1282.762
1282.970
1283.178
1283.387
1283.595
1284.416
1284.821
1284.925
1285.028
1285.132
1285.442
1285.752
1286.063
1286.477
1286.580
1286.684
1286.787
1287.097
1287.408
1287.718
1288.132
1288.236
1288.339
1288.443
1288.753
1289.063
1289.374
1289.788
1289.891
1289.995
1290.098
1290.408
1290.719
1291.029
1291.443
1291.547
1291.650
1291.753
1292.064
1292.374
1292.685
1293.099
1293.202
1293.305
1293.409
1293.719
1294.030
1294.340
1294.754
1294.857
1294.961
1295.064
1295.375
1295.685
1295.996
1296.409
1296.513
1296.616
1296.720
1297.030
1297.341
1297.651
1298.065
1298.168
1298.272
1298.375
1298.686
1298.996
1299.307
1299.720
1299.824
1299.927
1300.031
1300.341
1300.652
1300.962
1301.376
1301.479
1301.583
1301.686
1301.997
1302.307
1302.618
1303.031
1303.135
1303.238
1303.342
1303.652
1303.963
1304.273
1304.687
1304.790
1304.894
1304.997
1305.308
1305.618
1305.928
1306.342
1306.446
1306.549
1306.653
1306.963
1307.274
1307.584
1307.998
1308.101
1308.205
1308.308
1308.619
1308.929
1309.239
1309.653
1309.757
1309.860
1309.964
1310.274
1310.585
1310.895
1311.309
1311.722
1312.136
1312.549
1312.963
1313.377
1313.790
1314.204
1314.618
1315.031
1315.445
1315.858
1316.272
1316.686
1317.099
1317.513
1317.926
1318.340
1318.754
1319.167
1319.581
1319.995
1320.408
1320.822
1321.235
1321.649
1322.063
1322.476
1322.890
1323.304
1323.717
1324.131
1324.544
1324.958
1325.372
1325.785
1326.199
1326.613
1327.026
1327.440
1327.853
1328.267
1328.681
1329.094
1329.508
1329.921
1330.335
1330.749
1331.162
1331.576
1331.990
1332.403
1332.817
1333.230
1333.644
1334.058
1334.471
1334.885
1335.299
1335.712
1336.126
1336.539
1336.953
1337.367
1337.780
1338.194
1338.608
1339.021
1339.435
1339.848
1340.262
1340.676
1341.089
1341.503
1341.916
1342.330
1342.744
1343.157
1343.571
1343.985
1344.398
1344.812
1345.225
1345.639
1346.053
1346.466
1346.880
1347.294
1347.707
1348.121
1348.534
1348.948
1349.362
1350.628
1351.428
1352.062
1352.262
1353.928
1354.342
1354.755
1355.168
1355.582
1355.995
1356.408
1356.822
1357.235
1357.648
1358.062
1358.475
1358.888
1359.302
1359.715
1360.128
1360.542
1360.955
1361.368
1361.782
1362.195
1363.862
1364.068
1364.275
1364.689
1365.102
1365.516
1365.723
1365.929
1366.343
1366.756
1367.170
1367.377
1367.584
1367.997
1368.411
1368.824
1369.031
1369.238
1369.651
1370.065
1370.478
1370.685
1370.892
1371.305
1371.719
1372.132
1372.339
1372.546
1372.960
1373.373
1373.787
1373.993
1374.200
1374.614
1375.027
1375.441
1375.648
1375.854
1376.268
1376.681
1377.095
1383.728
1385.362
1387.028
1388.695
1390.328
1390.962
1391.995
1392.202
1392.616
1393.652
1394.274
1395.309
1395.516
1395.931
1396.966
1397.588
1398.624
1398.831
1399.245
1400.281
1400.902
1401.938
1402.145
1402.559
1403.595
1404.006
1404.417
1404.623
1404.828
1406.895
1407.306
1407.717
1407.923
1408.128
1410.195
1410.609
1411.023
1411.437
1411.851
1412.264
1412.678
1413.092
1413.506
1413.920
1414.334
1414.748
1415.162
1416.828
1417.035
1417.242
1417.449
1417.656
1417.862
1418.069
1418.276
1418.483
1418.690
1418.896
1419.103
1419.310
1419.517
1419.724
1419.930
1420.137
1420.344
1420.551
1420.758
1420.964
1421.171
1421.378
1421.585
1421.792
1421.998
1422.205
1422.412
1422.619
1422.826
1423.032
1423.239
1423.446
1423.653
1423.860
1424.066
1424.273
1424.480
1424.687
1424.894
1425.101
1425.307
1425.514
1425.721
1425.928
1426.135
1426.341
1426.548
1426.755
1426.962
1427.169
1427.375
1427.582
1427.789
1427.996
1428.203
1428.409
1428.616
1428.823
1429.030
1429.237
1429.443
1429.650
1429.857
1430.064
1430.271
1430.477
1430.684
1430.891
1431.098
1431.305
1431.511
1431.718
1431.925
1432.132
1432.339
1432.545
1432.752
1432.959
1433.166
1433.373
1433.579
1433.786
1433.993
1434.200
1434.407
1434.614
1434.820
1435.027
1435.234
1435.441
1435.648
1435.854
1436.061
1436.268
1436.475
1436.682
1436.888
1437.095
1437.302
1437.509
1437.716
1437.922
1438.129
1438.336
1438.543
1438.750
1438.956
1439.163
1439.370
1439.577
1439.784
1439.990
1440.197
1440.404
1440.611
1440.818
1441.024
1441.231
1441.438
1441.645
1443.295
1444.562
1445.362
1446.195
1447.028
1447.862
1448.695
1449.528
1449.942
1450.356
1450.769
1451.183
1451.596
1452.010
1452.424
1452.837
1453.251
1453.664
1454.078
1454.492
1454.905
1455.319
1455.732
1456.146
1456.560
1456.973
1457.387
1457.800
1458.214
1458.628
1459.041
1459.455
1459.868
1460.282
1460.696
1461.109
1461.523
1461.936
1462.350
1462.764
1463.177
1463.591
1464.005
1464.418
1464.832
1465.245
1465.659
1466.073
1466.486
1466.900
1467.313
1467.727
1468.141
1468.554
1468.968
1469.381
1469.795
1470.001
1470.206
1470.412
1470.617
1470.823
1471.028
1471.234
1471.440
1471.645
1471.851
1472.056
1472.262
1472.467
1472.673
1472.879
1473.084
1473.188
1473.292
1473.396
1473.500
1473.604
1473.708
1473.811
1473.915
1474.019
1474.123
1474.227
1474.331
1474.435
1474.539
1474.643
1474.747
1474.850
1474.954
1475.058
1475.162
1475.266
1475.370
1475.474
1475.578
1475.682
1475.785
1475.889
1475.993
1476.395
1476.602
1476.809
1477.016
1477.223
1477.430
1477.637
1477.844
1478.051
1478.258
1478.465
1478.672
1478.879
1479.086
1479.293
1479.500
1479.707
1479.915
1480.122
1480.329
1480.536
1480.743
1480.950
1481.157
1481.364
1481.571
1481.778
1481.985
1482.192
1482.399
1482.606
1482.813
1483.020
1483.227
1483.434
1483.641
1483.848
1484.055
1484.262
1484.469
1484.676
1484.883
1485.090
1485.297
1485.504
1485.711
1485.918
1486.125
1486.332
1486.540
1486.747
1486.954
1487.161
1487.368
1487.575
1487.782
1487.989
1488.196
1488.403
1488.610
1488.817
1489.024
1489.231
1489.438
1489.645
1489.852
1490.059
1490.266
1490.473
1490.680
1490.887
1491.094
1491.301
1491.508
1491.715
1491.922
1492.129
1492.336
1492.543
1492.750
1492.957
1493.165
1493.372
1493.579
1493.786
1493.993
1494.200
1494.407
1494.614
1494.821
1495.028
1495.235
1495.442
1495.649
1495.856
1496.063
1496.270
1496.477
1496.684
1496.891
1497.098
1497.305
1497.512
1497.719
1497.926
1498.133
1498.340
1498.547
1498.754
1498.961
1499.168
1499.375
1499.582
1499.790
1499.997
1500.204
1500.411
1500.618
1500.825
1501.032
1501.239
1501.446
1501.653
1501.860
1502.067
1502.274
1502.481
1502.688
1502.895
1503.728
1504.328
1504.562
1505.995
1506.195
1512.828
1513.242
1513.656
1513.863
1514.070
1514.484
1514.898
1515.312
1515.519
1515.726
1516.139
1516.553
1516.967
1517.174
1517.381
1517.795
1518.209
1518.623
1518.830
1519.037
1519.451
1519.864
1520.278
1520.485
1520.692
1521.106
1521.520
1521.934
1522.141
1522.348
1522.762
1523.176
1523.589
1523.796
1524.003
1524.417
1524.831
1525.245
1525.452
1525.659
1526.073
1526.487
1526.901
1527.107
1527.314
1527.728
1528.142
1528.556
1528.763
1528.970
1529.384
1529.798
1530.212
1530.419
1530.626
1531.039
1531.453
1531.867
1532.074
1532.281
1532.695
1533.109
1533.523
1533.730
1533.937
1534.351
1534.764
1535.178
1535.385
1535.592
1536.006
1536.420
1536.834
1537.041
1537.248
1537.662
1539.295
1539.709
1540.123
1540.537
1540.951
1541.364
1541.778
1542.192
1542.606
1543.020
1543.434
1543.848
1544.262
1544.676
1545.089
1545.503
1545.917
1546.331
1546.745
1547.159
1547.573
1547.987
1548.401
1548.814
1549.228
1549.642
1550.056
1550.470
1550.884
1551.298
1551.712
1552.126
1552.539
1552.953
1553.367
1553.781
1554.195
1554.609
1555.023
1555.437
1555.851
1556.264
1556.678
1557.092
1557.506
1557.920
1558.334
1558.748
1559.162
1559.368
1559.574
1559.780
1559.987
1560.193
1560.399
1560.605
1560.812
1561.018
1561.224
1561.430
1561.637
1561.843
1562.049
1562.255
1562.462
1562.566
1562.670
1562.774
1562.878
1562.982
1563.086
1563.190
1563.294
1563.398
1563.503
1563.607
1563.711
1563.815
1563.919
1564.023
1564.127
1564.231
1564.335
1564.439
1564.544
1564.648
1564.752
1564.856
1564.960
1565.064
1565.168
1565.272
1565.376
1565.795
1566.002
1566.209
1566.415
1566.622
1566.829
1567.036
1567.242
1567.449
1567.656
1567.863
1568.069
1568.276
1568.483
1568.690
1568.897
1569.103
1569.310
1569.517
1569.724
1569.930
1570.137
1570.344
1570.551
1570.757
1570.964
1571.171
1571.378
1571.585
1571.791
1571.998
1572.205
1572.412
1572.618
1572.825
1573.032
1573.239
1573.446
1573.652
1573.859
1574.066
1574.273
1574.479
1574.686
1574.893
1575.100
1575.306
1575.513
1575.720
1575.927
1576.134
1576.340
1576.547
1576.754
1576.961
1577.167
1577.374
1577.581
1577.788
1577.994
1578.201
1578.408
1578.615
1578.822
1579.028
1579.235
1579.442
1579.649
1579.855
1580.062
1580.269
1580.476
1580.682
1580.889
1581.096
1581.303
1581.510
1581.716
1581.923
1582.130
1582.337
1582.543
1582.750
1582.957
1583.164
1583.371
1583.577
1583.784
1583.991
1584.198
1584.404
1584.611
1584.818
1585.025
1585.231
1585.438
1585.645
1585.852
1586.059
1586.265
1586.472
1586.679
1586.886
1587.092
1587.299
1587.506
1587.713
1587.919
1588.126
1588.333
1588.540
1588.747
1588.953
1589.160
1589.367
1589.574
1589.780
1589.987
1590.194
1590.401
1590.607
1590.814
1591.021
1591.228
1591.435
1591.641
1591.848
1592.055
1592.262
1592.676
1593.089
1593.503
1593.917
1594.331
1594.745
1595.159
1595.573
1595.987
1596.401
1596.814
1597.228
1597.642
1598.056
1598.470
1598.884
1599.298
1599.712
1600.126
1600.539
1600.953
1601.367
1601.781
1602.195
1602.609
1603.023
1603.437
1603.851
1604.264
1604.678
1605.092
1605.506
1605.920
1606.334
1606.748
1607.162
1607.576
1607.989
1608.403
1608.817
1609.231
1609.645
1610.059
1610.473
1610.887
1611.301
1611.714
1612.128
1612.542
1612.956
1613.370
1613.784
1614.198
1614.612
1615.026
1615.439
1615.853
1616.267
1616.681
1617.095
1618.762
1619.176
1619.590
1620.005
1620.419
1620.833
1621.247
1621.662
1622.076
1622.490
1622.905
1623.319
1623.733
1624.147
1624.562
1624.976
1625.390
1625.805
1626.219
1626.633
1627.047
1627.462
1627.876
1628.290
1628.705
1629.119
1629.533
1629.947
1630.362
1631.795
1632.002
1632.209
1632.416
1632.623
1632.830
1633.037
1633.244
1633.451
1633.658
1633.865
1634.072
1634.279
1634.486
1634.693
1634.900
1635.107
1635.314
1635.521
1635.728
1635.935
1636.142
1636.349
1636.556
1636.763
1636.970
1637.177
1637.384
1637.591
1637.799
1638.006
1638.213
1638.420
1638.627
1638.834
1639.041
1639.248
1639.455
1639.662
1639.869
1640.076
1640.283
1640.490
1640.697
1640.904
1641.111
1641.318
1641.525
1641.732
1641.939
1642.146
1642.353
1642.560
1642.767
1642.974
1643.181
1643.388
1643.595
1648.562
1651.862
1655.195
1658.495
1661.795
1665.095
1668.428
1670.062
1671.728
1673.395
1675.028
1675.445
1675.862
1676.278
1676.695
1677.112
1677.528
1677.735
1677.942
1678.356
1678.770
1679.184
1679.390
1679.597
1680.011
1680.425
1680.839
1681.046
1681.252
1681.666
1682.080
1682.494
1682.701
1682.908
1683.321
1683.735
1684.149
1684.356
1684.563
1684.977
1685.390
1685.804
1686.011
1686.218
1686.632
1687.046
1687.459
1687.666
1687.873
1688.287
1688.701
1689.115
1689.321
1689.528
1689.942
1690.356
1690.770
1690.977
1691.184
1691.597
1692.011
1692.425
1692.632
1692.839
1693.252
1693.666
1694.080
1694.287
1694.494
1694.908
1695.321
1695.735
1695.942
1696.149
1696.563
1696.977
1697.390
1697.597
1697.804
1698.218
1698.632
1699.046
1699.252
1699.459
1699.873
1700.287
1700.701
1700.908
1701.115
1701.528
1703.195
1704.022
1704.849
1705.676
1706.503
1707.330
1708.157
1708.985
1709.812
1710.639
1711.466
1712.293
1713.120
1713.947
1714.774
1715.601
1716.428
1716.828
1717.036
1717.243
1717.658
1718.073
1718.488
1718.696
1718.903
1719.318
1719.733
1720.148
1720.356
1720.563
1720.978
1721.393
1721.808
1722.016
1722.223
1722.638
1723.053
1723.260
1723.467
1723.673
1723.880
1724.087
1724.294
1724.501
1724.707
1724.914
1725.121
1725.328
1725.534
1725.741
1725.948
1726.155
1726.362
1726.444
1726.527
1726.609
1726.692
1726.774
1726.857
1726.939
1727.022
1727.104
1727.187
1727.269
1727.352
1727.434
1727.517
1727.599
1727.682
1727.764
1727.847
1727.929
1728.012
1728.094
1728.177
1728.259
1728.342
1728.424
1728.506
1728.589
1728.671
1728.754
1728.836
1728.919
1729.001
1729.084
1729.166
1729.249
1729.331
1729.414
1729.496
1729.579
1729.661
1730.062
1730.477
1730.893
1731.308
1731.724
1732.139
1732.555
1732.971
1733.386
1733.802
1734.217
1734.633
1735.048
1735.464
1735.879
1736.295
1736.502
1736.709
1736.917
1737.124
1737.331
1737.538
1737.745
1737.953
1738.160
1738.367
1738.574
1738.781
1738.989
1739.196
1739.403
1739.610
1739.693
1739.777
1739.860
1739.943
1740.026
1740.110
1740.193
1740.276
1740.359
1740.443
1740.526
1740.609
1740.692
1740.776
1740.859
1740.942
1741.026
1741.109
1741.192
1741.275
1741.359
1741.442
1741.525
1741.608
1741.692
1741.775
1741.858
1741.941
1742.025
1742.108
1742.191
1742.274
1742.358
1742.441
1742.524
1742.607
1742.691
1742.774
1742.857
1742.940
1746.228
1746.435
1746.642
1746.849
1747.056
1747.263
1747.470
1747.677
1747.883
1748.090
1748.297
1748.504
1748.711
1748.918
1749.125
1749.332
1749.538
1749.745
1749.952
1750.159
1750.366
1750.573
1750.780
1750.987
1751.194
1751.400
1751.607
1751.814
1752.021
1752.228
1752.435
1752.642
1752.849
1753.056
1753.262
1753.469
1753.676
1753.883
1754.090
1754.297
1754.504
1754.711
1754.917
1755.124
1755.331
1755.538
1755.745
1755.952
1756.159
1756.366
1756.573
1756.779
1756.986
1757.193
1757.400
1757.607
1757.814
1758.021
1758.228
1758.434
1758.641
1758.848
1759.055
1759.262
1759.469
1759.676
1759.883
1760.090
1760.296
1760.503
1760.710
1760.917
1761.124
1761.331
1761.538
1761.745
1761.952
1762.158
1762.365
1762.572
1762.779
1762.986
1763.193
1763.400
1763.607
1763.813
1764.020
1764.227
1764.434
1764.641
1764.848
1765.055
1765.262
1765.469
1765.675
1765.882
1766.089
1766.296
1766.503
1766.710
1766.917
1767.124
1767.330
1767.537
1767.744
1767.951
1768.158
1768.365
1768.572
1768.779
1768.986
1769.192
1769.399
1769.606
1769.813
1770.020
1770.227
1770.434
1770.641
1770.848
1771.054
1771.261
1771.468
1771.675
1771.882
1772.089
1772.296
1772.503
1772.709
1772.916
1773.123
1773.330
1773.537
1773.744
1773.951
1774.158
1774.365
1774.571
1774.778
1774.985
1775.192
1775.399
1775.606
1775.813
1776.020
1776.226
1776.433
1776.640
1776.847
1777.054
1777.261
1777.468
1777.675
1777.882
1778.088
1778.295
1778.502
1778.709
1778.916
1779.123
1779.330
1779.537
1779.744
1779.950
1780.157
1780.364
1780.571
1780.778
1780.985
1781.192
1781.399
1781.605
1781.812
1782.019
1782.226
1782.433
1782.640
1782.847
1783.054
1783.261
1783.467
1783.674
1783.881
1784.088
1784.295
1785.928
1786.343
1786.757
1787.171
1787.585
1788.000
1788.414
1788.828
1789.243
1789.657
1790.071
1790.485
1790.900
1791.314
1791.728
1792.143
1792.557
1792.971
1793.385
1793.800
1794.214
1794.628
1795.043
1795.457
1795.871
1796.285
1796.700
1797.114
1797.528
1798.962
1799.195
1799.608
1800.021
1800.434
1800.847
1801.260
1801.674
1802.087
1802.500
1802.913
1803.326
1803.739
1804.152
1804.565
1804.978
1805.391
1805.805
1806.218
1806.631
1807.044
1807.457
1807.870
1808.283
1808.696
1809.109
1809.522
1809.935
1810.349
1810.762
1812.428
1813.255
1814.081
1814.907
1815.733
1816.559
1817.385
1818.212
1819.038
1819.864
1820.690
1821.516
1822.343
1823.169
1823.995
1825.662
1825.869
1826.077
1826.284
1826.492
1826.906
1827.321
1827.529
1827.736
1827.944
1828.151
1828.566
1828.981
1829.189
1829.396
1829.604
1829.811
1830.226
1830.641
1830.848
1831.056
1831.263
1831.471
1831.886
1832.301
1832.508
1832.715
1832.923
1833.130
1833.545
1833.960
1834.168
1834.375
1834.583
1834.790
1835.205
1835.620
1835.827
1836.035
1836.242
1836.450
1836.865
1837.280
1837.487
1837.695
1837.902
1838.110
1838.525
1838.939
1840.528
1840.943
1841.357
1841.771
1842.185
1842.600
1843.014
1843.428
1843.843
1844.257
1844.671
1845.085
1845.500
1845.914
1846.328
1846.743
1847.157
1847.571
1847.985
1848.400
1848.814
1849.228
1849.643
1850.057
1850.471
1850.885
1851.300
1851.714
1852.128
1857.062
1857.269
1857.476
1857.683
1857.890
1858.097
1858.304
1858.511
1858.718
1858.925
1859.132
1859.339
1859.546
1859.753
1859.960
1860.167
1860.374
1860.581
1860.788
1860.995
1861.202
1861.409
1861.616
1861.823
1862.030
1862.237
1862.444
1862.652
1862.859
1863.066
1863.273
1863.480
1863.687
1863.894
1864.101
1864.308
1864.515
1864.722
1864.929
1865.136
1865.343
1865.550
1865.757
1865.964
1866.171
1866.378
1866.585
1866.792
1866.999
1867.206
1867.413
1867.620
1867.827
1868.034
1868.241
1868.448
1868.655
1868.862
1869.069
1869.277
1869.484
1869.691
1869.898
1870.105
1870.312
1870.519
1870.726
1870.933
1871.140
1871.347
1871.554
1871.761
1871.968
1872.175
1872.382
1872.589
1872.796
1873.003
1873.210
1873.417
1873.624
1873.831
1874.038
1874.245
1874.452
1874.659
1874.866
1875.073
1875.280
1875.487
1875.694
1875.902
1876.109
1876.316
1876.523
1876.730
1876.937
1877.144
1877.351
1877.558
1877.765
1877.972
1878.179
1878.386
1878.593
1878.800
1879.007
1879.214
1879.421
1879.628
1879.835
1880.042
1880.249
1880.456
1880.663
1880.870
1881.077
1881.284
1881.491
1881.698
1881.905
1882.112
1882.319
1882.527
1882.734
1882.941
1883.148
1883.355
1883.562
1883.976
1884.390
1884.805
1885.219
1885.633
1886.047
1886.462
1886.876
1887.290
1887.705
1888.119
1888.533
1888.947
1889.362
1889.776
1890.190
1890.605
1891.019
1891.433
1891.847
1892.262
1892.676
1893.090
1893.505
1893.919
1894.333
1894.747
1895.162
1896.795
1897.209
1897.624
1898.038
1898.452
1898.866
1899.281
1899.695
1900.109
1900.524
1900.938
1901.352
1901.766
1902.181
1902.595
1903.009
1903.424
1903.838
1904.252
1904.666
1905.081
1905.495
1905.909
1906.324
1906.738
1907.152
1907.566
1907.981
1908.395
1910.028
1910.443
1910.857
1911.271
1911.685
1912.100
1912.514
1912.928
1913.343
1913.757
1914.171
1914.585
1915.000
1915.414
1915.828
1916.243
1916.657
1917.071
1917.485
1917.900
1918.314
1918.728
1919.143
1919.557
1919.971
1920.385
1920.800
1921.214
1921.628
1921.839
1922.051
1922.262
1923.295
1923.495
1923.695
1923.895
1924.928
1925.342
1925.756
1925.963
1926.171
1926.585
1926.999
1927.413
1927.620
1927.827
1928.241
1928.655
1929.069
1929.276
1929.483
1929.897
1930.311
1930.725
1930.932
1931.139
1931.553
1931.967
1932.381
1932.588
1932.796
1933.210
1933.624
1934.038
1934.245
1934.452
1934.866
1935.280
1935.694
1935.901
1936.108
1936.522
1936.936
1937.350
1937.557
1937.764
1938.178
1938.592
1939.006
1939.213
1939.421
1939.835
1940.249
1940.663
1940.870
1941.077
1941.491
1941.905
1942.319
1942.526
1942.733
1943.147
1943.561
1943.975
1944.182
1944.389
1944.803
1945.217
1945.631
1945.838
1946.046
1946.460
1946.874
1947.288
1947.495
1947.702
1948.116
1948.530
1948.944
1949.151
1949.358
1949.772
1950.186
1950.600
1950.807
1951.014
1951.428
1954.728
1956.395
1958.028
1959.695
1961.362
1962.995
1964.662
1966.328
1967.962
1968.376
1968.790
1969.204
1969.618
1970.032
1970.447
1970.861
1971.275
1971.689
1972.103
1972.517
1972.932
1973.346
1973.760
1974.174
1974.588
1975.002
1975.417
1975.831
1976.245
1976.659
1977.073
1977.487
1977.902
1978.316
1978.730
1979.144
1979.558
1979.972
1980.387
1980.801
1981.215
1981.629
1982.043
1982.457
1982.872
1983.286
1983.700
1984.114
1984.528
1984.737
1984.945
1985.153
1985.362
1985.570
1985.778
1985.987
1986.195
1987.433
1987.536
1987.640
1987.743
1987.847
1988.260
1988.467
1988.674
1989.088
1989.294
1989.501
1989.915
1990.122
1990.329
1990.742
1990.846
1990.949
1991.053
1991.156
1991.570
1991.777
1991.983
1992.397
1992.604
1992.811
1993.224
1993.431
1993.638
1994.052
1994.155
1994.259
1994.362
1994.465
1994.879
1995.086
1995.293
1995.706
1995.913
1996.120
1996.534
1996.741
1996.948
1997.361
1997.465
1997.568
1997.671
1997.775
1998.189
1998.395
1998.602
1999.016
1999.223
1999.430
1999.843
2000.050
2000.257
2000.671
2000.774
2000.877
2000.981
2001.084
2001.498
2001.705
2001.912
2002.325
2002.532
2002.739
2003.153
2003.359
2003.566
2003.980
2004.083
2004.187
2004.290
2004.394
2004.807
2005.014
2005.221
2005.635
2005.842
2006.048
2006.462
2006.669
2006.876
2007.289
2007.393
2007.496
2007.600
2007.703
2008.117
2008.324
2008.530
2008.944
2009.151
2009.358
2009.771
2009.978
2010.185
2010.599
2010.702
2010.806
2010.909
2011.013
2011.426
2011.633
2011.840
2012.254
2012.460
2012.667
2013.081
2013.288
2013.495
2015.962
2016.376
2016.790
2017.205
2017.619
2018.033
2018.447
2018.862
2019.276
2019.690
2020.105
2020.519
2020.933
2021.347
2021.762
2022.176
2022.590
2023.005
2023.419
2023.833
2024.247
2024.662
2025.076
2025.490
2025.905
2026.319
2026.733
2027.147
2027.562
2027.976
2028.390
2028.805
2029.219
2029.633
2030.047
2030.462
2030.876
2031.290
2031.705
2032.119
2032.533
2032.947
2033.362
2033.776
2034.190
2034.605
2035.019
2035.433
2035.847
2036.262
2036.676
2037.090
2037.505
2037.919
2038.333
2038.747
2039.162
2039.368
2039.575
2039.782
2039.989
2040.195
2040.402
2040.609
2040.815
2041.022
2041.229
2041.436
2041.642
2041.849
2042.056
2042.262
2042.469
2042.676
2042.883
2043.089
2043.296
2043.503
2043.710
2043.916
2044.123
2044.330
2044.536
2044.743
2044.950
2045.157
2045.363
2045.570
2045.777
2045.983
2046.190
2046.397
2046.604
2046.810
2047.017
2047.224
2047.430
2047.637
2047.844
2048.051
2048.257
2048.464
2048.671
2048.878
2049.084
2049.291
2049.498
2049.704
2049.911
2050.118
2050.325
2050.531
2050.738
2050.945
2051.151
2051.358
2051.565
2051.772
2051.978
2052.185
2052.392
2052.598
2052.805
2053.012
2053.219
2053.425
2053.632
2053.839
2054.046
2054.252
2054.459
2054.666
2054.872
2055.079
2055.286
2055.493
2055.699
2055.906
2056.113
2056.319
2056.526
2056.733
2056.940
2057.146
2057.353
2057.560
2057.767
2057.973
2058.180
2058.387
2058.593
2058.800
2059.007
2059.214
2059.420
2059.627
2059.834
2060.040
2060.247
2060.454
2060.661
2060.867
2061.074
2061.281
2061.487
2061.694
2061.901
2062.108
2062.314
2062.521
2062.728
2062.935
2063.141
2063.348
2063.555
2063.761
2063.968
2064.175
2064.382
2064.588
2064.795
2065.209
2065.624
2066.038
2066.453
2066.867
2067.282
2067.696
2068.111
2068.525
2068.939
2069.354
2069.768
2070.183
2070.597
2071.012
2071.426
2071.841
2072.255
2072.669
2073.084
2073.498
2073.913
2074.327
2074.742
2075.156
2075.571
2075.985
2076.399
2076.814
2077.228
2078.862
2079.276
2079.690
2079.898
2080.105
2080.519
2080.934
2081.348
2081.555
2081.762
2082.177
2082.591
2083.006
2083.213
2083.420
2083.834
2084.249
2084.663
2084.870
2085.078
2085.492
2085.906
2086.321
2086.528
2086.735
2087.150
2087.564
2087.978
2088.186
2088.393
2088.807
2089.222
2089.636
2089.843
2090.050
2090.465
2090.879
2091.293
2091.501
2091.708
2092.122
2092.537
2092.951
2093.158
2093.365
2093.780
2094.194
2094.609
2094.816
2095.023
2095.437
2095.852
2096.266
2096.473
2096.681
2097.095
2098.340
2098.444
2098.547
2098.651
2098.754
2099.168
2099.375
2099.582
2099.996
2100.203
2100.410
2100.823
2101.030
2101.237
2101.651
2101.755
2101.858
2101.961
2102.065
2102.479
2102.686
2102.893
2103.306
2103.513
2103.720
2104.134
2104.341
2104.548
2104.962
2105.065
2105.169
2105.272
2105.376
2105.790
2105.996
2106.203
2106.617
2106.824
2107.031
2107.445
2107.652
2107.859
2108.273
2108.376
2108.480
2108.583
2108.687
2109.100
2109.307
2109.514
2109.928
2110.135
2110.342
2110.756
2110.963
2111.170
2111.583
2111.687
2111.790
2111.894
2111.997
2112.411
2112.618
2112.825
2113.239
2113.446
2113.653
2114.067
2114.273
2114.480
2114.894
2114.998
2115.101
2115.205
2115.308
2115.722
2115.929
2116.136
2116.550
2116.757
2116.964
2117.377
2117.584
2117.791
2118.205
2118.309
2118.412
2118.515
2118.619
2119.033
2119.240
2119.447
2119.860
2120.067
2120.274
2120.688
2120.895
2121.102
2121.516
2121.619
2121.723
2121.826
2121.930
2122.344
2122.550
2122.757
2123.171
2123.378
2123.585
2123.999
2124.206
2124.413
2126.898
2127.105
2127.312
2127.519
2127.726
2127.934
2128.141
2128.348
2128.555
2128.762
2128.969
2129.177
2129.384
2129.591
2129.798
2130.005
2130.212
2130.420
2130.627
2130.834
2131.041
2131.248
2131.455
2131.663
2131.870
2132.077
2132.284
2132.491
2132.698
2132.905
2133.113
2133.320
2133.527
2133.734
2133.941
2134.148
2134.356
2134.563
2134.770
2134.977
2135.184
2135.391
2135.599
2135.806
2136.013
2136.220
2136.427
2136.634
2136.842
2137.049
2137.256
2137.463
2137.670
2137.877
2138.085
2138.292
2138.499
2138.706
2138.913
2139.120
2139.328
2139.535
2139.742
2139.949
2140.156
2140.363
2140.571
2140.778
2140.985
2141.192
2141.399
2141.606
2141.814
2142.021
2142.228
2142.435
2142.642
2142.849
2143.057
2143.264
2143.471
2143.678
2143.885
2144.092
2144.299
2144.507
2144.714
2144.921
2145.128
2145.335
2145.542
2145.750
2145.957
2146.164
2146.371
2146.578
2146.785
2146.993
2147.200
2147.407
2147.614
2147.821
2148.028
2148.236
2148.443
2148.650
2148.857
2149.064
2149.271
2149.479
2149.686
2149.893
2150.100
2150.307
2150.514
2150.722
2150.929
2151.712
2152.023
2152.126
2152.436
2152.540
2152.850
2152.954
2153.264
2153.368
2153.678
2153.781
2154.092
2154.195
2154.506
2154.609
2154.920
2155.023
2155.333
2155.437
2155.747
2155.851
2156.161
2156.265
2156.575
2156.679
2156.989
2157.092
2157.403
2157.506
2157.817
2157.920
2158.231
2158.334
2158.644
2158.748
2159.058
2159.162
2159.472
2159.576
2159.886
2159.989
2160.300
2160.403
2160.714
2160.817
2161.128
2161.231
2161.542
2161.645
2161.955
2162.059
2162.369
2162.473
2162.783
2162.887
2163.197
2163.300
2163.611
2163.714
2164.025
2164.128
2164.927
2165.134
2165.341
2165.547
2165.754
2165.961
2166.168
2166.374
2166.581
2166.788
2166.995
2167.202
2167.408
2167.615
2167.822
2168.029
2168.235
2168.442
2168.649
2168.856
2169.063
2169.269
2169.476
2169.683
2169.890
2170.096
2170.303
2170.510
2170.717
2170.924
2171.130
2171.337
2171.544
2171.751
2171.957
2172.164
2172.371
2172.578
2172.785
2172.991
2173.198
2173.405
2173.612
2173.818
2174.025
2174.232
2174.439
2174.646
2174.852
2175.059
2175.266
2175.473
2175.679
2175.886
2176.093
2176.300
2176.507
2176.713
2176.920
2177.127
2177.334
2177.540
2177.747
2177.954
2178.161
2178.368
2178.574
2178.781
2178.988
2179.195
2179.401
2179.608
2179.815
2180.022
2180.229
2180.435
2180.642
2180.849
2181.056
2181.262
2181.469
2181.676
2181.883
2182.090
2182.296
2182.503
2182.710
2182.917
2183.123
2183.330
2183.537
2183.744
2183.951
2184.157
2184.364
2184.571
2184.778
2184.984
2185.191
2185.398
2185.605
2185.812
2186.018
2186.225
2186.432
2186.639
2186.845
2187.052
2187.259
2187.466
2187.673
2187.879
2188.086
2188.293
2188.500
2188.706
2188.913
2189.120
2189.327
2189.534
2189.740
2189.947
2190.154
2190.361
2190.567
2190.774
2190.981
2191.188
2191.395
2191.601
2191.808
2192.015
2192.222
2192.428
2192.635
2192.842
2193.049
2193.256
2193.462
2193.669
2193.876
2194.083
2194.289
2194.496
2194.703
2194.910
2195.117
2195.323
2195.530
2195.737
2195.944
2196.150
2196.357
2196.564
2196.771
2196.978
2197.184
2197.391
2197.598
2197.805
2198.011
2198.218
2198.425
2198.632
2198.839
2199.045
2199.252
2199.459
2199.666
2199.872
2200.079
2200.286
2200.493
2200.700
2200.906
2201.113
2201.320
2201.527
2201.733
2201.940
2202.147
2202.354
2202.561
2202.767
2202.974
2203.181
2203.388
2203.594
2203.801
2204.008
2204.215
2204.422
2204.628
