32.800
33.300
33.799
34.299
34.799
35.299
35.799
36.299
36.799
37.299
37.799
38.299
38.799
39.299
39.799
40.299
40.799
41.299
41.799
42.299
42.799
43.299
43.799
44.299
44.799
45.299
45.799
46.299
46.799
47.299
47.799
48.299
48.799
49.299
49.799
50.299
50.799
51.299
51.799
52.299
52.798
53.298
53.798
54.298
54.798
55.298
55.798
56.298
56.798
57.298
57.798
58.298
58.798
59.298
59.798
60.298
60.798
61.298
61.798
62.298
62.798
63.298
63.798
64.298
64.798
65.298
65.798
66.298
66.798
67.298
67.798
68.298
68.798
69.298
69.798
70.298
70.798
71.298
71.797
72.297
72.797
73.297
73.797
74.297
74.797
75.297
75.797
76.297
76.797
77.297
77.797
78.297
78.797
79.297
79.797
80.297
80.797
81.297
81.797
82.297
82.797
83.297
83.797
84.297
84.797
85.297
85.797
86.297
86.797
87.297
87.797
88.297
88.797
89.297
89.797
90.297
90.797
91.296
91.796
92.296
92.796
93.296
93.796
94.296
94.796
95.296
95.796
96.296
96.796
97.296
97.796
98.296
98.796
99.296
99.796
100.296
100.796
101.296
101.796
102.296
102.796
103.296
103.796
104.296
104.796
105.296
105.796
106.296
106.796
107.296
107.796
108.296
108.796
109.296
109.796
110.295
110.795
111.295
111.795
112.295
112.795
113.295
113.795
114.295
114.795
115.295
115.795
116.295
116.795
117.295
117.795
118.295
118.795
119.295
119.795
120.295
120.795
121.295
121.795
122.295
122.795
123.295
123.795
124.295
124.795
125.295
125.795
126.295
126.795
127.295
127.795
128.295
128.795
160.827
161.327
161.827
162.327
162.827
163.327
163.827
164.327
164.827
165.327
165.827
166.327
166.827
167.327
167.827
168.327
168.827
169.327
169.827
170.327
170.827
171.327
171.827
172.327
172.827
173.327
173.827
174.327
174.827
175.327
175.827
176.327
176.827
177.327
177.827
178.327
178.827
179.327
179.827
180.327
180.827
181.327
181.827
182.326
182.826
183.326
183.826
184.326
184.826
185.326
185.826
186.326
186.826
187.326
187.826
188.326
188.826
189.326
189.826
190.326
190.826
191.326
191.826
192.326
192.826
193.326
193.826
194.326
194.826
195.326
195.826
196.326
196.826
197.326
197.826
198.326
198.826
199.326
199.826
200.326
200.826
201.326
201.826
202.326
202.826
203.326
203.826
204.326
204.826
205.325
205.825
206.325
206.825
207.325
207.825
208.325
208.825
209.325
209.825
210.325
210.825
211.325
211.825
212.325
212.825
213.325
213.825
214.325
214.825
215.325
215.825
216.325
216.825
217.325
217.825
218.325
218.825
219.325
219.825
220.325
220.825
221.325
221.825
222.325
222.825
223.325
223.825
224.325
224.825
225.325
225.825
226.325
226.825
227.325
227.824
228.324
228.824
229.324
229.824
230.324
230.824
231.324
231.824
232.324
232.824
233.324
233.824
234.324
234.824
235.324
235.824
236.324
236.824
237.324
237.824
238.324
238.824
239.324
239.824
240.324
240.824
241.324
241.824
242.324
242.824
243.324
243.824
244.324
244.824
245.324
245.824
246.324
246.824
247.324
247.824
248.324
248.824
249.324
249.824
250.324
250.823
251.323
251.823
252.323
252.823
253.323
253.823
254.323
254.823
255.323
255.823
256.323
256.823
288.855
289.355
289.855
290.354
290.854
291.353
291.853
292.353
292.852
293.352
293.851
294.351
294.851
295.350
295.850
296.349
296.849
297.349
297.848
298.348
298.847
299.347
299.847
300.346
300.846
301.345
301.845
302.345
302.844
303.344
303.843
304.343
304.843
305.342
305.842
306.341
306.841
307.341
307.840
308.340
308.839
309.339
309.839
310.338
310.838
311.337
311.837
312.337
312.836
313.336
313.835
314.335
314.835
315.334
315.834
316.333
316.833
317.333
317.832
318.332
318.832
319.331
319.831
320.330
320.830
321.330
321.829
322.329
322.828
323.328
323.828
324.327
324.827
325.326
325.826
326.326
326.825
327.325
327.824
328.324
328.824
329.323
329.823
330.322
330.822
331.322
331.821
332.321
332.820
333.320
333.820
334.319
334.819
335.318
335.818
336.318
336.817
337.317
337.816
338.316
338.816
339.315
339.815
340.314
340.814
341.314
341.813
342.313
342.812
343.312
343.812
344.311
344.811
376.843
377.338
377.833
378.328
378.822
379.317
379.812
380.307
380.802
381.296
381.791
382.286
382.781
383.276
383.771
384.265
384.760
385.255
385.750
386.245
386.739
387.234
387.729
388.224
388.719
389.213
389.708
390.203
390.698
391.193
391.687
392.182
392.677
393.172
393.667
394.161
394.656
395.151
395.646
396.141
396.636
397.130
397.625
398.120
398.615
399.110
399.604
400.099
400.594
401.089
401.584
402.078
402.573
403.068
403.563
404.058
404.552
405.047
405.542
406.037
406.532
407.026
407.521
408.016
408.511
409.006
409.500
409.995
410.490
410.985
411.480
411.975
412.469
412.964
413.459
413.954
414.449
414.943
415.438
415.933
416.428
424.791
425.280
425.768
426.257
426.745
427.234
427.722
428.211
428.699
429.188
429.676
430.165
430.654
431.142
431.631
432.119
432.608
433.096
433.585
434.073
434.562
435.050
435.539
436.027
436.516
437.004
437.493
437.981
438.470
438.959
439.447
439.936
440.424
440.913
441.401
441.890
442.378
442.867
443.355
443.844
444.332
444.821
445.309
445.798
446.287
446.775
447.264
447.752
448.241
448.729
449.218
449.706
450.195
450.683
451.172
451.660
452.149
452.637
453.126
453.614
454.103
454.592
455.080
455.569
456.057
456.546
457.034
457.523
458.011
458.500
458.988
459.477
459.965
460.454
460.942
461.431
461.920
462.408
462.897
463.385
463.874
464.362
464.851
465.339
465.828
466.316
466.805
467.293
467.782
468.270
468.759
469.247
469.736
471.771
472.268
472.764
473.260
473.756
474.252
474.748
475.244
475.741
476.237
476.733
477.229
477.725
478.221
478.717
479.214
479.710
480.206
480.702
481.198
481.694
482.190
482.687
483.183
483.679
484.175
484.671
485.167
485.663
486.160
486.656
487.152
487.648
488.144
488.640
489.136
489.633
490.129
490.625
491.121
491.617
492.113
492.609
493.106
493.602
494.098
494.594
495.090
495.586
496.082
496.579
497.075
497.571
498.067
498.563
499.059
499.556
500.052
500.548
501.044
501.540
502.036
502.532
503.029
503.525
504.021
504.517
505.013
505.509
506.005
506.502
506.998
507.494
507.990
508.486
508.982
509.478
509.975
510.471
510.967
511.463
511.959
512.455
512.951
513.448
513.944
514.440
514.936
515.432
515.928
516.424
516.921
517.417
519.452
519.954
520.456
520.957
521.459
521.961
522.463
522.964
523.466
523.968
524.469
524.971
525.473
525.974
526.476
526.978
527.479
527.981
528.483
528.984
529.486
529.988
530.490
530.991
531.493
531.995
532.496
532.998
533.500
535.535
536.037
536.538
537.040
537.542
538.044
538.545
539.047
539.549
540.050
540.552
541.054
541.555
542.057
542.559
543.060
543.562
544.064
544.566
545.067
545.569
546.071
546.572
547.074
547.576
548.077
548.579
549.081
549.582
551.618
552.128
552.638
553.147
553.657
554.167
554.677
555.187
555.697
556.207
556.717
557.227
557.736
558.246
558.756
559.266
559.776
560.286
560.796
561.306
561.816
562.325
562.835
563.345
563.855
564.365
564.875
565.385
565.895
566.404
566.914
567.424
567.934
584.284
584.791
585.298
585.806
586.313
586.820
587.327
587.835
588.342
588.849
589.357
589.864
590.371
590.878
591.386
591.893
592.400
592.907
593.415
593.922
594.429
594.937
595.444
595.951
596.458
596.966
597.473
597.980
598.488
598.995
599.502
600.009
600.517
601.024
601.531
602.038
602.546
603.053
603.560
604.068
604.575
605.082
605.589
606.097
606.604
607.111
607.618
608.126
608.633
609.140
609.648
610.155
610.662
611.169
611.677
612.184
612.691
613.199
613.706
614.213
614.720
615.228
615.735
616.242
616.749
624.524
625.022
625.519
626.017
626.514
627.012
627.509
628.007
628.504
629.002
629.499
629.997
630.494
630.992
631.489
631.987
632.484
632.982
633.479
633.977
634.474
634.972
635.469
635.967
636.464
636.962
637.460
637.957
638.455
638.952
639.450
639.947
640.445
640.942
641.440
641.937
642.435
642.932
643.430
643.927
644.425
644.922
645.420
645.917
646.415
646.912
647.410
647.907
648.405
648.654
648.903
649.151
649.400
649.649
649.898
650.146
650.395
650.644
650.893
651.141
651.390
651.639
651.888
652.136
652.385
652.634
652.883
653.131
653.380
653.629
653.878
654.126
654.375
654.624
654.873
655.122
655.370
655.619
655.868
656.117
656.365
656.614
656.863
657.112
657.360
657.609
657.858
658.107
658.355
658.604
658.853
659.102
659.350
659.599
659.848
660.097
660.345
660.594
660.843
661.092
661.341
661.589
661.838
662.087
662.336
662.584
662.833
663.082
663.331
663.579
663.828
664.077
664.326
664.574
664.823
665.072
665.321
665.569
665.818
666.067
666.316
666.564
666.813
667.062
667.311
667.560
667.808
668.057
668.306
668.555
668.803
669.052
669.301
669.550
669.798
670.047
670.296
670.545
670.793
671.042
671.291
671.540
671.788
672.037
672.286
672.535
672.783
673.032
673.281
673.530
673.779
674.027
674.276
674.525
674.774
675.022
675.271
675.520
675.769
676.017
676.266
676.515
676.764
677.012
677.261
677.510
677.759
678.007
678.256
678.505
678.754
679.003
679.251
679.500
679.749
679.998
680.246
712.178
712.676
713.173
713.670
714.168
714.665
715.162
715.660
716.157
716.655
717.152
717.649
718.147
718.644
719.141
719.639
720.136
720.634
721.131
721.628
722.126
722.623
723.120
723.618
724.115
724.613
725.110
725.607
726.105
726.602
727.099
727.597
728.094
728.591
729.089
729.586
730.084
730.581
731.078
731.576
732.073
732.570
733.068
733.565
734.063
734.560
735.057
735.555
736.052
736.549
737.047
737.544
738.042
738.539
739.036
739.534
740.031
740.528
741.026
741.523
742.021
742.518
743.015
743.513
744.010
760.059
760.560
761.060
761.560
762.060
762.561
763.061
763.561
764.061
764.562
765.062
765.562
766.062
766.563
767.063
767.563
768.063
768.564
769.064
769.564
770.064
770.565
771.065
771.565
772.065
772.566
773.066
773.566
774.066
774.567
775.067
775.567
776.067
776.568
777.068
777.568
778.068
778.569
779.069
779.569
780.069
780.570
781.070
781.570
782.070
782.571
783.071
783.571
784.071
784.572
785.072
785.572
786.072
786.573
787.073
787.573
788.073
788.574
789.074
789.574
790.074
790.575
791.075
791.575
792.075
792.325
792.576
792.826
793.076
793.326
793.576
793.826
794.076
794.326
794.577
794.827
795.077
795.327
795.577
795.827
796.077
796.327
796.578
796.828
797.078
797.328
797.578
797.828
798.078
798.328
798.578
798.829
799.079
799.329
799.579
799.829
800.079
800.329
800.579
800.830
801.080
801.330
801.580
801.830
802.080
802.330
802.580
802.831
803.081
803.331
803.581
803.831
804.081
804.331
804.581
804.832
805.082
805.332
805.582
805.832
806.082
806.332
806.582
806.833
807.083
807.333
807.583
807.833
808.083
808.333
808.583
808.834
809.084
809.334
809.584
809.834
810.084
810.334
810.584
810.835
811.085
811.335
811.585
811.835
812.085
812.335
812.585
812.836
813.086
813.336
813.586
813.836
814.086
814.336
814.586
814.837
815.087
815.337
815.587
815.837
816.087
816.337
816.587
816.838
817.088
817.338
817.588
817.838
818.088
818.338
818.588
818.839
819.089
819.339
819.589
819.839
820.089
820.339
820.589
820.840
821.090
821.340
821.590
821.840
822.090
822.340
822.590
822.841
823.091
823.341
823.591
823.841
824.091
857.924
858.435
858.946
859.458
859.969
860.480
860.992
861.503
862.014
862.525
863.037
863.548
864.059
864.571
865.082
865.593
866.105
866.616
867.127
867.638
868.150
868.661
869.172
869.684
870.195
870.706
871.217
871.729
872.240
872.751
873.263
873.774
874.285
874.797
875.308
891.524
892.025
892.526
893.028
893.529
894.030
894.531
895.032
895.534
896.035
896.536
897.037
897.538
898.040
898.541
899.042
899.543
900.044
900.546
901.047
901.548
902.049
902.550
903.051
903.553
904.054
904.555
905.056
905.557
906.059
906.560
907.061
907.562
908.063
908.565
909.066
909.567
910.068
910.569
911.071
911.572
912.073
912.574
913.075
913.577
914.078
914.579
915.080
915.581
916.082
916.584
917.085
917.586
918.087
918.588
919.090
919.591
920.092
920.593
921.094
921.596
922.097
922.598
923.099
923.600
924.102
924.603
925.104
925.605
926.106
926.608
927.109
927.610
928.111
928.612
929.114
929.615
930.116
930.617
931.118
931.619
932.121
932.622
933.123
933.624
934.125
934.627
935.128
935.629
936.130
936.631
937.133
937.634
938.135
938.636
939.137
939.639
955.388
955.875
956.362
956.849
957.336
957.824
958.311
958.798
959.285
959.772
960.259
960.747
961.234
961.721
962.208
962.695
963.182
963.669
964.157
964.644
965.131
965.618
966.105
966.592
967.080
967.567
968.054
968.541
969.028
969.515
970.002
970.490
970.977
971.464
971.951
972.438
972.925
973.412
973.900
974.387
974.874
975.361
975.848
976.335
976.823
977.310
977.797
978.284
978.771
979.258
979.745
980.233
980.720
981.207
981.694
982.181
982.668
983.156
983.643
984.130
984.617
1001.234
1001.727
1002.220
1002.714
1003.207
1003.701
1004.194
1004.688
1005.181
1005.674
1006.168
1006.661
1007.155
1007.648
1008.141
1008.635
1009.128
1009.622
1010.115
1010.608
1011.102
1011.595
1012.089
1012.582
1013.075
1013.569
1014.062
1014.556
1015.049
1015.543
1016.036
1016.529
1017.023
1017.516
1018.010
1018.503
1018.996
1019.490
1019.983
1020.477
1020.970
1021.463
1021.957
1022.450
1022.944
1023.437
1023.930
1024.424
1024.917
1025.411
1025.904
1026.398
1026.891
1027.384
1027.878
1028.371
1028.865
1029.358
1029.851
1030.345
1030.838
1031.332
1031.825
1032.318
1032.812
1033.059
1033.305
1033.552
1033.799
1034.045
1034.292
1034.539
1034.785
1035.032
1035.279
1035.526
1035.772
1036.019
1036.266
1036.512
1036.759
1037.006
1037.253
1037.499
1037.746
1037.993
1038.239
1038.486
1038.733
1038.979
1039.226
1039.473
1039.720
1039.966
1040.213
1040.460
1040.706
1040.953
1041.200
1041.447
1041.693
1041.940
1042.187
1042.433
1042.680
1042.927
1043.173
1043.420
1043.667
1043.914
1044.160
1044.407
1044.654
1044.900
1045.147
1045.394
1045.641
1045.887
1046.134
1046.381
1046.627
1046.874
1047.121
1047.367
1047.614
1047.861
1048.108
1048.354
1048.601
1048.848
1049.094
1049.341
1049.588
1049.834
1050.081
1050.328
1050.575
1050.821
1051.068
1051.315
1051.561
1051.808
1052.055
1052.302
1052.548
1052.795
1053.042
1053.288
1053.535
1053.782
1054.028
1054.275
1054.522
1054.769
1055.015
1055.262
1055.509
1055.755
1056.002
1056.249
1056.496
1056.742
1056.989
1057.236
1057.482
1057.729
1057.976
1058.222
1058.469
1058.716
1058.963
1059.209
1059.456
1059.703
1059.949
1060.196
1060.443
1060.689
1060.936
1061.183
1061.430
1061.676
1061.923
1062.170
1062.416
1062.663
1062.910
1063.157
1063.403
1063.650
1063.897
1064.143
1064.390
1064.883
1065.377
1065.870
1066.364
1066.857
1067.351
1067.844
1068.337
1068.831
1069.324
1069.818
1070.311
1070.804
1071.298
1071.791
1072.285
1072.778
1073.271
1073.765
1074.258
1074.752
1075.245
1075.738
1076.232
1076.725
1077.219
1077.712
1078.206
1078.699
1079.192
1079.686
1080.179
1096.162
1096.412
1096.663
1096.913
1097.163
1097.414
1097.664
1097.914
1098.165
1098.415
1098.666
1098.916
1099.166
1099.417
1099.667
1099.918
1100.168
1100.418
1100.669
1100.919
1101.169
1101.420
1101.670
1101.921
1102.171
1102.421
1102.672
1102.922
1103.172
1103.423
1103.673
1103.924
1104.174
1104.424
1104.675
1104.925
1105.176
1105.426
1105.676
1105.927
1106.177
1106.427
1106.678
1106.928
1107.179
1107.429
1107.679
1107.930
1108.180
1108.430
1108.681
1108.931
1109.182
1109.432
1109.682
1109.933
1110.183
1110.434
1110.684
1110.934
1111.185
1111.435
1111.685
1111.936
1112.186
1112.437
1112.687
1112.937
1113.188
1113.438
1113.688
1113.939
1114.189
1114.440
1114.690
1114.940
1115.191
1115.441
1115.691
1115.942
1116.192
1116.443
1116.693
1116.943
1117.194
1117.444
1117.695
1117.945
1118.195
1118.446
1118.696
1118.946
1119.197
1119.447
1119.698
1119.948
1120.198
1120.449
1120.699
1120.949
1121.200
1121.450
1121.701
1121.951
1122.201
1122.452
1122.702
1122.953
1123.203
1123.453
1123.704
1123.954
1124.204
1124.455
1124.705
1124.956
1125.206
1125.456
1125.707
1125.957
1126.207
1126.458
1126.708
1126.959
1127.209
1127.459
1127.710
1127.960
1128.210
1128.461
1128.711
1128.962
1129.212
1129.462
1129.713
1129.963
1130.214
1130.464
1130.714
1130.965
1131.215
1131.465
1131.716
1131.966
1132.217
1132.467
1132.717
1132.968
1133.218
1133.468
1133.719
1133.969
1134.220
1134.470
1134.720
1134.971
1135.221
1135.472
1135.722
1135.972
1136.223
1136.473
1136.723
1136.974
1137.224
1137.475
1137.725
1137.975
1138.226
1138.476
1138.726
1138.977
1139.227
1139.478
1139.728
1139.978
1140.229
1140.479
1140.730
1140.980
1141.230
1141.481
1141.731
1141.981
1142.232
1142.482
1142.733
1142.983
1143.233
1143.484
1143.734
1143.984
1144.235
1144.485
1144.736
1144.986
1145.236
1145.487
1145.737
1145.987
1146.238
1146.488
1146.739
1146.989
1147.239
1147.490
1147.740
1147.991
1148.241
1148.491
1148.742
1148.992
1149.242
1149.493
1149.743
1149.994
1150.244
1150.494
1150.745
1150.995
1151.245
1151.496
1151.746
1151.997
1152.247
1152.497
1152.748
1152.998
1153.249
1153.499
1153.749
1154.000
1154.250
1154.500
1154.751
1155.001
1155.252
1155.502
1155.752
1156.003
1156.253
1156.503
1156.754
1157.004
1157.255
1157.505
1157.755
1158.006
1158.256
1158.507
1158.757
1159.007
1159.258
1159.508
1159.758
1160.009
1160.259
1175.808
1176.312
1176.816
1177.321
1177.825
1178.329
1178.833
1179.337
1179.841
1180.345
1180.850
1181.354
1181.858
1182.362
1182.866
1183.370
1183.874
1184.379
1184.883
1185.387
1185.891
1186.395
1186.899
1187.404
1187.908
1188.412
1188.916
1189.420
1189.924
1190.428
1190.933
1191.437
1191.941
1192.445
1192.949
1193.453
1193.957
1194.462
1194.966
1195.470
1195.974
1196.478
1196.982
1197.486
1197.991
1198.495
1198.999
1199.503
1200.007
1200.511
1201.016
1201.520
1202.024
1202.528
1203.032
1203.536
1204.040
1204.545
1205.049
1205.553
1206.057
1206.561
1207.065
1207.569
1208.074
1224.156
1224.657
1225.157
1225.658
1226.158
1226.659
1227.159
1227.660
1228.160
1228.661
1229.161
1229.662
1230.162
1230.663
1231.163
1231.664
1232.164
1232.665
1233.165
1233.666
1234.166
1234.667
1235.167
1235.668
1236.168
1236.669
1237.169
1237.670
1238.170
1238.671
1239.171
1239.672
1240.172
1248.214
1248.713
1249.212
1249.711
1250.209
1250.708
1251.207
1251.706
1252.205
1252.704
1253.203
1253.702
1254.201
1254.700
1255.199
1255.698
1256.197
1256.696
1257.195
1257.694
1258.192
1258.691
1259.190
1259.689
1260.188
1260.687
1261.186
1261.685
1262.184
1262.683
1263.182
1263.681
1264.180
1264.679
1265.178
1265.676
1266.175
1266.674
1267.173
1267.672
1268.171
1268.670
1269.169
1269.668
1270.167
1270.666
1271.165
1271.664
1272.163
1272.662
1273.161
1273.659
1274.158
1274.657
1275.156
1275.655
1276.154
1276.653
1277.152
1277.651
1278.150
1278.649
1279.148
1279.647
1280.146
1280.645
1281.143
1281.642
1282.141
1282.640
1283.139
1283.638
1284.137
1284.636
1285.135
1285.634
1286.133
1286.632
1287.131
1287.630
1288.129
1288.628
1289.126
1289.625
1290.124
1290.623
1291.122
1291.621
1292.120
1292.619
1293.118
1293.617
1294.116
1294.615
1295.114
1295.613
1296.112
1296.610
1297.109
1297.608
1298.107
1298.606
1299.105
1299.604
1300.103
1300.602
1301.101
1301.600
1302.099
1302.598
1303.097
1303.596
1304.095
1304.593
1305.092
1305.591
1306.090
1306.589
1307.088
1307.587
1308.086
1308.585
1309.084
1309.583
1310.082
1310.581
1311.080
1311.579
1312.078
1343.809
1344.304
1344.798
1345.293
1345.787
1346.282
1346.776
1347.271
1347.765
1348.260
1348.754
1349.249
1349.743
1350.238
1350.733
1351.227
1351.722
1352.216
1352.711
1353.205
1353.700
1354.194
1354.689
1355.183
1355.678
1356.172
1356.667
1357.161
1357.656
1358.150
1358.645
1359.139
1359.634
1360.128
1360.623
1361.117
1361.612
1362.107
1362.601
1363.096
1363.590
1364.085
1364.579
1365.074
1365.568
1366.063
1366.557
1367.052
1367.546
1368.041
1368.535
1369.030
1369.524
1370.019
1370.513
1371.008
1371.502
1371.997
1372.491
1372.986
1373.481
1373.975
1374.470
1374.964
1375.459
1375.953
1376.448
1376.942
1377.437
1377.931
1378.426
1378.920
1379.415
1379.909
1380.404
1380.898
1381.393
1381.887
1382.382
1382.876
1383.371
1383.865
1384.360
1384.855
1385.349
1385.844
1386.338
1386.833
1387.327
1387.822
1388.316
1388.811
1389.305
1389.800
1390.294
1390.789
1391.283
1391.778
1392.272
1392.767
1393.261
1393.756
1394.250
1394.745
1395.239
1395.734
1396.229
1396.723
1397.218
1397.712
1398.207
1398.701
1399.196
1399.690
1400.185
1400.679
1401.174
1401.668
1402.163
1402.657
1403.152
1403.646
1404.141
1404.635
1405.130
1405.624
1406.119
1406.613
1407.108
1407.602
1408.097
1408.592
1409.086
1409.581
1410.075
1410.570
1411.064
1411.559
1412.053
1412.548
1413.042
1413.537
1414.031
1414.526
1415.020
1415.515
1416.009
1416.504
1416.998
1417.493
1417.987
1418.482
1418.976
1419.471
1419.966
1420.460
1420.955
1421.449
1421.944
1422.438
1422.933
1423.427
1423.922
1424.416
1424.911
1425.405
1425.900
1426.394
1426.889
1427.383
1427.878
1428.372
1428.867
1429.361
1429.856
1430.350
1430.845
1431.340
1431.834
1432.329
1432.823
1433.318
1433.812
1434.307
1434.801
1435.296
1435.790
1436.285
1436.779
1437.274
1437.768
1438.263
1438.757
1439.252
1439.746
1440.241
1440.735
1441.230
1441.724
1442.219
1442.714
1443.208
1443.703
1444.197
1444.692
1445.186
1445.681
1446.175
1446.670
1447.164
1447.659
1448.153
1448.648
1449.142
1449.637
1450.131
1450.626
1451.120
1451.615
1452.109
1452.604
1453.098
1453.593
1454.088
1454.582
1455.077
1455.571
1456.066
1456.560
1457.055
1457.549
1458.044
1458.538
1459.033
1459.527
1460.022
1460.516
1461.011
1461.505
1462.000
1462.494
1494.360
1494.858
1495.356
1495.854
1496.352
1496.850
1497.348
1497.846
1498.344
1498.842
1499.340
1499.838
1500.336
1500.835
1501.333
1501.831
1502.329
1502.827
1503.325
1503.823
1504.321
1504.819
1505.317
1505.815
1506.313
1506.811
1507.309
1507.807
1508.306
1508.804
1509.302
1509.800
1510.298
1510.547
1510.796
1511.045
1511.294
1511.543
1511.792
1512.041
1512.290
1512.539
1512.788
1513.037
1513.286
1513.535
1513.784
1514.033
1514.282
1514.531
1514.780
1515.029
1515.278
1515.527
1515.777
1516.026
1516.275
1516.524
1516.773
1517.022
1517.271
1517.520
1517.769
1518.018
1518.267
1518.516
1518.765
1519.014
1519.263
1519.512
1519.761
1520.010
1520.259
1520.508
1520.757
1521.006
1521.255
1521.504
1521.753
1522.002
1522.251
1522.500
1522.749
1522.998
1523.248
1523.497
1523.746
1523.995
1524.244
1524.493
1524.742
1524.991
1525.240
1525.489
1525.738
1525.987
1526.236
1526.485
1526.734
1526.983
1527.232
1527.481
1527.730
1527.979
1528.228
1528.477
1528.726
1528.975
1529.224
1529.473
1529.722
1529.971
1530.220
1530.469
1530.719
1530.968
1531.217
1531.466
1531.715
1531.964
1532.213
1532.462
1532.711
1532.960
1533.209
1533.458
1533.707
1533.956
1534.205
1534.454
1534.703
1534.952
1535.201
1535.450
1535.699
1535.948
1536.197
1536.446
1536.695
1536.944
1537.193
1537.442
1537.691
1537.940
1538.190
1538.439
1538.688
1538.937
1539.186
1539.435
1539.684
1539.933
1540.182
1540.431
1540.680
1540.929
1541.178
1541.427
1541.676
1541.925
1542.174
1574.006
1574.502
1574.999
1575.495
1575.992
1576.488
1576.985
1577.481
1577.978
1578.474
1578.971
1579.467
1579.964
1580.460
1580.957
1581.453
1581.950
1582.446
1582.942
1583.439
1583.935
1584.432
1584.928
1585.425
1585.921
1586.418
1586.914
1587.411
1587.907
1588.404
1588.900
1589.397
1589.893
1590.390
1590.886
1591.383
1591.879
1592.376
1592.872
1593.369
1593.865
1594.361
1594.858
1595.354
1595.851
1596.347
1596.844
1597.340
1597.837
1598.333
1598.830
1599.326
1599.823
1600.319
1600.816
1601.312
1601.809
1602.305
1602.802
1603.298
1603.795
1604.291
1604.787
1605.284
1605.780
1606.029
1606.277
1606.525
1606.773
1607.022
1607.270
1607.518
1607.766
1608.015
1608.263
1608.511
1608.759
1609.008
1609.256
1609.504
1609.752
1610.001
1610.249
1610.497
1610.745
1610.993
1611.242
1611.490
1611.738
1611.986
1612.235
1612.483
1612.731
1612.979
1613.228
1613.476
1613.724
1613.972
1614.221
1614.469
1614.717
1614.965
1615.214
1615.462
1615.710
1615.958
1616.206
1616.455
1616.703
1616.951
1617.199
1617.448
1617.696
1617.944
1618.192
1618.441
1618.689
1618.937
1619.185
1619.434
1619.682
1619.930
1620.178
1620.427
1620.675
1620.923
1621.171
1621.419
1621.668
1621.916
1622.164
1622.412
1622.661
1622.909
1623.157
1623.405
1623.654
1623.902
1624.150
1624.398
1624.647
1624.895
1625.143
1625.391
1625.640
1625.888
1626.136
1626.384
1626.633
1626.881
1627.129
1627.377
1627.625
1627.874
1628.122
1628.370
1628.618
1628.867
1629.115
1629.363
1629.611
1629.860
1630.108
1630.356
1630.604
1630.853
1631.101
1631.349
1631.597
1631.846
1632.094
1632.342
1632.590
1632.838
1633.087
1633.335
1633.583
1633.831
1634.080
1634.328
1634.576
1634.824
1635.073
1635.321
1635.569
1635.817
1636.066
1636.314
1636.562
1636.810
1637.059
1637.307
1637.555
1638.052
1638.548
1639.044
1639.541
1640.037
1640.534
1641.030
1641.527
1642.023
1642.520
1643.016
1643.513
1644.009
1644.506
1645.002
1645.499
1645.995
1646.492
1646.988
1647.485
1647.981
1648.478
1648.974
1649.470
1649.967
1650.463
1650.960
1651.456
1651.953
1652.449
1652.946
1653.442
1653.939
1654.435
1654.932
1655.428
1655.925
1656.421
1656.918
1657.414
1657.911
1658.407
1658.904
1659.400
1659.897
1660.393
1660.889
1661.386
1661.882
1662.379
1662.875
1663.372
1663.868
1664.365
1664.861
1665.358
1665.854
1666.351
1666.847
1667.344
1667.840
1668.337
1668.833
1669.330
1669.826
1670.323
1670.819
1671.316
1671.812
1672.308
1672.805
1673.301
1673.798
1674.294
1674.791
1675.287
1675.784
1676.280
1676.777
1677.273
1677.770
1678.266
1678.763
1679.259
1679.756
1680.252
1680.749
1681.245
1681.742
1682.238
1682.735
1683.231
1683.727
1684.224
1684.720
1685.217
1720.586
1721.075
1721.565
1722.055
1722.545
1723.034
1723.524
1724.014
1724.503
1724.993
1725.483
1725.973
1726.462
1726.952
1727.442
1727.932
1728.421
1728.911
1729.401
1729.890
1730.380
1730.870
1731.360
1731.849
1732.339
1732.829
1733.318
1733.808
1734.298
1734.788
1735.277
1735.767
1736.257
1736.747
1737.236
1737.726
1738.216
1738.705
1739.195
1739.685
1740.175
1740.664
1741.154
1741.644
1742.134
1742.623
1743.113
1743.603
1744.092
1744.582
1745.072
1745.562
1746.051
1746.541
1747.031
1747.521
1748.010
1748.500
1748.990
1749.479
1749.969
1750.459
1750.949
1751.438
1751.928
1752.418
1752.907
1753.397
1753.887
1754.377
1754.866
1755.356
1755.846
1756.336
1756.825
1757.315
1757.805
1758.294
1758.784
1759.274
1759.764
1760.253
1760.743
1761.233
1761.723
1762.212
1762.702
1763.192
1763.681
1764.171
1764.661
1765.151
1765.640
1766.130
1766.620
1767.110
1767.599
1800.999
1801.496
1801.992
1802.489
1802.985
1803.482
1803.978
1804.475
1804.971
1805.468
1805.964
1806.461
1806.957
1807.454
1807.950
1808.446
1808.943
1809.439
1809.936
1810.432
1810.929
1811.425
1811.922
1812.418
1812.915
1813.411
1813.908
1814.404
1814.901
1815.397
1815.894
1816.390
1816.887
1817.383
1817.880
1818.376
1818.872
1819.369
1819.865
1820.362
1820.858
1821.355
1821.851
1822.348
1822.844
1823.341
1823.837
1824.334
1824.830
1825.327
1825.823
1826.320
1826.816
1827.313
1827.809
1828.306
1828.802
1829.299
1829.795
1830.291
1830.788
1831.284
1831.781
1832.277
1832.774
1833.270
1833.767
1834.263
1834.760
1835.256
1835.753
1836.249
1836.746
1837.242
1837.739
1838.235
1838.732
1839.228
1839.725
1840.221
1840.718
1841.214
1841.710
1842.207
1842.703
1843.200
1843.696
1844.193
1844.689
1845.186
1845.682
1846.179
1846.675
1847.172
1847.668
1848.165
1848.661
1849.158
1849.654
1850.151
1850.647
1851.144
1851.640
1852.137
1852.633
1853.129
1853.626
1854.122
1854.619
1855.115
1855.612
1856.108
1856.605
1857.101
1857.598
1858.094
1858.591
1859.087
1859.584
1860.080
1860.577
1861.073
1861.570
1862.066
1862.563
1863.059
1863.555
1864.052
1864.548
1865.045
1865.541
1866.038
1866.534
1867.031
1867.527
1868.024
1868.520
1869.017
1869.513
1870.010
1870.506
1871.003
1871.499
1871.996
1872.492
1872.989
1873.485
1873.982
1874.478
1874.974
1875.471
1875.967
1876.464
1876.960
1877.457
1877.953
1878.450
1878.946
1879.443
1879.939
1880.436
1880.932
1881.429
1881.925
1882.422
1882.918
1883.415
1883.911
1884.408
1884.904
1885.401
1885.897
1886.393
1886.890
1887.386
1887.883
1888.379
1888.876
1889.372
1889.869
1890.365
1890.862
1891.358
1891.855
1892.351
1892.848
1893.344
1893.841
1894.337
1894.834
1895.330
1895.827
1896.323
1896.819
1897.316
1897.812
1898.309
1898.805
1899.302
1899.798
1900.295
1900.791
1901.288
1901.784
1902.281
1902.777
1903.274
1903.770
1904.267
1904.763
1905.260
1905.756
1906.253
1906.749
1907.246
1907.742
1908.238
1908.735
1909.231
1909.728
1910.224
1910.721
1911.217
1911.714
1912.210
1944.242
1944.748
1945.253
1945.758
1946.263
1946.768
1947.273
1947.778
1948.283
1948.788
1949.294
1949.799
1950.304
1950.809
1951.314
1951.819
1952.324
1952.829
1953.335
1953.840
1954.345
1954.850
1955.355
1955.860
1956.365
1956.870
1957.375
1957.881
1958.386
1958.891
1959.396
1959.901
1960.406
1960.911
1961.416
1961.922
1962.427
1962.932
1963.437
1963.942
1964.447
1964.952
1965.457
1965.962
1966.468
1966.973
1967.478
1967.983
1968.488
1968.993
1969.498
1970.003
1970.508
1971.014
1971.519
1972.024
1972.529
1973.034
1973.539
1974.044
1974.549
1975.055
1975.560
1976.065
1976.570
1977.075
1977.580
1978.085
1978.590
1979.095
1979.601
1980.106
1980.611
1981.116
1981.621
1982.126
1982.631
1983.136
1983.642
1984.147
1984.652
1985.157
1985.662
1986.167
1986.672
1987.177
1987.682
1988.188
1988.693
1989.198
1989.703
1990.208
1990.713
1991.218
1991.723
1992.229
1992.734
1993.239
1993.744
1994.249
1994.754
1995.259
1995.764
1996.269
1996.775
1997.280
1997.785
1998.290
1998.795
1999.300
1999.805
2000.310
2000.816
2001.321
2001.826
2002.331
2002.836
2003.341
2003.846
2004.351
2004.856
2005.362
2005.867
2006.372
2006.877
2007.382
2007.887
2008.392
2008.897
2009.403
2009.908
2010.413
2010.918
2011.423
2011.928
2012.433
2012.938
2013.443
2013.949
2014.454
2014.959
2015.464
2015.969
2016.474
2016.979
2017.484
2017.990
2018.495
2019.000
2019.505
2020.010
2020.515
2021.020
2021.525
2022.030
2022.536
2023.041
2023.546
2024.051
2024.556
2025.061
2025.566
2026.071
2026.577
2027.082
2027.587
2028.092
2028.597
2029.102
2029.607
2030.112
2030.617
2031.123
2031.628
2032.133
2032.638
2033.143
2033.648
2034.153
2034.658
2035.164
2035.669
2036.174
2036.679
2037.184
2037.689
2038.194
2038.699
2039.204
2039.710
2040.215
2040.720
2041.225
2041.730
2042.235
2042.740
2043.245
2043.751
2044.256
2044.761
2045.266
2045.771
2046.276
2046.781
2047.286
2047.791
2048.297
2048.802
2049.307
2049.812
2050.317
2050.822
2051.327
2051.832
2052.338
2052.843
2053.348
2053.853
2054.358
2054.863
2055.368
2055.873
2056.378
2056.884
2057.389
2086.909
2087.405
2087.902
2088.399
2088.895
2089.392
2089.888
2090.385
2090.882
2091.378
2091.875
2092.371
2092.868
2093.364
2093.861
2094.358
2094.854
2095.351
2095.847
2096.344
2096.841
2097.337
2097.834
2098.330
2098.827
2099.324
2099.820
2100.317
2100.813
2101.310
2101.806
2102.303
2102.800
2103.296
2103.793
2104.289
2104.786
2105.283
2105.779
2106.276
2106.772
2107.269
2107.766
2108.262
2108.759
2109.255
2109.752
2110.249
2110.745
2111.242
2111.738
2112.235
2112.731
2113.228
2113.725
2114.221
2114.718
2115.214
2115.711
2116.208
2116.704
2117.201
2117.697
2118.194
2118.691
2119.187
2119.684
2120.180
2120.677
2121.173
2121.670
2122.167
2122.663
2123.160
2123.656
2124.153
2124.650
2125.146
2125.643
2126.139
2126.636
2127.133
2127.629
2128.126
2128.622
2129.119
2129.616
2130.112
2130.609
2131.105
2131.602
2132.098
2132.595
2133.092
2133.588
2134.085
2134.581
2135.078
2135.575
2136.071
2136.568
2137.064
2137.561
2138.058
2138.554
2139.051
2139.547
2140.044
2140.540
2141.037
2141.534
2142.030
2142.527
2143.023
2143.520
2144.017
2144.513
2145.010
2145.506
2146.003
2146.500
2146.996
2147.493
2147.989
2148.486
2148.983
2149.479
2149.976
2150.472
2166.822
2167.325
2167.829
2168.332
2168.836
2169.339
2169.842
2170.346
2170.849
2171.353
2171.856
2172.360
2172.863
2173.366
2173.870
2174.373
2174.877
2175.380
2175.884
2176.387
2176.890
2177.394
2177.897
2178.401
2178.904
2179.407
2179.911
2180.414
2180.918
2181.421
2181.925
2182.428
2182.931
2183.435
2183.938
2184.442
2184.945
2185.448
2185.952
2186.455
2186.959
2187.462
2187.966
2188.469
2188.972
2189.476
2189.979
2190.483
2190.986
2191.490
2191.993
2192.496
2193.000
2193.503
2194.007
2194.510
2195.013
2195.517
2196.020
2196.524
2197.027
2197.531
2198.034
2198.537
2199.041
2199.544
2200.048
2200.551
2201.054
2201.558
2202.061
2202.565
2203.068
2203.572
2204.075
2204.578
2205.082
2205.585
2206.089
2206.592
2207.096
2207.599
2208.102
2208.606
2209.109
2209.613
2210.116
2210.619
2211.123
2211.626
2212.130
2212.633
2213.137
2213.640
2214.143
2214.647
2215.150
2215.654
2216.157
2216.660
2217.164
2217.667
2218.171
2218.674
2219.178
2219.681
2220.184
2220.688
2221.191
2221.695
2222.198
2222.702
2223.205
2223.708
2224.212
2224.715
2225.219
2225.722
2226.225
2226.729
2227.232
2227.736
2228.239
2228.743
2229.246
2229.749
2230.253
2230.756
2231.260
2231.763
2232.266
2232.770
2233.273
2233.777
2234.280
2234.784
2235.287
2235.790
2236.294
2236.797
2237.301
2237.804
2238.308
2238.811
2239.314
2239.818
2240.321
2240.825
2241.328
2241.831
2242.335
2242.838
2243.342
2243.845
2244.349
2244.852
2245.355
2245.859
2246.362
2246.866
2247.369
2263.361
2263.860
2264.359
2264.858
2265.357
2265.856
2266.355
2266.854
2267.353
2267.852
2268.351
2268.849
2269.348
2269.847
2270.346
2270.845
2271.344
2271.843
2272.342
2272.841
2273.340
2273.839
2274.338
2274.837
2275.336
2275.835
2276.334
2276.832
2277.331
2277.830
2278.329
2278.828
2279.327
2279.826
2280.325
2280.824
2281.323
2281.822
2282.321
2282.820
2283.319
2283.818
2284.316
2284.815
2285.314
2285.813
2286.312
2286.811
2287.310
2287.809
2288.308
2288.807
2289.306
2289.805
2290.304
2290.803
2291.302
2291.801
2292.299
2292.798
2293.297
2293.796
2294.295
2294.794
2295.293
2311.309
2311.558
2311.806
2312.055
2312.303
2312.552
2312.801
2313.049
2313.298
2313.546
2313.795
2314.043
2314.292
2314.541
2314.789
2315.038
2315.286
2315.535
2315.784
2316.032
2316.281
2316.529
2316.778
2317.026
2317.275
2317.524
2317.772
2318.021
2318.269
2318.518
2318.767
2319.015
2319.264
2319.512
2319.761
2320.009
2320.258
2320.507
2320.755
2321.004
2321.252
2321.501
2321.750
2321.998
2322.247
2322.495
2322.744
2322.992
2323.241
2323.490
2323.738
2323.987
2324.235
2324.484
2324.733
2324.981
2325.230
2325.478
2325.727
2325.975
2326.224
2326.473
2326.721
2326.970
2327.218
2327.467
2327.715
2327.964
2328.213
2328.461
2328.710
2328.958
2329.207
2329.456
2329.704
2329.953
2330.201
2330.450
2330.698
2330.947
2331.196
2331.444
2331.693
2331.941
2332.190
2332.439
2332.687
2332.936
2333.184
2333.433
2333.681
2333.930
2334.179
2334.427
2334.676
2334.924
2335.173
2335.422
2335.670
2335.919
2336.167
2336.416
2336.664
2336.913
2337.162
2337.410
2337.659
2337.907
2338.156
2338.404
2338.653
2338.902
2339.150
2339.399
2339.647
2339.896
2340.145
2340.393
2340.642
2340.890
2341.139
2341.387
2341.636
2341.885
2342.133
2342.382
2342.630
2342.879
2343.128
2343.376
2343.625
2343.873
2344.122
2344.370
2344.619
2344.868
2345.116
2345.365
2345.613
2345.862
2346.111
2346.359
2346.608
2346.856
2347.105
2347.353
2347.602
2347.851
2348.099
2348.348
2348.596
2348.845
2349.093
2349.342
2349.591
2349.839
2350.088
2350.336
2350.585
2350.834
2351.082
2351.331
2351.579
2351.828
2352.076
2352.325
2352.574
2352.822
2353.071
2353.319
2353.568
2353.817
2354.065
2354.314
2354.562
2354.811
2355.059
2355.308
2355.557
2355.805
2356.054
2356.302
2356.551
2356.800
2357.048
2357.297
2357.545
2357.794
2358.042
2358.291
2358.540
2358.788
2359.037
2359.285
2359.534
2359.782
2360.031
2360.280
2360.528
2360.777
2361.025
2361.274
2361.523
2361.771
2362.020
2362.268
2362.517
2362.765
2363.014
2363.263
2363.511
2363.760
2364.008
2364.257
2364.506
2364.754
2365.003
2365.251
2365.500
2365.748
2365.997
2366.246
2366.494
2366.743
2366.991
2367.240
2367.489
2367.737
2367.986
2368.234
2368.483
2368.731
2368.980
2369.229
2369.477
2369.726
2369.974
2370.223
2370.471
2370.720
2370.969
2371.217
2371.466
2371.714
2371.963
2372.212
2372.460
2372.709
2372.957
2373.206
2373.454
2373.703
2373.952
2374.200
2374.449
2374.697
2374.946
2375.195
2375.443
2375.692
2375.940
2376.189
2376.437
2376.686
2376.935
2377.183
2377.432
2377.680
2377.929
2378.178
2378.426
2378.675
2378.923
2379.172
2379.420
2379.669
2379.918
2380.166
2380.415
2380.663
2380.912
2381.161
2381.409
2381.658
2381.906
2382.155
2382.403
2382.652
2382.901
2383.149
2383.398
2383.646
2383.895
2384.143
2384.392
2384.641
2384.889
2385.138
2385.386
2385.635
2385.884
2386.132
2386.381
2386.629
2386.878
2387.126
2387.375
2387.624
2387.872
2388.121
2388.369
2388.618
2388.867
2389.115
2389.364
2389.612
2389.861
2390.109
2390.358
2390.607
2390.855
2406.738
2407.233
2407.727
2408.222
2408.717
2409.212
2409.707
2410.202
2410.696
2411.191
2411.686
2412.181
2412.676
2413.171
2413.665
2414.160
2414.655
2415.150
2415.645
2416.140
2416.635
2417.129
2417.624
2418.119
2418.614
2419.109
2419.604
2420.098
2420.593
2421.088
2421.583
2422.078
2422.573
2422.820
2423.067
2423.315
2423.562
2423.810
2424.057
2424.304
2424.552
2424.799
2425.047
2425.294
2425.542
2425.789
2426.036
2426.284
2426.531
2426.779
2427.026
2427.274
2427.521
2427.768
2428.016
2428.263
2428.511
2428.758
2429.005
2429.253
2429.500
2429.748
2429.995
2430.243
2430.490
2430.737
2430.985
2431.232
2431.480
2431.727
2431.974
2432.222
2432.469
2432.717
2432.964
2433.212
2433.459
2433.706
2433.954
2434.201
2434.449
2434.696
2434.943
2435.191
2435.438
2435.686
2435.933
2436.181
2436.428
2436.675
2436.923
2437.170
2437.418
2437.665
2437.913
2438.160
2438.407
2438.655
2438.902
2439.150
2439.397
2439.644
2439.892
2440.139
2440.387
2440.634
2440.882
2441.129
2441.376
2441.624
2441.871
2442.119
2442.366
2442.613
2442.861
2443.108
2443.356
2443.603
2443.851
2444.098
2444.345
2444.593
2444.840
2445.088
2445.335
2445.582
2445.830
2446.077
2446.325
2446.572
2446.820
2447.067
2447.314
2447.562
2447.809
2448.057
2448.304
2448.551
2448.799
2449.046
2449.294
2449.541
2449.789
2450.036
2450.283
2450.531
2450.778
2451.026
2451.273
2451.521
2451.768
2452.015
2452.263
2452.510
2452.758
2453.005
2453.252
2453.500
2453.747
2453.995
2454.242
2454.490
2454.737
2454.984
2455.232
2455.479
2455.727
2455.974
2456.221
2456.469
2456.716
2456.964
2457.211
2457.459
2457.706
2457.953
2458.201
2458.448
2458.696
2458.943
2459.190
2459.438
2459.685
2459.933
2460.180
2460.428
2460.675
2460.922
2461.170
2461.417
2461.665
2461.912
2462.160
2462.407
2462.654
2462.902
2463.149
2463.397
2463.644
2463.891
2464.139
2464.386
2464.634
2464.881
2465.129
2465.376
2465.623
2465.871
2466.118
2466.366
2466.613
2466.860
2467.108
2467.355
2467.603
2467.850
2468.098
2468.345
2468.592
2468.840
2469.087
2469.335
2469.582
2469.829
2470.077
2470.324
2470.572
2470.819
2471.067
2471.314
2471.561
2471.809
2472.056
2472.304
2472.551
2472.799
2473.046
2473.293
2473.541
2473.788
2474.036
2474.283
2474.530
2474.778
2475.025
2475.273
2475.520
2475.768
2476.015
2476.262
2476.510
2476.757
2477.005
2477.252
2477.499
2477.747
2477.994
2478.242
2478.489
2478.737
2478.984
2479.231
2479.479
2479.726
2479.974
2480.221
2480.468
2480.716
2480.963
2481.211
2481.458
2481.706
2481.953
2482.200
2482.448
2482.695
2482.943
2483.190
2483.438
2483.685
2483.932
2484.180
2484.427
2484.675
2484.922
2485.169
2485.417
2485.664
2485.912
2486.159
2486.407
2486.654
2486.901
2487.149
2487.396
2487.644
2487.891
2488.138
2488.386
2488.633
2488.881
2489.128
2489.376
2489.623
2489.870
2490.118
2490.365
2490.613
2490.860
2491.107
2491.355
2491.602
2491.850
2492.097
2492.345
2492.592
2492.839
2493.087
2493.334
2493.582
2493.829
2494.077
2494.324
2494.571
2494.819
2495.066
2495.314
2495.561
2495.808
2496.056
2496.303
2496.551
2496.798
2497.046
2497.293
2497.540
2497.788
2498.035
2498.283
2498.530
2498.777
2499.025
2499.272
2499.520
2499.767
2500.015
2500.262
2500.509
2500.757
2501.004
2501.252
2501.499
2501.746
2501.994
2502.241
2502.489
2502.736
2502.984
2503.231
2503.478
2503.726
2503.973
2504.221
2504.468
2504.715
2504.963
2505.210
2505.458
2505.705
2505.953
2506.200
2506.447
2506.695
2506.942
2507.190
2507.437
2507.685
2507.932
2508.179
2508.427
2508.674
2508.922
2509.169
2509.416
2509.664
2509.911
2510.159
2510.406
2510.654
2510.901
2511.148
2511.396
2511.643
2511.891
2512.138
2512.385
2512.633
2512.880
2513.128
2513.375
2513.623
2513.870
2514.117
2514.365
2514.612
2514.860
2515.107
2515.354
2515.602
2515.849
2516.097
2516.344
2516.592
2516.839
2517.086
2517.334
2517.581
2518.076
2518.571
2519.066
2519.561
2520.055
2520.550
2521.045
2521.540
2522.035
2522.530
2523.024
2523.519
2524.014
2524.509
2525.004
2525.499
2525.994
2526.488
2526.983
2527.478
2527.973
2528.468
2528.963
2529.457
2529.952
2530.447
2530.942
2531.437
2531.932
2532.426
2532.921
2533.416
2533.911
2534.406
2534.901
2535.395
2535.890
2536.385
2536.880
2537.375
2537.870
2538.364
2538.859
2539.354
2539.849
2540.344
2540.839
2541.333
2541.828
2542.323
2542.818
2543.313
2543.808
2544.302
2544.797
2545.292
2545.787
2546.282
2546.777
2547.272
2547.766
2548.261
2548.756
2549.251
2549.746
2550.241
2550.735
2551.230
2551.725
2552.220
2552.715
2553.210
2553.704
2554.199
2554.694
2555.189
2555.684
2556.179
2556.673
2557.168
2557.663
2558.158
2558.653
2559.148
2559.642
2560.137
2560.632
2561.127
2561.622
2562.117
2562.611
2563.106
2563.601
2564.096
2564.591
2565.086
2565.580
2566.075
2566.570
2567.065
2567.560
2568.055
2568.549
2569.044
2569.539
2570.034
