132.800
133.773
134.746
135.718
136.691
137.664
138.637
139.610
140.582
141.555
142.528
143.501
144.474
145.446
146.419
147.392
148.365
148.852
149.339
149.827
150.314
150.802
151.289
151.776
152.264
152.751
153.238
153.726
154.213
154.700
155.188
155.675
156.162
156.650
157.137
157.624
158.112
158.599
159.086
159.574
160.061
160.549
161.036
161.523
162.011
162.498
162.985
163.473
163.960
164.932
165.904
166.877
167.849
168.821
169.793
170.765
171.738
172.710
173.682
174.654
175.626
176.598
177.571
178.543
179.515
180.003
180.490
180.978
181.466
181.953
182.441
182.929
183.416
183.904
184.392
184.879
185.367
185.855
186.342
186.830
187.318
187.805
188.293
188.780
189.268
189.756
190.243
190.731
191.219
191.706
192.194
192.682
193.169
193.657
194.145
194.632
195.120
195.363
195.607
195.850
196.093
196.337
196.580
197.067
197.310
197.553
197.797
198.040
198.283
198.527
199.013
199.257
199.500
199.743
199.987
200.230
200.473
200.960
201.203
201.447
201.690
201.933
202.177
202.420
202.907
203.150
203.393
203.637
203.880
204.123
204.367
204.853
205.097
205.340
205.583
205.827
206.070
206.313
206.800
207.780
208.760
209.740
210.720
210.963
211.207
211.450
211.693
211.937
212.180
212.667
212.910
213.153
213.397
213.640
213.883
214.127
214.613
214.857
215.100
215.343
215.587
215.830
216.073
216.560
216.803
217.047
217.290
217.533
217.777
218.020
218.507
218.750
218.993
219.237
219.480
219.723
219.967
220.453
220.697
220.940
221.183
221.427
221.670
221.913
222.400
223.370
224.340
225.310
226.280
226.766
227.253
227.739
228.226
228.712
229.199
229.685
230.172
230.658
231.145
231.631
232.117
232.604
233.090
233.577
234.063
234.550
235.036
235.523
236.009
236.495
236.982
237.468
237.955
238.441
238.928
239.414
239.901
240.387
240.874
241.360
241.880
242.123
242.366
242.853
243.096
243.339
243.825
244.068
244.311
244.798
245.041
245.284
245.770
246.013
246.257
246.743
246.986
247.229
247.715
247.959
248.202
248.688
248.931
249.174
249.661
249.904
250.147
250.633
250.876
251.119
251.606
251.849
252.092
252.578
252.821
253.065
253.551
253.794
254.037
254.523
254.767
255.010
255.496
255.739
255.982
256.469
256.712
256.955
257.441
258.413
259.385
260.357
261.329
262.301
263.273
264.246
265.218
265.706
266.194
266.682
267.170
267.658
268.146
268.634
269.122
269.611
270.099
270.587
271.075
271.563
272.051
272.539
273.040
273.283
273.526
273.769
274.013
274.256
274.499
274.985
275.228
275.471
275.714
275.958
276.201
276.444
276.930
277.173
277.416
277.659
277.903
278.146
278.389
278.875
279.118
279.361
279.604
279.848
280.091
280.334
280.820
281.063
281.306
281.549
281.793
282.036
282.279
282.765
283.008
283.251
283.494
283.738
283.981
284.224
284.710
284.953
285.196
285.439
285.683
285.926
286.169
286.655
286.898
287.141
287.384
287.628
287.871
288.114
288.600
289.573
290.547
291.520
292.493
293.467
294.440
295.413
296.387
297.360
298.333
299.307
300.280
300.767
301.253
301.740
302.227
302.713
303.200
303.687
304.173
304.660
305.147
305.633
306.120
306.607
307.093
307.580
308.067
308.553
309.040
309.527
310.013
310.500
310.987
311.473
311.960
312.447
312.933
313.420
313.907
314.393
314.880
315.367
315.853
316.340
316.827
317.313
317.800
318.287
318.773
319.260
319.747
320.233
320.720
321.207
321.693
322.180
322.667
323.153
323.640
323.884
324.127
324.615
324.859
325.102
325.590
325.834
326.077
326.565
326.809
327.052
327.540
327.784
328.027
328.515
328.759
329.002
329.490
329.734
329.977
330.465
330.709
330.952
331.440
331.684
331.927
332.415
332.659
332.902
333.390
333.634
333.877
334.365
334.609
334.852
335.340
335.584
335.827
336.315
336.559
336.802
337.290
337.534
337.777
338.265
338.509
338.752
339.240
339.482
339.725
339.967
340.210
340.452
340.694
341.179
341.421
341.664
341.906
342.149
342.391
342.633
343.118
343.361
343.603
343.845
344.088
344.330
344.573
345.057
345.300
345.542
345.784
346.027
346.269
346.512
346.996
347.239
347.481
347.724
347.966
348.208
348.451
348.935
349.178
349.420
349.663
349.905
350.147
350.390
350.875
351.853
352.832
353.810
354.791
355.034
355.277
355.520
355.764
356.007
356.250
356.737
356.980
357.223
357.466
357.710
357.953
358.196
358.682
358.926
359.169
359.412
359.655
359.899
360.142
360.628
360.872
361.115
361.358
361.601
361.844
362.088
362.574
362.817
363.061
363.304
363.547
363.790
364.034
364.520
364.763
365.006
365.250
365.493
365.736
365.979
366.466
367.447
368.429
369.410
419.200
420.320
421.440
422.560
423.680
424.800
425.920
427.040
428.160
429.280
430.400
431.520
432.640
433.760
434.880
436.000
437.120
438.240
439.360
440.480
441.600
442.720
443.840
444.960
445.521
446.082
446.643
447.205
447.766
448.327
448.888
449.449
450.010
450.571
451.133
451.694
452.255
452.816
453.377
453.938
454.499
455.061
455.622
456.183
456.744
457.305
457.866
458.427
458.989
459.550
460.111
460.672
461.233
461.794
462.355
462.917
463.478
464.039
464.600
464.880
465.161
465.442
465.722
466.283
466.844
467.125
467.405
467.967
468.528
469.089
469.369
469.650
469.930
470.211
470.772
471.333
471.614
471.894
472.455
473.017
473.578
473.858
474.139
474.419
474.700
475.261
475.822
476.103
476.383
476.944
477.505
478.067
478.347
478.628
478.908
479.189
479.750
480.311
480.592
480.872
481.433
481.713
481.993
482.273
482.554
482.834
483.114
483.674
483.954
484.234
484.514
484.794
485.074
485.354
485.914
486.195
486.475
486.755
487.035
487.315
487.595
488.155
488.435
488.715
488.995
489.275
489.556
489.836
490.396
490.676
490.956
491.236
491.516
491.796
492.076
492.636
492.916
493.197
493.477
493.757
494.037
494.317
494.877
495.157
495.437
495.717
495.997
496.277
496.557
497.118
497.398
497.678
497.958
498.238
498.518
498.798
499.358
499.638
499.918
500.198
500.479
500.759
501.039
501.599
501.879
502.159
502.439
502.719
502.999
503.279
503.840
504.120
504.400
504.680
504.960
505.240
505.520
506.080
506.360
506.640
506.920
507.200
507.481
507.761
508.321
509.446
510.571
511.695
512.820
513.945
515.070
516.195
517.320
517.598
517.877
518.155
518.433
518.712
518.990
519.268
519.547
519.825
520.103
520.382
520.660
520.938
521.217
521.495
521.773
521.914
522.055
522.195
522.336
522.477
522.618
522.758
522.899
523.040
523.181
523.321
523.462
523.603
523.744
523.884
524.025
524.166
524.306
524.447
524.588
524.729
524.869
525.010
526.280
526.841
527.403
527.683
527.964
528.244
528.525
529.086
529.648
529.928
530.209
530.770
531.331
531.893
532.173
532.454
532.734
533.015
533.576
534.138
534.418
534.699
535.260
535.821
536.383
536.663
536.944
537.224
537.505
538.066
538.628
538.908
539.189
539.750
540.311
540.873
541.153
541.434
541.714
541.995
542.556
543.118
543.398
543.679
544.240
544.520
544.800
545.080
545.360
545.640
545.920
546.480
546.760
547.040
547.320
547.600
547.880
548.160
548.720
549.000
549.280
549.560
549.840
550.120
550.400
550.960
551.240
551.520
551.800
552.080
552.360
552.640
553.200
554.320
555.440
556.560
557.680
558.800
559.920
561.040
562.160
562.723
563.285
563.848
564.410
564.973
565.535
566.098
566.660
566.939
567.217
567.495
567.773
568.052
568.330
568.608
568.886
569.165
569.443
569.721
569.999
572.240
572.801
573.362
573.642
573.923
574.203
574.484
575.045
575.606
575.886
576.167
576.728
577.289
577.850
578.130
578.411
578.691
578.972
579.533
580.094
580.374
580.654
581.215
581.776
582.337
582.618
582.898
583.179
583.459
584.020
584.581
584.862
585.142
585.703
586.264
586.825
587.106
587.386
587.667
587.947
588.508
589.069
589.349
589.630
590.191
590.472
590.752
591.033
591.314
591.595
591.876
592.437
592.718
592.999
593.280
593.560
593.841
594.122
594.684
594.964
595.245
595.526
595.807
596.088
596.368
596.930
597.211
597.491
597.772
598.053
598.334
598.615
599.176
599.457
599.738
600.019
600.299
600.580
600.861
601.423
601.703
601.984
602.265
602.546
602.827
603.107
603.669
603.950
604.230
604.511
604.792
605.073
605.354
605.915
606.196
606.477
606.758
607.038
607.319
607.600
667.240
668.465
669.690
670.915
672.140
673.365
674.590
675.815
677.040
677.651
678.263
678.874
679.486
680.097
680.709
681.320
681.931
682.543
683.154
683.766
684.377
684.989
685.600
686.211
686.823
687.434
688.046
688.657
689.269
689.880
690.491
691.103
691.714
692.326
692.937
693.549
694.160
694.771
695.383
695.994
696.606
697.217
697.829
698.442
698.748
699.054
699.667
700.279
700.891
701.197
701.504
702.116
702.728
703.341
703.647
703.953
704.565
705.178
705.790
706.096
706.402
707.015
707.627
708.239
708.546
708.852
709.464
710.076
710.689
710.995
711.301
711.914
712.526
713.138
713.444
713.751
714.363
714.975
715.588
715.894
716.200
716.506
716.812
717.117
717.423
717.729
718.035
718.341
718.647
718.953
719.259
719.565
719.871
720.177
720.483
720.789
721.095
721.401
721.707
722.013
722.319
722.625
722.931
723.237
723.543
723.849
724.155
724.461
724.767
725.073
725.379
725.685
725.991
726.296
726.602
726.908
727.214
727.520
727.826
728.132
728.438
728.744
729.050
729.356
729.662
729.968
730.274
730.580
730.886
731.192
731.498
731.804
732.110
732.416
732.722
733.028
733.334
733.640
733.946
734.252
734.558
734.864
735.170
735.475
735.781
736.394
737.006
737.618
738.231
738.843
739.455
740.067
740.680
741.292
741.904
742.516
743.129
743.741
744.353
744.965
745.578
746.190
746.802
747.414
748.027
748.639
749.251
749.863
750.476
751.088
751.700
752.313
752.925
753.537
754.149
754.762
755.374
755.986
756.598
757.210
757.516
757.822
758.434
759.046
759.658
759.964
760.271
760.883
761.495
762.107
762.413
762.719
763.331
763.943
764.555
764.861
765.167
765.779
766.391
767.003
767.309
767.615
768.227
768.839
769.451
769.757
770.064
770.676
771.288
771.900
772.206
772.512
773.124
773.736
774.348
774.654
774.960
775.880
776.186
776.797
777.409
778.327
778.632
779.244
779.856
780.773
781.079
781.691
782.302
783.220
783.525
784.137
784.749
785.666
785.972
786.584
787.195
788.113
788.419
789.030
789.642
790.559
790.865
791.477
792.088
793.006
793.312
793.923
794.535
794.842
795.148
795.455
795.761
796.068
796.375
796.681
796.988
797.295
797.601
797.908
798.215
798.521
798.828
799.135
799.441
799.748
800.054
800.361
800.668
800.974
801.281
801.588
801.894
802.201
802.508
802.814
803.121
803.428
803.734
804.041
804.347
804.654
804.961
805.267
805.574
805.881
806.187
806.494
806.801
807.107
807.414
807.721
808.027
808.334
808.640
808.947
809.254
809.560
809.867
810.174
810.480
810.787
811.094
811.400
811.707
812.014
812.320
812.627
812.933
813.240
813.547
813.853
814.160
814.773
815.386
815.998
816.305
816.611
817.223
817.836
818.448
818.754
819.061
819.673
820.286
820.898
821.204
821.511
822.123
822.735
823.348
823.654
823.960
824.573
825.185
825.798
826.104
826.410
827.023
827.635
828.248
828.554
828.860
829.473
830.085
830.698
831.004
831.310
831.923
832.535
833.148
833.454
833.760
834.980
836.200
837.420
838.640
839.860
841.080
842.300
843.520
844.136
844.748
845.361
845.667
845.973
846.586
847.198
847.810
848.117
848.423
849.035
849.647
850.260
850.566
850.872
851.485
852.097
852.709
853.016
853.322
853.934
854.547
855.159
855.465
855.771
856.384
856.996
857.609
857.915
858.221
858.833
859.446
860.058
860.364
860.670
861.283
861.895
862.508
862.814
863.120
863.426
863.733
864.039
864.345
864.651
864.958
865.264
865.570
865.876
866.183
866.489
866.795
867.101
867.407
867.714
868.020
868.326
868.632
868.939
869.245
869.551
869.857
870.164
870.470
870.776
871.082
871.389
871.695
872.001
872.307
872.614
872.920
873.226
873.532
873.839
874.145
874.451
874.757
875.064
875.370
875.676
875.982
876.289
876.595
876.901
877.207
877.514
877.820
878.126
878.432
878.738
879.045
879.351
879.657
879.963
880.270
880.576
880.882
881.188
881.495
881.801
882.107
882.413
934.200
934.675
935.150
935.625
935.863
936.100
936.575
937.050
937.525
937.763
938.000
938.475
938.950
939.425
939.663
939.900
940.375
940.850
941.325
941.563
941.800
942.275
942.750
943.225
943.463
943.700
944.175
944.650
945.125
945.363
945.600
946.075
946.550
947.025
947.263
947.500
947.975
948.450
948.925
949.163
949.400
950.354
951.308
952.262
953.216
954.170
955.124
956.078
957.032
957.986
958.940
959.894
960.848
961.802
962.756
963.710
964.664
965.618
966.572
967.526
968.480
968.956
969.432
970.385
970.861
971.337
972.290
972.766
973.242
974.195
974.671
975.147
976.100
976.576
977.052
978.005
978.481
978.957
979.910
980.386
980.862
981.815
982.291
982.767
983.720
983.958
984.196
984.672
984.911
985.149
985.625
985.863
986.101
986.577
986.816
987.054
987.530
987.768
988.006
988.482
988.721
988.959
989.435
989.673
989.911
990.387
990.626
990.864
991.340
991.578
991.816
992.292
992.531
992.769
993.245
993.483
993.721
994.197
994.436
994.674
995.150
995.388
995.626
996.102
996.341
996.579
997.055
997.293
997.531
998.007
998.246
998.484
998.960
999.198
999.436
999.912
1000.151
1000.389
1000.865
1001.103
1001.341
1001.817
1002.056
1002.294
1002.770
1003.008
1003.246
1003.722
1003.961
1004.199
1004.675
1004.913
1005.151
1005.627
1005.866
1006.104
1006.580
1006.818
1007.056
1007.532
1007.771
1008.009
1008.485
1008.723
1008.961
1009.437
1009.676
1009.914
1010.390
1010.628
1010.866
1011.342
1011.581
1011.819
1012.295
1012.533
1012.771
1013.247
1013.486
1013.724
1014.200
1014.676
1015.151
1015.627
1016.103
1016.579
1017.055
1017.531
1018.007
1018.483
1018.959
1019.435
1019.910
1020.386
1020.862
1021.338
1021.814
1022.290
1022.766
1023.242
1023.718
1024.194
1024.669
1025.145
1025.621
1026.097
1026.573
1027.049
1027.525
1028.001
1028.477
1028.953
1029.428
1029.904
1030.380
1030.856
1031.332
1031.808
1032.284
1032.760
1033.236
1033.712
1034.187
1035.124
1035.601
1036.078
1037.031
1037.508
1037.985
1038.938
1039.415
1039.892
1040.845
1041.322
1041.799
1042.752
1043.229
1043.706
1044.659
1045.136
1045.613
1046.566
1047.043
1047.520
1048.480
1048.718
1048.956
1049.432
1049.670
1049.908
1050.384
1050.622
1050.860
1051.336
1051.574
1051.811
1052.287
1052.525
1052.763
1053.239
1053.477
1053.715
1054.191
1054.429
1054.667
1055.143
1055.381
1055.619
1056.095
1056.333
1056.571
1057.047
1057.285
1057.523
1057.999
1058.236
1058.474
1058.950
1059.188
1059.426
1059.902
1060.140
1060.378
1060.854
1061.092
1061.330
1061.806
1062.044
1062.282
1062.758
1062.996
1063.234
1063.710
1063.948
1064.186
1064.661
1064.899
1065.137
1065.613
1065.851
1066.089
1066.565
1066.803
1067.041
1067.517
1067.755
1067.993
1068.469
1068.707
1068.945
1069.421
1069.659
1069.897
1070.373
1070.611
1070.849
1071.324
1071.562
1071.800
1072.276
1072.514
1072.752
1073.228
1073.466
1073.704
1074.180
1074.418
1074.656
1075.132
1075.370
1075.608
1076.084
1076.322
1076.560
1077.036
1077.274
1077.511
1077.987
1078.225
1078.463
1078.939
1079.680
1079.918
1080.394
1080.869
1081.583
1081.821
1082.296
1082.772
1083.486
1083.724
1084.199
1084.675
1085.388
1085.626
1086.102
1086.578
1087.291
1087.529
1088.005
1088.481
1089.194
1089.432
1089.908
1090.383
1091.097
1091.335
1091.811
1092.286
1093.000
1093.238
1093.713
1098.000
1098.476
1098.952
1099.904
1100.380
1100.856
1101.808
1102.284
1102.760
1103.712
1104.188
1104.664
1105.616
1106.092
1106.568
1107.520
1107.996
1108.472
1109.424
1109.900
1110.376
1111.328
1111.804
1112.280
1113.232
1113.470
1113.708
1113.947
1114.185
1114.423
1114.661
1115.138
1115.376
1115.614
1115.852
1116.090
1116.328
1116.567
1117.043
1117.281
1117.519
1117.758
1117.996
1118.234
1118.472
1118.949
1119.187
1119.425
1119.663
1119.901
1120.139
1120.378
1120.854
1121.092
1121.330
1121.569
1121.807
1122.045
1122.283
1122.759
1122.998
1123.236
1123.474
1123.712
1123.950
1124.189
1124.665
1124.903
1125.141
1125.380
1125.618
1125.856
1126.094
1126.570
1126.809
1127.047
1127.285
1127.523
1127.761
1128.000
1128.476
1128.714
1128.952
1129.191
1129.429
1129.667
1129.905
1130.381
1130.620
1130.858
1131.096
1131.334
1131.572
1131.811
1132.287
1132.525
1132.763
1133.002
1133.240
1133.478
1133.716
1134.192
1134.431
1134.669
1134.907
1135.145
1135.383
1135.622
1136.098
1136.336
1136.574
1136.813
1137.051
1137.289
1137.527
1138.003
1138.242
1138.480
1138.718
1138.956
1139.194
1139.433
1139.909
1140.147
1140.385
1140.624
1140.862
1141.100
1141.338
1141.814
1142.053
1142.291
1142.529
1142.767
1143.005
1143.244
1143.723
1144.199
1144.675
1145.151
1145.389
1145.627
1146.103
1146.579
1147.055
1147.293
1147.532
1148.008
1148.484
1148.960
1149.198
1149.436
1149.912
1150.388
1150.864
1151.102
1151.340
1151.816
1152.293
1152.769
1153.007
1153.245
1153.721
1154.197
1154.673
1154.911
1155.149
1155.625
1156.101
1156.578
1156.816
1157.054
1157.530
1158.006
1158.482
1158.720
1205.680
1206.905
1208.130
1209.355
1210.580
1211.805
1213.030
1214.255
1215.480
1216.089
1216.699
1217.308
1217.918
1218.527
1219.136
1219.746
1220.355
1220.965
1221.574
1222.184
1222.793
1223.402
1224.012
1224.621
1225.231
1225.840
1225.993
1226.147
1226.453
1227.067
1227.680
1228.293
1228.447
1228.600
1228.907
1229.520
1230.133
1230.747
1230.900
1231.053
1231.360
1231.973
1232.587
1233.200
1233.353
1233.507
1233.813
1234.427
1235.040
1235.653
1235.807
1235.960
1236.267
1236.880
1237.493
1238.107
1238.260
1238.413
1238.720
1239.333
1239.947
1240.560
1240.713
1240.867
1241.173
1241.787
1242.400
1243.013
1243.167
1243.320
1243.627
1244.240
1247.280
1247.893
1248.505
1249.118
1249.730
1250.343
1250.955
1251.568
1252.180
1252.793
1253.405
1254.018
1254.630
1255.243
1255.855
1256.468
1257.080
1257.693
1258.305
1258.918
1259.530
1260.143
1260.755
1261.368
1261.980
1262.593
1263.205
1263.818
1264.430
1265.043
1265.655
1266.268
1266.880
1267.186
1267.492
1268.103
1268.409
1268.715
1269.327
1269.632
1269.938
1270.550
1270.856
1271.162
1271.773
1272.079
1272.385
1272.997
1273.302
1273.608
1274.220
1274.526
1274.832
1275.443
1275.749
1276.055
1276.667
1276.972
1277.278
1277.890
1278.196
1278.502
1279.113
1279.419
1279.725
1280.337
1280.642
1280.948
1281.565
1282.181
1282.798
1283.414
1284.031
1284.647
1285.264
1285.880
1291.360
1292.000
1292.153
1292.306
1292.612
1293.223
1293.835
1294.446
1294.599
1294.752
1295.058
1295.670
1296.281
1296.893
1297.046
1297.199
1297.505
1298.116
1298.728
1299.339
1299.492
1299.645
1299.951
1300.563
1301.174
1301.786
1301.939
1302.092
1302.397
1303.009
1303.621
1304.232
1304.385
1304.538
1304.844
1305.455
1306.067
1306.679
1306.832
1306.985
1307.290
1307.902
1308.514
1309.125
1309.278
1309.431
1309.737
1310.348
1310.960
1311.266
1311.572
1311.725
1311.878
1312.184
1312.490
1312.796
1313.102
1313.408
1313.714
1314.020
1314.173
1314.326
1314.632
1314.938
1315.244
1315.550
1315.857
1316.163
1316.469
1316.622
1316.775
1317.081
1317.387
1317.693
1317.999
1318.305
1318.611
1318.917
1319.070
1319.223
1319.529
1319.835
1320.141
1320.447
1320.753
1321.059
1321.365
1321.518
1321.671
1321.977
1322.283
1322.589
1322.895
1323.201
1323.507
1323.813
1323.966
1324.119
1324.425
1324.731
1325.037
1325.343
1325.650
1325.956
1326.262
1326.415
1326.568
1326.874
1327.180
1327.486
1327.792
1328.098
1328.404
1328.710
1328.863
1329.016
1329.322
1329.628
1329.934
1330.240
1333.000
1333.612
1334.224
1334.835
1335.447
1336.059
1336.671
1337.282
1337.894
1338.506
1339.118
1339.729
1340.341
1340.953
1341.565
1342.176
1342.788
1343.400
1344.012
1344.624
1345.235
1345.847
1346.459
1347.071
1347.682
1348.294
1348.906
1349.518
1350.129
1350.741
1351.353
1351.965
1352.576
1353.188
1353.800
1355.027
1355.642
1356.257
1357.487
1358.102
1358.717
1359.946
1360.561
1361.176
1362.400
1362.706
1363.013
1363.625
1363.931
1364.238
1364.850
1365.156
1365.463
1366.075
1366.381
1366.688
1367.300
1367.606
1367.913
1368.525
1368.831
1369.138
1369.750
1370.056
1370.363
1370.975
1371.281
1371.588
1372.200
1372.800
1372.953
1373.106
1373.412
1374.024
1374.636
1375.248
1375.401
1375.554
1375.861
1376.473
1377.085
1377.697
1377.850
1378.003
1378.309
1378.921
1379.533
1380.145
1380.298
1380.451
1380.757
1381.369
1381.982
1382.594
1382.747
1382.900
1383.206
1383.818
1384.430
1385.042
1385.195
1385.348
1385.654
1386.266
1386.878
1387.491
1387.644
1387.797
1388.103
1388.715
1389.327
1389.939
1390.092
1390.245
1390.551
1391.163
1391.775
1392.081
1392.387
1392.540
1392.693
1392.999
1393.305
1393.611
1393.917
1394.223
1394.529
1394.835
1394.988
1395.141
1395.447
1395.753
1396.059
1396.365
1396.671
1396.977
1397.283
1397.436
1397.589
1397.895
1398.201
1398.508
1398.814
1399.120
1399.426
1399.732
1399.885
1400.038
1400.344
1400.650
1400.956
1401.262
1401.568
1401.874
1402.180
1402.333
1402.486
1402.792
1403.098
1403.404
1403.710
1404.016
1404.322
1404.628
1404.781
1404.934
1405.240
1405.546
1405.852
1406.158
1406.464
1406.770
1407.076
1407.229
1407.382
1407.688
1407.994
1408.300
1408.606
1408.912
1409.218
1409.524
1409.677
1409.830
1410.136
1410.442
1410.748
1411.054
1411.360
1411.972
1412.585
1413.197
1413.809
1414.421
1415.034
1415.646
1416.258
1416.871
1417.483
1418.095
1418.707
1419.320
1419.932
1420.544
1421.157
1421.769
1422.381
1422.993
1423.606
1424.218
1424.830
1425.443
1426.055
1426.667
1427.280
1427.892
1428.504
1429.116
1429.729
1430.341
1430.953
1431.566
1432.178
1432.790
1433.402
1434.015
1434.627
1435.239
1435.852
1436.464
1437.076
1437.688
1438.301
1438.913
1439.525
1440.138
1440.750
1441.362
1441.974
1442.587
1443.199
1443.811
1444.424
1445.036
1445.648
1446.261
1446.873
1447.485
1448.097
1448.710
1449.322
1449.934
1505.360
1506.376
1507.393
1508.409
1509.425
1510.442
1511.458
1512.475
1513.491
1514.507
1515.524
1516.540
1517.556
1518.573
1519.589
1520.605
1521.622
1522.638
1523.655
1524.671
1525.687
1526.704
1527.720
1528.228
1528.736
1529.244
1529.751
1530.259
1530.767
1531.275
1531.783
1532.291
1532.799
1533.307
1533.814
1534.322
1534.830
1535.338
1535.846
1536.354
1536.862
1537.369
1537.877
1538.385
1538.893
1539.401
1539.909
1540.417
1540.925
1541.432
1541.940
1542.448
1542.956
1543.464
1543.972
1544.480
1544.987
1545.495
1545.750
1546.004
1546.512
1547.021
1547.529
1547.783
1548.038
1548.546
1549.054
1549.563
1549.817
1550.071
1550.580
1551.088
1551.597
1551.851
1552.105
1552.613
1553.122
1553.630
1553.885
1554.139
1554.647
1555.156
1555.664
1555.918
1556.173
1556.681
1557.189
1557.698
1557.952
1558.206
1558.715
1559.223
1559.732
1559.987
1560.241
1560.496
1560.624
1561.006
1561.771
1562.026
1562.281
1562.536
1562.664
1563.046
1563.811
1564.066
1564.321
1564.576
1564.703
1565.086
1565.850
1566.105
1566.360
1566.615
1566.743
1567.125
1567.890
1568.145
1568.400
1568.909
1569.417
1569.926
1570.435
1570.944
1571.452
1571.961
1572.470
1572.979
1573.487
1573.996
1574.505
1575.014
1575.522
1576.031
1576.540
1577.049
1577.557
1578.066
1578.575
1579.084
1579.592
1580.101
1580.610
1581.119
1581.627
1582.136
1582.645
1583.154
1583.662
1584.171
1584.680
1584.933
1585.060
1585.440
1586.200
1586.454
1586.708
1586.962
1587.089
1587.469
1588.231
1588.485
1588.739
1588.992
1589.119
1589.500
1590.262
1590.516
1590.770
1591.023
1591.150
1591.531
1592.293
1592.547
1592.800
1593.054
1593.181
1593.562
1594.324
1594.577
1594.831
1595.085
1595.212
1595.593
1596.354
1596.608
1596.862
1597.116
1597.243
1597.624
1598.385
1598.639
1598.893
1599.147
1599.274
1599.655
1600.416
1600.670
1600.925
1601.179
1601.433
1601.687
1601.942
1602.196
1602.450
1602.704
1602.959
1603.213
1603.467
1603.721
1603.976
1604.230
1604.484
1604.738
1604.993
1605.247
1605.501
1605.755
1606.010
1606.264
1606.518
1606.772
1607.027
1607.281
1607.535
1607.789
1608.044
1608.298
1608.552
1608.806
1609.061
1609.315
1609.569
1609.823
1610.078
1610.332
1610.586
1610.840
1611.095
1611.349
1611.603
1611.857
1612.112
1612.366
1612.620
1612.874
1613.129
1613.383
1613.637
1613.891
1614.146
1614.400
1614.654
1614.908
1615.163
1615.417
1615.671
1615.925
1616.180
1616.434
1616.688
1616.943
1617.197
1617.452
1617.579
1617.961
1618.724
1618.979
1619.233
1619.488
1619.615
1619.997
1620.760
1621.015
1621.269
1621.524
1621.651
1622.033
1622.796
1623.051
1623.305
1623.560
1623.687
1624.069
1624.832
1625.087
1625.341
1625.596
1625.723
1626.105
1626.868
1627.123
1627.377
1627.632
1627.759
1628.141
1628.904
1629.159
1629.413
1629.668
1629.795
1630.177
1630.940
1631.195
1631.449
1631.704
1631.831
1632.213
1632.977
1633.231
1633.485
1633.993
1634.501
1635.009
1635.263
1635.517
1636.025
1636.533
1637.041
1637.295
1637.549
1638.057
1638.565
1639.074
1639.328
1639.582
1640.090
1640.598
1641.106
1641.360
1641.614
1642.122
1642.630
1643.138
1643.392
1643.646
1644.154
1644.662
1645.171
1645.425
1645.679
1646.187
1646.695
1647.203
1647.457
1647.711
1648.219
1648.727
1649.235
1649.489
1649.743
1649.997
1650.124
1650.505
1651.267
1651.522
1651.776
1652.030
1652.157
1652.538
1653.300
1653.554
1653.808
1654.062
1654.189
1654.570
1655.332
1655.586
1655.840
1656.094
1656.221
1656.602
1657.364
1657.618
1657.872
1658.126
1658.253
1658.635
1659.397
1659.651
1659.905
1660.159
1660.286
1660.667
1661.429
1661.683
1661.937
1662.191
1662.318
1662.699
1663.461
1663.715
1663.969
1664.223
1664.350
1664.731
1665.494
1665.748
1666.003
1666.257
1666.512
1666.767
1667.021
1667.276
1667.530
1667.785
1668.040
1668.294
1668.549
1668.804
1669.058
1669.313
1669.567
1669.822
1670.077
1670.331
1670.586
1670.840
1671.095
1671.350
1671.604
1671.859
1672.114
1672.368
1672.623
1672.877
1673.132
1673.387
1673.641
1673.896
1674.150
1674.405
1674.660
1674.914
1675.169
1675.424
1675.678
1675.933
1676.187
1676.442
1676.697
1676.951
1677.206
1677.460
1677.715
1677.970
1678.224
1678.479
1678.734
1678.988
1679.243
1679.497
1679.752
1680.007
1680.261
1680.516
1680.771
1681.025
1737.960
1739.561
1741.162
1742.762
1744.363
1745.964
1747.565
1749.165
1750.766
1751.566
1752.365
1753.165
1753.964
1754.764
1755.563
1756.363
1757.162
1757.962
1758.762
1759.561
1760.361
1761.160
1761.960
1762.759
1763.559
1764.359
1765.158
1765.958
1766.757
1767.557
1768.356
1769.156
1769.955
1770.755
1771.555
1772.354
1773.154
1773.953
1774.753
1775.552
1776.352
1776.752
1777.153
1777.553
1777.954
1778.354
1778.755
1779.155
1779.556
1779.956
1780.357
1780.757
1781.158
1781.558
1781.959
1782.359
1782.760
1782.961
1783.163
1783.364
1783.566
1783.767
1783.969
1784.170
1784.372
1784.573
1784.775
1784.976
1785.178
1785.379
1785.581
1785.782
1785.984
1786.185
1786.387
1786.588
1786.790
1786.991
1787.193
1787.394
1787.596
1787.797
1787.999
1788.200
1789.200
1789.600
1790.000
1790.400
1790.600
1790.800
1791.000
1791.200
1791.400
1791.600
1792.400
1792.800
1793.200
1793.600
1793.800
1794.000
1794.200
1794.400
1794.600
1794.800
1795.600
1796.000
1796.400
1796.800
1797.000
1797.200
1797.400
1797.600
1797.800
1798.000
1798.800
1799.200
1799.600
1800.000
1800.200
1800.400
1800.600
1800.800
1801.000
1801.200
1802.000
1802.400
1802.800
1803.200
1803.400
1803.600
1803.800
1804.000
1804.200
1804.400
1805.200
1805.600
1806.000
1806.400
1806.600
1806.800
1807.000
1807.200
1807.400
1807.600
1808.400
1808.800
1809.200
1809.600
1809.800
1810.000
1810.200
1810.400
1810.600
1810.800
1811.600
1812.000
1812.400
1812.800
1813.000
1813.200
1813.400
1813.600
1813.800
1814.000
1814.800
1815.599
1816.397
1817.196
1817.995
1818.794
1819.592
1820.391
1821.190
1821.988
1822.787
1823.586
1824.385
1825.183
1825.982
1826.781
1827.579
1828.378
1829.177
1829.975
1830.774
1831.573
1832.372
1833.170
1833.969
1834.768
1835.566
1836.365
1837.164
1837.963
1838.761
1839.560
1853.160
1853.761
1853.961
1854.362
1854.763
1855.363
1855.564
1855.964
1856.365
1856.966
1857.166
1857.567
1857.968
1858.568
1858.769
1859.169
1859.570
1860.171
1860.371
1860.772
1861.173
1861.773
1861.974
1862.374
1862.775
1863.376
1863.576
1863.977
1864.378
1864.978
1865.179
1865.579
1865.980
1866.581
1866.781
1867.182
1867.583
1868.183
1868.384
1868.784
1869.185
1869.786
1869.986
1870.387
1870.788
1871.388
1871.589
1871.989
1872.390
1872.991
1873.191
1873.592
1873.993
1874.593
1874.794
1875.194
1875.595
1876.196
1876.396
1876.797
1877.198
1877.798
1877.999
1878.396
1878.793
1879.193
1879.593
1879.993
1880.193
1880.392
1880.592
1880.792
1880.992
1881.192
1881.991
1882.391
1882.791
1883.191
1883.391
1883.590
1883.790
1883.990
1884.190
1884.390
1885.189
1885.589
1885.989
1886.389
1886.589
1886.788
1886.988
1887.188
1887.388
1887.588
1888.387
1888.787
1889.187
1889.587
1889.787
1889.986
1890.186
1890.386
1890.586
1890.786
1891.585
1891.985
1892.385
1892.785
1892.985
1893.184
1893.384
1893.584
1893.784
1893.984
1894.783
1895.183
1895.583
1895.983
1896.182
1896.382
1896.582
1896.782
1896.982
1897.182
1897.981
1898.381
1898.781
1899.181
1899.380
1899.580
1899.780
1899.980
1900.180
1900.380
1901.179
1901.579
1901.979
1902.379
1902.578
1902.778
1902.978
1903.178
1903.378
1903.578
1904.377
1904.777
1905.177
1905.577
1905.776
1905.976
1906.176
1906.376
1906.576
1906.776
1907.575
1907.975
1908.375
1908.775
1908.974
1909.174
1909.374
1909.574
1909.774
1909.974
1910.773
1911.173
1911.573
1911.973
1912.172
1912.372
1912.572
1912.772
1912.972
1913.172
1913.971
1914.371
1914.771
1915.170
1915.370
1915.570
1915.770
1915.970
1916.170
1916.370
1917.169
1917.569
1917.969
1918.368
1918.568
1918.768
1918.968
1919.168
1919.368
1919.568
1920.367
1920.767
1921.167
1921.566
1921.766
1921.966
1922.166
1922.366
1922.566
1922.766
1923.565
1923.965
1924.365
1924.764
1924.964
1925.164
1925.364
1925.564
1925.764
1925.964
1926.763
1927.163
1927.563
1927.962
1928.162
1928.362
1928.562
1928.762
1928.962
1929.162
1929.961
1930.361
1930.761
1931.160
1931.360
1931.560
1931.760
1931.960
1932.160
1932.360
1933.159
1933.559
1933.959
1934.358
1934.558
1934.758
1934.958
1935.158
1935.358
1935.558
1936.357
1936.757
1937.157
1937.556
1937.756
1937.956
1938.156
1938.356
1938.556
1938.756
1939.555
1939.955
1940.355
1940.754
1940.954
1941.154
1941.354
1941.554
1941.754
1941.954
1942.753
1943.354
1943.555
1943.955
1944.556
1944.757
1945.158
1945.558
1945.959
1946.560
1946.761
1947.161
1947.762
1947.963
1948.363
1948.764
1949.165
1949.766
1949.966
1950.367
1950.968
1951.169
1951.569
1951.970
1952.371
1952.972
1953.172
1953.573
1954.174
1954.375
1954.775
1955.176
1955.577
1956.178
1956.378
1956.779
1957.380
1957.581
1957.981
1958.382
1958.783
1959.384
1959.584
1959.985
1960.586
1960.787
1961.187
1961.588
1961.989
1962.590
1962.790
1963.191
1963.792
1963.993
1964.393
1964.794
1965.195
1965.796
1965.996
1966.397
1966.998
1967.199
1967.599
1968.000
2019.880
2021.080
2022.280
2023.480
2024.680
2025.880
2027.080
2028.280
2029.480
2030.680
2031.880
2033.080
2034.280
2035.480
2036.680
2037.880
2039.080
2039.680
2040.280
2040.880
2041.480
2042.080
2042.680
2043.280
2043.880
2044.480
2045.080
2045.680
2046.280
2046.880
2047.480
2048.080
2048.680
2049.280
2049.880
2050.480
2051.080
2051.680
2052.280
2052.880
2053.480
2054.080
2054.680
2055.280
2055.880
2056.480
2057.080
2057.680
2058.280
2058.880
2059.480
2060.080
2060.680
2061.280
2061.880
2062.480
2063.080
2063.680
2064.280
2064.880
2065.480
2066.080
2066.680
2067.280
2067.880
2068.480
2069.080
2069.680
2070.280
2070.880
2071.480
2072.080
2072.680
2073.880
2075.080
2076.280
2077.760
2077.910
2078.060
2078.210
2078.360
2078.660
2078.810
2078.960
2079.110
2079.260
2079.560
2080.160
2080.310
2080.460
2080.610
2080.760
2081.060
2081.210
2081.360
2081.510
2081.660
2081.960
2082.560
2082.710
2082.860
2083.010
2083.160
2083.460
2083.610
2083.760
2083.910
2084.060
2084.360
2084.960
2085.110
2085.260
2085.410
2085.560
2085.860
2086.010
2086.160
2086.310
2086.460
2086.760
2087.360
2087.510
2087.660
2087.810
2087.960
2088.260
2088.410
2088.560
2088.710
2088.860
2089.160
2089.760
2089.910
2090.060
2090.210
2090.360
2090.660
2090.810
2090.960
2091.110
2091.260
2091.560
2092.160
2092.310
2092.460
2092.610
2092.760
2093.060
2093.210
2093.360
2093.510
2093.660
2093.960
2094.560
2094.710
2094.860
2095.010
2095.160
2095.460
2095.610
2095.760
2095.910
2096.060
2096.360
2096.960
2097.110
2097.260
2097.410
2097.560
2097.860
2098.010
2098.160
2098.310
2098.460
2098.760
2099.360
2099.510
2099.660
2099.810
2099.960
2100.260
2100.410
2100.560
2100.710
2100.860
2101.160
2101.760
2101.910
2102.060
2102.210
2102.360
2102.660
2102.810
2102.960
2103.110
2103.260
2103.560
2104.160
2104.310
2104.460
2104.610
2104.760
2105.060
2105.210
2105.360
2105.510
2105.660
2105.960
2106.560
2106.710
2106.860
2107.010
2107.160
2107.460
2107.610
2107.760
2107.910
2108.060
2108.360
2108.960
2109.110
2109.260
2109.410
2109.560
2109.860
2110.010
2110.160
2110.310
2110.460
2110.760
2111.360
2111.510
2111.660
2111.810
2111.960
2112.260
2112.410
2112.560
2112.710
2112.860
2113.160
2113.760
2113.910
2114.060
2114.210
2114.360
2114.660
2114.810
2114.960
2115.110
2115.260
2115.560
2125.480
2126.680
2127.880
2129.080
2130.280
2131.480
2132.680
2133.880
2135.080
2135.680
2136.280
2136.880
2137.480
2138.080
2138.680
2139.280
2139.880
2140.480
2141.080
2141.680
2142.280
2142.880
2143.480
2144.080
2144.680
2144.979
2145.279
2145.578
2145.877
2146.177
2146.476
2146.775
2147.075
2147.374
2147.674
2147.973
2148.272
2148.572
2148.871
2149.170
2149.470
2149.769
2150.068
2150.368
2150.667
2150.966
2151.266
2151.565
2151.865
2152.164
2152.463
2152.763
2153.062
2153.361
2153.661
2153.960
2154.560
2154.710
2154.860
2155.010
2155.160
2155.460
2155.610
2155.760
2155.911
2156.061
2156.361
2156.961
2157.111
2157.261
2157.411
2157.561
2157.861
2158.011
2158.161
2158.312
2158.462
2158.762
2159.362
2159.512
2159.662
2159.812
2159.962
2160.262
2160.412
2160.562
2160.712
2160.863
2161.163
2161.763
2161.913
2162.063
2162.213
2162.363
2162.663
2162.813
2162.963
2163.113
2163.264
2163.564
2164.164
2164.314
2164.464
2164.614
2164.764
2165.064
2165.214
2165.364
2165.514
2165.664
2165.965
2166.565
2166.715
2166.865
2167.015
2167.165
2167.465
2167.615
2167.765
2167.915
2168.065
2168.366
2168.966
2169.116
2169.266
2169.416
2169.566
2169.866
2170.016
2170.166
2170.316
2170.466
2170.767
2171.367
2171.517
2171.667
2171.817
2171.967
2172.267
2172.417
2172.567
2172.717
2172.867
2173.168
2173.768
2173.918
2174.068
2174.218
2174.368
2174.668
2174.818
2174.968
2175.118
2175.268
2175.568
2176.169
2176.319
2176.469
2176.619
2176.769
2177.069
2177.219
2177.369
2177.519
2177.669
2177.969
2178.570
2178.720
2178.870
2179.020
2179.170
2179.470
2179.620
2179.770
2179.920
2180.070
2180.370
2180.971
2181.121
2181.271
2181.421
2181.571
2181.871
2182.021
2182.171
2182.321
2182.471
2182.771
2183.372
2183.522
2183.672
2183.822
2183.972
2184.272
2184.422
2184.572
2184.722
2184.872
2185.172
2185.773
2185.923
2186.073
2186.223
2186.373
2186.673
2186.823
2186.973
2187.123
2187.273
2187.573
2188.174
2188.324
2188.474
2188.624
2188.774
2189.074
2189.224
2189.374
2189.524
2189.674
2189.974
2190.575
2190.725
2190.875
2191.025
2191.175
2191.475
2191.625
2191.775
2191.925
2192.075
2192.375
2192.675
2192.974
2193.274
2193.574
2193.874
2194.174
2194.473
2194.773
2195.073
2195.373
2195.672
2195.972
2196.272
2196.572
2196.871
2197.171
2197.471
2197.771
2198.071
2198.370
2198.670
2198.970
2199.270
2199.569
2199.869
2200.169
2200.469
2200.768
2201.068
2201.368
2201.668
2201.967
2202.267
2202.567
2202.867
2203.167
2203.466
2203.766
2204.066
2204.366
2204.665
2204.965
2205.265
2205.565
2205.864
2206.164
2206.464
2206.764
2207.064
2207.363
2207.663
2207.963
2208.263
2208.562
2208.862
2209.162
2209.462
2209.761
2210.061
2210.361
2210.661
2210.960
2211.260
2211.560
2277.360
2277.915
2278.470
2279.025
2279.579
2280.134
2280.689
2281.244
2281.799
2282.354
2282.908
2283.463
2284.018
2284.573
2285.128
2285.683
2286.237
2286.792
2287.347
2287.902
2288.457
2289.012
2289.566
2290.121
2290.676
2291.231
2291.786
2292.341
2292.895
2293.450
2294.005
2294.560
2294.838
2295.115
2295.670
2296.226
2296.781
2297.058
2297.336
2297.891
2298.446
2299.002
2299.279
2299.557
2300.112
2300.667
2301.222
2301.500
2301.778
2302.333
2302.888
2303.443
2303.721
2303.998
2304.554
2305.109
2305.664
2305.942
2306.219
2306.774
2307.330
2307.885
2308.162
2308.440
2319.600
2320.707
2321.814
2322.921
2324.027
2325.134
2326.241
2327.348
2328.455
2328.732
2329.010
2329.288
2329.566
2329.843
2330.121
2330.399
2330.677
2330.954
2331.232
2331.510
2331.787
2332.065
2332.343
2332.621
2332.898
2333.176
2333.454
2333.731
2334.009
2334.287
2334.565
2334.842
2335.120
2335.398
2335.676
2335.953
2336.231
2336.509
2336.786
2337.064
2337.342
2337.620
2337.897
2338.175
2338.453
2338.731
2339.008
2339.286
2339.564
2339.841
2340.119
2340.397
2340.675
2340.952
2341.230
2341.508
2341.785
2342.063
2342.341
2342.619
2342.896
2343.174
2343.452
2343.730
2344.007
2344.285
2344.563
2344.840
2345.118
2345.396
2345.674
2345.951
2346.229
2346.507
2346.785
2347.062
2347.340
2347.618
2347.895
2348.173
2348.451
2348.729
2349.006
2349.284
2349.562
2349.839
2350.117
2350.395
2350.673
2350.950
2351.228
2351.506
2351.784
2352.061
2352.339
2352.617
2352.894
2355.120
2355.259
2355.537
2355.676
2356.232
2356.371
2356.649
2356.788
2357.343
2357.482
2357.760
2357.899
2358.455
2358.594
2358.872
2359.011
2359.567
2359.706
2359.984
2360.123
2360.679
2360.818
2361.096
2361.235
2364.000
2364.139
2364.417
2364.556
2365.112
2365.251
2365.529
2365.668
2366.224
2366.363
2366.641
2366.780
2367.337
2367.476
2367.754
2367.893
2368.449
2368.588
2368.866
2369.005
2369.561
2369.700
2369.978
2370.117
2372.880
2373.019
2373.298
2373.437
2373.994
2374.133
2374.412
2374.551
2375.108
2375.247
2375.526
2375.665
2376.222
2376.361
2376.640
2376.779
2377.336
2377.476
2377.754
2377.893
2378.450
2378.590
2378.868
2379.007
2381.800
2381.939
2382.217
2382.356
2382.913
2383.052
2383.330
2383.469
2384.025
2384.165
2384.443
2384.582
2385.138
2385.277
2385.555
2385.695
2386.251
2386.390
2386.668
2386.807
2387.364
2387.503
2387.781
2387.920
2390.668
2391.781
2392.895
2394.009
2395.123
2396.236
2397.350
2398.464
2399.578
2400.133
2400.688
2401.799
2402.355
2402.910
2404.021
2404.576
2405.132
2406.243
2406.798
2407.353
2408.464
2409.020
2409.575
2410.686
2411.241
2411.797
2412.908
2413.463
2414.018
2415.129
2415.685
2416.240
2417.351
2418.462
2419.573
2420.684
2421.796
2422.907
2424.018
2425.129
2426.240
2426.793
2427.345
2427.898
2428.451
2429.003
2429.556
2430.109
2430.661
2431.214
2431.767
2432.319
2435.120
2435.258
2435.535
2435.673
2436.225
2436.364
2436.640
2436.778
2437.331
2437.469
2437.745
2437.884
2438.436
2438.575
2438.851
2438.989
2439.542
2439.680
2439.956
2440.095
2440.647
2440.785
2441.062
2441.200
2444.000
2444.139
2444.418
2444.557
2445.114
2445.253
2445.531
2445.670
2446.227
2446.366
2446.645
2446.784
2447.341
2447.480
2447.758
2447.897
2448.454
2448.593
2448.872
2449.011
2449.568
2449.707
2449.985
2450.125
2452.880
2453.436
2453.992
2454.549
2455.105
2455.661
2456.217
2456.773
2457.330
2457.886
2458.442
2458.998
2459.554
2460.111
2460.667
2461.223
2461.779
2462.335
2462.892
2463.448
2464.004
2464.560
2465.116
2465.673
2466.229
2466.785
2467.341
2467.898
2468.454
2540.160
2546.920
2547.857
2548.794
2549.731
2550.668
2551.605
2552.541
2553.478
2554.415
2555.352
2556.289
2557.226
2558.163
2558.633
2559.103
2559.572
2560.042
2560.512
2560.982
2561.452
2561.921
2562.391
2562.861
2563.331
2563.801
2564.271
2564.740
2565.210
2565.680
2565.912
2566.145
2566.377
2566.610
2566.842
2567.075
2567.307
2567.540
2567.772
2568.005
2568.237
2568.470
2568.702
2568.935
2569.167
2569.400
2569.517
2569.635
2569.752
2569.870
2569.987
2570.105
2570.222
2570.339
2570.457
2570.574
2570.692
2570.809
2570.926
2571.044
2571.161
2571.279
2571.396
2571.514
2571.631
2571.748
2571.866
2571.983
2572.101
2572.218
2572.335
2572.453
2572.570
2572.688
2572.805
2572.923
2573.040
2576.920
2577.857
2578.795
2579.732
2580.670
2581.607
2582.544
2583.482
2584.419
2585.357
2586.294
2587.231
2588.169
2589.106
2590.043
2590.981
2591.918
2592.856
2593.793
2594.730
2595.668
2596.605
2597.543
2598.480
2601.282
2601.751
2602.220
2602.688
2603.157
2603.626
2604.094
2604.563
2605.032
2605.500
2605.969
2606.438
2606.906
2607.375
2607.844
2608.312
2608.781
2609.250
2609.718
2610.187
2610.656
2611.125
2611.593
2612.062
2612.531
2612.999
2613.468
2613.937
2614.405
2614.874
2615.343
2615.811
2616.280
2616.515
2616.750
2616.985
2617.220
2617.455
2617.690
2617.925
2618.160
2618.395
2618.630
2618.865
2619.100
2619.335
2619.570
2619.805
2620.040
2620.157
2620.274
2620.391
2620.508
2620.625
2620.742
2620.859
2620.976
2621.093
2621.210
2621.327
2621.444
2621.561
2621.679
2621.796
2621.913
2622.030
2622.147
2622.264
2622.381
2622.498
2622.615
2622.732
2622.849
2622.966
2623.083
2623.200
2623.800
2624.034
2624.269
2624.503
2624.737
2624.971
2625.206
2625.674
2625.909
2626.143
2626.377
2626.611
2626.846
2627.080
2627.549
2627.783
2628.017
2628.251
2628.486
2628.720
2628.954
2629.423
2629.657
2629.891
2630.126
2630.360
2630.594
2630.829
2631.297
2631.531
2631.766
2632.000
2632.234
2632.469
2632.703
2633.171
2633.406
2633.640
2633.874
2634.109
2634.343
2634.577
2635.046
2635.280
2635.514
2635.749
2635.983
2636.217
2636.451
2636.920
2637.270
2637.620
2637.970
2638.320
2638.800
2639.034
2639.268
2639.503
2639.737
2639.971
2640.205
2640.674
2640.908
2641.142
2641.376
2641.610
2641.845
2642.079
2642.547
2642.781
2643.015
2643.250
2643.484
2643.718
2643.952
2644.421
2644.655
2644.889
2645.123
2645.357
2645.592
2645.826
2646.294
2646.528
2646.763
2646.997
2647.231
2647.465
2647.699
2648.168
2648.402
2648.636
2648.870
2649.105
2649.339
2649.573
2650.041
2650.275
2650.510
2650.744
2650.978
2651.212
2651.446
2651.915
2652.149
2652.383
2652.617
2652.852
2653.086
2653.320
2657.520
2658.458
2659.396
2660.334
2661.272
2662.210
2663.148
2664.086
2665.024
2665.962
2666.900
2667.839
2668.777
2669.715
2670.653
2671.591
2672.529
2673.467
2674.405
2675.343
2676.281
2677.219
2678.157
2679.095
2681.920
2682.388
2682.857
2683.325
2683.793
2684.262
2684.730
2685.198
2685.667
2686.135
2686.603
2687.072
2687.540
2688.008
2688.477
2688.945
2689.413
2689.882
2690.350
2690.818
2691.287
2691.755
2692.223
2692.692
2693.160
2693.628
2694.097
2694.565
2695.033
2695.502
2695.970
2696.438
2696.907
2697.375
2697.843
2698.312
2698.780
2699.248
2699.717
2700.185
2700.653
2701.122
2701.590
2702.058
2702.527
2702.995
2703.463
2703.932
2704.400
2704.635
2704.870
2705.340
2705.575
2705.810
2706.280
2706.515
2706.750
2707.220
2707.455
2707.690
2708.160
2708.395
2708.630
2709.100
2709.335
2709.570
2710.040
2710.275
2710.510
2710.980
2711.215
2711.450
2711.920
2712.155
2712.390
2712.625
2712.860
2713.095
2713.330
2713.565
2713.800
2714.035
2714.270
2714.505
2714.740
2714.975
2715.210
2715.445
2715.680
2715.797
2715.914
2716.031
2716.148
2716.265
2716.382
2716.499
2716.616
2716.733
2716.850
2716.967
2717.084
2717.201
2717.319
2717.436
2717.553
2717.670
2717.787
2717.904
2718.021
2718.138
2718.255
2718.372
2718.489
2718.606
2718.723
2718.840
2719.425
2719.659
2719.893
2720.126
2720.360
2720.594
2720.828
2721.296
2721.530
2721.763
2721.997
2722.231
2722.465
2722.699
2723.166
2723.400
2723.634
2723.868
2724.102
2724.336
2724.569
2725.037
2725.271
2725.505
2725.739
2725.972
2726.206
2726.440
2726.908
2727.142
2727.376
2727.609
2727.843
2728.077
2728.311
2728.779
2729.012
2729.246
2729.480
2729.714
2729.948
2730.182
2730.649
2730.883
2731.117
2731.351
2731.585
2731.818
2732.052
2732.520
2732.874
2733.227
2733.581
2733.934
2734.400
2734.634
2734.869
2735.103
2735.338
2735.572
2735.807
2736.276
2736.510
2736.745
2736.979
2737.214
2737.448
2737.683
2738.152
2738.386
2738.620
2738.855
2739.089
2739.324
2739.558
2740.027
2740.262
2740.496
2740.731
2740.965
2741.200
2741.434
2741.903
2742.138
2742.372
2742.606
2742.841
2743.075
2743.310
2743.779
2744.013
2744.248
2744.482
2744.717
2744.951
2745.186
2745.655
2745.889
2746.124
2746.358
2746.592
2746.827
2747.061
2747.530
2747.765
2747.999
2748.234
2748.468
2748.703
2748.937
2749.406
2749.876
2750.345
2750.815
2751.284
2751.754
2752.223
2752.692
2753.162
2753.631
2754.101
2754.570
2755.040
2755.509
2755.979
2756.448
2756.918
2757.387
2757.857
2758.326
2758.796
2759.265
2759.735
2760.204
2760.674
2761.143
2761.613
2762.082
2762.552
2763.021
2763.491
2763.960
2815.920
2816.857
2817.794
2818.730
2819.667
2820.604
2821.541
2822.477
2823.414
2824.351
2825.288
2826.224
2827.161
2828.098
2829.035
2829.971
2830.908
2831.377
2831.846
2832.315
2832.784
2833.253
2833.722
2834.190
2834.659
2835.128
2835.597
2836.066
2836.535
2837.004
2837.473
2837.942
2838.411
2838.880
2839.348
2839.817
2840.286
2840.755
2841.224
2841.693
2842.162
2842.631
2843.100
2843.569
2844.038
2844.507
2844.975
2845.444
2845.913
2846.382
2846.851
2847.320
2847.554
2847.789
2848.258
2848.726
2849.195
2849.430
2849.664
2850.133
2850.602
2851.070
2851.305
2851.539
2852.008
2852.477
2852.946
2853.180
2853.414
2853.883
2854.352
2854.821
2855.055
2855.290
2855.758
2856.227
2856.696
2856.930
2857.165
2857.634
2858.102
2858.571
2858.806
2859.040
2860.920
2861.389
2861.857
2862.208
2862.560
2863.028
2863.380
2863.731
2864.082
2864.434
2864.668
2865.137
2865.605
2865.957
2866.308
2866.776
2867.128
2867.479
2867.831
2868.182
2868.416
2868.885
2869.353
2869.705
2870.056
2870.524
2870.876
2871.227
2871.579
2871.930
2872.164
2872.633
2873.101
2873.453
2873.804
2874.273
2874.624
2874.975
2875.327
2875.678
2875.912
2876.381
2876.849
2877.201
2877.552
2878.021
2878.372
2878.723
2879.075
2879.426
2879.660
2880.129
2880.598
2880.949
2881.300
2881.769
2882.120
2882.472
2882.823
2883.174
2883.409
2883.877
2884.346
2884.697
2885.048
2885.517
2885.868
2886.220
2886.571
2886.922
2887.157
2887.625
2888.094
2888.445
2888.796
2889.265
2889.616
2889.968
2890.319
2890.671
2890.920
2891.154
2891.388
2891.856
2892.090
2892.325
2892.793
2893.027
2893.261
2893.729
2893.963
2894.197
2894.665
2894.899
2895.134
2895.602
2895.836
2896.070
2896.538
2896.772
2897.006
2897.474
2897.709
2897.943
2898.411
2898.645
2898.880
2899.114
2899.349
2899.584
2899.818
2900.053
2900.287
2900.522
2900.756
2900.991
2901.225
2901.460
2901.695
2901.929
2902.164
2902.398
2902.633
2902.867
2903.102
2903.336
2903.571
2903.805
2904.040
2905.920
2906.389
2906.857
2907.091
2907.209
2907.560
2908.029
2908.380
2908.732
2909.083
2909.434
2909.669
2910.137
2910.606
2910.840
2910.957
2911.309
2911.777
2912.129
2912.480
2912.832
2913.183
2913.417
2913.886
2914.355
2914.589
2914.706
2915.057
2915.526
2915.878
2916.229
2916.580
2916.932
2917.166
2917.635
2918.103
2918.338
2918.455
2918.806
2919.280
2919.627
2919.973
2920.320
2920.700
2920.934
2921.168
2921.402
2921.636
2921.869
2922.103
2922.337
2922.571
2922.805
2923.039
2923.273
2923.507
2923.741
2923.975
2924.209
2924.443
2924.677
2924.911
2925.145
2925.378
2925.612
2925.846
2926.080
2926.314
2926.548
2926.782
2927.016
2927.250
2927.484
2927.718
2927.952
2928.186
2928.420
2928.653
2928.887
2929.121
2929.355
2929.589
2929.823
2930.057
2930.291
2930.525
2930.759
2930.993
2931.227
2931.461
2931.695
2931.929
2932.162
2932.396
2932.630
2932.864
2933.098
2933.332
2933.566
2933.800
2934.280
2934.630
2934.980
2935.330
2935.680
2935.920
2936.389
2936.858
2937.327
2937.797
2938.266
2938.735
2939.204
2939.673
2940.142
2940.612
2941.081
2941.550
2942.019
2942.488
2942.957
2943.427
2943.896
2944.365
2944.834
2945.303
2945.772
2946.242
2946.711
2947.180
2947.649
2948.118
2948.587
2949.057
2949.526
2949.995
2950.464
2950.933
2951.402
2951.872
2952.341
2952.810
2953.279
2953.748
2954.217
2954.687
2955.156
2955.625
2956.094
2956.563
2957.032
2957.502
2957.971
2958.440
2958.672
2958.905
2959.137
2959.370
2959.602
2959.835
2960.067
2960.300
2960.532
2960.765
2960.997
2961.230
2961.462
2961.695
2961.927
2962.160
2962.278
2962.396
2962.514
2962.632
2962.751
2962.869
2962.987
2963.105
2963.223
2963.341
2963.459
2963.577
2963.696
2963.814
2963.932
2964.050
2964.168
2964.286
2964.404
2964.522
2964.641
2964.759
2964.877
2964.995
2965.113
2965.231
2965.349
2965.467
2965.586
2965.704
2965.822
2969.680
2970.149
2970.617
2970.851
2970.968
2971.320
2971.788
2972.140
2972.491
2972.842
2973.194
2973.428
2973.897
2974.365
2974.599
2974.717
2975.068
2975.536
2975.888
2976.239
2976.591
2976.942
2977.176
2977.645
2978.113
2978.348
2978.465
2978.816
2979.285
2979.636
2979.987
2980.339
2980.690
2980.924
2981.393
2981.861
2982.096
2982.213
2982.564
2983.033
2983.384
2983.735
2984.087
2984.438
2984.672
2985.141
2985.609
2985.844
2985.961
2986.312
2986.781
2987.132
2987.484
2987.835
2988.186
2988.421
2988.889
2989.358
2989.592
2989.709
2990.060
2990.529
2990.880
2991.232
2991.583
2991.934
2992.169
2992.637
2993.106
2993.340
2993.457
2993.808
2994.277
2994.628
2994.980
2995.331
2995.683
2995.917
2996.385
2996.854
2997.088
2997.205
2997.557
2998.025
2998.376
2998.728
2999.079
3007.160
3007.863
3008.098
3008.801
3009.036
3009.739
3009.973
3010.677
3010.911
3011.615
3011.849
3012.553
3012.787
3013.490
3013.725
3014.428
3014.663
3015.366
3015.600
3016.304
3016.538
3017.242
3017.476
3018.180
3018.414
3019.117
3019.352
3020.055
3020.290
3022.165
3022.869
3023.103
3023.806
3024.041
3024.744
3024.979
3025.682
3025.917
3026.620
3026.854
3027.558
3027.792
3028.496
3028.730
3029.433
3029.668
3030.371
3030.606
3031.309
3031.544
3032.247
3032.481
3033.185
3033.419
3034.123
3034.357
3035.060
3035.295
3035.998
3036.233
3040.927
3041.396
3041.864
3042.216
3042.567
3043.035
3043.387
3043.738
3044.090
3044.441
3044.675
3045.144
3045.612
3045.964
3046.315
3046.784
3047.135
3047.486
3047.838
3048.189
3048.424
3048.892
3049.361
3049.712
3050.063
3050.532
3050.883
3051.235
3051.586
3051.937
3052.172
3052.640
3053.109
3053.460
3053.812
3054.280
3054.632
3054.983
3055.334
3055.686
3055.920
3056.389
3056.857
3057.092
3057.209
3057.561
3058.029
3058.381
3058.732
3059.084
3059.436
3059.670
3060.139
3060.607
3060.842
3060.959
3061.311
3061.779
3062.131
3062.482
3062.834
3063.186
3063.420
3063.889
3064.357
3064.592
3064.709
3065.061
3065.529
3065.881
3066.232
3066.584
3066.936
3067.170
3067.639
3068.107
3068.342
3068.459
3068.811
3069.279
3069.631
3069.982
3070.334
3070.686
3070.920
3071.389
3071.857
3072.326
3072.794
3073.263
3073.732
3074.200
3074.669
3075.137
3075.606
3076.075
3076.543
3077.012
3077.481
3077.949
3078.418
3078.886
3079.355
3079.824
3080.292
3080.761
3081.229
3081.698
3082.167
3082.635
3083.104
3083.572
3084.041
3084.510
3084.978
3085.447
3085.915
3086.384
3086.853
3087.321
3087.790
3088.259
3088.727
3089.196
3089.664
3090.133
3090.602
3091.070
3091.539
3092.007
3092.476
3092.945
3093.413
3093.882
3094.350
3094.819
3095.288
3095.756
3096.225
3096.693
3097.162
3097.631
3098.099
3098.568
3099.036
3099.505
3099.974
3100.442
3100.911
3101.380
3101.848
3102.317
3102.785
3103.254
3103.723
3104.191
3104.660
3105.128
3105.597
3106.066
3106.534
3107.003
3107.471
3107.940
3108.409
3108.877
3109.346
3109.814
3110.283
3110.752
3111.220
3111.689
3112.158
3112.626
3113.095
3113.563
3114.032
3114.501
3114.969
3115.438
3161.880
3162.349
3162.818
3163.286
3163.755
3164.224
3164.693
3165.162
3165.630
3166.099
3166.568
3167.037
3167.506
3167.974
3168.443
3168.912
3169.381
3169.850
3170.319
3170.787
3171.256
3171.725
3172.194
3172.663
3173.131
3173.600
3174.069
3174.538
3175.007
3175.475
3175.944
3176.413
3176.882
3177.351
3177.819
3178.288
3178.757
3179.226
3179.695
3180.163
3180.632
3181.101
3181.570
3182.039
3182.507
3182.976
3183.445
3183.914
3184.383
3184.852
3185.320
3185.789
3186.258
3186.727
3187.196
3187.664
3188.133
3188.602
3189.071
3189.540
3190.008
3190.477
3190.946
3191.415
3191.884
3192.352
3192.821
3193.290
3193.759
3194.228
3194.696
3195.165
3195.634
3196.103
3196.572
3197.040
3197.509
3197.978
3198.447
3198.916
3199.384
3199.853
3200.322
3200.791
3201.260
3201.729
3202.197
3202.666
3203.135
3203.604
3204.073
3204.541
3205.010
3205.479
3205.948
3206.417
3206.885
3207.354
3207.823
3208.292
3208.761
3209.229
3209.698
3210.167
3210.636
3211.105
3211.573
3212.042
3212.511
3212.980
3213.449
3213.917
3214.386
3214.855
3215.324
3215.793
3216.262
3216.730
3217.199
3217.668
3218.137
3218.606
3219.074
3219.543
3220.012
3220.481
3220.950
3221.418
3221.887
3222.356
3222.825
3223.294
3223.762
3224.231
3224.700
3225.169
3225.638
3226.106
3226.575
3227.044
3227.513
3227.982
3228.450
3228.919
3229.388
3229.857
3230.326
3230.795
3231.263
3231.732
3232.201
3232.670
3233.139
3233.607
3234.076
3234.545
3235.014
3235.483
3235.951
3236.420
3236.889
3237.358
3237.827
3238.295
3238.764
3239.233
3239.702
3240.171
3240.639
3241.108
3241.577
3242.046
3242.515
3242.983
3243.452
3243.921
3244.390
3244.859
3245.328
3245.796
3246.265
3246.734
3247.203
3247.672
3248.140
3248.609
3249.078
3249.547
3250.016
3250.484
3250.953
3251.422
3251.891
3252.360
3252.828
3253.297
3253.766
3254.235
3254.704
3255.172
3255.641
3256.110
3256.579
3257.048
3257.516
3257.985
3258.454
3258.923
3259.392
3259.860
3260.329
3260.798
3261.267
3261.736
3262.205
3262.673
3263.142
3263.611
3264.080
3264.549
3265.017
3265.486
3265.955
3266.424
3266.893
3267.361
3267.830
3268.299
3268.768
3269.237
3269.705
3270.174
3270.643
3271.112
3271.581
3272.049
3272.518
3272.987
3273.456
3273.925
3274.393
3274.862
3275.331
3275.800
3276.269
3276.738
3277.206
3277.675
3278.144
3278.613
3279.082
3279.550
3280.019
3280.488
3280.957
3281.426
3281.894
3282.363
3282.832
3283.301
3283.770
3284.238
3284.707
3285.176
3285.645
3286.114
3286.582
3287.051
3287.520
3287.989
3288.458
3288.926
3289.395
3289.864
3290.333
3290.802
3291.271
3291.739
3292.208
3292.677
3293.146
3293.615
3294.083
3294.552
3295.021
3295.490
3295.959
3296.427
3296.896
3297.365
3297.834
3298.303
3298.771
3299.240
3299.709
3300.178
3300.647
3301.115
3301.584
3302.053
3302.522
3302.991
3303.459
3303.928
3304.397
3304.866
3305.335
3305.804
3306.272
3306.741
3307.210
3307.679
3308.148
3308.616
3309.085
3309.554
3310.023
3310.492
3310.960
3311.429
3311.898
3312.367
3312.836
3313.304
3313.773
3314.242
3314.711
3315.180
3315.648
3316.117
3316.586
3317.055
3317.524
3317.992
3318.461
3318.930
3319.399
3319.868
3320.336
3320.805
3321.274
3321.743
3322.212
3322.681
3323.149
3323.618
3324.087
3324.556
3325.025
3325.493
3325.962
3326.431
3326.900
3327.369
3327.837
3328.306
3328.775
3329.244
3329.713
3330.181
3330.650
3331.119
3331.588
3332.057
3332.525
3332.994
3333.463
3333.932
3334.401
3334.869
3335.338
3335.807
3336.276
3336.745
3337.214
3337.682
3338.151
3338.620
3339.089
3339.558
3340.026
3340.495
3340.964
3341.433
3341.902
3342.370
3342.839
3343.308
3343.777
3344.246
3344.714
3345.183
3345.652
3346.121
3346.590
3347.058
3347.527
3347.996
3348.465
3348.934
3349.402
3349.871
3350.340
3350.809
3351.278
3351.747
3352.215
3352.684
3353.153
3353.622
3354.091
3354.559
3355.028
3355.497
3355.966
3356.435
3356.903
3357.372
3357.841
3358.310
3358.779
3359.247
3359.716
3360.185
3360.654
3361.123
3361.591
3362.060
3362.529
3362.998
3363.467
3363.935
3364.404
3364.873
3365.342
3365.811
3366.280
3366.748
3367.217
3367.686
3368.155
3368.624
3369.092
3369.561
3370.030
3370.499
3370.968
3371.436
3371.905
3372.374
3372.843
3373.312
3373.780
3374.249
3374.718
3375.187
3375.656
3376.124
3376.593
3377.062
3377.531
3378.000
3378.468
3378.937
3379.406
3379.875
3380.344
3380.812
3381.281
3381.750
3382.219
3382.688
3383.157
3383.625
3384.094
3384.563
3385.032
3385.501
3385.969
3386.438
3386.907
3387.376
3387.845
3388.313
3388.782
3389.251
3389.720
3390.189
3390.657
3391.126
3391.595
3392.064
3392.533
3393.001
3393.470
3393.939
3394.408
3394.877
3395.345
3395.814
3396.283
3396.752
3397.221
3397.690
3398.158
3398.627
3399.096
3399.565
3400.034
3400.502
3400.971
3401.440
3451.800
3452.598
3453.396
3454.194
3454.992
3455.791
3456.589
3457.387
3458.185
3458.983
3459.781
3460.579
3461.377
3462.175
3462.974
3463.772
3464.570
3464.770
3464.970
3465.170
3465.569
3465.769
3465.969
3466.369
3466.569
3466.769
3467.169
3467.369
3467.569
3467.769
3467.969
3468.169
3468.368
3468.768
3468.968
3469.168
3469.568
3469.768
3469.968
3470.368
3470.568
3470.768
3470.968
3471.168
3471.367
3471.567
3471.967
3472.167
3472.367
3472.767
3472.967
3473.167
3473.567
3473.767
3473.967
3474.167
3474.366
3474.566
3474.766
3475.166
3475.366
3475.566
3475.966
3476.166
3476.366
3476.766
3476.966
3477.166
3477.365
3477.565
3477.765
3477.965
3478.365
3478.565
3478.765
3479.165
3479.365
3479.565
3479.965
3480.165
3480.364
3480.564
3480.764
3480.964
3481.164
3481.564
3481.764
3481.964
3482.364
3482.564
3482.764
3483.164
3483.363
3483.563
3483.763
3483.963
3484.163
3484.363
3484.763
3484.963
3485.163
3485.563
3485.763
3485.963
3486.362
3486.562
3486.762
3486.962
3487.162
3487.362
3487.562
3487.962
3488.162
3488.362
3490.160
3490.561
3490.961
3491.763
3492.163
3492.564
3493.365
3493.766
3494.167
3494.968
3495.369
3495.769
3496.571
3496.971
3497.372
3498.173
3498.574
3498.975
3499.776
3500.177
3500.577
3501.379
3501.779
3502.180
3502.981
3503.382
3503.783
3504.584
3504.985
3505.385
3506.187
3506.587
3506.988
3507.789
3508.190
3508.591
3509.392
3509.793
3510.193
3510.995
3511.395
3511.796
3512.597
3512.998
3513.399
3514.200
3515.800
3516.000
3516.200
3516.400
3516.800
3517.000
3517.200
3517.600
3517.800
3518.000
3518.400
3518.600
3518.800
3519.000
3519.200
3519.400
3519.600
3520.000
3520.200
3520.400
3520.800
3521.000
3521.200
3521.600
3521.800
3522.000
3522.200
3522.400
3522.600
3522.800
3523.200
3523.400
3523.600
3524.000
3524.200
3524.400
3524.800
3525.000
3525.200
3525.400
3525.600
3525.800
3526.000
3526.400
3526.600
3526.800
3527.200
3527.400
3527.600
3528.000
3528.200
3528.400
3528.600
3528.799
3528.999
3529.198
3529.597
3529.796
3530.394
3530.594
3531.192
3531.391
3531.790
3531.989
3532.188
3532.388
3532.786
3532.986
3533.584
3533.783
3534.381
3534.581
3534.979
3535.179
3535.378
3535.577
3535.976
3536.175
3536.774
3536.973
3537.571
3537.770
3538.169
3538.368
3538.568
3538.767
3539.166
3539.365
3539.963
3540.163
3540.761
3540.960
3541.400
3541.600
3541.800
3542.200
3542.400
3542.600
3543.000
3543.200
3543.400
3543.800
3544.000
3544.200
3544.600
3544.800
3545.000
3545.400
3545.600
3545.800
3546.200
3546.400
3546.600
3547.000
3547.200
3547.400
3547.800
3548.000
3548.200
3548.600
3548.800
3549.000
3549.400
3549.600
3549.800
3550.200
3550.400
3550.600
3551.000
3551.200
3551.400
3551.800
3552.000
3552.200
3552.600
3552.800
3553.000
3553.400
3553.600
3553.800
3555.000
3555.200
3555.400
3555.800
3556.000
3556.200
3556.600
3556.800
3557.000
3557.400
3557.600
3557.800
3558.200
3558.400
3558.600
3559.000
3559.200
3559.400
3559.800
3560.000
3560.200
3560.600
3560.800
3561.000
3561.400
3561.600
3561.800
3562.200
3562.400
3562.600
3563.000
3563.200
3563.400
3563.800
3564.000
3564.200
3564.600
3564.800
3565.000
3565.400
3565.600
3565.800
3566.200
3566.400
3566.600
3567.000
3579.800
3580.000
3580.199
3580.399
3580.599
3580.798
3580.998
3581.398
3581.597
3581.797
3581.997
3582.196
3582.396
3582.596
3582.995
3583.195
3583.394
3583.594
3583.794
3583.993
3584.193
3584.593
3584.792
3584.992
3585.192
3585.391
3585.591
3585.791
3586.190
3586.390
3586.589
3586.789
3586.989
3587.188
3587.388
3587.788
3587.987
3588.187
3588.387
3588.586
3588.786
3588.986
3589.385
3589.585
3589.784
3589.984
3590.184
3590.383
3590.583
3590.983
3591.182
3591.382
3591.582
3591.781
3591.981
3592.181
3592.580
3592.780
3592.979
3593.179
3593.379
3593.578
3593.778
3594.178
3594.377
3594.577
3594.777
3594.976
3595.176
3595.376
3595.775
3595.975
3596.174
3596.374
3596.574
3596.773
3596.973
3597.373
3597.572
3597.772
3597.972
3598.171
3598.371
3598.571
3598.970
3599.170
3599.369
3599.569
3599.769
3599.968
3600.168
3600.568
3600.767
3600.967
3601.167
3601.366
3601.566
3601.766
3602.165
3602.365
3602.564
3602.764
3602.964
3603.163
3603.363
3603.763
3603.962
3604.162
3604.362
3604.561
3604.761
3604.961
3605.360
3605.761
3606.161
3606.962
3607.363
3607.764
3608.565
3608.965
3609.366
3610.167
3610.568
3610.968
3611.770
3612.173
3612.577
3612.981
3613.385
3613.789
3614.192
3614.596
3615.000
3615.200
3615.400
3615.600
3615.800
3615.901
3616.001
3616.102
3616.202
3616.303
3616.403
3616.504
3616.604
3618.160
3618.360
3618.560
3618.961
3619.161
3619.361
3619.761
3619.961
3620.162
3620.562
3620.762
3620.962
3621.362
3621.563
3621.763
3622.163
3622.363
3622.563
3622.964
3623.164
3623.364
3623.764
3623.965
3624.165
3624.565
3624.765
3624.965
3625.366
3625.566
3625.766
3626.166
3626.366
3626.567
3626.967
3627.167
3627.367
3627.767
3627.968
3628.168
3628.568
3628.768
3628.968
3629.369
3629.569
3629.769
3630.169
3630.370
3630.570
3630.970
3631.170
3631.370
3631.771
3631.971
3632.171
3632.571
3632.771
3632.972
3633.372
3633.572
3633.772
3634.172
3634.373
3634.573
3634.973
3635.173
3635.373
3635.774
3635.974
3636.174
3636.574
3636.775
3636.975
3637.375
3637.575
3637.775
3638.176
3638.376
3638.576
3638.976
3639.176
3639.377
3639.777
3639.977
3640.177
3640.577
3640.778
3640.978
3641.378
3641.578
3641.778
3642.179
3642.379
3642.579
3642.979
3643.180
3643.380
3643.780
3643.980
3644.180
3644.581
3644.781
3644.981
3645.381
3645.581
3645.782
3646.182
3646.382
3646.582
3646.982
3647.183
3647.383
3647.783
3647.983
3648.183
3648.584
3648.784
3648.984
3649.384
3649.585
3649.785
3650.185
3650.385
3650.585
3650.986
3651.186
3651.386
3651.786
3651.986
3652.187
3652.587
3652.787
3652.987
3653.387
3653.588
3653.788
3654.188
3654.388
3654.588
3654.989
3655.189
3655.389
3655.789
3655.990
3656.190
3656.590
3656.790
3656.990
3657.391
3657.591
3657.791
3658.191
3658.391
3658.592
3658.992
3659.192
3659.392
3659.792
3659.993
3660.193
3660.593
3660.793
3660.993
3661.394
3661.594
3661.794
3662.194
3662.395
3662.595
3662.995
3663.195
3663.395
3663.796
3663.996
3664.196
3664.596
3664.796
3664.997
3665.397
3665.597
3665.797
3666.197
3666.398
3666.598
3666.998
3667.198
3667.398
3667.799
3667.999
3668.199
3668.599
3668.800
3669.000
3669.400
3669.600
3669.799
3669.999
3670.199
3670.399
3670.598
3670.998
3671.198
3671.397
3671.597
3671.797
3671.996
3672.196
3672.596
3672.795
3672.995
3673.195
3673.395
3673.594
3673.794
3674.193
3674.393
3674.593
3674.793
3674.992
3675.192
3675.392
3675.791
3675.991
3676.191
3676.390
3676.590
3676.790
3676.990
3677.389
3677.589
3677.788
3677.988
3678.188
3678.388
3678.587
3678.987
3679.187
3679.386
3679.586
3679.786
3679.985
3680.185
3680.585
3680.784
3680.984
3681.184
3681.384
3681.583
3681.783
3682.182
3682.382
3682.582
3682.782
3682.981
3683.181
3683.381
3683.780
3683.980
3684.180
3684.379
3684.579
3684.779
3684.979
3685.378
3685.578
3685.778
3685.977
3686.177
3686.377
3686.576
3686.976
3687.176
3687.375
3687.575
3687.775
3687.975
3688.174
3688.574
3688.773
3688.973
3689.173
3689.373
3689.572
3689.772
3690.172
3690.371
3690.571
3690.771
3690.970
3691.170
3691.370
3691.769
3691.969
3692.169
3692.369
3692.568
3692.768
3692.968
3693.367
3693.567
3693.767
3693.966
3694.166
3694.366
3694.565
3695.765
3695.974
3696.183
3696.600
3696.800
3696.999
3697.199
3697.399
3697.598
3697.798
3698.197
3698.397
3698.597
3698.796
3698.996
3699.196
3699.395
3699.795
3699.994
3700.194
3700.394
3700.593
3700.793
3700.993
3701.392
3701.592
3701.791
3701.991
3702.191
3702.390
3702.590
3702.989
3703.189
3703.389
3703.588
3703.788
3703.988
3704.187
3704.587
3704.786
3704.986
3705.186
3705.385
3705.585
3705.785
3706.184
3706.384
3706.583
3706.783
3706.983
3707.182
3707.382
3707.781
3707.981
3708.181
3708.380
3708.580
3708.780
3708.979
3709.379
3709.578
3709.778
3709.978
3710.177
3710.377
3710.577
3710.976
3711.176
3711.375
3711.575
3711.775
3711.974
3712.174
3712.573
3712.773
3712.973
3713.172
3713.372
3713.572
3713.771
3714.171
3714.370
3714.570
3714.770
3714.969
3715.169
3715.369
3715.768
3715.968
3716.167
3716.367
3716.567
3716.766
3716.966
3717.365
3717.565
3717.765
3717.964
3718.164
3718.364
3718.563
3718.963
3719.162
3719.362
3719.562
3719.761
3719.961
3720.161
3720.560
